21.217 NaN 0.1028 0.9322
21.256 NaN 0.1069 0.8657
21.293 NaN 0.1052 0.8815
21.338 NaN 0.1078 0.8537
21.377 NaN 0.1045 0.8779
21.417 NaN 0.1009 0.8951
21.457 NaN 0.1026 0.8777
21.498 0.1179 0.1070 0.9160
21.539 0.1153 0.1144 0.8842
21.578 0.1111 0.1074 0.8839
21.619 0.1072 0.1070 0.8747
21.659 0.1056 0.1088 0.8517
21.698 0.1024 0.1061 0.8647
21.738 0.1011 0.1096 0.8411
21.779 0.1018 0.1084 0.8383
21.819 0.1029 0.1067 0.8213
21.859 0.1041 0.1072 0.8546
21.899 0.1119 0.1054 0.8341
21.937 0.1106 0.1106 0.8651
21.980 0.1153 0.1112 0.8651
22.020 0.1190 0.1064 0.8639
22.060 0.1203 0.1073 0.8691
22.100 0.1219 0.1032 0.8791
22.137 0.1235 0.1056 0.9026
22.181 0.1286 0.1068 0.9103
22.221 0.1308 0.1082 0.9152
22.261 0.1302 0.1066 0.9224
22.301 0.1281 0.1092 0.9274
22.341 0.1268 0.1065 0.9274
22.381 0.1158 0.1041 0.9465
22.421 0.1077 0.1056 0.9449
22.461 0.0980 0.1084 0.9573
22.502 0.0900 0.1052 0.9361
22.541 0.0815 0.1036 0.9212
22.581 0.0745 0.1033 0.9212
22.623 0.0649 0.1058 0.9153
22.663 0.0572 0.1037 0.9235
22.703 0.0527 0.1026 0.9209
22.743 0.0465 0.1024 0.9051
22.781 0.0378 0.1018 0.9088
22.824 0.0286 0.1038 0.9235
22.864 0.0256 0.1048 0.9235
22.904 0.0227 0.1034 0.8939
22.944 0.0235 0.1038 0.9076
22.981 0.0184 0.1048 0.8868
23.025 0.0188 0.1040 0.8802
23.064 0.0182 0.1067 0.9076
23.104 0.0167 0.1098 0.8855
23.144 0.0152 0.1026 0.8923
23.184 0.0112 0.1057 0.8832
23.225 0.0087 0.1050 0.8868
23.265 0.0113 0.1087 0.8855
23.305 0.0175 0.1032 0.9235
23.345 0.0231 0.1043 0.9083
23.385 0.0312 0.1045 0.8793
23.424 0.0391 0.0989 0.9123
23.465 0.0489 0.1010 0.8995
23.506 0.0602 0.1022 0.9035
23.546 0.0678 0.1032 0.9355
23.585 0.0763 0.0992 0.9014
23.624 0.0842 0.1028 0.8975
23.667 0.0910 0.0995 0.9092
23.707 0.0968 0.1039 0.9026
23.747 0.1019 0.1046 0.9213
23.787 0.1012 0.1034 0.9462
23.824 0.0987 0.1022 0.9492
23.868 0.0962 0.1021 0.9193
23.908 0.0958 0.1001 0.9287
23.948 0.0922 0.1030 0.9612
23.988 0.0934 0.1030 0.9538
24.028 0.0950 0.0988 0.9362
24.069 0.0930 0.0988 0.9139
24.108 0.0877 0.0992 0.9235
24.149 0.0834 0.0999 0.9343
24.189 0.0837 0.1012 0.9976
24.228 0.0826 0.1009 0.9778
24.268 0.0826 0.0994 0.9535
24.309 0.0868 0.0968 0.9302
24.349 0.0900 0.0963 0.9668
24.390 0.0889 0.0998 0.9766
24.429 0.0920 0.1007 0.9578
24.467 0.0906 0.0974 0.9425
24.510 0.0913 0.0948 0.9706
24.550 0.0875 0.0943 0.9785
24.590 0.0869 0.0989 0.9963
24.630 0.0887 0.1005 0.9734
24.667 0.0911 0.0980 0.9663
24.711 0.0925 0.0956 0.9692
24.751 0.0986 0.0918 0.9849
24.791 0.1015 0.0966 0.9076
24.831 0.1065 0.0998 0.9553
24.871 0.1092 0.1009 0.8803
24.912 0.1081 0.0989 0.9446
24.952 0.1081 0.0969 0.9766
24.992 0.1081 0.0968 1.0112
25.032 0.1114 0.0975 0.9911
25.072 0.1105 0.1003 1.0254
25.111 0.1106 0.0997 0.9968
25.153 0.1080 0.1002 0.9813
25.193 0.1053 0.0994 0.9277
25.233 0.0991 0.0989 0.9486
25.272 0.0951 0.1034 0.9158
25.310 0.0881 0.1013 0.9196
25.353 0.0786 0.1015 0.9196
25.394 0.0727 0.0996 0.9102
25.434 0.0695 0.0989 0.8636
25.473 0.0629 0.1001 0.8896
25.510 0.0567 0.1030 0.8958
25.555 0.0544 0.1032 0.9130
25.594 0.0525 0.1004 0.9091
25.634 0.0473 0.0986 0.9165
25.674 0.0405 0.1006 0.9165
25.714 0.0327 0.1012 0.9165
25.755 0.0267 0.1045 0.9108
25.795 0.0204 0.1016 0.9224
25.835 0.0168 0.1023 0.9108
25.875 0.0153 0.1023 0.9108
25.915 0.0109 0.1033 0.9224
25.955 0.0110 0.1028 0.9108
25.996 0.0081 0.1047 0.8982
26.036 0.0077 0.1016 0.9224
26.077 0.0057 0.1003 0.8974
26.116 0.0078 0.0988 0.9129
26.154 0.0140 0.1033 0.9108
26.198 0.0199 0.1031 0.8957
26.237 0.0214 0.1024 0.8977
26.277 0.0275 0.1031 0.9014
26.317 0.0344 0.1031 0.8974
26.353 0.0397 0.1008 0.8925
26.398 0.0469 0.1077 0.8974
26.438 0.0487 0.1022 0.8974
26.478 0.0541 0.1013 0.8919
26.518 0.0546 0.1032 0.8655
26.557 0.0576 0.1047 0.9047
26.599 0.0605 0.1000 0.9208
26.638 0.0672 0.1073 0.8805
26.678 0.0699 0.1050 0.8979
26.718 0.0759 0.1051 0.8478
26.758 0.0797 0.1020 0.8458
26.798 0.0820 0.1004 0.8874
26.839 0.0830 0.1029 0.8513
26.879 0.0824 0.1061 0.9183
26.919 0.0871 0.1033 0.9043
26.959 0.0887 0.1033 0.9241
26.997 0.0889 0.1042 0.9045
27.040 0.0933 0.1024 0.8983
27.081 0.1004 0.1003 0.8725
27.121 0.1009 0.1009 0.9055
27.161 0.1054 0.1018 0.8725
27.198 0.1092 0.0986 0.8605
27.242 0.1085 0.0998 0.9029
27.281 0.1080 0.1003 0.8605
27.321 0.1085 0.1005 0.8605
27.361 0.1104 0.0994 0.8605
27.401 0.1135 0.0989 0.8665
27.442 0.1111 0.0979 0.9062
27.482 0.1158 0.0982 0.8907
27.522 0.1157 0.1005 0.9237
27.562 0.1121 0.1005 0.8673
27.602 0.1069 0.0966 0.8673
27.641 0.0970 0.0966 0.8633
27.682 0.0847 0.0963 0.8847
27.723 0.0776 0.0963 0.9057
27.763 0.0722 0.1003 0.9047
27.802 0.0673 0.0966 0.8895
27.840 0.0627 0.0948 0.9039
27.884 0.0552 0.0961 0.9039
27.923 0.0500 0.0953 0.9099
27.963 0.0437 0.0983 0.9029
28.014 0.0392 0.0984 0.9019
28.040 0.0371 0.0929 0.9019
28.085 0.0318 0.0944 0.8795
28.124 0.0296 0.0956 0.8635
28.165 0.0293 0.0948 0.9353
28.205 0.0272 0.0971 0.9258
28.245 0.0262 0.0973 0.9345
28.286 0.0232 0.0933 0.9345
28.325 0.0205 0.0914 0.9088
28.366 0.0163 0.0930 0.9088
28.406 0.0142 0.0963 0.9295
28.445 0.0117 0.0954 0.9035
28.485 0.0073 0.0946 0.9035
28.526 0.0031 0.0940 0.9295
28.567 0.0036 0.0929 0.9295
28.606 0.0041 0.0950 0.9295
28.646 0.0043 0.0961 0.9295
28.684 0.0053 0.0954 0.9035
28.728 0.0057 0.0926 0.9035
28.767 0.0053 0.0927 0.9439
28.807 0.0058 0.0915 0.9085
28.847 0.0035 0.0980 0.9345
28.884 0.0046 0.0948 0.9295
28.928 0.0045 0.0951 0.9345
28.968 0.0065 0.0915 0.9085
29.008 0.0085 0.0927 0.9345
29.048 0.0080 0.0928 0.9295
29.087 0.0090 0.0946 0.9345
29.128 0.0110 0.0940 0.9085
29.168 0.0107 0.0915 0.9345
29.209 0.0126 0.0915 0.9329
29.249 0.0118 0.0923 0.9355
29.289 0.0155 0.0956 0.9295
29.329 0.0200 0.0969 0.9235
29.370 0.0227 0.0935 0.9295
29.410 0.0268 0.0917 0.8797
29.450 0.0274 0.0933 0.8862
29.490 0.0344 0.0950 0.9209
29.528 0.0394 0.0984 0.9329
29.571 0.0404 0.0963 0.8819
29.611 0.0459 0.0964 0.9199
29.651 0.0526 0.0934 0.9122
29.691 0.0556 0.0947 0.8912
29.728 0.0577 0.0995 0.8956
29.772 0.0561 0.0974 0.8923
29.811 0.0563 0.0975 0.8923
29.852 0.0558 0.0937 0.9211
29.891 0.0542 0.0952 0.8956
29.931 0.0530 0.0949 0.9391
29.972 0.0505 0.0955 0.9466
30.012 0.0515 0.0950 0.8721
30.052 0.0554 0.0945 0.9125
30.092 0.0566 0.0950 0.8746
30.131 0.0548 0.0927 0.9084
30.171 0.0542 0.0941 0.9836
30.213 0.0557 0.0944 0.9778
30.253 0.0572 0.0956 0.9836
30.293 0.0625 0.0944 0.9149
30.332 0.0644 0.0908 0.9598
30.371 0.0622 0.0951 0.9631
30.415 0.0642 0.0966 1.0049
30.455 0.0653 0.0951 1.0135
30.495 0.0630 0.0964 1.0079
30.534 0.0624 0.0967 0.9735
30.571 0.0627 0.0951 1.0124
30.615 0.0645 0.0977 0.9982
30.655 0.0702 0.0975 0.9932
30.695 0.0724 0.0958 0.9831
30.735 0.0764 0.0931 1.0118
30.775 0.0759 0.0913 1.0179
30.816 0.0746 0.0922 1.0484
30.855 0.0788 0.0968 0.9726
30.896 0.0836 0.0955 1.0021
30.936 0.0921 0.0948 1.0413
30.975 0.1070 0.0911 1.0394
31.015 0.1027 0.0929 1.0278
31.056 0.0959 0.0904 1.0695
31.096 0.0844 0.0944 1.0515
31.137 0.0967 0.0922 1.0575
31.176 0.0936 0.0918 1.0116
31.214 0.0879 0.0938 0.9093
31.258 0.0890 0.0899 0.9019
31.297 0.0907 0.0890 1.0768
31.337 0.0939 0.0894 1.0716
31.377 0.0966 0.0917 0.9153
31.415 0.0978 0.0947 0.8952
31.458 0.0853 0.0918 0.9209
31.498 0.0912 0.0943 0.8883
31.539 0.1053 0.0927 0.8933
31.578 0.1119 0.0915 0.9216
31.618 0.0966 0.0905 0.9384
31.659 0.0890 0.0896 0.9043
31.699 0.0930 0.0923 0.9242
31.739 0.0907 0.0911 0.9372
31.779 0.0892 0.0934 0.9352
31.819 0.0879 0.0923 0.9032
31.858 0.0813 0.0915 0.9175
31.900 0.0746 0.0915 0.9291
31.940 0.0679 0.0925 0.9291
31.980 0.0587 0.0967 0.9124
32.020 0.0510 0.0928 0.9200
32.057 0.0443 0.0925 0.8890
32.101 0.0397 0.0936 0.8810
32.141 0.0373 0.0929 0.8946
32.181 0.0334 0.0920 0.8886
32.220 0.0322 0.0983 0.8850
32.257 0.0325 0.0963 0.8694
32.302 0.0312 0.0949 0.8949
32.341 0.0350 0.0940 0.8886
32.381 0.0382 0.0954 0.8795
32.421 0.0410 0.0949 0.8730
32.461 0.0468 0.0998 0.8500
32.502 0.0546 0.0942 0.9098
32.542 0.0631 0.0924 0.8803
32.582 0.0665 0.0957 0.8823
32.623 0.0705 0.0985 0.9007
32.663 0.0740 0.0970 0.9399
32.702 0.0787 0.0927 0.8803
32.743 0.0802 0.0936 0.9466
32.784 0.0827 0.0950 0.8653
32.824 0.0848 0.0926 0.9239
32.863 0.0850 0.0962 0.8969
32.901 0.0861 0.0934 0.8986
32.945 0.0883 0.0947 0.9022
32.985 0.0885 0.0951 0.8936
33.024 0.0894 0.0934 0.9069
33.064 0.0947 0.0956 0.9096
33.101 0.0986 0.0948 0.8993
33.145 0.1044 0.0925 0.8909
33.185 0.1065 0.0900 0.8680
33.225 0.1107 0.0901 0.8641
33.265 0.1144 0.0923 0.8919
33.305 0.1086 0.0939 0.9259
33.345 0.1048 0.0929 0.8879
33.385 0.1025 0.0918 0.8955
33.426 0.0962 0.0903 0.8969
33.466 0.0944 0.0904 0.9056
33.505 0.0936 0.0929 0.8895
33.545 0.0851 0.0929 0.9258
33.586 0.0772 0.0948 0.8645
33.626 0.0696 0.0942 0.9020
33.666 0.0656 0.0941 0.8608
33.715 0.0601 0.0916 0.9116
33.744 0.0522 0.0980 0.8984
33.788 0.0474 0.0928 0.8854
33.828 0.0486 0.0880 0.9102
33.868 0.0481 0.0851 0.9032
33.908 0.0477 0.0891 0.9141
33.945 0.0454 0.0894 0.9053
33.989 0.0442 0.0944 0.9288
34.028 0.0437 0.0953 0.8788
34.069 0.0448 0.0960 0.8914
34.108 0.0442 0.0858 0.8810
34.148 0.0421 0.0944 0.9034
34.189 0.0364 0.0979 0.8848
34.229 0.0346 0.0894 0.8786
34.269 0.0334 0.0904 0.8284
34.309 0.0337 0.0883 0.8729
34.348 0.0319 0.0873 0.8339
34.388 0.0297 0.0878 0.8581
34.430 0.0334 0.0926 0.8385
34.470 0.0320 0.0963 0.8669
34.510 0.0310 0.0879 0.8569
34.549 0.0295 0.0955 0.8476
34.586 0.0332 0.0853 0.8874
34.631 0.0428 0.0931 0.8275
34.670 0.0486 0.0905 0.8720
34.710 0.0550 0.0887 0.8660
34.750 0.0617 0.0880 0.8660
34.788 0.0643 0.0897 0.8594
34.832 0.0709 0.0831 0.9133
34.872 0.0775 0.0909 0.9207
34.912 0.0800 0.0860 0.8915
34.952 0.0826 0.0834 0.8813
34.992 0.0873 0.0830 0.8893
35.033 0.0966 0.0851 0.8793
35.072 0.1027 0.0911 0.9053
35.113 0.1007 0.0899 0.9017
35.153 0.0974 0.0870 0.9053
35.192 0.0926 0.0888 0.8793
35.232 0.0887 0.0854 0.8703
35.273 0.0916 0.0873 0.8783
35.313 0.0896 0.0875 0.8743
35.353 0.0841 0.0866 0.8732
35.393 0.0842 0.0854 0.8745
35.430 0.0853 0.0851 0.8719
35.475 0.0805 0.0828 0.8669
35.514 0.0769 0.0869 0.8595
35.554 0.0727 0.0881 0.8849
35.594 0.0693 0.0906 0.9129
35.631 0.0692 0.0832 0.9372
35.675 0.0739 0.0862 0.8969
35.714 0.0776 0.0861 0.9253
35.755 0.0751 0.0905 0.8969
35.794 0.0744 0.0890 0.8939
35.835 0.0748 0.0883 0.8879
35.875 0.0768 0.0855 0.8723
35.915 0.0790 0.0873 0.8842
35.956 0.0852 0.0909 0.8649
35.997 0.0909 0.0899 0.8536
36.036 0.0923 0.0852 0.8530
36.076 0.0932 0.0850 0.8400
36.117 0.0965 0.0851 0.8618
36.157 0.0954 0.0884 0.8633
36.197 0.0977 0.0884 0.8793
36.237 0.1023 0.0882 0.8803
36.274 0.1028 0.0851 0.9035
36.318 0.1090 0.0862 0.8855
36.357 0.1108 0.0842 0.9209
36.398 0.1094 0.0849 0.9208
36.437 0.1168 0.0875 0.9229
36.474 0.1192 0.0854 0.9072
36.519 0.1169 0.0836 0.9341
36.558 0.1179 0.0857 0.9170
36.598 0.1222 0.0849 0.9077
36.638 0.1276 0.0874 0.9353
36.678 0.1288 0.0868 0.8866
36.742 0.1300 0.0847 0.9052
36.799 0.1333 0.0860 0.9058
36.839 0.1369 0.0859 0.9048
36.879 0.1448 0.0876 0.9477
36.918 0.1435 0.0872 0.9615
36.958 0.1425 0.0856 0.9185
36.999 0.1443 0.0861 0.8919
37.040 0.1523 0.0885 0.8986
37.080 0.1541 0.0888 0.9293
37.120 0.1510 0.0875 0.9245
37.158 0.1485 0.0882 0.9491
37.202 0.1489 0.0859 0.9470
37.241 0.1499 0.0866 0.9181
37.281 0.1464 0.0885 0.9233
37.346 0.1450 0.0886 0.9934
37.398 0.1379 0.0858 0.9505
37.442 0.1390 0.0853 0.9261
37.482 0.1392 0.0862 0.9399
37.522 0.1386 0.0895 0.9185
37.562 0.1408 0.0876 0.9569
37.602 0.1457 0.0875 0.9073
37.656 0.1563 0.0861 0.9416
37.682 0.1592 0.0862 0.9404
37.723 0.1648 0.0873 0.9536
37.763 0.1708 0.0889 0.9105
37.802 0.1757 0.0879 0.8978
37.841 0.1738 0.0868 0.9344
37.883 0.1696 0.0882 0.9387
37.923 0.1653 0.0880 0.9431
37.963 0.1590 0.0882 0.9092
38.003 0.1543 0.0882 0.8761
38.040 0.1470 0.0869 0.9064
38.085 0.1338 0.0839 0.8748
38.124 0.1254 0.0840 0.8728
38.165 0.1148 0.0860 0.8738
38.204 0.1002 0.0854 0.8722
38.241 0.0889 0.0859 0.8728
38.286 0.0786 0.0860 0.8728
38.325 0.0673 0.0849 0.8772
38.365 0.0660 0.0857 0.8775
38.405 0.0621 0.0864 0.8772
38.445 0.0602 0.0843 0.8920
38.486 0.0577 0.0863 0.8772
38.526 0.0559 0.0838 0.8772
38.566 0.0562 0.0865 0.8791
38.606 0.0572 0.0862 0.8772
38.645 0.0556 0.0862 0.8957
38.685 0.0599 0.0860 0.8772
38.726 0.0661 0.0861 0.8791
38.767 0.0667 0.0826 0.8991
38.807 0.0750 0.0854 0.8955
38.846 0.0777 0.0851 0.8875
38.884 0.0818 0.0859 0.8875
38.928 0.0887 0.0837 0.9046
38.967 0.0910 0.0821 0.8973
39.007 0.0936 0.0818 0.8963
39.047 0.0968 0.0844 0.8970
39.084 0.1001 0.0872 0.8739
39.128 0.1035 0.0854 0.8515
39.168 0.1067 0.0794 0.8944
39.208 0.1079 0.0840 0.8995
39.249 0.1079 0.0840 0.8924
39.289 0.1093 0.0858 0.8955
39.330 0.1109 0.0865 0.9074
39.369 0.1138 0.0829 0.9128
39.410 0.1133 0.0821 0.8745
39.450 0.1125 0.0819 0.9032
39.489 0.1092 0.0841 0.8911
39.529 0.1058 0.0850 0.9204
39.570 0.1034 0.0846 0.9100
39.610 0.1027 0.0820 0.9083
39.650 0.1078 0.0837 0.8649
39.690 0.1044 0.0807 0.8975
39.727 0.1049 0.0841 0.9085
39.772 0.1046 0.0843 0.9125
39.811 0.1046 0.0845 0.9221
39.851 0.1049 0.0814 0.9333
39.891 0.1057 0.0777 0.9377
39.928 0.1076 0.0797 0.9003
39.972 0.1153 0.0830 0.9171
40.012 0.1245 0.0810 0.9236
40.052 0.1316 0.0824 0.8957
40.092 0.1366 0.0824 0.9157
40.131 0.1349 0.0826 0.8647
40.172 0.1353 0.0813 0.8897
40.212 0.1393 0.0817 0.9134
40.252 0.1389 0.0814 0.9161
40.292 0.1379 0.0773 0.9085
40.332 0.1380 0.0814 0.8657
40.372 0.1299 0.0835 0.8617
40.413 0.1244 0.0886 0.9075
40.454 0.1198 0.0855 0.8751
40.494 0.1181 0.0876 0.8903
40.534 0.1109 0.0840 0.8886
40.571 0.1070 0.0830 0.9075
40.615 0.1024 0.0864 0.8956
40.655 0.1011 0.0920 0.8564
40.695 0.0998 0.0901 0.8713
40.734 0.1005 0.0862 0.8689
40.773 0.1013 0.0887 0.9089
40.816 0.1006 0.0887 0.9119
40.855 0.1058 0.0922 0.9085
40.895 0.1094 0.0953 0.8695
40.935 0.1128 0.0939 0.8745
40.975 0.1108 0.0904 0.8755
41.016 0.1095 0.0940 0.8755
41.056 0.1131 0.0938 0.9078
41.096 0.1138 0.0935 0.8619
41.136 0.1132 0.0906 0.8939
41.175 0.1121 0.0909 0.8913
41.215 0.1089 0.0898 0.8913
41.257 0.1064 0.0911 0.8766
41.297 0.1036 0.0903 0.8882
41.337 0.1005 0.0909 0.8912
41.376 0.1016 0.0899 0.8679
41.414 0.0979 0.0917 0.9048
41.458 0.0937 0.0911 0.8912
41.498 0.0883 0.0899 0.8911
41.539 0.0792 0.0920 0.8575
41.578 0.0722 0.0938 0.8612
41.615 0.0675 0.0927 0.8623
41.659 0.0604 0.0909 0.8649
41.699 0.0543 0.0909 0.8537
41.739 0.0507 0.0947 0.8703
41.779 0.0491 0.0960 0.8930
41.819 0.0479 0.0924 0.8816
41.859 0.0432 0.0919 0.8541
41.899 0.0429 0.0906 0.8563
41.940 0.0403 0.0950 0.8816
41.980 0.0448 0.0950 0.8703
42.019 0.0519 0.0935 0.8859
42.059 0.0597 0.0918 0.8519
42.100 0.0667 0.0899 0.8519
42.140 0.0706 0.0907 0.8522
42.180 0.0721 0.0945 0.8687
42.220 0.0728 0.0943 0.8731
42.257 0.0746 0.0911 0.8601
42.301 0.0741 0.0849 0.9233
42.341 0.0737 0.0884 0.9023
42.381 0.0761 0.0890 0.8963
42.421 0.0793 0.0906 0.8953
42.458 0.0788 0.0890 0.8848
42.502 0.0793 0.0883 0.9046
42.541 0.0764 0.0882 0.8764
42.582 0.0758 0.0879 0.8869
42.623 0.0748 0.0954 0.8593
42.666 0.0801 0.0970 0.8531
42.703 0.0865 0.0877 0.8726
42.743 0.0918 0.0865 0.8936
42.783 0.0973 0.0886 0.8264
42.823 0.1058 0.0894 0.8566
42.862 0.1129 0.0923 0.8621
42.902 0.1154 0.0901 0.9102
42.943 0.1259 0.0892 0.8819
42.984 0.1321 0.0843 0.8802
43.024 0.1408 0.0850 0.8819
43.064 0.1457 0.0909 0.8977
43.101 0.1510 0.0900 0.8933
43.145 0.1580 0.0903 0.8660
43.184 0.1641 0.0850 0.8902
43.224 0.1668 0.0827 0.9021
43.264 0.1647 0.0865 0.8902
43.301 0.1647 0.0882 0.9237
43.345 0.1568 0.0867 0.8902
43.385 0.1566 0.0872 0.8927
43.425 0.1471 0.0856 0.8997
43.465 0.1408 0.0847 0.9182
43.505 0.1361 0.0874 0.9303
43.546 0.1263 0.0864 0.9393
43.585 0.1233 0.0885 0.9007
43.626 0.1191 0.0825 0.8961
43.666 0.1154 0.0846 0.9039
43.706 0.1089 0.0883 0.8997
43.746 0.1061 0.0875 0.8783
43.787 0.1041 0.0886 0.8837
43.827 0.1044 0.0909 0.8881
43.867 0.1011 0.0874 0.8881
43.907 0.1030 0.0843 0.9219
43.944 0.1056 0.0889 0.9127
43.988 0.1048 0.0874 0.9007
44.028 0.1110 0.0869 0.8912
44.068 0.1142 0.0903 0.8535
44.108 0.1139 0.0891 0.8625
44.145 0.1186 0.0874 0.9218
44.189 0.1265 0.0883 0.8992
44.229 0.1312 0.0856 0.8983
44.269 0.1386 0.0879 0.9165
44.309 0.1436 0.0830 0.8861
44.349 0.1496 0.0846 0.8910
44.389 0.1538 0.0820 0.8805
44.429 0.1560 0.0854 0.8881
44.470 0.1652 0.0835 0.8642
44.510 0.1688 0.0825 0.8459
44.549 0.1679 0.0831 0.8302
44.588 0.1682 0.0833 0.8273
44.630 0.1672 0.0843 0.8759
44.670 0.1642 0.0858 0.8589
44.710 0.1679 0.0840 0.8443
44.750 0.1671 0.0832 0.8533
44.788 0.1674 0.0828 0.8686
44.832 0.1672 0.0852 0.8800
44.872 0.1667 0.0862 0.9191
44.912 0.1685 0.0839 0.9106
44.951 0.1663 0.0871 0.8833
44.989 0.1629 0.0860 0.9293
45.033 0.1596 0.0860 0.9439
45.072 0.1631 0.0866 0.9305
45.112 0.1639 0.0865 0.9103
45.152 0.1659 0.0840 0.8989
45.192 0.1620 0.0827 0.9249
45.233 0.1579 0.0866 0.9013
45.273 0.1541 0.0853 0.9183
45.313 0.1512 0.0869 0.9249
45.353 0.1486 0.0858 0.9174
45.393 0.1495 0.0842 0.9149
45.432 0.1486 0.0833 0.8890
45.477 0.1495 0.0838 0.8680
45.514 0.1491 0.0852 0.9250
45.554 0.1469 0.0843 0.8680
45.594 0.1453 0.0861 0.9055
45.631 0.1405 0.0862 0.8713
45.675 0.1421 0.0836 0.8592
45.714 0.1444 0.0855 0.8726
45.755 0.1434 0.0843 0.8712
45.795 0.1454 0.0872 0.8759
45.832 0.1465 0.0875 0.8730
45.875 0.1438 0.0864 0.8819
45.915 0.1432 0.0883 0.9160
45.956 0.1425 0.0897 0.8181
45.996 0.1444 0.0889 0.8631
46.036 0.1500 0.0906 0.8841
46.077 0.1530 0.0879 0.8440
46.117 0.1571 0.0883 0.8857
46.157 0.1564 0.0900 0.8649
46.197 0.1528 0.0891 0.8979
46.236 0.1549 0.0884 0.8909
46.276 0.1565 0.0862 0.8649
46.317 0.1575 0.0830 0.9193
46.357 0.1632 0.0877 0.9143
46.397 0.1690 0.0890 0.9051
46.437 0.1737 0.0843 0.9060
46.474 0.1729 0.0876 0.9029
46.518 0.1683 0.0865 0.8492
46.558 0.1679 0.0869 0.8778
46.598 0.1639 0.0836 0.8973
46.638 0.1626 0.0865 0.8745
46.675 0.1625 0.0851 0.8988
46.719 0.1613 0.0857 0.8743
46.759 0.1563 0.0845 0.8954
46.799 0.1539 0.0843 0.8892
46.839 0.1467 0.0838 0.9051
46.879 0.1401 0.0841 0.9139
46.919 0.1308 0.0857 0.8826
46.959 0.1241 0.0850 0.8895
47.000 0.1245 0.0850 0.8780
47.040 0.1190 0.0862 0.9069
47.080 0.1194 0.0817 0.8854
47.119 0.1197 0.0801 0.9145
47.161 0.1205 0.0812 0.8645
47.201 0.1223 0.0851 0.8823
47.241 0.1259 0.0814 0.9183
47.281 0.1285 0.0839 0.8879
47.318 0.1304 0.0841 0.9019
47.362 0.1370 0.0854 0.9102
47.402 0.1395 0.0821 0.8942
47.442 0.1511 0.0841 0.8699
47.482 0.1589 0.0861 0.9078
47.518 0.1677 0.0896 0.9163
47.563 0.1762 0.0892 0.9274
47.603 0.1819 0.0900 0.9440
47.643 0.1886 0.0864 0.8883
47.682 0.1931 0.0853 0.8803
47.722 0.1975 0.0906 0.9063
47.763 0.1986 0.0884 0.9363
47.803 0.2025 0.0846 0.9130
47.843 0.2016 0.0784 0.9173
47.883 0.2008 0.0805 0.9217
47.922 0.1942 0.0791 0.9217
47.962 0.1860 0.0809 0.9479
48.003 0.1763 0.0791 0.8995
48.044 0.1672 0.0789 0.9337
48.084 0.1593 0.0782 0.9185
48.124 0.1533 0.0774 0.9301
48.162 0.1487 0.0804 0.8992
48.206 0.1431 0.0792 0.8846
48.245 0.1417 0.0768 0.8816
48.285 0.1396 0.0768 0.8869
48.325 0.1383 0.0789 0.9026
48.363 0.1358 0.0791 0.9582
48.406 0.1409 0.0778 0.9324
48.446 0.1482 0.0791 0.8878
48.486 0.1546 0.0782 0.8828
48.526 0.1538 0.0788 0.9219
48.566 0.1573 0.0763 0.9119
48.607 0.1543 0.0765 0.9142
48.646 0.1541 0.0787 0.9142
48.687 0.1537 0.0770 0.8852
48.727 0.1568 0.0795 0.8775
48.766 0.1549 0.0776 0.8800
48.806 0.1514 0.0777 0.8765
48.847 0.1552 0.0756 0.8969
48.887 0.1551 0.0755 0.8858
48.928 0.1508 0.0741 0.8808
48.967 0.1426 0.0722 0.9108
49.005 0.1442 0.0737 0.8838
49.049 0.1406 0.0787 0.9108
49.088 0.1452 0.0768 0.8854
49.128 0.1450 0.0763 0.8863
49.168 0.1454 0.0773 0.8533
49.206 0.1395 0.0760 0.8528
49.249 0.1397 0.0777 0.8765
49.290 0.1445 0.0803 0.8749
49.330 0.1484 0.0782 0.8667
49.369 0.1514 0.0785 0.8706
49.409 0.1516 0.0796 0.8729
49.467 0.1585 0.0758 0.8665
49.490 0.1581 0.0748 0.8785
49.530 0.1633 0.0769 0.8979
49.570 0.1650 0.0758 0.8709
49.609 0.1652 0.0757 0.8578
49.649 0.1651 0.0784 0.8765
49.690 0.1664 0.0764 0.9086
49.731 0.1652 0.0796 0.9172
49.771 0.1611 0.0780 0.8706
49.810 0.1546 0.0757 0.8787
49.848 0.1490 0.0748 0.8968
49.892 0.1470 0.0740 0.8990
49.931 0.1449 0.0750 0.8759
49.972 0.1421 0.0790 0.8732
50.011 0.1388 0.0786 0.8252
50.048 0.1311 0.0761 0.8447
50.092 0.1274 0.0746 0.8662
50.132 0.1244 0.0744 0.9336
50.172 0.1207 0.0741 0.8685
50.212 0.1217 0.0750 0.9190
50.252 0.1231 0.0742 0.9091
50.293 0.1277 0.0755 0.9076
50.333 0.1290 0.0770 0.8739
50.374 0.1279 0.0744 0.8812
50.414 0.1216 0.0755 0.8857
50.453 0.1192 0.0737 0.8857
50.493 0.1167 0.0748 0.9234
50.534 0.1228 0.0749 0.9106
50.574 0.1262 0.0785 0.8847
50.615 0.1252 0.0781 0.9230
50.654 0.1262 0.0773 0.9498
50.692 0.1231 0.0753 0.9172
50.736 0.1195 0.0766 0.9407
50.775 0.1195 0.0781 0.9588
50.815 0.1147 0.0784 0.9425
50.855 0.1172 0.0782 0.9102
50.892 0.1209 0.0796 0.9278
50.936 0.1282 0.0802 0.9326
50.976 0.1333 0.0792 0.9183
51.016 0.1352 0.0815 0.9356
51.056 0.1336 0.0813 0.9449
51.096 0.1334 0.0814 0.8982
51.136 0.1346 0.0816 0.8675
51.176 0.1407 0.0795 0.9138
51.217 0.1503 0.0810 0.8578
51.256 0.1545 0.0808 0.8903
51.296 0.1640 0.0795 0.8797
51.336 0.1684 0.0795 0.8682
51.377 0.1697 0.0765 0.9204
51.417 0.1739 0.0788 0.9033
51.457 0.1783 0.0813 0.8892
51.498 0.1785 0.0797 0.9174
51.535 0.1770 0.0802 0.9010
51.579 0.1798 0.0762 0.9282
51.618 0.1886 0.0754 0.9410
51.659 0.1920 0.0756 0.9091
51.698 0.1859 0.0775 0.9481
51.736 0.1785 0.0758 0.9056
51.780 0.1751 0.0785 0.9007
51.820 0.1703 0.0761 0.8956
51.860 0.1713 0.0780 0.9013
51.899 0.1684 0.0802 0.9021
51.940 0.1610 0.0820 0.9222
51.980 0.1605 0.0818 0.9044
52.020 0.1600 0.0797 0.9641
52.060 0.1586 0.0801 0.9554
52.100 0.1484 0.0790 0.8752
52.139 0.1418 0.0805 0.9124
52.179 0.1440 0.0820 0.9022
52.220 0.1477 0.0865 0.8903
52.261 0.1503 0.0792 0.8881
52.301 0.1540 0.0811 0.8891
52.340 0.1508 0.0800 0.8771
52.378 0.1467 0.0815 0.9108
52.422 0.1500 0.0816 0.9172
52.462 0.1471 0.0791 0.9041
52.502 0.1475 0.0756 0.9247
52.541 0.1465 0.0746 0.9121
52.579 0.1489 0.0779 0.9219
52.623 0.1483 0.0777 0.9056
52.663 0.1426 0.0812 0.9250
52.703 0.1378 0.0769 0.9448
52.743 0.1312 0.0751 0.9185
52.783 0.1236 0.0793 0.8862
52.824 0.1240 0.0798 0.8940
52.863 0.1256 0.0774 0.8798
52.904 0.1222 0.0767 0.8933
52.944 0.1205 0.0785 0.8606
52.983 0.1188 0.0763 0.8640
53.022 0.1203 0.0764 0.8509
53.064 0.1250 0.0773 0.8723
53.104 0.1329 0.0804 0.9020
53.144 0.1401 0.0784 0.9219
53.184 0.1474 0.0782 0.8938
53.222 0.1506 0.0770 0.8909
53.266 0.1515 0.0821 0.8819
53.305 0.1510 0.0822 0.8845
53.345 0.1508 0.0778 0.8999
53.385 0.1547 0.0760 0.9006
53.422 0.1564 0.0760 0.9013
53.466 0.1560 0.0785 0.9025
53.506 0.1532 0.0786 0.9019
53.546 0.1487 0.0809 0.8585
53.586 0.1437 0.0779 0.9012
53.626 0.1381 0.0776 0.9220
53.666 0.1331 0.0768 0.8829
53.707 0.1342 0.0772 0.9200
53.748 0.1363 0.0793 0.9200
53.787 0.1409 0.0789 0.8763
53.827 0.1388 0.0769 0.8579
53.866 0.1360 0.0782 0.8988
53.908 0.1357 0.0775 0.9316
53.948 0.1381 0.0771 0.9201
53.988 0.1411 0.0779 0.9406
54.028 0.1450 0.0795 0.9129
54.065 0.1473 0.0754 0.9135
54.109 0.1496 0.0747 0.9356
54.149 0.1512 0.0775 0.9250
54.189 0.1507 0.0747 0.9218
54.228 0.1491 0.0752 0.9141
54.266 0.1401 0.0767 0.9303
54.309 0.1359 0.0753 0.9655
54.349 0.1342 0.0753 0.9569
54.389 0.1297 0.0761 0.9319
54.429 0.1206 0.0803 0.9291
54.469 0.1169 0.0754 0.9435
54.510 0.1115 0.0772 0.9348
54.550 0.1081 0.0766 0.9205
54.590 0.1054 0.0793 0.9267
54.630 0.1018 0.0789 0.9539
54.669 0.0998 0.0761 0.9241
54.709 0.0959 0.0776 0.8729
54.750 0.0977 0.0759 0.9269
54.791 0.1034 0.0758 0.9383
54.832 0.1061 0.0780 0.9381
54.871 0.1082 0.0769 0.8903
54.909 0.1141 0.0743 0.9035
54.953 0.1143 0.0752 0.8747
54.992 0.1167 0.0752 0.8773
55.032 0.1165 0.0754 0.8999
55.072 0.1148 0.0766 0.8953
55.109 0.1140 0.0768 0.9035
55.153 0.1111 0.0749 0.9504
55.193 0.1131 0.0776 0.8903
55.233 0.1153 0.0764 0.9154
55.273 0.1125 0.0795 0.9075
55.313 0.1094 0.0755 0.9392
55.353 0.1073 0.0761 0.9392
55.394 0.1060 0.0765 0.8732
55.434 0.1083 0.0774 0.8645
55.473 0.1077 0.0759 0.9365
55.513 0.1091 0.0749 0.9465
55.553 0.1129 0.0763 0.9385
55.594 0.1165 0.0736 0.9318
55.634 0.1226 0.0756 0.9209
55.674 0.1259 0.0779 0.9206
55.714 0.1288 0.0790 0.9243
55.752 0.1315 0.0776 0.8617
55.796 0.1405 0.0772 0.9043
55.835 0.1456 0.0751 0.9183
55.875 0.1514 0.0749 0.9427
55.915 0.1547 0.0772 0.9351
55.953 0.1569 0.0809 0.8927
55.997 0.1606 0.0782 0.8879
56.036 0.1607 0.0768 0.8729
56.077 0.1598 0.0771 0.8822
56.116 0.1561 0.0810 0.9334
56.156 0.1589 0.0802 0.9105
56.197 0.1573 0.0787 0.8706
56.237 0.1617 0.0774 0.8978
56.277 0.1619 0.0783 0.8890
56.317 0.1590 0.0783 0.8959
56.357 0.1584 0.0866 0.8749
56.396 0.1576 0.0845 0.8875
56.437 0.1599 0.0848 0.9466
56.478 0.1626 0.0815 0.9229
56.518 0.1637 0.0780 0.9253
56.557 0.1630 0.0785 0.8881
56.595 0.1671 0.0846 0.8912
56.639 0.1605 0.0840 0.9081
56.679 0.1600 0.0787 0.9077
56.718 0.1574 0.0825 0.8925
56.758 0.1532 0.0846 0.8775
56.795 0.1534 0.0830 0.9155
56.840 0.1515 0.0893 0.8832
56.879 0.1446 0.0863 0.8689
56.919 0.1406 0.0864 0.8762
56.959 0.1377 0.0886 0.9029
56.999 0.1314 0.0874 0.9044
57.040 0.1346 0.0885 0.8693
57.080 0.1343 0.0912 0.8987
57.121 0.1377 0.0865 0.8683
57.161 0.1396 0.0880 0.8773
57.200 0.1390 0.0849 0.8793
57.240 0.1389 0.0872 0.8897
57.306 0.1396 0.0873 0.9063
57.361 0.1440 0.0870 0.9097
57.402 0.1446 0.0880 0.9414
57.441 0.1429 0.0891 0.9632
57.479 0.1439 0.0905 0.9519
57.523 0.1389 0.0864 0.9322
57.562 0.1364 0.0895 0.9021
57.602 0.1362 0.0861 0.9280
57.642 0.1342 0.0852 0.9002
57.679 0.1317 0.0863 0.9170
57.723 0.1376 0.0901 0.9140
57.763 0.1394 0.0862 0.9342
57.803 0.1433 0.0896 0.9059
57.843 0.1430 0.0875 0.8820
57.882 0.1460 0.0869 0.8390
57.923 0.1526 0.0910 0.8984
57.963 0.1585 0.0905 0.9124
58.003 0.1660 0.0915 0.9254
58.043 0.1680 0.0924 0.8956
58.083 0.1687 0.0915 0.9284
58.123 0.1662 0.0916 0.8996
58.165 0.1685 0.0917 0.8965
58.205 0.1642 0.0885 0.9141
58.245 0.1581 0.0892 0.9355
58.285 0.1530 0.0893 0.8977
58.322 0.1462 0.0882 0.9459
58.366 0.1368 0.0905 0.9266
58.406 0.1277 0.0888 0.9252
58.446 0.1176 0.0891 0.9032
58.485 0.1070 0.0868 0.8745
58.523 0.1049 0.0880 0.8771
58.566 0.1044 0.0889 0.8857
58.606 0.1049 0.0924 0.9264
58.646 0.1036 0.0914 0.8947
58.686 0.1012 0.0879 0.9007
58.726 0.1062 0.0868 0.9007
58.772 0.1076 0.0865 0.8789
58.807 0.1094 0.0847 0.8840
58.847 0.1146 0.0864 0.9341
58.887 0.1182 0.0857 0.9051
58.926 0.1210 0.0850 0.9147
58.966 NaN 0.0818 0.9446
59.007 NaN 0.0831 0.9444
59.048 NaN 0.0854 0.9404
59.088 NaN 0.0857 0.8960
59.127 NaN 0.0813 0.9196
59.165 NaN 0.0840 0.9196
59.209 NaN 0.0847 0.9364
59.249 NaN 0.0852 0.9208
