49.330 NaN 0.0740 0.9246
49.369 NaN 0.0744 0.9369
49.409 NaN 0.0760 0.9064
49.467 NaN 0.0736 0.9517
49.490 NaN 0.0763 0.9051
49.530 NaN 0.0784 0.9107
49.570 NaN 0.0764 0.9167
49.609 0.2310 0.0771 0.9173
49.649 0.2343 0.0781 0.8826
49.690 0.2392 0.0790 0.9475
49.731 0.2353 0.0787 0.9292
49.771 0.2303 0.0770 0.9266
49.810 0.2300 0.0812 0.8851
49.848 0.2265 0.0799 0.9005
49.892 0.2263 0.0802 0.8385
49.931 0.2310 0.0800 0.8952
49.972 0.2338 0.0770 0.9253
50.011 0.2381 0.0766 0.9291
50.048 0.2445 0.0781 0.9111
50.092 0.2526 0.0759 0.9571
50.132 0.2548 0.0773 0.9398
50.172 0.2546 0.0790 0.9093
50.212 0.2525 0.0801 0.9388
50.252 0.2531 0.0783 0.9394
50.293 0.2473 0.0769 0.9179
50.333 0.2463 0.0747 0.9035
50.374 0.2491 0.0768 0.9570
50.414 0.2447 0.0803 0.9360
50.453 0.2400 0.0769 0.9383
50.493 0.2350 0.0761 0.9537
50.534 0.2308 0.0761 0.9529
50.574 0.2247 0.0784 0.9805
50.615 0.2207 0.0803 0.9610
50.654 0.2174 0.0768 0.9556
50.692 0.2156 0.0783 0.9615
50.736 0.2251 0.0772 0.9605
50.775 0.2316 0.0774 0.9668
50.815 0.2412 0.0803 0.9503
50.855 0.2463 0.0766 0.9458
50.892 0.2493 0.0748 0.9672
50.936 0.2566 0.0748 0.9361
50.976 0.2644 0.0752 0.9429
51.016 0.2668 0.0740 0.9298
51.056 0.2675 0.0760 0.9359
51.096 0.2659 0.0756 0.9393
51.136 0.2669 0.0757 0.9216
51.176 0.2720 0.0748 0.9208
51.217 0.2707 0.0721 0.9513
51.256 0.2630 0.0747 0.9255
51.296 0.2525 0.0793 0.8840
51.336 0.2401 0.0752 0.8808
51.377 0.2347 0.0748 0.8869
51.417 0.2228 0.0738 0.8869
51.457 0.2101 0.0760 0.8873
51.498 0.2022 0.0743 0.9152
51.535 0.1965 0.0744 0.8922
51.579 0.1901 0.0737 0.8552
51.618 0.1825 0.0725 0.9199
51.659 0.1752 0.0699 0.9298
51.698 0.1699 0.0735 0.9656
51.736 0.1674 0.0754 0.9585
51.780 0.1692 0.0764 0.9775
51.820 0.1728 0.0731 0.9216
51.860 0.1696 0.0729 0.9523
51.899 0.1711 0.0742 0.9513
51.940 0.1764 0.0759 0.9448
51.980 0.1824 0.0766 0.9485
52.020 0.1854 0.0746 0.9213
52.060 0.1883 0.0730 0.9429
52.100 0.1958 0.0732 0.9184
52.139 0.2080 0.0739 0.9450
52.179 0.2162 0.0711 0.9318
52.220 0.2218 0.0719 0.9545
52.261 0.2268 0.0685 0.9215
52.301 0.2346 0.0687 0.9152
52.340 0.2476 0.0703 0.9311
52.378 0.2576 0.0715 0.9307
52.422 0.2706 0.0707 0.9421
52.462 0.2758 0.0698 0.9573
52.502 0.2804 0.0675 0.9462
52.541 0.2839 0.0677 0.9525
52.579 0.2858 0.0714 0.9358
52.623 0.2877 0.0706 0.9573
52.663 0.2819 0.0702 0.9453
52.703 0.2795 0.0681 0.9424
52.743 0.2781 0.0698 0.9354
52.783 0.2715 0.0711 0.9177
52.824 0.2600 0.0725 0.9364
52.863 0.2524 0.0679 0.9087
52.904 0.2411 0.0698 0.9394
52.944 0.2331 0.0678 0.9517
52.983 0.2272 0.0709 0.9487
53.022 0.2175 0.0708 0.9399
53.064 0.2092 0.0715 0.9606
53.104 0.1995 0.0730 0.9617
53.144 0.1998 0.0722 0.9344
53.184 0.2014 0.0697 0.9277
53.222 0.1992 0.0745 0.9466
53.266 0.2035 0.0732 0.9584
53.305 0.2070 0.0751 0.9548
53.345 0.2094 0.0757 0.9358
53.385 0.2153 0.0741 0.9486
53.422 0.2210 0.0734 0.9388
53.466 0.2214 0.0698 0.9588
53.506 0.2273 0.0732 0.8951
53.546 0.2378 0.0722 0.9199
53.586 0.2452 0.0712 0.9158
53.626 0.2514 0.0698 0.9222
53.666 0.2567 0.0693 0.9271
53.707 0.2619 0.0692 0.9317
53.748 0.2643 0.0694 0.8989
53.787 0.2657 0.0694 0.8949
53.827 0.2682 0.0693 0.9205
53.866 0.2657 0.0695 0.9311
53.908 0.2614 0.0713 0.9492
53.948 0.2551 0.0700 0.9531
53.988 0.2500 0.0702 0.9475
54.028 0.2446 0.0691 0.9205
54.065 0.2358 0.0685 0.9330
54.109 0.2313 0.0674 0.9269
54.149 0.2208 0.0724 0.9892
54.189 0.2120 0.0733 0.9621
54.228 0.2051 0.0724 0.9502
54.266 0.1971 0.0699 0.9246
54.309 0.1927 0.0681 0.9155
54.349 0.1960 0.0727 0.9391
54.389 0.1934 0.0744 0.9434
54.429 0.1944 0.0751 0.9032
54.469 0.1986 0.0755 0.9352
54.510 0.1975 0.0778 0.9421
54.550 0.2075 0.0768 0.9273
54.590 0.2120 0.0756 0.9305
54.630 0.2169 0.0712 0.9646
54.669 0.2252 0.0699 0.9316
54.709 0.2316 0.0720 0.9033
54.750 0.2404 0.0700 0.9443
54.791 0.2471 0.0729 0.9616
54.832 0.2446 0.0746 0.9502
54.871 0.2458 0.0750 0.9393
54.909 0.2438 0.0740 0.8851
54.953 0.2387 0.0726 0.9323
54.992 0.2381 0.0745 0.9314
55.032 0.2348 0.0748 0.9286
55.072 0.2292 0.0760 0.9158
55.109 0.2212 0.0759 0.9395
55.153 0.2098 0.0730 0.9414
55.193 0.2005 0.0737 0.9488
55.233 0.1932 0.0740 0.9709
55.273 0.1873 0.0758 0.9573
55.313 0.1800 0.0768 0.9677
55.353 0.1712 0.0735 0.9512
55.394 0.1654 0.0747 0.9288
55.434 0.1699 0.0768 0.8855
55.473 0.1687 0.0757 0.9665
55.513 0.1633 0.0758 0.9647
55.553 0.1561 0.0763 0.9385
55.594 0.1562 0.0728 0.9217
55.634 0.1541 0.0751 0.8996
55.674 0.1579 0.0736 0.9213
55.714 0.1634 0.0736 0.9374
55.752 0.1657 0.0732 0.9686
55.796 0.1705 0.0740 0.9559
55.835 0.1767 0.0744 0.9177
55.875 0.1883 0.0745 0.9227
55.915 0.1944 0.0754 0.9281
55.953 0.1977 0.0750 0.9541
55.997 0.2004 0.0761 0.9530
56.036 0.2135 0.0750 0.9382
56.077 0.2192 0.0732 0.9693
56.116 0.2308 0.0701 0.9388
56.156 0.2368 0.0739 0.9299
56.197 0.2336 0.0720 0.9167
56.237 0.2287 0.0714 0.9217
56.277 0.2308 0.0686 0.8879
56.317 0.2265 0.0666 0.9301
56.357 0.2229 0.0710 0.9582
56.396 0.2151 0.0729 0.9518
56.437 0.2034 0.0686 0.9225
56.478 0.2023 0.0698 0.9097
56.518 0.1987 0.0687 0.9052
56.557 0.1956 0.0686 0.8925
56.595 0.1872 0.0695 0.9304
56.639 0.1806 0.0696 0.9175
56.679 0.1771 0.0702 0.9371
56.718 0.1728 0.0698 0.8882
56.758 0.1697 0.0724 0.8921
56.795 0.1704 0.0751 0.9742
56.840 0.1632 0.0759 0.9198
56.879 0.1587 0.0757 0.9371
56.919 0.1622 0.0759 0.9496
56.959 0.1654 0.0777 0.8973
56.999 0.1625 0.0784 0.9228
57.040 0.1606 0.0802 0.9199
57.080 0.1614 0.0811 0.9375
57.121 0.1596 0.0788 0.9151
57.161 0.1596 0.0803 0.8987
57.200 0.1687 0.0791 0.9239
57.240 0.1748 0.0809 0.8831
57.306 0.1726 0.0807 0.9503
57.361 0.1791 0.0790 0.9143
57.402 0.1825 0.0795 0.9165
57.441 0.1850 0.0794 0.9111
57.479 0.1886 0.0801 0.9704
57.523 0.1899 0.0765 0.9158
57.562 0.1942 0.0759 0.9433
57.602 0.2027 0.0761 0.9467
57.642 0.2091 0.0765 0.9067
57.679 0.2162 0.0775 0.9078
57.723 0.2202 0.0748 0.9053
57.763 0.2285 0.0761 0.9143
57.803 0.2347 0.0748 0.9595
57.843 0.2399 0.0707 0.8965
57.882 0.2484 0.0736 0.9233
57.923 0.2537 0.0805 0.9512
57.963 0.2514 0.0793 0.9305
58.003 0.2499 0.0789 0.9423
58.043 0.2459 0.0742 0.9128
58.083 0.2427 0.0746 0.9021
58.123 0.2406 0.0785 0.9129
58.165 0.2328 0.0784 0.9326
58.205 0.2250 0.0794 0.9126
58.245 0.2143 0.0783 0.8906
58.285 0.2094 0.0781 0.9261
58.322 0.2063 0.0774 0.8961
58.366 0.1920 0.0809 0.8988
58.406 0.1797 0.0840 0.9171
58.446 0.1677 0.0814 0.9527
58.485 0.1565 0.0789 0.9527
58.523 0.1510 0.0765 0.9279
58.566 0.1484 0.0777 0.9458
58.606 0.1369 0.0794 0.9492
58.646 0.1312 0.0775 0.9158
58.686 0.1221 0.0790 0.9353
58.726 0.1141 0.0802 0.9320
58.772 0.1138 0.0787 0.9432
58.807 0.1126 0.0792 0.9369
58.847 0.1149 0.0791 0.9336
58.887 0.1182 0.0763 0.9312
58.926 0.1253 0.0772 0.9511
58.966 0.1338 0.0746 0.9294
59.007 0.1439 0.0763 0.9344
59.048 0.1446 0.0775 0.9151
59.088 0.1486 0.0776 0.8991
59.127 0.1680 0.0799 0.8875
59.165 0.1759 0.0755 0.9233
59.209 0.1863 0.0761 0.9197
59.249 0.1944 0.0750 0.8968
59.289 0.1988 0.0801 0.9531
59.350 0.2090 0.0772 0.9052
59.366 0.2101 0.0725 0.9180
59.410 0.2068 0.0727 0.9153
59.450 0.2099 0.0727 0.9262
59.490 0.2079 0.0733 0.8911
59.530 0.2048 0.0779 0.9189
59.570 0.2083 0.0766 0.9214
59.610 0.2026 0.0792 0.8621
59.650 0.1971 0.0790 0.9128
59.691 0.1995 0.0806 0.9128
59.731 0.1966 0.0803 0.8985
59.770 0.1915 0.0796 0.8689
59.810 0.1852 0.0790 0.8979
59.851 0.1812 0.0809 0.9262
59.891 0.1809 0.0791 0.9221
59.931 0.1798 0.0817 0.9615
59.971 0.1814 0.0825 0.9220
60.009 0.1820 0.0821 0.9216
60.053 0.1824 0.0807 0.9382
60.092 0.1809 0.0822 0.9498
60.132 0.1780 0.0825 0.9547
60.172 0.1776 0.0825 0.9222
60.210 0.1778 0.0818 0.9288
60.253 0.1767 0.0809 0.9252
60.293 0.1750 0.0815 0.9092
60.333 0.1719 0.0807 0.8879
60.373 0.1650 0.0800 0.8815
60.413 0.1621 0.0782 0.8542
60.454 0.1564 0.0782 0.8909
60.494 0.1545 0.0780 0.8764
60.534 0.1510 0.0781 0.9108
60.574 0.1457 0.0788 0.9148
60.614 0.1455 0.0808 0.9334
60.653 0.1425 0.0841 0.9376
60.695 0.1374 0.0813 0.8783
60.735 0.1315 0.0777 0.9494
60.775 0.1271 0.0791 0.9253
60.815 0.1202 0.0809 0.9233
60.851 0.1144 0.0822 0.9635
60.896 0.1118 0.0837 0.9096
60.936 0.1087 0.0811 0.9262
60.976 0.1052 0.0806 0.9274
61.015 0.1019 0.0816 0.8975
61.052 0.0999 0.0816 0.9186
61.096 0.0984 0.0828 0.9169
61.136 0.0989 0.0817 0.8719
61.176 0.1007 0.0815 0.9023
61.216 0.1063 0.0808 0.8737
61.256 0.1111 0.0812 0.9119
61.297 0.1129 0.0811 0.9066
61.337 0.1169 0.0838 0.9143
61.377 0.1231 0.0833 0.9135
61.417 0.1282 0.0809 0.9305
61.457 0.1336 0.0845 0.9133
61.497 0.1397 0.0858 0.9146
61.538 0.1449 0.0817 0.9092
61.579 0.1498 0.0851 0.9238
61.619 0.1510 0.0887 0.9157
61.658 0.1539 0.0941 0.8813
61.695 0.1500 0.0964 0.8991
61.740 0.1461 0.0957 0.8921
61.779 0.1464 0.0991 0.8696
61.819 0.1502 0.0940 0.8815
61.859 0.1505 0.1006 0.9009
61.896 0.1512 0.0964 0.8859
61.940 0.1555 0.0871 0.9457
61.980 0.1555 0.0945 0.8930
62.020 0.1563 0.0961 0.8933
62.060 0.1555 0.0956 0.9151
62.100 0.1638 0.0968 0.9154
62.141 0.1699 0.0939 0.9195
62.180 0.1796 0.0990 0.8902
62.221 0.1897 0.0953 0.9325
62.260 0.1996 0.0937 0.9141
62.300 0.2104 0.0884 0.8865
62.339 0.2192 0.0887 0.9219
62.381 0.2259 0.0954 0.9121
62.421 0.2310 0.0935 0.9057
62.461 0.2366 0.0924 0.9464
62.501 0.2426 0.0852 0.9111
62.539 0.2478 0.0851 0.9092
62.582 0.2465 0.0869 0.9120
62.623 0.2431 0.0883 0.9402
62.663 0.2401 0.0853 0.9740
62.702 0.2388 0.0883 0.9542
62.740 0.2351 0.0866 0.9322
62.784 0.2349 0.0892 0.9564
62.823 0.2414 0.0912 0.9742
62.863 0.2456 0.0937 0.9708
62.903 0.2433 0.0921 0.9588
62.943 0.2407 0.0875 0.9488
62.984 0.2344 0.0889 0.9551
63.024 0.2299 0.0935 0.9688
63.064 0.2308 0.0961 0.9726
63.104 0.2294 0.0964 1.0198
63.143 0.2273 0.0958 0.9885
63.183 0.2270 0.0960 0.9609
63.224 0.2246 0.0948 0.9609
63.265 0.2245 0.0942 0.9648
63.332 0.2122 0.0910 0.9462
63.384 0.2167 0.0944 0.9396
63.422 0.2182 0.0917 0.9602
63.466 0.2262 0.0913 0.9561
63.505 0.2350 0.0939 0.9658
63.545 0.2412 0.0897 1.0205
63.585 0.2435 0.0896 0.9558
63.623 0.2508 0.0907 0.9630
63.666 0.2576 0.0923 0.9418
63.707 0.2666 0.0915 0.9817
63.747 0.2683 0.0955 0.9982
63.787 0.2717 0.0928 0.9456
63.827 0.2721 0.0915 0.9459
63.869 0.2705 0.0899 0.9762
63.907 0.2764 0.0901 0.9475
63.948 0.2741 0.0916 0.9965
63.988 0.2719 0.0928 0.9475
64.027 0.2697 0.0913 0.9520
64.067 0.2703 0.0859 0.9444
64.108 0.2732 0.0885 0.9192
64.149 0.2720 0.0872 0.9261
64.189 0.2673 0.0934 0.9250
64.228 0.2657 0.0925 0.9381
64.265 0.2639 0.0907 0.9230
64.309 0.2568 0.0928 0.9345
64.349 0.2529 0.0894 0.9489
64.389 0.2460 0.0919 0.9746
64.429 0.2447 0.0911 0.9598
64.466 0.2453 0.0911 0.9548
64.510 0.2465 0.0901 0.9560
64.550 0.2413 0.0883 0.9548
64.590 0.2362 0.0892 0.9483
64.630 0.2317 0.0919 0.9264
64.670 0.2296 0.0863 0.9584
64.711 0.2278 0.0879 0.9818
64.750 0.2325 0.0885 0.9609
64.790 0.2438 0.0861 1.0020
64.832 0.2486 0.0897 0.9796
64.871 0.2509 0.0918 1.0066
64.910 0.2495 0.0893 0.9598
64.952 0.2486 0.0883 0.9844
64.992 0.2452 0.0900 0.9530
65.032 0.2506 0.0881 0.9894
65.072 0.2601 0.0897 0.9561
65.109 0.2593 0.0920 0.9648
65.153 0.2621 0.0878 0.9527
65.193 0.2684 0.0829 0.9445
65.233 0.2694 0.0849 0.9584
65.273 0.2692 0.0904 0.9525
65.310 0.2720 0.0942 0.9812
65.354 0.2713 0.0896 0.9544
65.393 0.2730 0.0951 0.9548
65.433 0.2681 0.0987 0.9368
65.474 0.2646 0.0967 0.9756
65.513 0.2582 0.1008 0.9655
65.554 0.2444 0.1016 0.9725
65.594 0.2431 0.0986 0.9610
65.634 0.2385 0.0955 0.9577
65.674 0.2299 0.0933 0.9739
65.714 0.2236 0.0927 0.9360
65.753 0.2143 0.0943 0.9552
65.795 0.2036 0.0935 0.9988
65.835 0.2043 0.0894 0.9788
65.875 0.2026 0.0904 0.9740
65.915 0.2097 0.0915 0.9531
65.953 0.2140 0.0937 0.9545
65.997 0.2203 0.0944 0.9601
66.037 0.2250 0.0924 0.9347
66.077 0.2299 0.0939 0.9616
66.116 0.2359 0.0940 0.9520
66.153 0.2405 0.0911 0.9818
66.197 0.2455 0.0963 0.9686
66.237 0.2524 0.0963 0.9678
66.277 0.2611 0.0929 0.9689
66.317 0.2628 0.0936 0.9194
66.357 0.2622 0.0915 0.9747
66.398 0.2580 0.0926 0.9682
66.438 0.2570 0.0929 0.9712
66.478 0.2558 0.0923 0.9599
66.518 0.2565 0.0915 0.9655
66.557 0.2581 0.0878 0.9435
66.597 0.2556 0.0886 0.9336
66.638 0.2567 0.0919 0.9683
66.678 0.2580 0.0906 0.9141
66.718 0.2553 0.0893 0.9407
66.758 0.2537 0.0865 0.9394
66.796 0.2498 0.0865 0.9563
66.840 0.2459 0.0890 0.9615
66.879 0.2458 0.0890 0.9283
66.919 0.2460 0.0876 0.9749
66.959 0.2422 0.0866 0.9355
66.997 0.2407 0.0850 0.9538
67.040 0.2371 0.0862 0.9426
67.081 0.2341 0.0870 0.9354
67.121 0.2355 0.0865 0.9553
67.161 0.2356 0.0879 0.9370
67.201 0.2362 0.0858 0.9537
67.241 0.2357 0.0882 0.9574
67.281 0.2406 0.0919 0.9586
67.322 0.2483 0.0906 0.9745
67.362 0.2541 0.0911 0.9796
67.401 0.2570 0.0915 0.9595
67.440 0.2620 0.0892 0.9639
67.482 0.2676 0.0902 0.9596
67.522 0.2765 0.0927 0.9751
67.562 0.2790 0.0925 0.9848
67.602 0.2751 0.0890 0.9768
67.639 0.2768 0.0872 0.9391
67.683 0.2785 0.0893 0.9636
67.723 0.2824 0.0912 0.9622
67.787 0.2774 0.0916 0.9547
67.843 0.2670 0.0935 0.9532
67.880 0.2620 0.0917 0.9812
67.924 0.2570 0.0898 0.9944
67.964 0.2498 0.0907 0.9506
68.004 0.2338 0.0876 0.9457
68.043 0.2168 0.0897 0.9220
68.083 0.2081 0.0869 0.9208
68.124 0.1871 0.0873 0.9562
68.165 0.1673 0.0897 0.9314
68.205 0.1398 0.0929 0.9429
68.245 0.1121 0.0931 0.9402
68.285 0.0828 0.0916 0.9568
68.324 0.0649 0.0925 0.9876
68.365 0.0457 0.0907 0.9901
68.406 0.0268 0.0931 0.9738
68.446 0.0188 0.0930 0.9620
68.485 0.0226 0.0911 0.9631
68.523 0.0228 0.0892 0.9631
68.567 0.0244 0.0911 0.9631
68.607 0.0171 0.0919 0.9644
68.647 0.0227 0.0933 0.9432
68.686 0.0346 0.0901 0.9644
68.723 0.0509 0.0928 0.9558
68.768 0.0628 0.0906 0.9552
68.807 0.0700 0.0918 0.9675
68.847 0.0762 0.0929 0.9612
68.887 0.0863 0.0933 0.9608
68.927 0.0959 0.0944 0.9649
68.968 0.0986 0.0940 0.9559
69.008 0.0977 0.0920 0.9028
69.048 0.0944 0.0912 0.9277
69.088 0.0945 0.0946 0.9277
69.127 0.0936 0.0967 0.9588
69.167 0.0947 0.0909 0.9405
69.208 0.0971 0.0930 0.9095
69.249 0.1011 0.0917 0.9228
69.290 0.1035 0.0914 0.9696
69.329 0.1085 0.0948 0.9745
69.366 0.1079 0.0911 0.9155
69.411 0.1099 0.0931 0.9002
69.450 0.1173 0.0911 0.9157
69.490 0.1221 0.0943 0.8816
69.530 0.1267 0.0949 0.9419
69.567 0.1314 0.0943 0.9146
69.611 0.1343 0.0929 0.8820
69.651 0.1386 0.0952 0.9026
69.691 0.1408 0.0924 0.8904
69.731 0.1503 0.0933 0.8846
69.771 0.1601 0.0936 0.9002
69.812 0.1648 0.0914 0.9198
69.851 0.1729 0.0904 0.9164
69.892 0.1819 0.0878 0.9207
69.931 0.1876 0.0883 0.9212
69.971 0.1927 0.0907 0.9541
70.010 0.1965 0.0909 0.9508
70.052 0.2017 0.0865 0.9572
70.092 0.2109 0.0856 0.9376
70.132 0.2162 0.0841 0.9779
70.172 0.2261 0.0834 0.9572
70.209 0.2265 0.0825 0.9502
70.253 0.2243 0.0823 0.9266
70.293 0.2289 0.0821 0.9486
70.333 0.2372 0.0827 0.9534
70.373 0.2414 0.0802 0.9667
70.411 0.2450 0.0814 0.9618
70.455 0.2465 0.0841 0.9720
70.494 0.2523 0.0830 0.9688
70.535 0.2541 0.0825 0.9573
70.574 0.2542 0.0815 0.9666
70.614 0.2508 0.0746 0.9347
70.655 0.2485 0.0755 0.9391
70.695 0.2471 0.0749 0.9630
70.735 0.2457 0.0740 0.9679
70.775 0.2380 0.0732 0.9121
70.814 0.2400 0.0800 0.9347
70.861 0.2341 0.0808 0.9375
70.895 0.2305 0.0800 0.9390
70.936 0.2302 0.0767 0.9529
70.976 0.2273 0.0793 0.9697
71.036 0.2265 0.0770 0.9357
71.052 0.2244 0.0754 0.9633
71.096 0.2319 0.0798 0.9254
71.136 0.2334 0.0790 0.9352
71.176 0.2378 0.0753 0.9402
71.216 0.2406 0.0747 0.9418
71.253 0.2456 0.0740 0.9453
71.297 0.2466 0.0764 0.9448
71.337 0.2454 0.0764 0.9666
71.377 0.2494 0.0758 0.9180
71.417 0.2497 0.0756 0.9233
71.457 0.2563 0.0745 0.9570
71.498 0.2586 0.0757 0.9724
71.538 0.2694 0.0749 0.9441
71.579 0.2703 0.0769 0.9831
71.618 0.2707 0.0764 0.9667
71.658 0.2679 0.0746 0.9352
71.698 0.2648 0.0754 0.9189
71.739 0.2651 0.0772 0.9465
71.779 0.2601 0.0775 0.9590
71.819 0.2575 0.0747 0.9496
71.859 0.2495 0.0774 0.9619
71.896 0.2424 0.0770 0.9249
71.940 0.2337 0.0778 0.9233
71.980 0.2273 0.0787 0.9191
72.020 0.2161 0.0790 0.9554
72.060 0.2031 0.0804 0.9327
72.096 0.1931 0.0770 0.8744
72.141 0.1904 0.0729 0.9593
72.181 0.1899 0.0743 0.9332
72.221 0.1872 0.0772 0.9043
72.261 0.1837 0.0772 0.9055
72.300 0.1782 0.0783 0.8880
72.341 0.1793 0.0782 0.9069
72.381 0.1845 0.0789 0.9161
72.421 0.1865 0.0807 0.8963
72.461 0.1876 0.0825 0.9349
72.501 0.1898 0.0790 0.9362
72.540 0.1963 0.0780 0.9139
72.582 0.2037 0.0775 0.9258
72.623 0.2057 0.0800 0.8995
72.663 0.2069 0.0798 0.9306
72.702 0.2107 0.0811 0.9142
72.740 0.2153 0.0759 0.9192
72.784 0.2242 0.0807 0.9193
72.824 0.2329 0.0758 0.9396
72.863 0.2382 0.0824 0.8842
72.903 0.2427 0.0781 0.9192
72.941 0.2496 0.0791 0.9525
72.984 0.2519 0.0752 0.9298
73.024 0.2572 0.0726 0.9339
73.064 0.2639 0.0712 0.9483
73.104 0.2656 0.0712 0.9367
73.144 0.2670 0.0714 0.9499
73.185 0.2632 0.0707 0.9673
73.225 0.2630 0.0691 0.9782
73.265 0.2664 0.0678 0.9454
73.305 0.2628 0.0690 0.9633
73.344 0.2569 0.0719 0.9543
73.384 0.2494 0.0679 0.9487
73.425 0.2388 0.0680 0.9382
73.466 0.2364 0.0664 0.9587
73.505 0.2320 0.0675 0.9561
73.545 0.2253 0.0707 0.9501
73.582 0.2203 0.0703 0.9532
73.627 0.2216 0.0696 0.9406
73.666 0.2248 0.0700 0.9454
73.707 0.2287 0.0654 0.9474
73.747 0.2267 0.0678 0.9573
73.784 0.2307 0.0679 0.9520
73.828 0.2373 0.0664 0.9167
73.868 0.2437 0.0686 0.9328
73.908 0.2563 0.0687 0.9672
73.948 0.2655 0.0682 0.9376
73.988 0.2686 0.0679 0.9326
74.028 0.2715 0.0689 0.9367
74.068 0.2761 0.0708 0.9498
74.109 0.2734 0.0696 0.9714
74.148 0.2716 0.0680 0.9286
74.188 0.2680 0.0704 0.9682
74.227 0.2611 0.0709 0.9460
74.269 0.2565 0.0685 0.9226
74.309 0.2477 0.0689 0.8948
74.349 0.2422 0.0679 0.9354
74.389 0.2314 0.0699 0.9108
74.426 0.2215 0.0692 0.9405
74.470 0.2129 0.0699 0.9059
74.510 0.2062 0.0720 0.9042
74.550 0.1959 0.0698 0.9060
74.589 0.1913 0.0697 0.9140
74.626 0.1932 0.0730 0.9173
74.671 0.1874 0.0736 0.9073
74.710 0.1912 0.0724 0.9227
74.750 0.1952 0.0694 0.9242
74.790 0.1943 0.0681 0.9362
74.831 0.1922 0.0689 0.9313
74.872 0.1953 0.0708 0.9328
74.912 0.1946 0.0738 0.9444
74.952 0.1962 0.0708 0.9485
74.992 0.1979 0.0684 0.9225
75.031 0.2014 0.0710 0.9341
75.071 0.2035 0.0710 0.9241
75.112 0.2036 0.0775 0.9492
75.153 0.2024 0.0724 0.9279
75.193 0.2040 0.0751 0.9093
75.232 0.1973 0.0752 0.8987
75.270 0.1937 0.0740 0.9152
75.314 0.1972 0.0752 0.9260
75.353 0.1942 0.0754 0.9050
75.393 0.1931 0.0753 0.9350
75.433 0.1941 0.0758 0.9048
75.470 0.1937 0.0776 0.9107
75.514 0.1932 0.0769 0.8709
75.553 0.1947 0.0780 0.9499
75.594 0.1923 0.0793 0.9396
75.634 0.1933 0.0773 0.9023
75.674 0.1972 0.0781 0.9269
75.715 0.2061 0.0739 0.9053
75.754 0.2164 0.0756 0.9103
75.795 0.2217 0.0765 0.9489
75.835 0.2298 0.0740 0.8915
75.874 0.2346 0.0743 0.8797
75.915 0.2358 0.0740 0.9128
75.956 0.2435 0.0734 0.9389
75.996 0.2436 0.0741 0.9146
76.036 0.2452 0.0734 0.9146
76.076 0.2482 0.0720 0.9332
76.113 0.2496 0.0732 0.8936
76.157 0.2478 0.0727 0.9119
76.197 0.2459 0.0726 0.9411
76.237 0.2362 0.0718 0.8986
76.277 0.2282 0.0713 0.9256
76.314 0.2230 0.0711 0.9442
76.358 0.2189 0.0717 0.9096
76.397 0.2229 0.0702 0.9106
76.438 0.2173 0.0727 0.9419
76.477 0.2174 0.0734 0.9205
76.517 0.2157 0.0716 0.9363
76.558 0.2125 0.0697 0.9252
76.598 0.2166 0.0700 0.9257
76.638 0.2193 0.0714 0.9268
76.678 0.2170 0.0740 0.9233
76.718 0.2150 0.0715 0.9393
76.757 0.2128 0.0703 0.9481
76.799 0.2136 0.0696 0.8983
76.839 0.2152 0.0700 0.9361
76.879 0.2122 0.0752 0.8911
76.918 0.2109 0.0771 0.9099
76.957 0.2057 0.0738 0.8817
77.000 0.2051 0.0733 0.9281
77.040 0.2079 0.0723 0.9373
77.081 0.2049 0.0745 0.9248
77.120 0.1975 0.0777 0.9193
77.157 0.1951 0.0755 0.9086
77.202 0.1910 0.0729 0.9634
77.241 0.1954 0.0731 0.9043
77.281 0.1961 0.0731 0.9355
77.321 0.1905 0.0735 0.9205
77.361 0.1867 0.0724 0.9532
77.402 0.1764 0.0696 0.9298
77.442 0.1712 0.0728 0.9350
77.482 0.1658 0.0733 0.8958
77.522 0.1635 0.0696 0.9225
77.561 0.1563 0.0706 0.9274
77.601 0.1488 0.0722 0.8875
77.642 0.1387 0.0723 0.8950
77.683 0.1353 0.0702 0.8939
77.723 0.1323 0.0645 0.9361
77.762 0.1260 0.0686 0.9333
77.799 0.1221 0.0711 0.9463
77.844 0.1172 0.0701 0.9590
77.883 0.1153 0.0662 0.9100
77.923 0.1139 0.0667 0.9050
77.963 0.1132 0.0660 0.9316
78.000 0.1077 0.0712 0.9315
78.044 0.0953 0.0715 0.9333
78.084 0.0959 0.0701 0.9019
78.124 0.0981 0.0677 0.9014
78.165 0.0949 0.0720 0.9337
78.205 0.0872 0.0688 0.9245
78.245 0.0819 0.0708 0.9147
78.285 0.0816 0.0701 0.9147
78.326 0.0784 0.0695 0.9337
78.365 0.0731 0.0702 0.9408
78.405 0.0688 0.0689 0.9337
78.444 0.0642 0.0720 0.9333
78.486 0.0551 0.0685 0.9287
78.526 0.0508 0.0695 0.9218
78.566 0.0479 0.0677 0.9538
78.606 0.0458 0.0679 0.9538
78.644 0.0446 0.0687 0.9414
78.687 0.0411 0.0733 0.9524
78.727 0.0387 0.0697 0.9687
78.767 0.0305 0.0671 0.9274
78.806 0.0260 0.0674 0.9274
78.843 0.0232 0.0671 0.9466
78.888 0.0286 0.0710 0.9442
78.927 0.0253 0.0675 0.9476
78.968 0.0259 0.0681 0.9432
79.007 0.0238 0.0675 0.9420
79.047 0.0227 0.0662 0.9524
79.088 0.0228 0.0677 0.9441
79.128 0.0184 0.0723 0.9430
79.168 0.0160 0.0703 0.9394
79.208 0.0139 0.0674 0.9394
79.249 0.0159 0.0655 0.9488
79.288 0.0122 0.0660 0.9524
79.330 0.0121 0.0696 0.9488
79.370 0.0052 0.0711 0.9430
79.410 0.0051 0.0691 0.9438
79.449 0.0048 0.0655 0.9344
79.487 0.0044 0.0679 0.9488
79.531 0.0075 0.0674 0.9544
79.570 0.0059 0.0691 0.9438
79.610 0.0074 0.0687 0.9514
79.650 0.0072 0.0663 0.9434
79.687 0.0070 0.0665 0.9474
79.732 0.0067 0.0672 0.9344
79.771 0.0061 0.0702 0.9684
79.811 0.0055 0.0690 0.9544
79.851 0.0086 0.0677 0.9438
79.891 0.0084 0.0674 0.9438
79.932 0.0066 0.0672 0.9597
79.972 0.0081 0.0696 0.9488
80.012 0.0056 0.0719 0.9771
80.052 0.0060 0.0699 0.9642
80.091 0.0066 0.0674 0.9524
80.131 0.0066 0.0651 0.9294
80.172 0.0073 0.0669 0.9438
80.212 0.0045 0.0699 0.9438
80.253 0.0066 0.0682 0.9438
80.292 0.0089 0.0662 0.9488
80.330 0.0128 0.0650 0.9647
80.374 0.0174 0.0666 0.9786
80.414 0.0203 0.0669 0.9632
80.454 0.0174 0.0683 0.9632
80.494 0.0177 0.0691 0.9771
80.531 0.0152 0.0670 0.9294
80.575 0.0140 0.0672 0.9597
80.614 0.0122 0.0681 0.9414
80.655 0.0128 0.0697 0.9438
80.695 0.0144 0.0688 0.9438
80.735 0.0111 0.0687 0.9673
80.775 0.0044 0.0673 0.9617
80.815 0.0081 0.0667 0.9438
80.855 0.0112 0.0711 0.9786
80.895 0.0087 0.0704 0.9438
80.935 0.0073 0.0724 0.9649
80.974 0.0117 0.0683 0.9638
81.016 0.0083 0.0661 0.9360
81.056 0.0072 0.0656 0.9664
81.096 0.0065 0.0718 0.9516
81.136 0.0071 0.0718 0.9516
81.173 0.0112 0.0676 0.9561
81.217 0.0136 0.0697 0.9516
81.257 0.0141 0.0637 0.9294
81.297 0.0169 0.0688 0.9438
81.336 0.0135 0.0697 0.9438
81.374 0.0125 0.0694 0.9447
81.418 0.0112 0.0662 0.9285
81.457 0.0106 0.0686 0.9500
81.498 0.0165 0.0656 0.9562
81.538 0.0133 0.0694 0.9734
81.578 0.0128 0.0712 0.9562
81.619 0.0121 0.0706 0.9336
81.659 0.0111 0.0684 0.9475
81.699 0.0096 0.0662 0.9475
81.739 0.0119 0.0698 0.9725
81.778 0.0100 0.0724 0.9673
81.818 0.0108 0.0722 0.9388
81.859 0.0088 0.0687 0.9725
81.899 0.0090 0.0697 0.9285
81.940 0.0091 0.0692 0.9257
81.979 0.0046 0.0730 0.9673
82.016 0.0048 0.0714 0.9688
82.061 0.0087 0.0691 0.9232
82.100 0.0061 0.0685 0.9257
82.141 0.0076 0.0681 0.9586
82.180 0.0059 0.0706 0.9294
82.217 0.0121 0.0723 0.9551
82.261 0.0175 0.0723 0.9524
82.301 0.0190 0.0714 0.9462
82.341 0.0266 0.0680 0.9673
82.381 0.0323 0.0652 0.9475
82.421 0.0383 0.0714 0.9294
82.462 0.0462 0.0728 0.9447
82.501 0.0504 0.0716 0.9360
82.542 0.0541 0.0686 0.9488
82.582 0.0606 0.0683 0.9011
82.622 0.0660 0.0700 0.9098
82.662 0.0666 0.0732 0.9338
82.703 0.0662 0.0714 0.9582
82.743 0.0651 0.0686 0.9171
82.783 0.0715 0.0702 0.9171
82.823 0.0728 0.0691 0.9171
82.860 0.0740 0.0696 0.9551
82.904 0.0716 0.0690 0.9171
82.944 0.0638 0.0686 0.9558
82.984 0.0657 0.0644 0.9756
83.024 0.0715 0.0672 0.9337
83.060 0.0731 0.0653 0.9447
83.105 0.0715 0.0724 0.9364
83.145 0.0728 0.0667 0.9596
83.185 0.0711 0.0662 0.9446
83.224 0.0721 0.0644 0.9204
83.265 0.0732 0.0663 0.9341
83.305 0.0739 0.0685 0.9334
83.345 0.0707 0.0695 0.9449
83.385 0.0700 0.0674 0.9181
83.425 0.0772 0.0648 0.9181
83.465 0.0848 0.0659 0.9567
83.504 0.0902 0.0643 0.9491
83.545 0.0957 0.0687 0.9480
83.586 0.0981 0.0670 0.9323
83.626 0.1015 0.0657 0.9323
83.665 0.1062 0.0662 0.9411
83.704 0.1090 0.0663 0.9813
83.748 0.1108 0.0674 0.9279
83.788 0.1111 0.0704 0.9227
83.828 0.1130 0.0682 0.9461
83.867 0.1137 0.0683 0.9587
83.904 0.1143 0.0662 0.9587
83.948 0.1127 0.0670 0.9265
83.988 0.1082 0.0721 0.9541
84.028 0.1014 0.0716 0.9624
84.068 0.0969 0.0723 0.9199
84.108 0.0942 0.0669 0.9343
84.149 0.0880 0.0671 0.9073
84.188 0.0835 0.0699 0.9109
84.229 0.0768 0.0712 0.9395
84.269 0.0748 0.0682 0.9379
84.313 0.0740 0.0662 0.9561
84.348 0.0722 0.0667 0.9463
84.389 0.0702 0.0663 0.9387
84.429 0.0680 0.0714 0.9463
84.469 0.0644 0.0687 0.9387
84.509 0.0662 0.0667 0.9429
84.546 0.0656 0.0644 0.9487
84.591 0.0671 0.0654 0.9203
84.630 0.0685 0.0682 0.9135
84.670 0.0704 0.0681 0.9293
84.710 0.0745 0.0686 0.9733
84.748 0.0751 0.0656 0.9574
84.791 0.0728 0.0686 0.9541
84.832 0.0742 0.0663 0.9402
84.872 0.0777 0.0724 0.9462
84.912 0.0782 0.0681 0.9462
84.952 0.0836 0.0690 0.9369
84.992 0.0823 0.0681 0.9203
85.032 0.0842 0.0655 0.9372
85.073 0.0827 0.0679 0.9405
85.113 0.0843 0.0679 0.9429
85.152 0.0861 0.0682 0.9680
85.191 0.0874 0.0658 0.9609
85.233 0.0907 0.0651 0.9162
85.273 0.0925 0.0651 0.9412
85.313 0.0934 0.0693 0.9322
85.353 0.0922 0.0676 0.9392
85.390 0.0950 0.0676 0.9392
85.434 0.0964 0.0676 0.9526
85.474 0.0977 0.0687 0.9569
85.514 0.1035 0.0731 0.9240
85.554 0.1074 0.0707 0.9490
85.590 0.1093 0.0704 0.9412
85.635 0.1120 0.0705 0.9474
85.674 0.1137 0.0716 0.9573
85.714 0.1169 0.0707 0.8893
85.754 0.1209 0.0725 0.9534
85.794 0.1225 0.0742 0.9440
85.835 0.1229 0.0722 0.9576
85.875 0.1252 0.0713 0.9355
85.915 0.1209 0.0709 0.9265
85.956 0.1225 0.0713 0.9450
85.995 0.1163 0.0730 0.9339
86.035 0.1124 0.0732 0.9231
86.076 0.1169 0.0710 0.9560
86.117 0.1143 0.0733 0.9306
86.157 0.1107 0.0715 0.9418
86.196 0.1098 0.0748 0.9502
86.234 0.1033 0.0748 0.9408
86.278 0.0990 0.0743 0.9139
86.317 0.1027 0.0743 0.9139
86.357 0.1003 0.0716 0.9380
86.397 0.0993 0.0725 0.9575
86.434 0.0988 0.0733 0.9210
86.478 0.0998 0.0718 0.9146
86.518 0.1041 0.0744 0.8998
86.558 0.1067 0.0718 0.9067
86.598 0.1064 0.0727 0.8842
86.638 0.1143 0.0731 0.9157
86.679 0.1179 0.0735 0.9672
86.718 0.1246 0.0746 0.9093
86.759 0.1297 0.0708 0.9325
86.799 0.1329 0.0729 0.9340
86.838 0.1317 0.0725 0.9048
86.878 0.1347 0.0751 0.9360
86.919 0.1360 0.0727 0.8988
86.959 0.1355 0.0719 0.9216
86.999 0.1367 0.0707 0.9376
87.040 0.1313 0.0723 0.9585
87.078 0.1284 0.0746 0.9175
87.121 0.1256 0.0738 0.9069
87.161 0.1219 0.0723 0.9058
87.201 0.1175 0.0710 0.9209
87.241 0.1155 0.0728 0.9479
87.278 0.1051 0.0731 0.9235
87.322 0.1108 0.0726 0.9279
87.362 0.1126 0.0742 0.9128
87.402 0.1099 0.0720 0.9013
87.441 0.1111 0.0758 0.8988
87.481 0.1110 0.0738 0.9318
87.522 0.1070 0.0731 0.9185
87.562 0.1091 0.0741 0.9412
87.602 0.1157 0.0698 0.9322
87.642 0.1165 0.0698 0.9406
87.682 0.1161 0.0672 0.9266
87.721 0.1146 0.0719 0.9206
87.763 0.1247 0.0749 0.9382
87.803 0.1283 0.0710 0.9383
87.843 0.1255 0.0692 0.9348
87.882 0.1292 0.0696 0.9048
87.920 0.1344 0.0701 0.8835
87.964 0.1370 0.0732 0.8808
88.004 0.1449 0.0715 0.9149
88.044 0.1519 0.0723 0.9052
88.083 0.1497 0.0686 0.8963
88.121 0.1473 0.0693 0.9042
88.165 0.1487 0.0739 0.9191
88.205 0.1488 0.0765 0.9182
88.245 0.1519 0.0730 0.9437
88.285 0.1513 0.0716 0.9028
88.325 0.1521 0.0696 0.9305
88.366 0.1509 0.0719 0.9074
88.406 0.1494 0.0717 0.9230
88.446 0.1514 0.0755 0.9253
88.486 0.1575 0.0746 0.9099
88.525 0.1582 0.0728 0.9215
88.565 0.1582 0.0702 0.8955
88.606 0.1640 0.0725 0.9023
88.647 0.1688 0.0734 0.9033
88.687 0.1725 0.0743 0.9186
88.726 0.1720 0.0686 0.9388
88.763 0.1673 0.0688 0.9201
88.808 0.1635 0.0712 0.9290
88.847 0.1623 0.0752 0.9306
88.887 0.1604 0.0720 0.9367
88.927 0.1579 0.0695 0.9319
88.964 0.1487 0.0691 0.9419
89.008 0.1393 0.0697 0.9392
89.048 0.1337 0.0719 0.9216
89.087 0.1247 0.0721 0.9051
89.128 0.1189 0.0697 0.9076
89.168 0.1143 0.0696 0.8827
89.208 0.1072 0.0648 0.9377
89.250 0.1087 0.0727 0.9295
89.290 0.1047 0.0730 0.9249
89.329 0.1109 0.0705 0.9472
89.369 0.1120 0.0681 0.9342
89.408 0.1076 0.0700 0.9409
89.450 0.1121 0.0645 0.8919
89.490 0.1166 0.0679 0.8919
89.530 0.1202 0.0687 0.9073
89.570 0.1269 0.0696 0.9228
89.607 0.1290 0.0693 0.9089
89.651 0.1331 0.0688 0.9011
89.691 0.1373 0.0676 0.9089
89.731 0.1414 0.0710 0.9232
89.771 0.1491 0.0669 0.9259
89.808 0.1481 0.0661 0.9137
89.852 0.1456 0.0687 0.8759
89.891 0.1523 0.0670 0.9141
89.932 0.1594 0.0691 0.9038
89.971 0.1574 0.0692 0.8992
90.011 0.1571 0.0706 0.8703
90.052 0.1560 0.0680 0.9131
90.092 0.1572 0.0636 0.8896
90.132 0.1575 0.0669 0.9320
90.172 0.1607 0.0688 0.9070
90.211 0.1580 0.0707 0.9020
90.251 0.1565 0.0703 0.9254
90.292 0.1553 0.0659 0.9505
90.333 0.1569 0.0629 0.9040
90.374 0.1626 0.0674 0.9097
90.413 0.1582 0.0677 0.9316
90.451 0.1569 0.0660 0.9177
90.495 0.1553 0.0653 0.9174
90.534 0.1529 0.0656 0.9419
90.575 0.1535 0.0643 0.9227
90.614 0.1492 0.0650 0.9562
90.652 0.1428 0.0660 0.8963
90.695 0.1428 0.0659 0.9287
90.735 0.1413 0.0653 0.9437
90.775 0.1395 0.0639 0.8976
90.815 0.1436 0.0665 0.9347
90.855 0.1404 0.0654 0.9241
90.896 0.1405 0.0679 0.9449
90.935 0.1339 0.0638 0.9487
90.976 0.1335 0.0648 0.8944
91.016 0.1356 0.0668 0.8963
91.055 0.1329 0.0679 0.9500
91.095 0.1327 0.0689 0.9338
91.136 0.1378 0.0656 0.9451
91.176 0.1340 0.0643 0.9024
91.216 0.1343 0.0635 0.9294
91.256 0.1403 0.0659 0.9092
91.294 0.1328 0.0659 0.9382
91.337 0.1314 0.0659 0.9382
91.377 0.1285 0.0647 0.9364
91.417 0.1341 0.0636 0.9364
91.457 0.1377 0.0673 0.9119
91.495 0.1354 0.0651 0.9324
91.539 0.1337 0.0691 0.9482
91.579 0.1287 0.0719 0.9301
91.619 0.1238 0.0677 0.9335
91.659 0.1272 0.0683 0.9630
91.699 0.1308 0.0700 0.9745
91.739 0.1249 0.0710 0.9333
91.779 0.1279 0.0701 0.8974
91.819 0.1292 0.0699 0.9063
91.859 0.1325 0.0688 0.9323
91.898 0.1359 0.0686 0.9151
91.938 0.1319 0.0682 0.9248
91.979 0.1334 0.0720 0.9403
92.020 0.1332 0.0698 0.9201
92.060 0.1367 0.0688 0.9400
92.100 0.1417 0.0692 0.9171
92.137 0.1441 0.0703 0.9002
92.181 0.1468 0.0721 0.9109
92.221 0.1505 0.0713 0.9288
92.261 0.1518 0.0708 0.8802
92.300 0.1543 0.0700 0.8775
92.337 0.1587 0.0703 0.9028
92.381 0.1527 0.0749 0.9323
92.421 0.1555 0.0726 0.9230
92.462 0.1585 0.0730 0.9202
92.501 0.1654 0.0695 0.9095
92.541 0.1777 0.0703 0.8834
92.582 0.1859 0.0728 0.9115
92.623 0.1952 0.0733 0.8922
92.663 0.1982 0.0733 0.8972
92.703 0.2004 0.0719 0.8922
92.742 0.2045 0.0714 0.9424
92.782 0.2084 0.0689 0.9034
92.823 0.2053 0.0743 0.9147
92.863 0.2067 0.0730 0.8927
92.904 0.2069 0.0725 0.8738
92.943 0.2070 0.0694 0.9325
92.980 0.2017 0.0667 0.9376
93.025 0.1950 0.0718 0.9343
93.064 0.1897 0.0725 0.9109
93.104 0.1816 0.0674 0.9374
93.144 0.1769 0.0693 0.9282
93.181 0.1691 0.0670 0.9254
93.225 0.1640 0.0705 0.8978
93.265 0.1626 0.0707 0.9159
93.305 0.1601 0.0687 0.9420
93.345 0.1552 0.0688 0.9295
93.385 0.1549 0.0680 0.9593
93.426 0.1511 0.0675 0.9429
93.465 0.1554 0.0691 0.9670
93.506 0.1573 0.0685 0.9189
93.546 0.1534 0.0696 0.9705
93.585 0.1514 0.0706 0.9343
93.624 0.1478 0.0683 0.9249
93.666 0.1519 0.0719 0.9311
93.707 0.1584 0.0724 0.9102
93.747 0.1587 0.0739 0.9187
93.787 0.1641 0.0725 0.9150
93.824 0.1697 0.0722 0.9231
93.868 0.1715 0.0722 0.9179
93.908 0.1754 0.0716 0.9493
93.948 0.1771 0.0724 0.9378
93.988 0.1753 0.0730 0.8999
94.025 0.1786 0.0706 0.9159
94.069 0.1867 0.0730 0.9331
94.108 0.1958 0.0735 0.8922
94.149 0.2013 0.0733 0.8957
94.188 0.2015 0.0727 0.9246
94.228 0.2034 0.0717 0.9455
94.269 0.1980 0.0673 0.9118
94.309 0.1978 0.0670 0.9129
94.349 0.1999 0.0664 0.9159
94.389 0.2015 0.0708 0.8969
94.428 0.1981 0.0695 0.9509
94.468 0.1899 0.0680 0.9469
94.509 0.1894 0.0701 0.9295
94.550 0.1842 0.0681 0.9217
94.589 0.1805 0.0707 0.9153
94.629 0.1753 0.0707 0.9125
94.667 0.1672 0.0706 0.9128
94.711 0.1592 0.0687 0.9477
94.750 0.1595 0.0679 0.9172
94.791 0.1567 0.0684 0.9145
94.831 0.1543 0.0698 0.9360
94.868 0.1482 0.0702 0.9395
94.912 0.1390 0.0677 0.9310
94.952 0.1422 0.0678 0.9409
94.992 0.1406 0.0660 0.8877
95.032 0.1428 0.0688 0.9175
95.072 0.1378 0.0707 0.9409
95.113 0.1316 0.0690 0.9027
95.153 0.1322 0.0653 0.8935
95.193 0.1376 0.0663 0.8895
95.233 0.1431 0.0672 0.8902
95.272 0.1456 0.0688 0.8987
95.312 0.1445 0.0713 0.8737
95.353 0.1435 0.0724 0.9182
95.393 0.1450 0.0697 0.9095
95.433 0.1521 0.0705 0.9452
95.473 0.1603 0.0658 0.9335
95.510 0.1590 0.0694 0.9261
95.554 0.1634 0.0672 0.9011
95.594 0.1667 0.0646 0.8913
95.634 0.1755 0.0647 0.8895
95.674 0.1811 0.0677 0.8987
95.711 0.1781 0.0717 0.9467
95.755 0.1776 0.0716 0.9257
95.794 0.1717 0.0679 0.9063
95.835 0.1728 0.0678 0.9180
95.875 0.1803 0.0674 0.9339
95.915 0.1817 0.0691 0.9354
95.956 0.1752 0.0700 0.8892
95.996 0.1744 0.0706 0.8867
96.036 0.1718 0.0706 0.9213
96.076 0.1769 0.0683 0.9023
96.116 0.1800 0.0709 0.9027
96.156 0.1733 0.0709 0.9271
96.197 0.1695 0.0692 0.9216
96.237 0.1674 0.0717 0.9101
96.277 0.1666 0.0689 0.8971
96.317 0.1710 0.0717 0.9139
96.354 0.1721 0.0720 0.9141
96.398 0.1695 0.0710 0.9687
96.438 0.1696 0.0704 0.9499
96.478 0.1723 0.0694 0.9396
96.517 0.1728 0.0695 0.9082
96.554 0.1675 0.0707 0.9205
96.599 0.1554 0.0721 0.9249
96.638 0.1585 0.0680 0.9352
96.679 0.1612 0.0692 0.9565
96.718 0.1553 0.0681 0.9253
96.758 0.1530 0.0690 0.9559
96.799 0.1559 0.0682 0.9203
96.839 0.1469 0.0698 0.9552
96.879 0.1476 0.0679 0.9412
96.919 0.1486 0.0672 0.8866
96.958 0.1466 0.0669 0.8869
96.999 0.1411 0.0683 0.8781
97.040 0.1387 0.0694 0.9551
97.081 0.1401 0.0722 0.9332
97.121 0.1336 0.0705 0.9639
97.160 0.1262 0.0682 0.9388
97.198 0.1279 0.0695 0.9631
97.242 0.1340 0.0747 0.9450
97.281 0.1314 0.0746 0.9410
97.322 0.1355 0.0705 0.9296
97.361 0.1344 0.0703 0.9296
97.398 0.1331 0.0707 0.9012
97.442 0.1335 0.0731 0.9407
97.482 0.1377 0.0748 0.9384
97.522 0.1448 0.0745 0.9363
97.562 0.1492 0.0742 0.9367
97.602 0.1500 0.0716 0.8999
97.643 0.1549 0.0734 0.9253
97.682 0.1528 0.0751 0.9266
97.723 0.1544 0.0728 0.9050
97.763 0.1563 0.0726 0.9277
97.802 0.1546 0.0732 0.9329
97.842 0.1541 0.0715 0.9167
97.883 0.1527 0.0732 0.9593
97.924 0.1484 0.0757 0.9294
97.963 0.1507 0.0757 0.9553
98.003 0.1478 0.0761 0.9541
98.040 0.1453 0.0721 0.9541
98.085 0.1429 0.0744 0.9129
98.124 0.1411 0.0764 0.9269
98.165 0.1427 0.0739 0.9338
98.204 0.1414 0.0730 0.9448
98.241 0.1391 0.0716 0.9468
98.286 0.1429 0.0719 0.9143
98.326 0.1480 0.0706 0.9267
98.366 0.1548 0.0729 0.9267
98.406 0.1679 0.0700 0.9091
98.446 0.1701 0.0708 0.8991
98.486 0.1717 0.0730 0.9067
98.526 0.1721 0.0706 0.9033
98.566 0.1723 0.0714 0.9467
98.606 0.1760 0.0708 0.8836
98.646 0.1745 0.0722 0.9399
98.685 0.1724 0.0698 0.9301
98.726 0.1732 0.0706 0.8739
98.767 0.1669 0.0714 0.9159
98.807 0.1610 0.0730 0.8813
98.846 0.1587 0.0706 0.8965
98.884 0.1471 0.0691 0.9202
98.928 0.1368 0.0685 0.8965
98.968 0.1336 0.0685 0.9139
99.008 0.1256 0.0710 0.9117
99.047 0.1218 0.0695 0.8905
99.085 0.1153 0.0683 0.8805
99.128 0.1121 0.0670 0.9381
99.168 0.1123 0.0670 0.9023
99.208 0.1089 0.0670 0.9346
99.249 0.1085 0.0699 0.9076
99.289 0.1083 0.0699 0.9116
99.330 0.0991 0.0672 0.9597
99.369 0.0986 0.0677 0.9386
99.410 0.0975 0.0674 0.9185
99.450 0.0923 0.0670 0.8992
99.489 0.0924 0.0704 0.8742
99.529 0.0907 0.0668 0.9326
99.570 0.0933 0.0657 0.9012
99.611 0.0904 0.0662 0.9474
99.651 0.0869 0.0685 0.9194
99.690 0.0851 0.0700 0.9439
99.727 0.0846 0.0684 0.9305
99.772 0.0829 0.0650 0.9405
99.811 0.0830 0.0671 0.9516
99.851 0.0832 0.0654 0.9560
99.891 0.0867 0.0675 0.9483
99.928 0.0833 0.0703 0.9317
99.972 0.0804 0.0702 0.9532
100.012 0.0865 0.0650 0.9432
100.052 0.0902 0.0697 0.9392
100.092 0.0905 0.0695 0.9133
100.131 0.0967 0.0703 0.9459
100.173 0.1053 0.0703 0.9209
100.212 0.1077 0.0691 0.9209
100.253 0.1083 0.0674 0.9102
100.293 0.1139 0.0706 0.9213
100.332 0.1222 0.0691 0.9247
100.372 0.1193 0.0688 0.9237
100.414 0.1239 0.0692 0.9571
100.454 0.1286 0.0692 0.9381
100.494 0.1275 0.0662 0.9261
100.534 0.1243 0.0691 0.9096
100.572 0.1248 0.0671 0.9211
100.615 0.1254 0.0693 0.9213
100.655 0.1202 0.0686 0.9351
100.695 0.1174 0.0667 0.9078
100.735 0.1162 0.0676 0.9119
100.771 0.1138 0.0705 0.9228
100.816 0.1096 0.0714 0.9060
100.855 0.1042 0.0718 0.9701
100.896 0.1013 0.0673 0.9302
100.935 0.0985 0.0705 0.9043
100.975 0.0971 0.0705 0.9052
101.016 0.0962 0.0715 0.9389
101.056 0.0909 0.0702 0.9122
101.096 0.0869 0.0691 0.9216
101.136 0.0807 0.0682 0.9229
101.175 0.0728 0.0682 0.9357
101.215 0.0676 0.0702 0.9423
101.256 0.0600 0.0694 0.9179
101.297 0.0455 0.0706 0.8879
101.337 0.0394 0.0693 0.9174
101.376 0.0351 0.0684 0.8953
101.415 0.0295 0.0686 0.9439
101.458 0.0243 0.0710 0.9174
101.498 0.0141 0.0690 0.9146
101.538 0.0118 0.0700 0.9131
101.578 0.0081 0.0675 0.9067
101.615 0.0073 0.0690 0.8963
101.659 0.0071 0.0692 0.9067
101.699 0.0068 0.0711 0.9067
101.739 0.0071 0.0707 0.9021
101.778 0.0076 0.0674 0.8849
101.819 0.0078 0.0656 0.8849
101.859 0.0106 0.0677 0.8898
101.899 0.0086 0.0684 0.8933
101.940 0.0097 0.0658 0.8973
101.980 0.0090 0.0657 0.8918
102.019 0.0073 0.0648 0.8912
102.059 0.0060 0.0663 0.8953
102.100 0.0063 0.0654 0.8793
102.140 0.0065 0.0661 0.8953
102.180 0.0081 0.0662 0.8953
102.220 0.0106 0.0686 0.8764
102.257 0.0092 0.0637 0.8953
102.301 0.0126 0.0655 0.8953
102.341 0.0129 0.0661 0.8953
102.381 0.0101 0.0681 0.8953
102.421 0.0092 0.0660 0.8953
102.458 0.0093 0.0645 0.8953
102.502 0.0082 0.0635 0.8953
102.542 0.0098 0.0644 0.8953
102.582 0.0133 0.0683 0.8829
102.622 0.0130 0.0638 0.8973
102.662 0.0139 0.0635 0.8973
102.703 0.0146 0.0657 0.8837
102.743 0.0125 0.0668 0.8752
102.783 0.0129 0.0683 0.8953
102.823 0.0145 0.0673 0.8613
102.862 0.0146 0.0667 0.8593
102.902 0.0161 0.0668 0.8563
102.944 0.0155 0.0685 0.8563
102.984 0.0146 0.0688 0.8659
103.024 0.0154 0.0674 0.8599
103.064 0.0141 0.0663 0.8789
103.101 0.0151 0.0633 0.9048
103.145 0.0157 0.0646 0.8593
103.184 0.0158 0.0665 0.8769
103.225 0.0156 0.0663 0.8913
103.264 0.0189 0.0712 0.8984
103.302 0.0197 0.0701 0.8895
103.345 0.0193 0.0650 0.8949
103.385 0.0195 0.0701 0.8945
103.425 0.0193 0.0681 0.8999
103.465 0.0208 0.0706 0.8866
103.505 0.0220 0.0659 0.8709
103.546 0.0228 0.0686 0.8779
103.586 0.0225 0.0659 0.8543
103.626 0.0217 0.0669 0.8579
103.666 0.0205 0.0711 0.8776
103.706 0.0237 0.0702 0.8886
103.746 0.0232 0.0727 0.8813
103.787 0.0190 0.0665 0.8709
103.828 0.0194 0.0688 0.9062
103.868 0.0203 0.0692 0.9062
103.907 0.0221 0.0706 0.9062
103.944 0.0243 0.0690 0.8949
103.989 0.0196 0.0710 0.8741
104.028 0.0190 0.0666 0.8859
104.068 0.0196 0.0690 0.8899
104.108 0.0200 0.0742 0.8923
104.145 0.0224 0.0696 0.8862
104.189 0.0192 0.0675 0.8712
104.229 0.0164 0.0729 0.8481
104.269 0.0193 0.0698 0.8739
104.309 0.0152 0.0715 0.8939
104.349 0.0155 0.0753 0.8452
104.389 0.0174 0.0727 0.9035
104.429 0.0151 0.0710 0.8620
104.470 0.0167 0.0653 0.8899
104.509 0.0167 0.0686 0.8899
104.549 0.0206 0.0774 0.9073
104.589 0.0222 0.0713 0.8638
104.630 0.0204 0.0719 0.8736
104.670 0.0201 0.0697 0.8493
104.710 0.0194 0.0763 0.8799
104.750 0.0190 0.0772 0.9288
104.788 0.0197 0.0728 0.8889
104.832 0.0213 0.0759 0.8756
104.872 0.0189 0.0735 0.8792
104.912 0.0168 0.0735 0.8832
104.952 0.0151 0.0724 0.9148
104.988 0.0181 0.0699 0.9165
105.033 0.0151 0.0764 0.9179
105.072 0.0150 0.0699 0.8842
105.113 0.0130 0.0690 0.9305
105.152 0.0159 0.0693 0.9305
105.193 0.0161 0.0714 0.9305
105.233 0.0213 0.0722 0.9132
105.273 0.0221 0.0699 0.8873
105.313 0.0197 0.0716 0.9342
105.353 0.0203 0.0697 0.9207
105.392 0.0204 0.0705 0.9506
105.432 0.0224 0.0716 0.9148
105.473 0.0220 0.0714 0.8893
105.514 0.0218 0.0705 0.8889
105.554 0.0194 0.0680 0.9072
105.593 0.0210 0.0699 0.9299
105.631 0.0214 0.0721 0.9215
105.675 0.0162 0.0681 0.9364
105.714 0.0139 0.0700 0.9132
105.755 0.0137 0.0683 0.9265
105.794 0.0132 0.0656 0.9277
105.832 0.0153 0.0729 0.9364
105.875 0.0172 0.0727 0.9560
105.915 0.0171 0.0704 0.9364
105.956 0.0200 0.0696 0.9560
105.996 0.0235 0.0699 0.9215
106.036 0.0258 0.0700 0.9364
106.077 0.0271 0.0676 0.9548
106.117 0.0322 0.0716 0.9584
106.157 0.0344 0.0689 0.9584
106.197 0.0428 0.0672 0.9584
106.236 0.0455 0.0680 0.9007
106.276 0.0512 0.0729 0.9586
106.317 0.0600 0.0715 0.9398
106.357 0.0629 0.0696 0.9558
106.397 0.0718 0.0681 0.9176
106.437 0.0787 0.0673 0.9523
106.474 0.0815 0.0661 0.9546
106.518 0.0916 0.0700 0.8982
106.558 0.0972 0.0688 0.9454
106.598 0.1005 0.0708 0.9463
106.638 0.1039 0.0683 0.9281
106.675 0.0997 0.0699 0.9122
106.719 0.0957 0.0684 0.9117
106.759 0.0895 0.0686 0.9377
106.799 0.0823 0.0674 0.9218
106.839 0.0787 0.0679 0.9620
106.878 0.0737 0.0636 0.9383
106.919 0.0609 0.0659 0.9738
106.959 0.0540 0.0655 0.9447
106.999 0.0431 0.0676 0.9660
107.040 0.0371 0.0676 0.9539
107.079 0.0308 0.0650 0.9302
107.119 0.0310 0.0656 0.9527
107.161 0.0423 0.0661 0.9326
107.201 0.0395 0.0699 0.9275
107.241 0.0394 0.0686 0.9289
107.281 0.0391 0.0677 0.9383
107.318 0.0378 0.0659 0.9499
107.362 0.0324 0.0684 0.9412
107.402 0.0292 0.0708 0.9063
107.442 0.0247 0.0708 0.9063
107.481 0.0275 0.0695 0.9063
107.518 0.0377 0.0693 0.9019
107.562 0.0526 0.0695 0.8997
107.602 0.0714 0.0707 0.9117
107.642 0.0809 0.0688 0.8975
107.682 0.0863 0.0707 0.9186
107.722 0.0907 0.0677 0.8892
107.763 0.0968 0.0695 0.8897
107.803 0.1012 0.0708 0.9146
107.843 0.1039 0.0735 0.9128
107.883 0.0944 0.0727 0.9124
107.922 0.0827 0.0727 0.8902
107.962 0.0775 0.0712 0.8902
108.003 0.0778 0.0706 0.9032
108.044 0.0775 0.0737 0.8876
108.084 0.0784 0.0734 0.9003
108.124 0.0801 0.0736 0.8891
108.161 0.0795 0.0680 0.9139
108.206 0.0847 0.0670 0.9232
108.245 0.0881 0.0718 0.9182
108.285 0.0924 0.0736 0.8982
108.325 0.0930 0.0702 0.9007
108.362 0.0962 0.0694 0.8903
108.406 0.0953 0.0680 0.8903
108.446 0.0949 0.0662 0.9171
108.486 0.0956 0.0689 0.9076
108.526 0.0922 0.0697 0.8816
108.566 0.0912 0.0677 0.9205
108.606 0.0913 0.0636 0.9091
108.646 0.0960 0.0656 0.9100
108.687 0.0976 0.0658 0.8857
108.727 0.1002 0.0691 0.9193
108.766 0.1032 0.0704 0.9123
108.806 0.1058 0.0638 0.8982
108.847 0.1040 0.0660 0.9082
108.887 0.1091 0.0630 0.9137
108.927 0.1117 0.0687 0.9000
108.967 0.1123 0.0722 0.8823
109.004 0.1144 0.0662 0.8947
109.048 0.1185 0.0631 0.9066
109.087 0.1207 0.0651 0.8607
109.128 0.1209 0.0668 0.8816
109.168 0.1198 0.0737 0.8827
109.206 0.1149 0.0730 0.8842
109.249 0.1127 0.0763 0.8769
109.289 0.1036 0.0695 0.9026
109.330 0.1026 0.0722 0.8726
109.369 0.0993 0.0768 0.8827
109.409 0.0950 0.0771 0.9096
109.450 0.0874 0.0748 0.9076
109.490 0.0857 0.0739 0.9198
109.530 0.0776 0.0735 0.9198
109.570 0.0704 0.0744 0.9318
109.610 0.0670 0.0766 0.9240
109.649 0.0615 0.0734 0.9280
109.691 0.0624 0.0747 0.9280
109.731 0.0588 0.0747 0.9030
109.771 0.0611 0.0771 0.8633
109.810 0.0592 0.0756 0.8947
109.847 0.0559 0.0768 0.8956
109.892 0.0530 0.0756 0.8697
109.931 0.0546 0.0738 0.8907
109.972 0.0519 0.0720 0.8631
110.011 0.0516 0.0723 0.8881
110.048 0.0541 0.0749 0.8881
110.092 0.0553 0.0722 0.9284
110.132 0.0560 0.0746 0.9300
110.172 0.0525 0.0702 0.9057
110.212 0.0524 0.0703 0.9057
110.290 0.0529 0.0731 0.9112
110.333 0.0535 0.0716 0.9086
110.373 0.0532 0.0700 0.9146
110.413 0.0512 0.0751 0.8856
110.454 0.0501 0.0721 0.9213
110.493 0.0494 0.0718 0.9425
110.533 0.0480 0.0728 0.8979
110.574 0.0482 0.0736 0.8793
110.615 0.0475 0.0724 0.8947
110.655 0.0552 0.0722 0.8853
110.694 0.0570 0.0728 0.8947
110.732 0.0550 0.0739 0.8853
110.776 0.0572 0.0730 0.9229
110.815 0.0562 0.0732 0.9363
110.855 0.0558 0.0763 0.9375
110.895 0.0553 0.0767 0.9293
110.932 0.0552 0.0770 0.8833
110.976 0.0563 0.0770 0.8875
111.016 0.0593 0.0745 0.9047
111.056 0.0565 0.0751 0.9182
111.096 0.0541 0.0747 0.9220
111.136 0.0508 0.0774 0.9260
111.176 0.0482 0.0754 0.9159
111.216 0.0539 0.0757 0.9209
111.257 0.0605 0.0770 0.9319
111.296 0.0634 0.0716 0.9520
111.336 0.0673 0.0743 0.9520
111.376 0.0738 0.0755 0.9777
111.417 0.0806 0.0750 0.9567
111.457 0.0816 0.0739 0.9297
111.498 0.0800 0.0737 0.9243
111.538 0.0815 0.0763 0.9165
111.575 0.0856 0.0793 0.8923
111.619 0.0851 0.0783 0.9457
111.659 0.0874 0.0755 0.9249
111.699 0.0876 0.0739 0.8973
111.738 0.0808 0.0754 0.8973
111.775 0.0761 0.0754 0.8973
111.820 0.0781 0.0782 0.8982
111.859 0.0787 0.0770 0.9133
111.900 0.0783 0.0787 0.9430
111.939 0.0801 0.0802 0.8991
111.979 0.0835 0.0793 0.9429
112.020 0.0826 0.0818 0.9277
112.060 0.0834 0.0781 0.9560
112.100 0.0879 0.0777 0.9097
112.140 0.0873 0.0809 0.8882
112.179 0.0854 0.0744 0.8653
112.219 0.0833 0.0790 0.8890
112.260 0.0905 0.0839 0.9118
112.301 0.0912 0.0806 0.9209
112.341 0.0921 0.0769 0.9396
112.380 0.0911 0.0786 0.9183
112.418 0.0951 0.0792 0.8771
112.462 0.0980 0.0808 0.9186
112.501 0.1011 0.0787 0.9026
112.542 0.1054 0.0768 0.8939
112.582 0.1029 0.0772 0.9141
112.620 0.1015 0.0779 0.8615
112.663 0.1042 0.0775 0.9050
112.703 0.1097 0.0804 0.8677
112.743 0.1073 0.0795 0.9567
112.783 0.1075 0.0788 0.8721
112.823 0.1016 0.0768 0.8841
112.863 0.1029 0.0791 0.8841
112.903 0.1023 0.0811 0.8841
112.944 0.1016 0.0811 0.8841
112.983 0.0997 0.0817 0.9017
113.023 0.0987 0.0767 0.9273
113.063 0.1038 0.0777 0.8966
113.104 0.1121 0.0807 0.8615
113.144 0.1174 0.0828 0.9177
113.184 0.1169 0.0814 0.9045
113.224 0.1206 0.0821 0.9041
113.262 0.1234 0.0782 0.9067
113.306 0.1323 0.0782 0.9047
113.345 0.1359 0.0811 0.8936
113.385 0.1392 0.0791 0.8864
113.425 0.1385 0.0773 0.8787
113.462 0.1436 0.0761 0.8753
113.506 0.1481 0.0780 0.9023
113.546 0.1547 0.0789 0.8792
113.586 0.1590 0.0770 0.9099
113.625 0.1586 0.0778 0.8942
113.666 0.1616 0.0743 0.8680
113.707 0.1659 0.0790 0.8849
113.747 0.1655 0.0786 0.8750
113.787 0.1659 0.0836 0.9406
113.827 0.1715 0.0804 0.8855
113.867 0.1740 0.0804 0.8854
113.906 0.1726 0.0793 0.9190
113.948 0.1721 0.0772 0.9266
113.988 0.1736 0.0795 0.9332
114.028 0.1704 0.0797 0.9309
114.068 0.1634 0.0797 0.9358
114.105 0.1618 0.0810 0.9157
114.149 0.1606 0.0801 0.9247
114.189 0.1577 0.0785 0.9173
114.229 0.1610 0.0783 0.9173
114.268 0.1589 0.0777 0.9030
114.305 0.1542 0.0769 0.9090
114.349 0.1485 0.0770 0.8853
114.389 0.1475 0.0764 0.8892
114.429 0.1479 0.0772 0.8912
114.469 0.1472 0.0774 0.9244
114.509 0.1441 0.0774 0.9166
114.550 0.1423 0.0791 0.9459
114.590 0.1394 0.0779 0.9425
114.630 0.1397 0.0751 0.8850
114.670 0.1419 0.0787 0.9329
114.709 0.1332 0.0786 0.9329
114.749 0.1302 0.0776 0.9302
114.790 0.1353 0.0765 0.9350
114.832 0.1351 0.0767 0.9289
114.872 0.1393 0.0771 0.9052
114.911 0.1382 0.0800 0.9511
114.948 0.1365 0.0766 0.9301
114.993 0.1352 0.0764 0.9031
115.032 0.1383 0.0764 0.9236
115.072 0.1432 0.0766 0.9142
115.112 0.1472 0.0776 0.9034
115.149 0.1451 0.0799 0.9233
115.193 0.1498 0.0788 0.9187
115.233 0.1536 0.0771 0.9376
115.273 0.1561 0.0799 0.9536
115.313 0.1619 0.0807 0.9291
115.353 0.1618 0.0815 0.9462
115.393 0.1593 0.0836 0.9496
115.433 0.1598 0.0788 0.9412
115.474 0.1622 0.0830 0.9498
115.513 0.1665 0.0763 0.9693
115.553 0.1667 0.0851 0.9712
115.592 0.1609 0.0847 0.9251
115.634 0.1613 0.0828 0.9512
115.674 0.1613 0.0827 0.9513
115.714 0.1635 0.0827 0.9258
115.754 0.1587 0.0847 0.9279
115.791 0.1507 0.0862 0.9089
115.835 0.1490 0.0836 0.9445
115.875 0.1509 0.0821 0.9182
115.915 0.1514 0.0818 0.9548
115.955 0.1530 0.0798 0.9282
115.992 0.1520 0.0825 0.9401
116.037 0.1461 0.0844 0.9521
116.076 0.1457 0.0826 0.9556
116.117 0.1459 0.0821 0.9205
116.156 0.1466 0.0811 0.9195
116.196 0.1419 0.0829 0.9409
116.237 0.1413 0.0823 0.9165
116.277 0.1418 0.0833 0.9159
116.317 0.1403 0.0850 0.9159
116.357 0.1381 0.0830 0.9566
116.396 0.1407 0.0831 0.9379
116.436 0.1402 0.0845 0.9103
116.477 0.1391 0.0851 0.9476
116.518 0.1387 0.0844 0.9342
116.558 0.1415 0.0815 0.9462
116.597 0.1422 0.0806 0.9189
116.635 0.1401 0.0830 0.9470
116.679 0.1403 0.0826 0.9368
116.718 0.1425 0.0850 0.9395
116.759 0.1456 0.0826 0.9091
116.798 0.1445 0.0805 0.9070
116.835 0.1460 0.0779 0.9290
116.879 0.1501 0.0816 0.9514
116.919 0.1526 0.0853 0.9106
116.959 0.1548 0.0826 0.9001
116.999 0.1582 0.0806 0.9166
117.039 0.1581 0.0803 0.9253
117.081 0.1612 0.0819 0.9227
117.120 0.1635 0.0818 0.9281
117.161 0.1708 0.0842 0.9416
117.201 0.1774 0.0790 0.9277
117.240 0.1826 0.0796 0.9157
117.280 0.1887 0.0789 0.9089
117.321 0.1957 0.0797 0.9323
117.361 0.1962 0.0804 0.9057
117.401 0.1988 0.0813 0.9278
117.441 0.1990 0.0797 0.9042
117.478 0.1984 0.0790 0.9099
117.523 0.2054 0.0806 0.8751
117.562 0.2065 0.0825 0.9053
117.602 0.2089 0.0814 0.9367
117.642 0.2056 0.0810 0.9348
117.679 0.2027 0.0830 0.8986
117.723 0.1993 0.0831 0.9012
117.763 0.1948 0.0867 0.9482
117.803 0.1895 0.0856 0.9185
117.843 0.1856 0.0819 0.9022
117.882 0.1812 0.0829 0.8879
117.923 0.1777 0.0814 0.9053
117.963 0.1771 0.0823 0.8931
118.003 0.1709 0.0835 0.8931
118.043 0.1657 0.0824 0.9216
118.083 0.1622 0.0847 0.9152
118.124 0.1615 0.0837 0.9139
118.165 0.1598 0.0823 0.9056
118.205 0.1601 0.0850 0.9140
118.245 0.1632 0.0846 0.9351
118.285 0.1623 0.0826 0.9081
118.322 0.1593 0.0825 0.9266
118.366 0.1592 0.0818 0.8973
118.405 0.1621 0.0854 0.9357
118.446 0.1639 0.0865 0.9529
118.485 0.1652 0.0860 0.9517
118.523 0.1714 0.0847 0.9620
118.567 0.1747 0.0835 0.9277
118.606 0.1803 0.0818 0.9289
118.647 0.1839 0.0833 0.9404
118.686 0.1833 0.0833 0.9680
118.725 0.1824 0.0850 0.9484
118.767 0.1825 0.0846 0.9458
118.807 0.1918 0.0826 0.9458
118.847 0.1962 0.0823 0.9586
118.887 0.1978 0.0858 0.9485
118.926 0.1979 0.0824 0.9260
118.966 0.1962 0.0836 0.9744
119.007 0.1915 0.0832 0.9260
119.048 0.1916 0.0839 0.9336
119.088 0.1864 0.0827 0.9464
119.127 0.1792 0.0838 0.9587
119.165 0.1770 0.0827 0.9441
119.209 0.1764 0.0823 0.9616
119.249 0.1780 0.0823 0.9489
119.290 0.1761 0.0823 0.9431
119.329 0.1766 0.0843 0.9483
119.366 0.1756 0.0841 0.9360
119.410 0.1735 0.0839 0.9186
119.450 0.1780 0.0841 0.9315
119.490 0.1812 0.0847 0.9185
119.530 0.1830 0.0852 0.9185
119.570 0.1800 0.0836 0.9497
119.611 0.1830 0.0848 0.9294
119.650 0.1846 0.0862 0.9105
119.691 0.1827 0.0842 0.9542
119.731 0.1824 0.0870 0.9306
119.770 0.1787 0.0877 0.9505
119.810 0.1694 0.0865 0.9332
119.851 0.1653 0.0849 0.9515
119.891 0.1621 0.0858 0.9345
119.931 0.1596 0.0849 0.9601
119.971 0.1579 0.0866 0.9385
120.008 0.1529 0.0879 0.9100
120.053 0.1547 0.0871 0.9186
120.092 0.1557 0.0854 0.9556
120.132 0.1569 0.0881 0.9543
120.172 0.1585 0.0879 0.9149
120.209 0.1555 0.0887 0.9115
120.253 0.1516 0.0910 0.9093
120.292 0.1559 0.0880 0.9163
120.333 0.1567 0.0916 0.9212
120.373 0.1589 0.0860 0.8911
120.412 0.1591 0.0901 0.9303
120.454 0.1571 0.0917 0.8911
120.494 0.1557 0.0888 0.8943
120.534 0.1515 0.0850 0.9067
120.574 0.1472 0.0843 0.8929
120.614 0.1395 0.0837 0.9103
120.653 0.1330 0.0827 0.9402
120.694 0.1311 0.0858 0.9002
120.735 0.1262 0.0838 0.9093
120.775 0.1208 0.0802 0.9328
120.814 0.1186 0.0810 0.9118
120.852 0.1164 0.0817 0.9366
120.896 0.1089 0.0813 0.9262
120.936 0.1019 0.0836 0.9332
120.976 0.0979 0.0796 0.9010
121.015 0.0944 0.0790 0.8986
121.052 0.0870 0.0821 0.8632
121.096 0.0789 0.0857 0.9092
121.136 0.0731 0.0838 0.9269
121.176 0.0661 0.0842 0.9092
121.216 0.0621 0.0812 0.8986
121.255 0.0575 0.0806 0.9102
121.297 0.0489 0.0857 0.9080
121.336 0.0399 0.0845 0.9102
121.377 0.0340 0.0843 0.9102
121.417 0.0273 0.0832 0.9220
121.457 0.0204 0.0820 0.9170
121.497 0.0149 0.0843 0.9220
121.538 0.0144 0.0831 0.9170
121.578 0.0162 0.0824 0.9170
121.618 0.0151 0.0845 0.9092
121.658 0.0150 0.0811 0.8842
121.695 0.0132 0.0801 0.8970
121.739 0.0118 0.0836 0.8970
121.779 0.0121 0.0846 0.9220
121.819 0.0139 0.0853 0.9092
121.859 0.0118 0.0843 0.8842
121.896 0.0129 0.0821 0.8970
121.940 0.0127 0.0831 0.8842
121.980 0.0133 0.0821 0.9286
122.020 0.0127 0.0846 0.8842
122.060 0.0125 0.0834 0.8882
122.099 0.0119 0.0811 0.8842
122.140 0.0082 0.0811 0.8842
122.180 0.0061 0.0830 0.8882
122.220 0.0056 0.0811 0.8842
122.260 0.0039 0.0823 0.8842
122.300 0.0042 0.0811 0.8882
122.339 0.0041 0.0841 0.8882
122.381 0.0072 0.0814 0.9067
122.421 0.0079 0.0848 0.9220
122.461 0.0076 0.0843 0.8920
122.501 0.0073 0.0842 0.9092
122.539 0.0079 0.0823 0.8842
122.582 0.0056 0.0823 0.8842
122.623 0.0050 0.0847 0.8842
122.663 0.0053 0.0836 0.9092
122.702 0.0066 0.0833 0.8842
122.740 0.0092 0.0833 0.8842
122.784 0.0103 0.0798 0.8842
122.823 0.0119 0.0836 0.8836
122.864 0.0120 0.0848 0.8803
122.903 0.0147 0.0823 0.8842
122.943 0.0155 0.0819 0.8842
122.984 0.0153 0.0798 0.8882
123.024 0.0147 0.0833 0.8573
123.064 0.0110 0.0833 0.8626
123.104 0.0118 0.0811 0.8842
123.143 0.0136 0.0820 0.8573
123.183 0.0108 0.0828 0.8626
123.224 0.0112 0.0811 0.8573
123.265 0.0122 0.0824 0.8573
123.305 0.0112 0.0857 0.8585
123.344 0.0106 0.0857 0.8585
123.382 0.0082 0.0831 0.8533
123.426 0.0135 0.0828 0.8619
123.465 0.0172 0.0834 0.8533
123.506 0.0223 0.0831 0.8533
123.545 0.0274 0.0831 0.8533
123.582 0.0307 0.0828 0.8607
123.626 0.0356 0.0831 0.8533
123.666 0.0390 0.0828 0.8607
123.707 0.0445 0.0884 0.8744
123.747 0.0425 0.0841 0.8672
123.786 0.0445 0.0835 0.8516
123.828 0.0445 0.0806 0.8516
123.867 0.0438 0.0806 0.8566
123.908 0.0407 0.0808 0.8736
123.948 0.0370 0.0819 0.9026
123.987 0.0339 0.0812 0.8935
124.027 0.0298 0.0812 0.8906
124.068 0.0278 0.0807 0.8726
124.108 0.0242 0.0798 0.8686
124.148 0.0197 0.0800 0.8622
124.188 0.0182 0.0815 0.8970
124.226 0.0177 0.0798 0.8701
124.269 0.0194 0.0810 0.8726
124.309 0.0220 0.0814 0.8776
124.349 0.0226 0.0785 0.8726
124.389 0.0274 0.0807 0.8726
124.426 0.0306 0.0805 0.8726
124.470 0.0319 0.0797 0.8726
124.510 0.0361 0.0799 0.8736
124.550 0.0370 0.0790 0.8726
124.590 0.0389 0.0801 0.8583
124.630 0.0438 0.0799 0.8776
124.670 0.0453 0.0798 0.8776
124.710 0.0469 0.0810 0.8604
124.750 0.0488 0.0790 0.8612
124.790 0.0450 0.0796 0.8373
124.831 0.0442 0.0778 0.8715
124.870 0.0406 0.0799 0.8800
124.911 0.0402 0.0792 0.8812
124.952 0.0390 0.0792 0.8803
124.992 0.0367 0.0795 0.8788
125.032 0.0340 0.0795 0.8788
125.069 0.0323 0.0799 0.8751
125.113 0.0293 0.0795 0.8788
125.153 0.0289 0.0799 0.8776
125.193 0.0284 0.0780 0.8828
125.232 0.0280 0.0801 0.8412
125.269 0.0302 0.0799 0.8698
125.313 0.0369 0.0801 0.8425
125.353 0.0383 0.0801 0.8425
125.393 0.0357 0.0780 0.8689
125.433 0.0392 0.0783 0.8473
125.473 0.0383 0.0837 0.8779
125.514 0.0389 0.0837 0.8738
125.553 0.0378 0.0828 0.8750
125.594 0.0367 0.0816 0.8479
125.634 0.0364 0.0775 0.8678
125.673 0.0357 0.0806 0.8686
125.713 0.0347 0.0806 0.8686
125.754 0.0324 0.0783 0.9057
125.795 0.0295 0.0781 0.8738
125.835 0.0293 0.0833 0.8519
125.874 0.0298 0.0784 0.8427
125.912 0.0264 0.0797 0.8427
125.957 0.0234 0.0771 0.8427
125.996 0.0226 0.0803 0.8592
126.036 0.0232 0.0778 0.8592
126.076 0.0237 0.0758 0.8467
126.113 0.0220 0.0758 0.8677
126.157 0.0187 0.0791 0.8689
126.197 0.0155 0.0791 0.8689
126.237 0.0132 0.0802 0.8948
126.277 0.0116 0.0776 0.8636
126.316 0.0084 0.0762 0.8677
126.357 0.0064 0.0769 0.8753
126.397 0.0045 0.0791 0.8636
126.438 0.0073 0.0783 0.8733
126.477 0.0213 0.0778 0.8753
126.517 0.0392 0.0777 0.8802
126.557 0.0480 0.0776 0.8753
126.597 0.0536 0.0791 0.8689
126.638 0.0600 0.0790 0.8972
126.678 0.0609 0.0775 0.8467
126.718 0.0617 0.0775 0.8339
126.755 0.0617 0.0801 0.8379
126.799 0.0626 0.0808 0.8199
126.839 0.0608 0.0830 0.8459
126.879 0.0583 0.0766 0.8575
126.918 0.0550 0.0796 0.8368
126.956 0.0441 0.0816 0.8426
127.000 0.0254 0.0816 0.8209
127.040 0.0144 0.0801 0.8279
127.081 0.0088 0.0803 0.8520
127.120 0.0028 0.0787 0.8279
127.160 0.0051 0.0783 0.8279
127.201 0.0057 0.0773 0.8261
127.241 0.0073 0.0773 0.8261
127.281 0.0079 0.0805 0.8129
127.321 0.0061 0.0798 0.8462
127.360 0.0081 0.0758 0.8520
127.400 0.0103 0.0773 0.8520
127.441 0.0118 0.0804 0.8639
127.482 0.0128 0.0785 0.8443
127.522 0.0146 0.0817 0.8639
127.561 0.0163 0.0817 0.8639
127.599 0.0149 0.0817 0.8379
127.643 0.0153 0.0775 0.8476
127.682 0.0158 0.0782 0.8581
127.723 0.0188 0.0789 0.8529
127.762 0.0224 0.0789 0.8469
127.800 0.0245 0.0803 0.8467
127.843 0.0240 0.0806 0.8432
127.883 0.0250 0.0764 0.8963
127.923 0.0275 0.0825 0.8432
127.963 0.0307 0.0812 0.8573
128.003 0.0309 0.0785 0.8578
128.043 0.0347 0.0785 0.8578
128.083 0.0359 0.0786 0.8598
128.124 0.0363 0.0794 0.8386
128.165 0.0397 0.0785 0.8686
128.204 0.0388 0.0785 0.8686
128.244 0.0360 0.0780 0.8543
128.285 0.0344 0.0771 0.8543
128.325 0.0334 0.0770 0.8403
128.365 0.0320 0.0779 0.8777
128.405 0.0302 0.0775 0.8802
128.442 0.0278 0.0775 0.8802
128.487 0.0299 0.0784 0.8686
128.526 0.0294 0.0763 0.8753
128.566 0.0284 0.0767 0.8753
128.606 0.0305 0.0775 0.8753
128.643 0.0290 0.0778 0.8733
128.687 0.0308 0.0767 0.8753
128.727 0.0329 0.0768 0.8733
128.767 0.0360 0.0767 0.8753
128.807 0.0380 0.0767 0.8753
128.845 0.0397 0.0780 0.8753
128.887 0.0410 0.0784 0.8673
128.927 0.0414 0.0774 0.8573
128.992 0.0398 0.0761 0.8307
129.047 0.0392 0.0765 0.8794
129.086 0.0358 0.0790 0.8476
129.126 0.0371 0.0777 0.8476
129.168 0.0352 0.0756 0.8240
129.208 0.0321 0.0775 0.8436
129.249 0.0324 0.0775 0.8226
129.288 0.0310 0.0816 0.8482
129.326 0.0295 0.0800 0.8427
129.370 0.0304 0.0798 0.8344
129.409 0.0290 0.0788 0.8223
129.450 0.0305 0.0798 0.8467
129.489 0.0321 0.0786 0.8467
129.526 0.0307 0.0808 0.8467
129.570 0.0327 0.0808 0.8467
129.610 0.0338 0.0789 0.8204
129.650 0.0353 0.0781 0.8073
129.690 0.0396 0.0785 0.8399
129.730 0.0407 0.0789 0.8053
129.771 0.0433 0.0787 0.8364
129.811 0.0465 0.0764 0.8106
129.851 0.0446 0.0776 0.8454
129.891 0.0448 0.0766 0.8143
129.930 0.0459 0.0776 0.8323
129.970 0.0440 0.0792 0.8323
130.011 0.0440 0.0767 0.8252
130.052 0.0430 0.0772 0.8095
130.092 0.0418 0.0774 0.8113
130.131 0.0397 0.0785 0.8399
130.168 0.0386 0.0788 0.8429
130.213 0.0356 0.0797 0.8439
130.252 0.0316 0.0775 0.8439
130.292 0.0305 0.0768 0.8210
130.332 0.0275 0.0779 0.8487
130.370 0.0247 0.0775 0.8419
130.414 0.0207 0.0803 0.8412
130.454 0.0159 0.0779 0.8412
130.494 0.0125 0.0781 0.8487
130.534 0.0112 0.0777 0.8624
130.574 0.0064 0.0776 0.8419
130.614 0.0073 0.0787 0.8419
130.654 0.0100 0.0800 0.8522
130.695 0.0118 0.0776 0.8419
130.735 0.0119 0.0763 0.8419
130.774 0.0143 0.0790 0.8323
130.813 0.0125 0.0755 0.8419
130.855 0.0108 0.0798 0.8323
130.895 0.0083 0.0789 0.8481
130.935 0.0081 0.0788 0.8323
130.975 0.0065 0.0763 0.8439
131.012 0.0045 0.0753 0.8323
131.056 0.0078 0.0798 0.8323
131.096 0.0102 0.0776 0.8419
131.136 0.0130 0.0789 0.8323
131.176 0.0146 0.0789 0.8570
131.213 0.0197 0.0789 0.8481
131.257 0.0264 0.0799 0.8907
131.296 0.0300 0.0808 0.8887
131.336 0.0289 0.0800 0.8887
131.376 0.0322 0.0796 0.8924
131.416 0.0385 0.0791 0.8924
131.457 0.0318 0.0799 0.9148
131.498 0.0351 0.0809 0.9398
131.538 0.0350 0.0809 0.9398
131.578 0.0318 0.0805 0.9427
131.618 0.0301 0.0796 0.9398
131.657 0.0286 0.0772 0.9169
131.699 0.0216 0.0798 0.9447
131.739 0.0160 0.0794 0.9169
131.779 0.0101 0.0783 0.9169
131.818 0.0074 0.0780 0.9072
131.856 0.0072 0.0772 0.9169
131.900 0.0100 0.0761 0.9169
131.939 0.0108 0.0810 0.9697
131.980 0.0094 0.0803 0.9169
132.019 0.0094 0.0805 0.9048
132.057 0.0090 0.0786 0.8943
132.101 0.0097 0.0797 0.8919
132.140 0.0060 0.0800 0.8919
132.181 0.0049 0.0800 0.9491
132.220 0.0063 0.0796 0.8942
132.260 0.0104 0.0811 0.8919
132.301 0.0120 0.0804 0.8919
132.341 0.0132 0.0809 0.8919
132.381 0.0213 0.0825 0.8919
132.421 0.0214 0.0807 0.8942
132.460 0.0226 0.0800 0.8774
132.500 0.0259 0.0809 0.8919
132.541 0.0345 0.0778 0.8871
132.582 0.0381 0.0791 0.8825
132.623 0.0451 0.0789 0.8589
132.662 0.0447 0.0808 0.8529
132.699 0.0454 0.0803 0.8529
132.744 0.0474 0.0791 0.8549
132.783 0.0488 0.0795 0.8529
132.823 0.0519 0.0819 0.8609
132.863 0.0507 0.0832 0.8843
132.900 0.0541 0.0809 0.8609
132.944 0.0568 0.0809 0.8609
132.984 0.0613 0.0782 0.8449
133.024 0.0576 0.0800 0.8449
133.064 0.0587 0.0802 0.8449
133.104 0.0555 0.0802 0.8489
133.144 0.0537 0.0799 0.8415
133.184 0.0533 0.0792 0.8435
133.225 0.0510 0.0792 0.8455
133.264 0.0484 0.0761 0.8509
133.304 0.0444 0.0779 0.8839
133.344 0.0395 0.0775 0.8759
133.385 0.0342 0.0779 0.9159
133.426 0.0301 0.0787 0.8738
133.465 0.0263 0.0760 0.8759
133.505 0.0262 0.0791 0.8975
133.542 0.0263 0.0775 0.8759
133.586 0.0262 0.0760 0.8759
133.626 0.0277 0.0780 0.8533
133.666 0.0347 0.0754 0.8759
133.706 0.0370 0.0758 0.8759
133.744 0.0381 0.0772 0.8759
133.788 0.0391 0.0797 0.8438
133.827 0.0441 0.0797 0.8385
133.867 0.0436 0.0786 0.8385
133.907 0.0476 0.0801 0.8385
133.946 0.0491 0.0806 0.8676
133.988 0.0496 0.0801 0.8556
134.028 0.0528 0.0768 0.8478
134.068 0.0564 0.0788 0.8553
134.108 0.0551 0.0801 0.8253
134.147 0.0533 0.0782 0.8575
134.187 0.0475 0.0779 0.8779
134.228 0.0479 0.0765 0.8641
134.269 0.0458 0.0768 0.8913
134.309 0.0442 0.0747 0.8933
134.348 0.0434 0.0752 0.8362
134.386 0.0411 0.0775 0.8422
134.430 0.0351 0.0746 0.8516
134.469 0.0358 0.0771 0.8196
134.509 0.0298 0.0743 0.8162
134.549 0.0224 0.0732 0.8162
134.586 0.0220 0.0769 0.8162
134.630 0.0200 0.0781 0.8206
134.670 0.0221 0.0759 0.8112
134.710 0.0185 0.0746 0.8192
134.750 0.0183 0.0746 0.8192
134.790 0.0180 0.0768 0.8176
134.832 0.0169 0.0763 0.8132
134.871 0.0203 0.0776 0.8128
134.912 0.0228 0.0763 0.8128
134.952 0.0192 0.0739 0.8128
134.991 0.0196 0.0714 0.8128
135.031 0.0215 0.0776 0.8172
135.072 0.0209 0.0786 0.8382
135.112 0.0181 0.0785 0.8382
135.152 0.0178 0.0752 0.8128
135.192 0.0198 0.0736 0.8128
135.229 0.0206 0.0750 0.8128
135.273 0.0217 0.0785 0.8192
135.313 0.0230 0.0776 0.8128
135.353 0.0224 0.0787 0.8128
135.393 0.0222 0.0736 0.8236
135.430 0.0234 0.0739 0.8486
135.474 0.0217 0.0750 0.8486
135.513 0.0219 0.0772 0.8530
135.554 0.0228 0.0736 0.8426
135.594 0.0252 0.0750 0.8156
135.633 0.0282 0.0725 0.8176
135.674 0.0265 0.0745 0.8489
135.714 0.0254 0.0757 0.8489
135.755 0.0242 0.0763 0.8176
135.794 0.0292 0.0782 0.8163
135.833 0.0273 0.0733 0.8214
135.874 0.0256 0.0749 0.8250
135.915 0.0260 0.0748 0.8214
135.956 0.0272 0.0792 0.8517
135.996 0.0290 0.0772 0.8163
136.035 0.0263 0.0746 0.8214
136.073 0.0222 0.0759 0.8267
136.117 0.0201 0.0735 0.8163
136.156 0.0188 0.0768 0.8163
136.197 0.0176 0.0820 0.8021
136.236 0.0181 0.0739 0.8174
136.273 0.0180 0.0726 0.8174
136.317 0.0147 0.0779 0.8266
136.357 0.0147 0.0750 0.8326
136.397 0.0181 0.0841 0.8061
136.437 0.0203 0.0759 0.8174
136.476 0.0190 0.0799 0.8210
136.518 0.0183 0.0767 0.8250
136.558 0.0199 0.0718 0.8186
136.598 0.0176 0.0763 0.8250
136.638 0.0222 0.0801 0.8250
136.677 0.0231 0.0729 0.8226
136.717 0.0249 0.0756 0.8100
136.758 0.0236 0.0713 0.8306
136.799 0.0268 0.0710 0.8100
136.838 0.0271 0.0780 0.7968
136.878 0.0228 0.0773 0.8056
136.916 0.0208 0.0715 0.8294
136.960 0.0238 0.0684 0.8314
136.999 0.0272 0.0710 0.8258
137.040 0.0248 0.0753 0.8258
137.080 0.0241 0.0754 0.8258
137.118 0.0207 0.0749 0.8258
137.161 0.0200 0.0737 0.8217
137.201 0.0200 0.0725 0.8334
137.241 0.0204 0.0740 0.8258
137.281 0.0190 0.0719 0.8217
137.321 0.0195 0.0752 0.8024
137.362 0.0245 0.0781 0.8466
137.401 0.0206 0.0736 0.8466
137.442 0.0170 0.0734 0.8100
137.482 0.0147 0.0752 0.7860
137.521 0.0156 0.0760 0.8250
137.560 0.0178 0.0747 0.8250
137.602 0.0177 0.0778 0.7936
137.642 0.0168 0.0719 0.8250
137.682 0.0186 0.0731 0.8250
137.722 0.0157 0.0731 0.8250
137.759 0.0144 0.0771 0.8250
137.803 0.0161 0.0765 0.8040
137.843 0.0161 0.0719 0.8040
137.883 0.0171 0.0710 0.8040
137.922 0.0168 0.0754 0.8096
137.960 0.0172 0.0753 0.7960
138.004 0.0152 0.0740 0.8020
138.043 0.0128 0.0757 0.8080
138.084 0.0125 0.0743 0.8339
138.124 0.0152 0.0741 0.8339
138.163 0.0137 0.0740 0.8339
138.205 0.0145 0.0745 0.8327
138.245 0.0101 0.0740 0.8283
138.285 0.0095 0.0740 0.8339
138.325 0.0092 0.0732 0.8283
138.364 0.0124 0.0740 0.8196
138.404 0.0091 0.0767 0.8466
138.446 0.0095 0.0757 0.8024
138.486 0.0097 0.0713 0.8327
138.526 0.0055 0.0726 0.8327
138.566 0.0080 0.0746 0.8155
138.603 0.0060 0.0769 0.8024
138.647 0.0063 0.0746 0.8117
138.686 0.0066 0.0771 0.8024
138.727 0.0076 0.0727 0.8243
138.766 0.0058 0.0727 0.8243
138.803 0.0065 0.0733 0.8327
138.848 0.0052 0.0731 0.8327
138.887 0.0059 0.0740 0.8196
138.927 0.0053 0.0761 0.8196
138.967 0.0044 0.0732 0.8117
139.007 0.0054 0.0751 0.8024
139.048 0.0063 0.0737 0.8140
139.087 0.0036 0.0745 0.8466
139.128 0.0039 0.0740 0.8252
139.168 0.0042 0.0757 0.8024
139.207 0.0034 0.0718 0.8283
139.248 0.0052 0.0751 0.8024
139.289 0.0046 0.0767 0.8327
139.329 0.0033 0.0769 0.8196
139.369 0.0055 0.0752 0.8117
139.409 0.0042 0.0708 0.8426
139.446 0.0041 0.0746 0.8339
139.491 0.0052 0.0757 0.8024
139.530 0.0048 0.0757 0.8024
139.570 0.0035 0.0745 0.8327
139.610 0.0051 0.0745 0.8466
139.647 0.0033 0.0732 0.8283
139.691 0.0040 0.0740 0.8024
139.731 0.0047 0.0737 0.8327
139.771 0.0037 0.0766 0.8024
139.810 0.0051 0.0757 0.8140
139.851 0.0048 0.0747 0.8024
139.891 0.0066 0.0756 0.7766
139.931 0.0055 0.0755 0.8140
139.971 0.0074 0.0759 0.8443
140.011 0.0067 0.0749 0.8140
140.051 0.0061 0.0753 0.7786
140.090 0.0080 0.0756 0.7786
140.132 0.0081 0.0756 0.7766
140.172 0.0066 0.0802 0.8156
140.212 0.0075 0.0767 0.8140
140.252 0.0106 0.0757 0.7766
140.290 0.0150 0.0750 0.7766
140.333 0.0141 0.0756 0.7786
140.374 0.0161 0.0757 0.7766
140.461 0.0200 0.0771 0.7786
140.493 0.0242 0.0800 0.7826
140.530 0.0288 0.0784 0.7919
140.574 0.0268 0.0817 0.7826
140.614 0.0361 0.0817 0.7760
140.655 0.0411 0.0859 0.7890
140.694 0.0434 0.0851 0.7983
140.733 0.0503 0.0793 0.8143
140.775 0.0566 0.0793 0.7934
140.815 0.0692 0.0809 0.7914
140.855 0.0777 0.0814 0.7850
140.895 0.0817 0.0783 0.8079
140.934 0.0889 0.0797 0.8123
140.974 0.0914 0.0802 0.8266
141.015 0.0942 0.0764 0.7669
141.056 0.1039 0.0810 0.7742
141.095 0.1069 0.0763 0.8079
141.135 0.1064 0.0796 0.7868
141.173 0.1082 0.0742 0.8076
141.217 0.1067 0.0737 0.8055
141.256 0.0993 0.0770 0.8055
141.296 0.0905 0.0784 0.8068
141.336 0.0867 0.0780 0.7818
141.374 0.0855 0.0762 0.7869
141.417 0.0807 0.0760 0.7869
141.457 0.0792 0.0789 0.8500
141.498 0.0786 0.0770 0.8028
141.538 0.0767 0.0751 0.8038
141.578 0.0733 0.0739 0.8446
141.618 0.0721 0.0733 0.8024
141.658 0.0725 0.0771 0.8274
141.699 0.0679 0.0754 0.8274
141.739 0.0673 0.0814 0.8274
141.778 0.0714 0.0766 0.8234
141.817 0.0717 0.0784 0.8283
141.858 0.0700 0.0742 0.8283
141.899 0.0697 0.0754 0.8283
141.939 0.0672 0.0810 0.8637
141.979 0.0644 0.0831 0.8637
142.016 0.0606 0.0799 0.8617
142.060 0.0575 0.0763 0.8569
142.100 0.0549 0.0747 0.8535
142.140 0.0528 0.0772 0.8497
142.180 0.0496 0.0802 0.8497
142.217 0.0476 0.0775 0.8477
142.260 0.0457 0.0766 0.8477
142.301 0.0406 0.0751 0.8477
142.341 0.0354 0.0731 0.8370
142.380 0.0296 0.0760 0.8660
142.420 0.0274 0.0797 0.8390
142.461 0.0256 0.0769 0.8390
142.501 0.0227 0.0762 0.8262
142.542 0.0196 0.0765 0.8262
142.582 0.0168 0.0747 0.8262
142.621 0.0125 0.0739 0.8453
142.661 0.0103 0.0784 0.8242
142.702 0.0100 0.0760 0.8476
142.743 0.0083 0.0765 0.8262
142.783 0.0079 0.0746 0.8242
142.822 0.0061 0.0744 0.8327
142.860 0.0047 0.0800 0.8242
142.904 0.0078 0.0753 0.8262
142.943 0.0097 0.0768 0.8254
142.984 0.0107 0.0764 0.8306
143.023 0.0101 0.0771 0.8560
143.060 0.0094 0.0798 0.8242
143.104 0.0155 0.0789 0.8660
143.144 0.0152 0.0735 0.8686
143.184 0.0160 0.0710 0.8540
143.224 0.0176 0.0753 0.8565
143.264 0.0183 0.0749 0.8286
143.304 0.0197 0.0781 0.8577
143.344 0.0198 0.0746 0.8505
143.385 0.0140 0.0744 0.8286
143.425 0.0112 0.0728 0.8385
143.464 0.0118 0.0743 0.8306
143.504 0.0116 0.0767 0.8565
143.545 0.0118 0.0754 0.8565
143.585 0.0062 0.0771 0.8585
143.625 0.0065 0.0757 0.8286
143.665 0.0058 0.0715 0.8286
143.703 0.0057 0.0765 0.8238
143.748 0.0056 0.0770 0.8505
143.787 0.0043 0.0771 0.8366
143.827 0.0043 0.0773 0.8366
143.867 0.0045 0.0729 0.8286
143.904 0.0039 0.0754 0.8330
143.948 0.0054 0.0760 0.8246
143.988 0.0036 0.0777 0.8286
144.028 0.0040 0.0763 0.8286
144.068 0.0072 0.0722 0.8290
144.108 0.0094 0.0751 0.8286
144.148 0.0105 0.0750 0.8270
144.188 0.0111 0.0782 0.8306
144.229 0.0082 0.0783 0.8206
144.268 0.0125 0.0765 0.8426
144.308 0.0145 0.0729 0.8286
144.347 0.0146 0.0737 0.8170
144.389 0.0133 0.0780 0.8382
144.429 0.0142 0.0795 0.8426
144.469 0.0168 0.0789 0.8426
144.508 0.0221 0.0779 0.8306
144.546 0.0185 0.0754 0.8382
144.590 0.0176 0.0780 0.8426
144.630 0.0179 0.0773 0.8426
144.670 0.0197 0.0795 0.8382
144.709 0.0236 0.0781 0.8382
144.747 0.0239 0.0745 0.8382
144.791 0.0216 0.0773 0.8382
144.831 0.0228 0.0788 0.8382
144.872 0.0225 0.0806 0.8382
144.911 0.0237 0.0808 0.8362
144.951 0.0248 0.0788 0.8302
144.992 0.0187 0.0774 0.7890
145.032 0.0192 0.0800 0.8083
145.072 0.0190 0.0833 0.8045
145.112 0.0185 0.0800 0.8460
145.151 0.0168 0.0806 0.7823
145.191 0.0140 0.0797 0.7850
145.232 0.0115 0.0792 0.7870
145.273 0.0100 0.0786 0.8036
145.313 0.0103 0.0830 0.7850
145.352 0.0104 0.0792 0.7830
145.390 0.0077 0.0795 0.7830
145.434 0.0060 0.0774 0.7870
145.473 0.0056 0.0792 0.7786
145.513 0.0047 0.0820 0.7826
145.553 0.0051 0.0823 0.8139
145.590 0.0051 0.0801 0.7710
145.634 0.0044 0.0811 0.7956
145.674 0.0046 0.0811 0.8139
145.714 0.0036 0.0823 0.8215
145.754 0.0040 0.0824 0.8006
145.793 0.0039 0.0803 0.8216
145.835 0.0068 0.0802 0.8215
145.874 0.0045 0.0796 0.7826
145.915 0.0059 0.0803 0.8083
145.956 0.0049 0.0820 0.8149
145.995 0.0044 0.0812 0.8251
146.035 0.0049 0.0803 0.7989
146.076 0.0029 0.0796 0.7786
146.116 0.0050 0.0776 0.7830
146.156 0.0046 0.0788 0.8083
146.196 0.0049 0.0827 0.8216
146.233 0.0062 0.0800 0.7989
146.278 0.0093 0.0800 0.7850
146.317 0.0122 0.0786 0.8189
146.357 0.0114 0.0781 0.7969
146.397 0.0131 0.0821 0.8216
146.434 0.0148 0.0800 0.8426
146.478 0.0162 0.0800 0.7896
146.517 0.0156 0.0804 0.8236
146.558 0.0164 0.0794 0.7786
146.598 0.0147 0.0794 0.7803
146.637 0.0161 0.0809 0.8112
146.678 0.0153 0.0837 0.8036
146.718 0.0123 0.0826 0.8176
146.758 0.0116 0.0802 0.7803
146.798 0.0103 0.0805 0.8216
146.838 0.0130 0.0800 0.8516
146.877 0.0136 0.0788 0.8112
146.918 0.0191 0.0800 0.8580
146.959 0.0222 0.0767 0.8036
146.999 0.0267 0.0754 0.8036
147.039 0.0313 0.0793 0.8489
147.077 0.0335 0.0767 0.7996
147.121 0.0366 0.0745 0.8100
147.161 0.0375 0.0763 0.7910
147.201 0.0426 0.0725 0.8124
147.240 0.0473 0.0745 0.8190
147.277 0.0501 0.0771 0.8286
147.321 0.0506 0.0801 0.8565
147.361 0.0464 0.0779 0.8295
147.401 0.0407 0.0770 0.8565
147.441 0.0377 0.0756 0.8315
147.480 0.0354 0.0791 0.8545
147.522 0.0293 0.0815 0.8496
147.562 0.0256 0.0799 0.8532
147.602 0.0240 0.0770 0.8315
147.642 0.0221 0.0743 0.8262
147.681 0.0226 0.0772 0.8036
147.721 0.0171 0.0819 0.8370
147.762 0.0113 0.0764 0.8799
147.803 0.0080 0.0775 0.8747
147.843 0.0080 0.0768 0.8649
147.882 0.0063 0.0744 0.8747
147.919 0.0126 0.0774 0.8540
147.964 0.0102 0.0786 0.8747
148.003 0.0105 0.0776 0.8270
148.043 0.0087 0.0777 0.8370
148.083 0.0057 0.0754 0.8703
148.121 0.0086 0.0746 0.8747
148.165 0.0081 0.0772 0.8494
148.205 0.0050 0.0800 0.8433
148.245 0.0075 0.0810 0.8295
148.285 0.0096 0.0790 0.8540
148.324 0.0129 0.0737 0.8477
148.365 0.0155 0.0774 0.8295
148.405 0.0143 0.0794 0.8433
148.446 0.0181 0.0775 0.8370
148.486 0.0221 0.0786 0.8156
148.525 0.0255 0.0815 0.8413
148.564 0.0264 0.0756 0.8314
148.606 0.0273 0.0823 0.8294
148.646 0.0264 0.0793 0.8294
148.686 0.0273 0.0774 0.8294
148.726 0.0250 0.0800 0.8469
148.763 0.0251 0.0771 0.8553
148.807 0.0233 0.0814 0.8573
148.847 0.0239 0.0823 0.8599
148.887 0.0206 0.0787 0.8459
148.927 0.0165 0.0755 0.8459
148.963 0.0156 0.0759 0.8511
149.008 0.0180 0.0751 0.8413
149.047 0.0200 0.0781 0.8696
149.087 0.0170 0.0762 0.8736
149.127 0.0150 0.0786 0.8726
149.168 0.0149 0.0754 0.8736
149.208 0.0152 0.0744 0.8593
149.249 0.0191 0.0757 0.8543
149.289 0.0189 0.0816 0.8564
149.329 0.0165 0.0786 0.8350
149.368 0.0161 0.0752 0.8334
149.408 0.0194 0.0755 0.8359
149.449 0.0213 0.0740 0.8309
149.490 0.0204 0.0774 0.8330
149.530 0.0236 0.0788 0.8379
149.569 0.0261 0.0789 0.8330
149.607 0.0249 0.0765 0.8379
149.651 0.0258 0.0740 0.8109
149.691 0.0251 0.0770 0.8080
149.731 0.0236 0.0782 0.8403
149.770 0.0232 0.0751 0.8403
149.807 0.0242 0.0782 0.8403
149.851 0.0253 0.0771 0.8403
149.891 0.0245 0.0731 0.8403
149.931 0.0222 0.0743 0.8287
149.971 0.0197 0.0770 0.8403
150.010 0.0202 0.0786 0.8403
150.051 0.0180 0.0746 0.8295
150.091 0.0181 0.0737 0.8385
150.132 0.0171 0.0759 0.8637
150.172 0.0204 0.0772 0.8727
150.211 0.0166 0.0773 0.8727
150.251 0.0137 0.0772 0.8599
150.292 0.0105 0.0756 0.8246
150.332 0.0090 0.0756 0.8246
150.373 0.0075 0.0756 0.8246
150.413 0.0061 0.0779 0.8246
150.450 0.0045 0.0796 0.8353
150.495 0.0038 0.0780 0.8246
150.534 0.0038 0.0756 0.8246
150.574 0.0050 0.0762 0.8246
150.614 0.0054 0.0772 0.8505
150.651 0.0041 0.0796 0.8373
150.695 0.0075 0.0767 0.8266
150.735 0.0090 0.0756 0.8266
150.775 0.0132 0.0780 0.8266
150.815 0.0180 0.0808 0.8246
150.853 0.0179 0.0780 0.8505
150.895 0.0196 0.0767 0.8505
150.935 0.0230 0.0768 0.8525
150.975 0.0255 0.0767 0.8505
151.015 0.0250 0.0745 0.8525
151.055 0.0243 0.0796 0.8545
151.094 0.0207 0.0760 0.8266
151.136 0.0222 0.0760 0.8266
151.176 0.0186 0.0748 0.8329
151.216 0.0173 0.0780 0.8242
151.255 0.0160 0.0778 0.8286
151.293 0.0126 0.0789 0.8242
151.337 0.0115 0.0774 0.8242
151.377 0.0101 0.0778 0.8286
151.417 0.0090 0.0774 0.8242
151.457 0.0075 0.0750 0.8222
151.494 0.0078 0.0789 0.8164
151.538 0.0068 0.0780 0.8164
151.578 0.0091 0.0774 0.8164
151.618 0.0074 0.0762 0.8242
151.658 0.0076 0.0750 0.7914
151.697 0.0079 0.0775 0.7936
151.739 0.0039 0.0789 0.7914
151.778 0.0040 0.0760 0.7948
151.819 0.0047 0.0750 0.7914
151.859 0.0036 0.0750 0.7914
151.898 0.0082 0.0760 0.7948
151.938 0.0081 0.0765 0.8186
151.979 0.0115 0.0739 0.7936
152.020 0.0180 0.0735 0.8186
152.060 0.0261 0.0739 0.8196
152.099 0.0363 0.0724 0.8216
152.136 0.0457 0.0762 0.8186
152.181 0.0580 0.0782 0.8166
152.220 0.0748 0.0781 0.8156
152.260 0.0862 0.0770 0.8156
152.300 0.0952 0.0794 0.8365
152.337 0.0995 0.0806 0.8637
152.381 0.1081 0.0810 0.8286
152.421 0.1169 0.0844 0.8060
152.461 0.1216 0.0811 0.8350
152.501 0.1229 0.0786 0.8491
152.540 0.1248 0.0765 0.8217
152.582 0.1204 0.0800 0.8136
152.622 0.1174 0.0824 0.8136
152.663 0.1158 0.0814 0.8219
152.702 0.1061 0.0767 0.8199
152.742 0.1004 0.0775 0.8309
152.781 0.0948 0.0775 0.8219
152.823 0.0868 0.0795 0.8045
152.863 0.0869 0.0793 0.7882
152.903 0.0818 0.0800 0.8164
152.943 0.0758 0.0794 0.7905
152.980 0.0709 0.0805 0.7905
153.024 0.0651 0.0822 0.7520
153.064 0.0587 0.0806 0.7866
153.104 0.0555 0.0810 0.7826
153.144 0.0486 0.0807 0.7846
153.180 0.0454 0.0820 0.7596
153.225 0.0420 0.0809 0.7946
153.264 0.0409 0.0819 0.7765
153.305 0.0427 0.0825 0.7966
153.344 0.0403 0.0834 0.7716
153.384 0.0379 0.0815 0.7696
153.425 0.0386 0.0814 0.7655
153.465 0.0376 0.0827 0.7655
153.505 0.0330 0.0827 0.7696
153.545 0.0348 0.0814 0.7946
153.585 0.0334 0.0827 0.7950
153.624 0.0323 0.0812 0.7830
153.666 0.0307 0.0811 0.7950
153.707 0.0287 0.0818 0.7946
153.747 0.0246 0.0825 0.7830
153.786 0.0205 0.0825 0.7826
153.824 0.0184 0.0834 0.7870
153.868 0.0169 0.0821 0.7882
153.907 0.0129 0.0840 0.7854
153.947 0.0112 0.0825 0.8129
153.987 0.0119 0.0831 0.8069
154.024 0.0119 0.0830 0.8129
154.068 0.0119 0.0818 0.8129
154.108 0.0123 0.0833 0.8076
154.148 0.0112 0.0822 0.8089
154.188 0.0137 0.0816 0.8056
154.228 0.0138 0.0819 0.7992
154.269 0.0161 0.0813 0.7992
154.308 0.0165 0.0849 0.7765
154.349 0.0166 0.0811 0.7766
154.389 0.0173 0.0849 0.7702
154.428 0.0181 0.0851 0.7596
154.468 0.0182 0.0845 0.7536
154.509 0.0157 0.0833 0.7536
154.549 0.0155 0.0833 0.7580
154.589 0.0143 0.0826 0.7846
154.629 0.0141 0.0831 0.7806
154.666 0.0108 0.0828 0.7806
154.711 0.0103 0.0844 0.7806
154.750 0.0076 0.0830 0.7922
154.790 0.0054 0.0842 0.7806
154.831 0.0047 0.0844 0.8158
154.868 0.0039 0.0863 0.7766
154.912 0.0031 0.0833 0.7742
154.952 0.0029 0.0835 0.7858
154.992 0.0022 0.0829 0.7806
155.031 0.0037 0.0851 0.7742
155.071 0.0035 0.0833 0.7742
155.112 0.0049 0.0826 0.7742
155.152 0.0041 0.0826 0.7742
155.192 0.0043 0.0832 0.7806
155.232 0.0029 0.0826 0.7742
155.272 0.0041 0.0854 0.7806
155.311 0.0032 0.0833 0.7742
155.353 0.0036 0.0822 0.7922
155.393 0.0043 0.0835 0.7858
155.433 0.0057 0.0825 0.7742
155.472 0.0056 0.0833 0.7742
155.510 0.0049 0.0868 0.8072
155.554 0.0059 0.0830 0.8158
155.594 0.0063 0.0842 0.7806
155.634 0.0042 0.0819 0.7786
155.673 0.0046 0.0827 0.7862
155.710 0.0036 0.0848 0.7826
155.754 0.0040 0.0851 0.7846
155.794 0.0044 0.0839 0.7846
155.834 0.0052 0.0826 0.7742
155.874 0.0039 0.0839 0.7846
155.914 0.0051 0.0856 0.7806
155.956 0.0050 0.0849 0.7846
155.996 0.0047 0.0832 0.7806
156.036 0.0036 0.0833 0.7742
156.076 0.0046 0.0829 0.7922
156.115 0.0046 0.0821 0.7922
156.155 0.0049 0.0849 0.7806
156.196 0.0048 0.0826 0.7742
156.237 0.0070 0.0828 0.7806
156.277 0.0061 0.0830 0.7922
156.316 0.0064 0.0830 0.7742
156.354 0.0067 0.0849 0.7806
156.398 0.0067 0.0844 0.7806
156.437 0.0087 0.0832 0.7742
156.477 0.0087 0.0811 0.7922
156.517 0.0108 0.0840 0.7742
156.554 0.0137 0.0844 0.7742
156.598 0.0169 0.0850 0.7806
156.638 0.0172 0.0857 0.7766
156.678 0.0192 0.0844 0.7742
156.718 0.0208 0.0844 0.7802
156.758 0.0223 0.0814 0.7782
156.798 0.0205 0.0843 0.7806
156.838 0.0175 0.0843 0.7806
156.879 0.0165 0.0855 0.7786
156.919 0.0170 0.0801 0.7802
156.958 0.0128 0.0803 0.7986
157.021 0.0099 0.0839 0.7966
157.080 0.0069 0.0836 0.7710
157.120 0.0045 0.0824 0.8010
157.160 0.0068 0.0811 0.7846
157.200 0.0110 0.0840 0.7786
157.238 0.0157 0.0830 0.8012
157.281 0.0187 0.0833 0.7969
157.321 0.0181 0.0837 0.7782
157.361 0.0194 0.0834 0.7576
157.401 0.0199 0.0823 0.7596
157.438 0.0239 0.0825 0.7666
157.482 0.0254 0.0843 0.7806
157.521 0.0289 0.0877 0.7846
157.562 0.0292 0.0866 0.7786
157.601 0.0287 0.0814 0.7806
157.641 0.0304 0.0849 0.7806
157.682 0.0313 0.0886 0.7686
157.722 0.0329 0.0845 0.7826
157.762 0.0349 0.0884 0.7742
157.802 0.0346 0.0856 0.7770
157.842 0.0387 0.0821 0.8012
157.881 0.0430 0.0882 0.8052
157.922 0.0427 0.0907 0.7842
157.963 0.0438 0.0894 0.8064
158.003 0.0447 0.0877 0.7710
158.043 0.0465 0.0835 0.8052
158.081 0.0479 0.0862 0.7552
158.124 0.0495 0.0901 0.8096
158.165 0.0497 0.0913 0.7826
158.205 0.0481 0.0908 0.7782
158.244 0.0430 0.0873 0.7794
158.281 0.0448 0.0897 0.7754
158.326 0.0451 0.0883 0.7794
158.365 0.0426 0.0920 0.7872
158.405 0.0415 0.0907 0.7936
158.445 0.0402 0.0919 0.7896
158.486 0.0379 0.0867 0.7856
158.526 0.0346 0.0904 0.7856
158.565 0.0326 0.0924 0.7765
158.606 0.0317 0.0876 0.7765
158.646 0.0298 0.0900 0.7896
158.685 0.0293 0.0879 0.7846
158.725 0.0302 0.0852 0.8156
158.766 0.0289 0.0876 0.8156
158.807 0.0265 0.0895 0.7850
158.847 0.0276 0.0898 0.7789
158.886 0.0250 0.0858 0.7886
158.923 0.0263 0.0848 0.7905
158.968 0.0242 0.0858 0.7925
159.007 0.0237 0.0909 0.7733
159.047 0.0222 0.0937 0.7786
159.087 0.0205 0.0904 0.7846
159.124 0.0215 0.0871 0.7746
159.168 0.0198 0.0841 0.8009
159.208 0.0184 0.0906 0.7890
159.249 0.0180 0.0907 0.8243
159.289 0.0196 0.0906 0.7890
159.329 0.0171 0.0915 0.7983
159.369 0.0206 0.0868 0.7873
159.409 0.0206 0.0868 0.7943
159.450 0.0195 0.0918 0.7983
159.489 0.0209 0.0917 0.7983
159.529 0.0219 0.0891 0.7934
159.568 0.0211 0.0870 0.7934
159.610 0.0203 0.0903 0.7684
159.650 0.0197 0.0916 0.7774
159.690 0.0202 0.0915 0.7786
159.730 0.0208 0.0937 0.7761
159.767 0.0197 0.0903 0.7761
159.811 0.0195 0.0936 0.7752
159.851 0.0162 0.0874 0.7712
159.891 0.0123 0.0907 0.7684
159.931 0.0122 0.0932 0.7964
159.967 0.0095 0.0906 0.7724
160.012 0.0072 0.0925 0.7964
160.051 0.0070 0.0872 0.7671
160.092 0.0045 0.0872 0.7671
160.131 0.0040 0.0898 0.7671
160.171 0.0051 0.0892 0.7712
160.212 0.0047 0.0884 0.7671
160.252 0.0061 0.0855 0.7671
160.292 0.0047 0.0895 0.7671
160.332 0.0031 0.0892 0.7721
160.372 0.0039 0.0881 0.8172
160.412 0.0026 0.0891 0.7946
160.453 0.0037 0.0878 0.7684
160.494 0.0034 0.0841 0.7671
160.534 0.0043 0.0855 0.7671
160.573 0.0056 0.0899 0.7721
160.611 0.0071 0.0853 0.7721
160.655 0.0090 0.0859 0.7873
160.695 0.0112 0.0883 0.7671
160.735 0.0096 0.0839 0.7712
160.774 0.0099 0.0868 0.7712
160.811 0.0124 0.0871 0.7671
160.855 0.0127 0.0868 0.7671
160.895 0.0107 0.0849 0.7931
160.935 0.0103 0.0861 0.7671
160.975 0.0097 0.0870 0.7671
161.015 0.0093 0.0903 0.7931
161.056 0.0092 0.0879 0.7971
161.095 0.0084 0.0859 0.8100
161.136 0.0067 0.0861 0.7931
161.176 0.0056 0.0865 0.7671
161.215 0.0050 0.0890 0.7931
161.255 0.0035 0.0912 0.8260
161.296 0.0039 0.0858 0.8260
161.336 0.0037 0.0849 0.7931
161.376 0.0035 0.0870 0.7931
161.416 0.0041 0.0879 0.7931
161.454 0.0050 0.0885 0.8264
161.498 0.0050 0.0900 0.8260
161.538 0.0039 0.0894 0.7971
161.578 0.0030 0.0869 0.7931
161.618 0.0066 0.0861 0.7931
161.655 0.0059 0.0853 0.8341
161.699 0.0077 0.0870 0.8193
161.738 0.0091 0.0916 0.8260
161.779 0.0116 0.0859 0.7931
161.819 0.0104 0.0860 0.7712
161.858 0.0143 0.0905 0.7712
161.899 0.0162 0.0904 0.7671
161.939 0.0181 0.0867 0.7671
161.979 0.0171 0.0907 0.8044
162.019 0.0162 0.0877 0.7712
162.059 0.0148 0.0859 0.7671
162.098 0.0099 0.0917 0.8044
162.139 0.0077 0.0903 0.7713
162.180 0.0049 0.0918 0.8044
162.220 0.0039 0.0909 0.7983
162.259 0.0053 0.0873 0.7721
162.297 0.0072 0.0899 0.7508
162.341 0.0063 0.0908 0.7663
162.381 0.0058 0.0920 0.7969
162.421 0.0047 0.0910 0.7913
162.460 0.0033 0.0897 0.7508
162.498 0.0021 0.0910 0.7663
162.542 0.0040 0.0902 0.7508
162.582 0.0063 0.0910 0.7663
162.622 0.0084 0.0910 0.7663
162.662 0.0104 0.0910 0.7663
162.702 0.0134 0.0864 0.8100
162.743 0.0131 0.0900 0.7565
162.782 0.0161 0.0909 0.7663
162.823 0.0157 0.0909 0.7663
162.863 0.0135 0.0881 0.7674
162.902 0.0134 0.0897 0.7692
162.942 0.0163 0.0873 0.7698
162.983 0.0163 0.0902 0.7393
163.024 0.0159 0.0900 0.7698
163.064 0.0151 0.0889 0.7814
163.103 0.0136 0.0873 0.7698
163.140 0.0138 0.0892 0.7226
163.185 0.0136 0.0873 0.7698
163.224 0.0155 0.0900 0.7698
163.264 0.0128 0.0951 0.7468
163.304 0.0140 0.0908 0.7214
163.341 0.0133 0.0898 0.7214
163.385 0.0119 0.0871 0.7226
163.425 0.0102 0.0903 0.7726
163.465 0.0093 0.0903 0.7500
163.505 0.0080 0.0915 0.7538
163.545 0.0073 0.0909 0.7468
163.585 0.0055 0.0854 0.7544
163.625 0.0051 0.0895 0.7214
163.666 0.0044 0.0908 0.7198
163.707 0.0026 0.0920 0.7198
163.746 0.0048 0.0871 0.7226
163.786 0.0036 0.0871 0.7226
163.827 0.0022 0.0878 0.7214
163.867 0.0047 0.0880 0.7788
163.907 0.0031 0.0932 0.7198
163.946 0.0022 0.0888 0.7788
163.984 0.0043 0.0917 0.7198
164.028 0.0030 0.0871 0.7226
164.068 0.0038 0.0875 0.7214
164.108 0.0040 0.0896 0.7788
164.148 0.0045 0.0900 0.7538
164.184 0.0039 0.0896 0.7686
164.229 0.0053 0.0879 0.7226
164.269 0.0042 0.0843 0.7342
164.309 0.0067 0.0920 0.7468
164.348 0.0062 0.0920 0.7198
164.388 0.0053 0.0900 0.7788
164.429 0.0047 0.0884 0.7698
164.469 0.0034 0.0879 0.7226
164.509 0.0035 0.0879 0.7226
164.549 0.0043 0.0891 0.7698
164.588 0.0036 0.0932 0.7570
164.628 0.0032 0.0932 0.7550
164.669 0.0040 0.0897 0.7214
164.710 0.0043 0.0906 0.7214
164.750 0.0055 0.0891 0.7788
164.848 0.0040 0.0907 0.7904
164.868 0.0040 0.0906 0.7342
164.912 0.0049 0.0883 0.7226
164.952 0.0059 0.0871 0.7342
164.992 0.0057 0.0933 0.7646
165.031 0.0046 0.0931 0.7698
165.068 0.0056 0.0881 0.7407
165.112 0.0060 0.0909 0.7407
165.152 0.0065 0.0913 0.7226
165.192 0.0078 0.0937 0.7407
165.232 0.0073 0.0927 0.7254
165.272 0.0066 0.0939 0.7850
165.313 0.0055 0.0912 0.7890
165.352 0.0043 0.0914 0.7433
165.393 0.0044 0.0880 0.7433
165.433 0.0049 0.0927 0.7640
165.472 0.0077 0.0928 0.7890
165.512 0.0083 0.0912 0.7580
165.553 0.0089 0.0920 0.7462
165.594 0.0083 0.0926 0.7890
165.634 0.0093 0.0919 0.7890
165.673 0.0099 0.0928 0.7890
165.710 0.0108 0.0928 0.7539
165.755 0.0106 0.0928 0.7462
165.794 0.0126 0.0914 0.7462
165.834 0.0136 0.0939 0.7462
165.874 0.0105 0.0928 0.7462
165.912 0.0113 0.0955 0.7462
165.956 0.0086 0.0913 0.7462
165.996 0.0088 0.0898 0.7752
166.036 0.0082 0.0914 0.7511
166.076 0.0075 0.0898 0.7752
166.115 0.0085 0.0909 0.7817
166.156 0.0092 0.0920 0.7713
166.196 0.0090 0.0909 0.8155
166.237 0.0084 0.0903 0.7920
166.276 0.0079 0.0903 0.7920
166.316 0.0073 0.0909 0.8065
166.355 0.0068 0.0902 0.8171
166.397 0.0059 0.0909 0.8155
166.437 0.0084 0.0890 0.8171
166.477 0.0070 0.0919 0.8048
166.517 0.0075 0.0909 0.8048
166.555 0.0087 0.0931 0.7976
166.598 0.0091 0.0941 0.8104
166.638 0.0094 0.0932 0.7996
166.678 0.0112 0.0919 0.7838
166.718 0.0135 0.0889 0.7831
166.754 0.0152 0.0915 0.7971
166.799 0.0175 0.0915 0.7971
166.839 0.0190 0.0893 0.7971
166.879 0.0217 0.0882 0.8091
166.919 0.0221 0.0882 0.7931
166.958 0.0215 0.0876 0.8103
166.999 0.0234 0.0890 0.8103
167.040 0.0226 0.0883 0.8051
167.080 0.0216 0.0898 0.8231
167.120 0.0230 0.0853 0.8272
167.159 0.0205 0.0862 0.8103
167.199 0.0183 0.0894 0.8103
167.240 0.0170 0.0894 0.8103
167.281 0.0156 0.0875 0.8103
167.321 0.0168 0.0890 0.8107
167.360 0.0164 0.0850 0.8287
167.398 0.0137 0.0866 0.8163
167.442 0.0185 0.0898 0.8313
167.482 0.0198 0.0906 0.8163
167.522 0.0194 0.0890 0.8107
167.561 0.0206 0.0839 0.8573
167.598 0.0208 0.0839 0.8807
167.643 0.0218 0.0868 0.8353
167.682 0.0223 0.0881 0.8353
167.722 0.0267 0.0860 0.8659
167.762 0.0296 0.0857 0.8373
167.802 0.0288 0.0844 0.8387
167.842 0.0270 0.0897 0.8521
167.882 0.0276 0.0898 0.8427
167.923 0.0222 0.0891 0.8080
167.963 0.0182 0.0867 0.8196
168.002 0.0188 0.0852 0.8155
168.042 0.0180 0.0888 0.8155
168.083 0.0160 0.0876 0.8216
168.124 0.0194 0.0888 0.8216
168.165 0.0232 0.0908 0.8234
168.204 0.0187 0.0876 0.8196
168.241 0.0151 0.0878 0.8216
168.286 0.0150 0.0876 0.8163
168.325 0.0134 0.0878 0.8216
168.365 0.0128 0.0891 0.8143
168.405 0.0130 0.0873 0.8234
168.442 0.0118 0.0891 0.8143
168.486 0.0100 0.0891 0.8143
168.526 0.0096 0.0893 0.8234
168.566 0.0091 0.0923 0.8234
168.606 0.0125 0.0927 0.8234
168.645 0.0127 0.0898 0.8234
168.686 0.0125 0.0890 0.8234
168.726 0.0120 0.0873 0.8216
168.766 0.0126 0.0887 0.8216
168.806 0.0144 0.0911 0.8216
168.845 0.0145 0.0902 0.8234
168.886 0.0154 0.0891 0.8155
168.926 0.0151 0.0870 0.8234
168.967 0.0096 0.0880 0.8216
169.007 0.0082 0.0909 0.8278
169.047 0.0071 0.0886 0.8491
169.084 0.0074 0.0867 0.8143
169.128 0.0059 0.0865 0.8300
169.168 0.0057 0.0885 0.8409
169.208 0.0053 0.0886 0.8222
169.248 0.0052 0.0892 0.8534
169.285 0.0049 0.0894 0.8330
169.330 0.0036 0.0852 0.8259
169.369 0.0054 0.0836 0.8449
169.409 0.0068 0.0896 0.8398
169.449 0.0108 0.0922 0.8409
169.489 0.0113 0.0875 0.8278
169.530 0.0141 0.0912 0.8199
169.570 0.0191 0.0852 0.8222
169.610 0.0219 0.0863 0.8449
169.650 0.0258 0.0913 0.8199
169.689 0.0303 0.0896 0.8199
169.729 0.0350 0.0896 0.8199
169.770 0.0383 0.0865 0.8079
169.811 0.0422 0.0858 0.8079
169.851 0.0456 0.0875 0.8070
169.890 0.0448 0.0888 0.8470
169.928 0.0446 0.0864 0.8450
169.972 0.0468 0.0876 0.8399
170.011 0.0467 0.0849 0.8359
170.052 0.0451 0.0851 0.8137
170.091 0.0446 0.0859 0.8137
170.128 0.0442 0.0849 0.8137
170.172 0.0418 0.0837 0.8137
170.212 0.0388 0.0832 0.8149
170.252 0.0380 0.0836 0.8334
170.292 0.0379 0.0832 0.8180
170.332 0.0333 0.0832 0.8180
170.374 0.0323 0.0837 0.8278
170.413 0.0326 0.0826 0.8353
170.454 0.0354 0.0832 0.8353
170.493 0.0352 0.0791 0.8509
170.533 0.0321 0.0824 0.8306
170.573 0.0337 0.0809 0.8528
170.614 0.0316 0.0809 0.8593
170.654 0.0332 0.0798 0.8133
170.694 0.0320 0.0808 0.8559
170.734 0.0312 0.0804 0.8183
170.771 0.0303 0.0846 0.8530
170.816 0.0323 0.0842 0.8269
170.855 0.0328 0.0828 0.8280
170.895 0.0311 0.0818 0.8289
170.935 0.0266 0.0834 0.8073
170.972 0.0239 0.0843 0.8260
171.016 0.0254 0.0852 0.8270
171.055 0.0212 0.0832 0.8530
171.096 0.0249 0.0833 0.8066
171.136 0.0218 0.0800 0.8260
171.222 0.0226 0.0820 0.8336
171.256 0.0199 0.0822 0.7990
171.296 0.0180 0.0822 0.8280
171.337 0.0179 0.0800 0.7990
171.376 0.0211 0.0821 0.8292
171.416 0.0232 0.0817 0.8465
171.456 0.0260 0.0816 0.8465
171.498 0.0273 0.0820 0.8475
171.538 0.0293 0.0806 0.8475
171.578 0.0278 0.0809 0.8205
171.618 0.0264 0.0809 0.8465
171.655 0.0281 0.0819 0.8475
171.699 0.0278 0.0822 0.8475
171.739 0.0296 0.0814 0.8435
171.779 0.0279 0.0812 0.8435
171.819 0.0265 0.0803 0.8176
171.855 NaN 0.0839 0.8216
171.900 NaN 0.0811 0.8176
171.939 NaN 0.0813 0.8176
171.979 NaN 0.0816 0.7906
172.019 NaN 0.0786 0.7906
172.059 NaN 0.0826 0.7906
172.100 NaN 0.0825 0.7906
172.140 NaN 0.0829 0.7906
