9.047 NaN 0.1081 0.8981
9.086 NaN 0.1109 0.8846
9.128 NaN 0.1101 0.9266
9.168 NaN 0.1091 0.9032
9.208 NaN 0.1065 0.8872
9.249 NaN 0.1059 0.8912
9.287 NaN 0.1076 0.9032
9.330 0.1270 0.1115 0.8879
9.369 0.1241 0.1075 0.9247
9.410 0.1213 0.1067 0.9204
9.450 0.1228 0.1055 0.9204
9.487 0.1219 0.1046 0.9229
9.531 0.1270 0.1066 0.8835
9.570 0.1265 0.1076 0.8879
9.611 0.1302 0.1098 0.8519
9.650 0.1316 0.1135 0.8729
9.690 0.1328 0.1094 0.8943
9.731 0.1324 0.1076 0.8995
9.771 0.1331 0.1126 0.8885
9.811 0.1313 0.1131 0.8910
9.851 0.1323 0.1115 0.9089
9.891 0.1351 0.1077 0.8863
9.930 0.1335 0.1064 0.8924
9.971 0.1372 0.1067 0.9277
10.012 0.1381 0.1077 0.9237
10.052 0.1386 0.1051 0.9232
10.092 0.1402 0.1030 0.8777
10.129 0.1377 0.1038 0.9092
10.173 0.1376 0.1046 0.9066
10.212 0.1330 0.1054 0.9139
10.253 0.1256 0.1032 0.9298
10.292 0.1275 0.1012 0.9161
10.331 0.1264 0.1005 0.9139
10.374 0.1291 0.1006 0.9290
10.414 0.1243 0.1044 0.8719
10.454 0.1218 0.1042 0.9443
10.494 0.1158 0.1028 0.8871
10.534 0.1134 0.1006 0.8876
10.575 0.1094 0.1002 0.8832
10.615 0.1093 0.1015 0.9132
10.655 0.1088 0.1013 0.9346
10.695 0.1114 0.1027 0.9410
10.734 0.1195 0.0987 0.9459
10.774 0.1190 0.0969 0.8959
10.815 0.1218 0.0990 0.8969
10.855 0.1192 0.1013 0.9383
10.896 0.1204 0.1013 0.9393
10.935 0.1246 0.0999 0.9491
10.973 0.1284 0.0980 0.9218
11.017 0.1363 0.0969 0.9099
11.056 0.1426 0.0983 0.9991
11.096 0.1497 0.0993 0.9940
11.136 0.1517 0.0984 0.9850
11.173 0.1594 0.0972 0.9764
11.217 0.1630 0.0976 0.9658
11.257 0.1740 0.0968 0.9812
11.297 0.1756 0.0988 0.9833
11.337 0.1832 0.1000 1.0045
11.377 0.1904 0.0973 1.0052
11.418 0.1936 0.0951 0.9905
11.457 0.1924 0.0975 0.9729
11.499 0.1875 0.0981 0.9844
11.538 0.1869 0.0966 1.0178
11.578 0.1869 0.0961 1.0325
11.618 0.1850 0.0929 0.9824
11.659 0.1788 0.0929 1.0025
11.699 0.1727 0.0955 0.9595
11.739 0.1619 0.0958 1.0052
11.779 0.1560 0.0940 1.0110
11.817 0.1443 0.0996 0.9839
11.860 0.1377 0.1004 0.9525
11.900 0.1260 0.0989 0.9423
11.940 0.1168 0.0999 0.9579
11.980 0.1106 0.1012 0.9743
12.016 0.1034 0.1013 0.9946
12.061 0.0881 0.1029 0.9323
12.101 0.0805 0.0996 0.9561
12.141 0.0744 0.0982 0.9358
12.180 0.0680 0.1014 0.9358
12.220 0.0641 0.1011 0.9333
12.261 0.0605 0.1006 0.9542
12.301 0.0658 0.1001 0.9505
12.341 0.0622 0.0985 0.9734
12.381 0.0603 0.1018 0.9733
12.421 0.0634 0.1004 0.9655
12.460 0.0677 0.0985 0.9463
12.501 0.0720 0.1024 0.8893
12.542 0.0728 0.0980 0.9119
12.582 0.0731 0.1012 0.8913
12.623 0.0717 0.1017 0.8849
12.660 0.0731 0.1007 0.8895
12.704 0.0721 0.1008 0.8948
12.744 0.0747 0.0996 0.8985
12.784 0.0762 0.0998 0.8985
12.823 0.0742 0.0998 0.9091
12.860 0.0798 0.1013 0.9178
12.904 0.0857 0.0997 0.9178
12.944 0.0918 0.1009 0.9091
12.984 0.0917 0.0985 0.9201
13.024 0.0960 0.0989 0.9568
13.064 0.1018 0.1021 0.9542
13.105 0.1078 0.1013 0.9410
13.145 0.1123 0.1036 0.9205
13.185 0.1190 0.0990 0.9171
13.225 0.1203 0.1002 0.9187
13.264 0.1165 0.1002 0.9343
13.304 0.1222 0.1038 0.8823
13.345 0.1219 0.0983 0.9587
13.386 0.1213 0.0996 0.9389
13.426 0.1177 0.1001 0.9078
13.465 0.1190 0.0984 0.8973
13.507 0.1167 0.1000 0.8990
13.547 0.1171 0.0951 0.9285
13.586 0.1157 0.0979 0.9457
13.626 0.1133 0.0965 0.9135
13.666 0.1110 0.0967 0.9019
13.704 0.1114 0.0961 0.9119
13.748 0.1133 0.1023 0.9015
13.788 0.1117 0.1005 0.8884
13.828 0.1127 0.0966 0.9045
13.868 0.1158 0.0944 0.9148
13.907 0.1173 0.0972 0.9378
13.948 0.1167 0.0969 0.9563
13.988 0.1191 0.0972 0.9179
14.028 0.1208 0.0997 0.9277
14.068 0.1214 0.0975 0.9372
14.108 0.1246 0.0946 0.9437
14.147 0.1291 0.0950 0.9535
14.189 0.1330 0.0980 0.9421
14.229 0.1362 0.0995 0.9332
14.269 0.1380 0.1010 0.8924
14.309 0.1397 0.0963 0.9009
14.346 0.1389 0.0978 0.9159
14.390 0.1392 0.0988 0.9670
14.430 0.1407 0.1065 0.9245
14.470 0.1414 0.1069 0.9209
14.509 0.1428 0.1055 0.9026
14.546 0.1452 0.1010 0.9252
14.591 0.1441 0.0989 0.9166
14.630 0.1427 0.0994 0.9335
14.670 0.1440 0.1025 0.9495
14.710 0.1448 0.1037 0.9582
14.750 0.1473 0.1003 0.9615
14.791 0.1515 0.0967 0.9572
14.832 0.1560 0.1014 0.9319
14.872 0.1589 0.0993 0.9308
14.912 0.1586 0.0980 0.9539
14.951 0.1619 0.1017 0.9276
14.991 0.1628 0.0938 0.9454
15.032 0.1629 0.0931 0.9112
15.073 0.1669 0.0935 0.9367
15.113 0.1715 0.0968 0.9135
15.152 0.1734 0.0916 0.9149
15.190 0.1713 0.0915 0.9005
15.234 0.1728 0.0918 0.9319
15.273 0.1715 0.0923 0.9249
15.313 0.1691 0.0939 0.9213
15.353 0.1691 0.0952 0.8979
15.390 0.1693 0.0914 0.9444
15.434 0.1681 0.0911 0.9767
15.474 0.1678 0.0917 0.9226
15.514 0.1642 0.0946 0.9512
15.554 0.1587 0.0946 0.8971
15.594 0.1539 0.0957 0.9120
15.634 0.1463 0.0956 0.9303
15.674 0.1438 0.0929 0.9333
15.715 0.1394 0.0936 0.8906
15.754 0.1349 0.0966 0.8783
15.794 0.1321 0.0967 0.9026
15.833 0.1272 0.0918 0.8645
15.875 0.1246 0.0914 0.9289
15.915 0.1244 0.0923 0.9099
15.956 0.1246 0.0993 0.9343
15.996 0.1271 0.1022 0.9227
16.034 0.1307 0.0941 0.9088
16.077 0.1372 0.0949 0.9336
16.117 0.1457 0.0935 0.9496
16.157 0.1541 0.0971 0.9336
16.197 0.1614 0.0961 0.9728
16.234 0.1685 0.0950 0.9447
16.278 0.1804 0.0916 0.9076
16.318 0.1908 0.0894 0.9146
16.358 0.1991 0.0909 0.9243
16.397 0.2082 0.0879 0.9114
16.437 0.2133 0.0904 0.9253
16.478 0.2182 0.0924 0.9502
16.518 0.2240 0.0847 0.8968
16.558 0.2294 0.0850 0.9176
16.598 0.2297 0.0827 0.9628
16.637 0.2292 0.0831 0.9200
16.677 0.2246 0.0848 0.9344
16.718 0.2232 0.0852 0.9389
16.759 0.2184 0.0837 0.9439
16.799 0.2143 0.0811 0.9573
16.838 0.2145 0.0838 0.9293
16.876 0.2096 0.0870 0.9775
16.920 0.2026 0.0801 0.9442
16.959 0.1990 0.0777 0.9416
17.000 0.1941 0.0803 0.9396
17.040 0.1971 0.0804 0.9353
17.078 0.1987 0.0855 0.9626
17.121 0.1963 0.0835 0.9546
17.161 0.2004 0.0883 0.9649
17.201 0.2039 0.0899 0.9402
17.241 0.2068 0.0837 0.9356
17.281 0.2106 0.0849 0.9406
17.321 0.2092 0.0901 0.9540
17.362 0.2050 0.0863 0.9355
17.402 0.2123 0.0851 0.9646
17.442 0.2148 0.0839 0.9455
17.481 0.2194 0.0843 0.9639
17.521 0.2134 0.0891 0.9775
17.562 0.2088 0.0866 0.9265
17.615 0.2085 0.0879 0.9447
17.642 0.2089 0.0836 0.9479
17.682 0.2107 0.0848 0.9333
17.720 0.2105 0.0852 0.9605
17.763 0.2100 0.0860 0.9522
17.803 0.2111 0.0862 0.9589
17.843 0.2213 0.0844 0.9470
17.883 0.2244 0.0848 0.9585
17.920 0.2251 0.0848 0.9423
17.964 0.2257 0.0850 0.9153
18.004 0.2293 0.0860 0.9616
18.044 0.2306 0.0845 0.9478
18.084 0.2317 0.0845 0.9241
18.124 0.2319 0.0831 0.9366
18.165 0.2286 0.0865 0.9125
18.205 0.2289 0.0843 0.9006
18.245 0.2268 0.0854 0.9470
18.285 0.2273 0.0861 0.9516
18.325 0.2228 0.0863 0.9394
18.364 0.2215 0.0836 0.9424
18.406 0.2190 0.0850 0.9362
18.446 0.2224 0.0843 0.9298
18.486 0.2246 0.0828 0.9012
18.526 0.2298 0.0844 0.9811
18.563 0.2292 0.0818 0.9972
18.607 0.2263 0.0864 0.9572
18.647 0.2241 0.0863 1.0006
18.687 0.2209 0.0843 0.9908
18.726 0.2217 0.0830 0.9675
18.763 0.2190 0.0816 0.9710
18.806 0.2187 0.0838 0.9250
18.847 0.2139 0.0860 0.9311
18.887 0.2128 0.0843 0.9399
18.927 0.2104 0.0836 0.9725
18.966 0.2052 0.0839 0.9612
19.007 0.2006 0.0863 0.9648
19.048 0.1974 0.0890 0.9858
19.088 0.1988 0.0862 0.9843
19.128 0.2047 0.0894 0.9102
19.167 0.2009 0.0899 0.9423
19.207 0.1948 0.0877 0.9806
19.249 0.1896 0.0911 0.9594
19.289 0.1834 0.0938 0.9096
19.330 0.1774 0.0910 0.9399
19.369 0.1756 0.0906 0.8382
19.406 0.1675 0.0894 0.8652
19.450 0.1631 0.0880 0.8749
19.490 0.1584 0.0880 0.8721
19.530 0.1536 0.0915 0.9078
19.570 0.1513 0.0890 0.8818
19.607 0.1449 0.0864 0.9302
19.650 0.1470 0.0887 0.9229
19.691 0.1507 0.0883 0.9070
19.731 0.1566 0.0924 0.8913
19.771 0.1578 0.0916 0.9483
19.810 0.1629 0.0934 0.9617
19.850 0.1628 0.0934 0.9727
19.891 0.1671 0.0914 0.9464
19.932 0.1699 0.0919 0.9425
19.972 0.1715 0.0918 0.9544
20.011 0.1747 0.0907 0.9381
20.050 0.1770 0.0897 0.9391
20.092 0.1759 0.0883 0.9391
20.132 0.1764 0.0871 0.9519
20.172 0.1780 0.0907 0.9209
20.212 0.1771 0.0918 0.9589
20.249 0.1802 0.0919 0.9890
20.293 0.1816 0.0907 0.9617
20.334 0.1873 0.0870 0.9561
20.374 0.1908 0.0900 0.9729
20.414 0.1941 0.0939 0.9328
20.451 0.1986 0.0915 0.9294
20.495 0.2000 0.0895 0.9623
20.534 0.2042 0.0894 0.9478
20.574 0.2116 0.0879 0.9498
20.615 0.2152 0.0927 0.9732
20.655 0.2162 0.0913 0.9306
20.695 0.2192 0.0907 0.9423
20.735 0.2190 0.0916 0.9139
20.775 0.2184 0.0919 0.9636
20.815 0.2162 0.0899 0.9298
20.854 0.2135 0.0929 0.9338
20.894 0.2109 0.0951 0.9560
20.936 0.2074 0.0905 0.9931
20.976 0.2084 0.0905 0.9721
21.016 0.2091 0.0897 0.9447
21.055 0.2091 0.0918 0.9540
21.093 0.2047 0.0966 0.9564
21.137 0.2049 0.0927 0.9639
21.176 0.2024 0.0921 0.9602
21.217 0.2019 0.0924 0.9696
21.256 0.2034 0.0958 0.9742
21.293 0.2050 0.0983 0.9836
21.338 0.2060 0.0981 1.0075
21.377 0.2077 0.0934 0.9392
21.417 0.2129 0.0905 0.9706
21.457 0.2170 0.0903 0.9912
21.498 0.2190 0.0941 0.9322
21.539 0.2178 0.0957 0.9862
21.578 0.2215 0.0944 0.9812
21.619 0.2203 0.0933 0.9442
21.659 0.2238 0.0898 0.9639
21.698 0.2284 0.0910 0.9443
21.738 0.2292 0.0940 0.9759
21.779 0.2329 0.0943 0.9297
21.819 0.2328 0.0939 0.9329
21.859 0.2316 0.0932 0.9085
21.899 0.2281 0.0890 0.9389
21.937 0.2244 0.0948 0.9778
21.980 0.2207 0.0942 0.9236
22.020 0.2180 0.0942 0.9789
22.060 0.2130 0.0944 0.9477
22.100 0.2117 0.0923 0.9290
22.137 0.2137 0.0915 0.9521
22.181 0.2113 0.0933 0.9540
22.221 0.2092 0.0932 0.9420
22.261 0.2056 0.0890 0.9139
22.301 0.2022 0.0881 0.9638
22.341 0.2040 0.0901 0.9843
22.381 0.2041 0.0920 0.9559
22.421 0.2058 0.0937 0.9448
22.461 0.2034 0.0913 0.9603
22.502 0.1983 0.0890 0.9550
22.541 0.1968 0.0897 0.9452
22.581 0.1996 0.0919 0.9526
22.623 0.1982 0.0910 0.9714
22.663 0.1953 0.0904 0.9552
22.703 0.1962 0.0897 0.9827
22.743 0.1973 0.0907 0.9732
22.781 0.1980 0.0889 0.9707
22.824 0.1997 0.0900 0.9559
22.864 0.2041 0.0923 0.9717
22.904 0.2044 0.0926 0.9717
22.944 0.2065 0.0904 0.9390
22.981 0.2119 0.0898 0.9482
23.025 0.2143 0.0919 0.9401
23.064 0.2094 0.0943 0.9587
23.104 0.2080 0.0948 0.9381
23.144 0.2057 0.0941 0.9108
23.184 0.2016 0.0921 0.9569
23.225 0.1992 0.0896 0.9381
23.265 0.1997 0.0907 0.9340
23.305 0.1971 0.0908 0.9415
23.345 0.1930 0.0896 0.9854
23.385 0.1917 0.0883 0.9467
23.424 0.1903 0.0911 0.9537
23.465 0.1924 0.0912 0.9567
23.506 0.1936 0.0918 0.9511
23.546 0.1984 0.0890 0.9642
23.585 0.2013 0.0901 0.9746
23.624 0.1985 0.0891 0.9258
23.667 0.2060 0.0901 0.9041
23.707 0.2091 0.0896 0.9642
23.747 0.2116 0.0888 0.9499
23.787 0.2145 0.0884 0.9547
23.824 0.2168 0.0909 0.9421
23.868 0.2211 0.0902 0.9389
23.908 0.2273 0.0926 0.9672
23.948 0.2279 0.0912 0.9648
23.988 0.2262 0.0961 0.9377
24.028 0.2261 0.0930 0.9692
24.069 0.2264 0.0898 0.9775
24.108 0.2331 0.0884 0.9432
24.149 0.2340 0.0947 0.9389
24.189 0.2331 0.0961 0.9209
24.228 0.2311 0.0956 0.9090
24.268 0.2260 0.0946 0.9074
24.309 0.2222 0.0969 0.9551
24.349 0.2179 0.0932 0.9227
24.390 0.2145 0.0958 0.9343
24.429 0.2082 0.0947 0.9300
24.467 0.2051 0.0943 0.9225
24.510 0.2027 0.0930 0.9002
24.550 0.2033 0.0929 0.9078
24.590 0.2020 0.0944 0.9298
24.630 0.1991 0.0948 0.9724
24.667 0.1959 0.0955 0.9421
24.711 0.1964 0.0932 0.9405
24.751 0.1980 0.0933 0.9249
24.791 0.1977 0.0953 0.9411
24.831 0.1995 0.0969 0.9643
24.871 0.1953 0.0957 0.9609
24.912 0.1942 0.0938 0.9500
24.952 0.1952 0.0956 0.9513
24.992 0.1955 0.0953 0.9615
25.032 0.1986 0.0944 0.9855
25.072 0.1999 0.0916 0.9671
25.111 0.1990 0.0950 0.9624
25.153 0.2040 0.0940 0.9688
25.193 0.2064 0.0931 0.9551
25.233 0.2116 0.0938 0.9672
25.272 0.2176 0.0977 0.9690
25.310 0.2200 0.0990 0.9283
25.353 0.2246 0.0984 0.9464
25.394 0.2278 0.0919 0.9400
25.434 0.2313 0.0911 0.9071
25.473 0.2372 0.0960 0.9142
25.510 0.2369 0.0982 0.9198
25.555 0.2340 0.0972 0.9035
25.594 0.2326 0.0935 0.9285
25.634 0.2300 0.0906 0.9249
25.674 0.2277 0.0913 0.9138
25.714 0.2242 0.0958 0.9297
25.755 0.2244 0.0965 0.9585
25.795 0.2268 0.0948 0.9417
25.835 0.2262 0.0936 0.9421
25.875 0.2320 0.0891 0.9587
25.915 0.2326 0.0943 0.9535
25.955 0.2281 0.0918 0.9794
25.996 0.2296 0.0875 0.9454
26.036 0.2254 0.0918 0.9489
26.077 0.2287 0.0870 0.9301
26.116 0.2340 0.0859 0.9434
26.154 0.2411 0.0930 0.9396
26.198 0.2447 0.0941 0.9929
26.237 0.2434 0.0952 0.9233
26.277 0.2448 0.0938 0.9282
26.317 0.2501 0.0884 0.9805
26.353 0.2515 0.0914 0.9377
26.398 0.2577 0.0943 0.9340
26.438 0.2659 0.0924 0.9448
26.478 0.2690 0.0902 0.9371
26.518 0.2744 0.0897 0.9254
26.557 0.2760 0.0889 0.9360
26.599 0.2758 0.0945 0.9745
26.638 0.2734 0.0958 0.9423
26.678 0.2689 0.0894 0.9327
26.718 0.2663 0.0884 0.9246
26.758 0.2617 0.0907 0.9226
26.798 0.2511 0.0899 0.9511
26.839 0.2426 0.0951 0.9372
26.879 0.2312 0.0923 0.9465
26.919 0.2213 0.0912 0.9360
26.959 0.2187 0.0873 0.9456
26.997 0.2116 0.0889 0.9186
27.040 0.2076 0.0888 0.9433
27.081 0.2042 0.0923 0.9628
27.121 0.1971 0.0930 0.9476
27.161 0.1938 0.0928 0.9440
27.198 0.1912 0.0881 0.9587
27.242 0.1895 0.0909 0.9326
27.281 0.1934 0.0883 0.9426
27.321 0.1961 0.0903 0.9532
27.361 0.1983 0.0889 0.9608
27.401 0.2032 0.0900 0.9420
27.442 0.1980 0.0891 0.9616
27.482 0.1987 0.0889 0.9693
27.522 0.2016 0.0882 0.9385
27.562 0.2025 0.0928 0.9307
27.602 0.2034 0.0912 0.9515
27.641 0.2028 0.0896 0.9093
27.682 0.2071 0.0860 0.9450
27.723 0.2105 0.0883 0.9222
27.763 0.2071 0.0892 0.9198
27.802 0.2115 0.0886 0.9337
27.840 0.2093 0.0874 0.9226
27.884 0.2059 0.0864 0.9167
27.923 0.2059 0.0883 0.9205
27.963 0.2050 0.0913 0.9366
28.014 0.2057 0.0921 0.9302
28.040 0.2032 0.0900 0.9305
28.085 0.2074 0.0893 0.9295
28.124 0.2129 0.0910 0.9235
28.165 0.2160 0.0925 0.9208
28.205 0.2181 0.0938 0.9738
28.245 0.2239 0.0925 0.9615
28.286 0.2229 0.0877 0.9571
28.325 0.2274 0.0881 0.9349
28.366 0.2282 0.0870 0.9669
28.406 0.2303 0.0910 0.9359
28.445 0.2365 0.0901 0.9454
28.485 0.2373 0.0898 0.9432
28.526 0.2475 0.0910 0.9432
28.567 0.2563 0.0882 0.9355
28.606 0.2637 0.0902 0.9402
28.646 0.2679 0.0925 0.9325
28.684 0.2695 0.0943 0.9209
28.728 0.2714 0.0891 0.9463
28.767 0.2717 0.0912 0.9127
28.807 0.2713 0.0894 0.9592
28.847 0.2708 0.0912 0.9266
28.884 0.2709 0.0945 0.8872
28.928 0.2694 0.0919 0.9327
28.968 0.2626 0.0949 0.8788
29.008 0.2547 0.0957 0.9106
29.048 0.2446 0.0971 0.9443
29.087 0.2348 0.0967 0.9641
29.128 0.2235 0.0946 0.9471
29.168 0.2196 0.0935 0.8969
29.209 0.2119 0.0924 0.9255
29.249 0.2073 0.0921 0.9605
29.289 0.1999 0.0963 0.9565
29.329 0.1972 0.0972 0.9606
29.370 0.1957 0.0952 0.9566
29.410 0.1916 0.0938 0.9413
29.450 0.1902 0.0907 0.9269
29.490 0.1942 0.0924 0.9709
29.528 0.1948 0.0954 0.9304
29.571 0.1934 0.0954 0.9141
29.611 0.1958 0.0929 0.9650
29.651 0.1957 0.0932 0.9673
29.691 0.1950 0.0924 0.9615
29.728 0.1963 0.0920 0.9884
29.772 0.2001 0.0957 0.9386
29.811 0.2035 0.0954 0.9327
29.852 0.2065 0.0932 0.9327
29.891 0.2102 0.0914 0.9726
29.931 0.2165 0.0937 0.8896
29.972 0.2137 0.0921 0.8686
30.012 0.2091 0.0952 0.9297
30.052 0.2109 0.0921 0.9079
30.092 0.2120 0.0935 0.8975
30.131 0.2083 0.0912 0.9177
30.171 0.2088 0.0909 0.9421
30.213 0.2102 0.0939 0.9672
30.253 0.2075 0.0908 0.9389
30.293 0.2065 0.0901 0.9376
30.332 0.2053 0.0881 0.9313
30.371 0.2002 0.0886 0.9582
30.415 0.1963 0.0990 0.9479
30.455 0.1960 0.0939 0.9603
30.495 0.1994 0.0949 0.9472
30.534 0.2017 0.0959 0.9548
30.571 0.2013 0.0929 0.9126
30.615 0.2033 0.0952 0.9771
30.655 0.2077 0.0948 0.9532
30.695 0.2059 0.0925 0.9544
30.735 0.2072 0.0925 0.9553
30.775 0.2144 0.0939 0.9422
30.816 0.2148 0.0928 0.9632
30.855 0.2202 0.0951 0.9542
30.896 0.2237 0.0946 0.9292
30.936 0.2240 0.0952 0.9759
30.975 0.2294 0.0938 0.9414
31.015 0.2288 0.0939 0.9491
31.056 0.2301 0.0960 0.9491
31.096 0.2324 0.0972 0.9517
31.137 0.2299 0.0937 0.9638
31.176 0.2278 0.0926 0.9575
31.214 0.2280 0.0925 0.9210
31.258 0.2216 0.0943 0.9736
31.297 0.2214 0.0978 0.9309
31.337 0.2176 0.0985 0.9210
31.377 0.2136 0.0976 0.9307
31.415 0.2157 0.0979 0.9368
31.458 0.2076 0.0958 0.9307
31.498 0.2085 0.0950 0.9533
31.539 0.2059 0.0957 0.9102
31.578 0.2047 0.0948 0.9456
31.618 0.2006 0.0943 0.9226
31.659 0.2015 0.0918 0.9299
31.699 0.2048 0.0931 0.9581
31.739 0.2032 0.0939 0.9179
31.779 0.2006 0.0946 0.9648
31.819 0.1976 0.0963 0.9175
31.858 0.1979 0.0920 0.9770
31.900 0.1899 0.0951 0.9466
31.940 0.1895 0.0958 0.9737
31.980 0.1887 0.0987 0.9722
32.020 0.1907 0.0941 0.9338
32.057 0.1887 0.0943 0.9286
32.101 0.1921 0.0905 0.9405
32.141 0.1937 0.0901 0.9650
32.181 0.1939 0.0947 0.9762
32.220 0.1953 0.0935 0.9560
32.257 0.1972 0.0941 0.9689
32.302 0.2031 0.0942 0.9442
32.341 0.2084 0.0929 0.9146
32.381 0.2146 0.0939 0.9298
32.421 0.2168 0.0948 0.8920
32.461 0.2196 0.0930 0.9024
32.502 0.2147 0.0940 0.9219
32.542 0.2152 0.0922 0.9249
32.582 0.2105 0.0916 0.9239
32.623 0.2097 0.0942 0.9245
32.663 0.2018 0.0946 0.9377
32.702 0.1984 0.0984 0.9290
32.743 0.1940 0.0929 0.9053
32.784 0.1933 0.0920 0.9498
32.824 0.1915 0.0912 0.9354
32.863 0.1936 0.0988 0.9598
32.901 0.1965 0.0957 0.9268
32.945 0.1977 0.0927 0.9303
32.985 0.2000 0.0901 0.9640
33.024 0.2016 0.0908 0.9239
33.064 0.2068 0.0955 0.9587
33.101 0.2066 0.0955 0.9832
33.145 0.2153 0.0961 0.9121
33.185 0.2236 0.0972 0.9119
33.225 0.2351 0.0945 0.9693
33.265 0.2381 0.0971 0.9505
33.305 0.2414 0.0961 0.9517
33.345 0.2425 0.0969 0.9421
33.385 0.2451 0.0926 0.9356
33.426 0.2449 0.0920 0.9491
33.466 0.2445 0.0883 0.9585
33.505 0.2470 0.0904 0.9088
33.545 0.2455 0.0945 0.9415
33.586 0.2454 0.0872 0.9262
33.626 0.2450 0.0848 0.8948
33.666 0.2381 0.0829 0.9308
33.715 0.2258 0.0834 0.9412
33.744 0.2197 0.0869 0.9309
33.788 0.2114 0.0876 0.9126
33.828 0.2044 0.0882 0.9228
33.868 0.1980 0.0901 0.9283
33.908 0.1921 0.0869 0.9507
33.945 0.1910 0.0889 0.9644
33.989 0.1886 0.0911 0.9862
34.028 0.1883 0.0931 0.9292
34.069 0.1869 0.0915 0.9239
34.108 0.1827 0.0910 0.9292
34.148 0.1809 0.0932 0.9230
34.189 0.1804 0.0931 0.9844
34.229 0.1836 0.0957 0.9325
34.269 0.1893 0.0918 0.9547
34.309 0.1927 0.0938 0.9580
34.348 0.1973 0.0911 0.9340
34.388 0.1992 0.0911 0.9480
34.430 0.2013 0.0958 0.9618
34.470 0.2053 0.0960 0.9370
34.510 0.2038 0.0912 0.9470
34.549 0.2054 0.0917 0.9388
34.586 0.2106 0.0920 0.9271
34.631 0.2170 0.0941 0.9196
34.670 0.2202 0.0937 0.9536
34.710 0.2226 0.0922 0.9195
34.750 0.2198 0.0908 0.9055
34.788 0.2199 0.0907 0.9277
34.832 0.2136 0.0928 0.9352
34.872 0.2121 0.0940 0.9302
34.912 0.2106 0.0930 0.9290
34.952 0.2094 0.0931 0.9385
34.992 0.2095 0.0918 0.9335
35.033 0.2142 0.0914 0.9286
35.072 0.2137 0.0947 0.9269
35.113 0.2105 0.0930 0.9228
35.153 0.2112 0.0930 0.9164
35.192 0.2130 0.0896 0.9566
35.232 0.2192 0.0881 0.9259
35.273 0.2266 0.0862 0.9145
35.313 0.2307 0.0928 0.9262
35.353 0.2333 0.0898 0.9448
35.393 0.2380 0.0872 0.9583
35.430 0.2393 0.0866 0.9754
35.475 0.2468 0.0834 0.9197
35.514 0.2522 0.0853 0.9511
35.554 0.2519 0.0855 1.0046
35.594 0.2588 0.0864 0.9685
35.631 0.2614 0.0889 0.9275
35.675 0.2651 0.0861 0.9273
35.714 0.2656 0.0859 0.9348
35.755 0.2615 0.0895 0.9328
35.794 0.2562 0.0894 0.9171
35.835 0.2520 0.0878 0.9177
35.875 0.2479 0.0893 0.9183
35.915 0.2465 0.0907 0.9447
35.956 0.2417 0.0871 0.9322
35.997 0.2293 0.0893 0.9471
36.036 0.2261 0.0872 0.9111
36.076 0.2177 0.0871 0.8931
36.117 0.2131 0.0848 0.9073
36.157 0.2057 0.0879 0.9239
36.197 0.2003 0.0940 0.9432
36.237 0.1960 0.0915 0.9529
36.274 0.1912 0.0882 0.9283
36.318 0.1914 0.0848 0.9589
36.357 0.1922 0.0894 0.8945
36.398 0.1923 0.0893 0.9257
36.437 0.1916 0.0931 0.9598
36.474 0.1955 0.0919 0.9590
36.519 0.1929 0.0901 0.9818
36.558 0.1902 0.0895 0.9311
36.598 0.1912 0.0904 0.9581
36.638 0.1918 0.0913 0.9249
36.678 0.1965 0.0923 0.9597
36.742 0.2073 0.0953 0.9159
36.799 0.2186 0.0958 0.9155
36.839 0.2188 0.0962 0.9129
36.879 0.2216 0.0967 0.9449
36.918 0.2242 0.0964 0.9244
36.958 0.2224 0.0940 0.8942
36.999 0.2229 0.0936 0.8995
37.040 0.2313 0.0922 0.8736
37.080 0.2367 0.0953 0.8892
37.120 0.2382 0.0960 0.8875
37.158 0.2352 0.0929 0.9010
37.202 0.2289 0.0919 0.8867
37.241 0.2271 0.0878 0.9355
37.281 0.2204 0.0886 0.9476
37.346 0.2203 0.0945 0.9285
37.398 0.2140 0.0955 0.9694
37.442 0.2174 0.0914 0.9832
37.482 0.2197 0.0969 0.9764
37.522 0.2176 0.0964 0.9350
37.562 0.2172 0.0944 0.9467
37.602 0.2133 0.0941 0.9489
37.656 0.2164 0.0895 0.9812
37.682 0.2186 0.0886 0.9578
37.723 0.2197 0.0923 0.9898
37.763 0.2209 0.0920 0.9576
37.802 0.2188 0.0932 0.9475
37.841 0.2171 0.0893 0.9501
37.883 0.2169 0.0894 0.9940
37.923 0.2156 0.0914 0.9471
37.963 0.2137 0.0949 0.9293
38.003 0.2165 0.0948 0.9119
38.040 0.2113 0.0942 0.9185
38.085 0.2092 0.0930 0.9196
38.124 0.2098 0.0928 0.9325
38.165 0.2085 0.0927 0.9192
38.204 0.2037 0.0904 0.9177
38.241 0.1998 0.0912 0.9239
38.286 0.2015 0.0902 0.9274
38.325 0.2030 0.0923 0.9213
38.365 0.2038 0.0911 0.9237
38.405 0.2030 0.0955 0.9227
38.445 0.1988 0.0949 0.9431
38.486 0.1896 0.0936 0.9520
38.526 0.1914 0.0912 0.9454
38.566 0.1934 0.0912 0.8891
38.606 0.1902 0.0926 0.9508
38.645 0.1861 0.0923 0.9491
38.685 0.1831 0.0923 0.9605
38.726 0.1852 0.0894 0.9002
38.767 0.1800 0.0921 0.9652
38.807 0.1797 0.0917 0.9502
38.846 0.1805 0.0956 0.9292
38.884 0.1836 0.0955 0.9414
38.928 0.1833 0.0944 0.9642
38.967 0.1893 0.0919 0.9515
39.007 0.1884 0.0905 0.9742
39.047 0.1877 0.0940 0.9053
39.084 0.1871 0.0981 0.8915
39.128 0.1878 0.0975 0.9393
39.168 0.1897 0.0915 0.9651
39.208 0.1883 0.0924 0.9070
39.249 0.1860 0.0952 0.9459
39.289 0.1796 0.0946 0.9613
39.330 0.1783 0.0957 0.9419
39.369 0.1739 0.0935 0.9394
39.410 0.1720 0.0953 0.9251
39.450 0.1673 0.0927 0.9301
39.489 0.1719 0.0925 0.9168
39.529 0.1671 0.0940 0.9359
39.570 0.1674 0.0912 0.9145
39.610 0.1720 0.0915 0.9382
39.650 0.1729 0.0894 0.9339
39.690 0.1709 0.0901 0.9197
39.727 0.1703 0.0922 0.9182
39.772 0.1767 0.0938 0.9428
39.811 0.1813 0.0912 0.9353
39.851 0.1829 0.0916 0.9528
39.891 0.1847 0.0915 0.9363
39.928 0.1898 0.0927 0.9475
39.972 0.1898 0.0915 0.9439
40.012 0.1919 0.0929 0.9371
40.052 0.1970 0.0948 0.9608
40.092 0.1990 0.0892 0.9748
40.131 0.2007 0.0862 0.9685
40.172 0.2061 0.0895 0.9209
40.212 0.2160 0.0932 0.9641
40.252 0.2219 0.0963 0.9398
40.292 0.2205 0.0950 0.9603
40.332 0.2234 0.0931 0.9559
40.372 0.2262 0.0938 0.9630
40.413 0.2289 0.0925 0.9759
40.454 0.2294 0.0973 0.9155
40.494 0.2382 0.0942 0.8961
40.534 0.2413 0.0935 0.9566
40.571 0.2471 0.0941 0.9343
40.615 0.2559 0.0910 0.9259
40.655 0.2581 0.0915 0.9562
40.695 0.2560 0.0908 0.9439
40.734 0.2526 0.0880 0.9576
40.773 0.2546 0.0907 0.9522
40.816 0.2553 0.0914 0.9211
40.855 0.2515 0.0925 0.9211
40.895 0.2502 0.0924 0.9281
40.935 0.2514 0.0909 0.8969
40.975 0.2469 0.0907 0.9109
41.016 0.2463 0.0911 0.9371
41.056 0.2381 0.0904 0.9346
41.096 0.2257 0.0957 0.9469
41.136 0.2153 0.0887 0.9701
41.175 0.2100 0.0914 0.9546
41.215 0.2044 0.0877 0.9389
41.257 0.2010 0.0941 0.9468
41.297 0.1939 0.0962 0.9282
41.337 0.1921 0.0941 0.9389
41.376 0.1902 0.0928 0.9734
41.414 0.1906 0.0898 1.0072
41.458 0.1867 0.0902 0.9323
41.498 0.1858 0.0900 0.9774
41.539 0.1842 0.0897 0.9475
41.578 0.1876 0.0903 0.9539
41.615 0.1957 0.0888 0.9381
41.659 0.1998 0.0908 0.9692
41.699 0.2057 0.0923 0.9044
41.739 0.2107 0.0920 0.9461
41.779 0.2179 0.0915 0.9019
41.819 0.2222 0.0926 0.9217
41.859 0.2261 0.0919 0.9177
41.899 0.2221 0.0918 0.9113
41.940 0.2206 0.0932 0.9220
41.980 0.2158 0.0911 0.9267
42.019 0.2166 0.0917 0.9215
42.059 0.2135 0.0927 0.9547
42.100 0.2059 0.0933 0.8819
42.140 0.1973 0.0947 0.9121
42.180 0.1938 0.0938 0.9546
42.220 0.1927 0.0937 0.9435
42.257 0.1850 0.0941 0.9588
42.301 0.1818 0.0946 0.9176
42.341 0.1794 0.0917 0.9190
42.381 0.1786 0.0952 0.9083
42.421 0.1779 0.0952 0.9208
42.458 0.1763 0.0910 0.9565
42.502 0.1743 0.0888 0.9383
42.541 0.1708 0.0916 0.9432
42.582 0.1687 0.0912 0.9266
42.623 0.1696 0.0905 0.9025
42.666 0.1717 0.0902 0.9025
42.703 0.1673 0.0899 0.9669
42.743 0.1694 0.0893 0.9626
42.783 0.1662 0.0877 0.9520
42.823 0.1646 0.0880 0.9377
42.862 0.1651 0.0893 0.9230
42.902 0.1641 0.0864 0.9398
42.943 0.1660 0.0838 0.9423
42.984 0.1687 0.0857 0.9457
43.024 0.1780 0.0845 0.9328
43.064 0.1870 0.0854 0.9205
43.101 0.1974 0.0854 0.9145
43.145 0.2024 0.0856 0.9076
43.184 0.2073 0.0841 0.9139
43.224 0.2117 0.0830 0.9457
43.264 0.2161 0.0865 0.9317
43.301 0.2213 0.0902 0.8875
43.345 0.2247 0.0901 0.9323
43.385 0.2275 0.0923 0.9424
43.425 0.2290 0.0879 0.8642
43.465 0.2301 0.0919 0.9223
43.505 0.2247 0.0921 0.9204
43.546 0.2217 0.0876 0.9372
43.585 0.2156 0.0880 0.9682
43.626 0.2133 0.0895 0.9347
43.666 0.2092 0.0894 0.9269
43.706 0.2065 0.0949 0.9060
43.746 0.2043 0.0943 0.9373
43.787 0.2056 0.0947 0.9342
43.827 0.2042 0.0887 0.9579
43.867 0.2028 0.0915 0.9428
43.907 0.2037 0.0875 0.9132
43.944 0.2045 0.1038 0.8961
43.988 0.2065 0.0938 0.9732
44.028 0.2063 0.0901 0.9709
44.068 0.2022 0.0896 0.9069
44.108 0.2035 0.0956 0.9158
44.145 0.2052 0.0915 0.9169
44.189 0.2069 0.0938 0.9229
44.229 0.2077 0.0901 0.9417
44.269 0.2001 0.0904 0.9072
44.309 0.1994 0.0978 0.9548
44.349 0.2012 0.0917 0.9495
44.389 0.2007 0.0936 0.9204
44.429 0.2020 0.0984 0.9410
44.470 0.2047 0.0947 0.9271
44.510 0.2084 0.0906 0.9314
44.549 0.2168 0.0878 0.9234
44.588 0.2163 0.0900 0.8892
44.630 0.2186 0.0910 0.9370
44.670 0.2187 0.0866 0.9458
44.710 0.2187 0.0808 0.9093
44.750 0.2216 0.0825 0.9161
44.788 0.2209 0.0788 0.8942
44.832 0.2174 0.0807 0.9582
44.872 0.2161 0.0819 0.9647
44.912 0.2135 0.0824 0.9431
44.951 0.2098 0.0822 0.9560
44.989 0.2060 0.0836 0.8976
45.033 0.1982 0.0836 0.9507
45.072 0.1919 0.0847 0.9694
45.112 0.1873 0.0876 0.9348
45.152 0.1817 0.0821 0.9387
45.192 0.1757 0.0812 0.9402
45.233 0.1739 0.0841 0.9816
45.273 0.1715 0.0823 0.9578
45.313 0.1691 0.0846 0.9625
45.353 0.1672 0.0840 0.9271
45.393 0.1676 0.0863 0.9549
45.432 0.1677 0.0906 0.9126
45.477 0.1678 0.0943 0.9116
45.514 0.1631 0.0952 0.9209
45.554 0.1656 0.0943 0.9141
45.594 0.1664 0.0934 0.8957
45.631 0.1637 0.0923 0.9124
45.675 0.1664 0.0902 0.9114
45.714 0.1681 0.0959 0.8942
45.755 0.1696 0.0939 0.8793
45.795 0.1736 0.0942 0.8969
45.832 0.1779 0.0920 0.8453
45.875 0.1829 0.0888 0.8810
45.915 0.1899 0.0909 0.9119
45.956 0.1916 0.0918 0.8709
45.996 0.1992 0.0912 0.8803
46.036 0.2037 0.0855 0.9159
46.077 0.2053 0.0959 0.8667
46.117 0.2145 0.0856 0.8647
46.157 0.2233 0.0892 0.8891
46.197 0.2289 0.0876 0.9063
46.236 0.2378 0.0863 0.8979
46.276 0.2419 0.0840 0.9025
46.317 0.2463 0.0823 0.9327
46.357 0.2476 0.0812 0.8723
46.397 0.2487 0.0889 0.9304
46.437 0.2553 0.0845 0.9349
46.474 0.2560 0.0831 0.9287
46.518 0.2578 0.0852 0.9205
46.558 0.2687 0.0869 0.9407
46.598 0.2718 0.0894 0.9353
46.638 0.2673 0.0895 0.9636
46.675 0.2652 0.0836 0.9191
46.719 0.2588 0.0828 0.9185
46.759 0.2542 0.0831 0.9096
46.799 0.2523 0.0847 0.9178
46.839 0.2511 0.0868 0.8945
46.879 0.2452 0.0835 0.9279
46.919 0.2346 0.0834 0.9009
46.959 0.2303 0.0850 0.9042
47.000 0.2261 0.0841 0.9045
47.040 0.2160 0.0897 0.9098
47.080 0.2048 0.0898 0.9339
47.119 0.1974 0.0890 0.8999
47.161 0.1933 0.0856 0.9217
47.201 0.1902 0.0952 0.9255
47.241 0.1920 0.0952 0.8759
47.281 0.1915 0.0903 0.8863
47.318 0.1858 0.0893 0.8977
47.362 0.1852 0.0905 0.8969
47.402 0.1871 0.0870 0.9179
47.442 0.1881 0.0885 0.9363
47.482 0.1899 0.0891 0.8912
47.518 0.1903 0.0942 0.9257
47.563 0.1916 0.0886 0.9278
47.603 0.1967 0.0883 0.9126
47.643 0.1987 0.0851 0.9528
47.682 0.2030 0.0856 0.9294
47.722 0.2014 0.0868 0.9149
47.763 0.1982 0.0866 0.9381
47.803 0.2032 0.0844 0.9069
47.843 0.2049 0.0869 0.9262
47.883 0.2056 0.0870 0.9358
47.922 0.2008 0.0900 0.9043
47.962 0.1936 0.0877 0.9274
48.003 0.1889 0.0878 0.9573
48.044 0.1865 0.0883 0.9607
48.084 0.1861 0.0870 0.9615
48.124 0.1906 0.0883 0.9573
48.162 0.1874 0.0903 0.9370
48.206 0.1889 0.0921 0.9799
48.245 0.1918 0.0933 0.9322
48.285 0.1890 0.0901 0.9317
48.325 0.1895 0.0908 0.9435
48.363 0.1898 0.0930 0.9472
48.406 0.1951 0.0895 0.9616
48.446 0.2016 0.0900 0.9438
48.486 0.2092 0.0891 0.9429
48.526 0.2168 0.0892 0.9239
48.566 0.2187 0.0883 0.9633
48.607 0.2177 0.0889 0.9696
48.646 0.2227 0.0933 0.9305
48.687 0.2280 0.0937 0.9393
48.727 0.2279 0.0933 0.9223
48.766 0.2317 0.0954 0.9082
48.806 0.2363 0.0950 0.9281
48.847 0.2366 0.0971 0.9491
48.887 0.2326 0.0982 0.8942
48.928 0.2356 0.0971 0.9495
48.967 0.2389 0.0924 0.9185
49.005 0.2364 0.0958 0.9167
49.049 0.2366 0.0955 0.9483
49.088 0.2345 0.0958 0.9021
49.128 0.2298 0.0938 0.9317
49.168 0.2227 0.0939 0.9641
49.206 0.2193 0.0931 0.9285
49.249 0.2252 0.0935 0.9313
49.290 0.2205 0.0999 0.9307
49.330 0.2167 0.0951 0.9063
49.369 0.2166 0.0936 0.9283
49.409 0.2152 0.0948 0.9505
49.467 0.2064 0.0922 0.8902
49.490 0.2052 0.0963 0.9411
49.530 0.2019 0.0941 0.9572
49.570 0.1983 0.0943 0.9313
49.609 0.1959 0.0912 0.9059
49.649 0.1972 0.0934 0.9627
49.690 0.1965 0.0913 0.9548
49.731 0.1929 0.0912 0.9575
49.771 0.1864 0.0923 0.9350
49.810 0.1830 0.0901 0.9275
49.848 0.1816 0.0906 0.9367
49.892 0.1797 0.0914 0.9606
49.931 0.1792 0.0939 0.9680
49.972 0.1819 0.0904 0.9889
50.011 0.1838 0.0954 0.9423
50.048 0.1826 0.0942 0.9446
50.092 0.1847 0.0917 0.9251
50.132 0.1834 0.0949 0.9566
50.172 0.1814 0.0942 0.9434
50.212 0.1786 0.0945 0.9463
50.252 0.1823 0.0914 0.9157
50.293 0.1829 0.0929 0.9186
50.333 0.1851 0.0924 0.9405
50.374 0.1852 0.0926 0.9300
50.414 0.1847 0.0941 0.9076
50.453 0.1805 0.0943 0.9485
50.493 0.1743 0.0898 0.9260
50.534 0.1784 0.0920 0.9077
50.574 0.1834 0.0930 0.9528
50.615 0.1853 0.0899 0.9620
50.654 0.1900 0.0923 0.9499
50.692 0.1930 0.0915 0.9205
50.736 0.1935 0.0900 0.9269
50.775 0.1979 0.0896 0.9337
50.815 0.2008 0.0909 0.9326
50.855 0.2031 0.0932 0.9382
50.892 0.2087 0.0936 0.9579
50.936 0.2163 0.0891 0.9799
50.976 0.2266 0.0877 0.9722
51.016 0.2327 0.0878 0.9640
51.056 0.2328 0.0920 0.9738
51.096 0.2343 0.0903 0.9604
51.136 0.2346 0.0892 0.9561
51.176 0.2371 0.0863 0.9944
51.217 0.2440 0.0897 0.9492
51.256 0.2478 0.0926 0.9102
51.296 0.2517 0.0869 0.9813
51.336 0.2579 0.0888 0.9606
51.377 0.2559 0.0849 0.9499
51.417 0.2549 0.0896 0.9271
51.457 0.2536 0.0889 0.9266
51.498 0.2527 0.0926 0.9534
51.535 0.2482 0.0931 0.9146
51.579 0.2466 0.0912 0.9513
51.618 0.2450 0.0919 0.9153
51.659 0.2446 0.0923 0.9236
51.698 0.2357 0.0925 0.9057
51.736 0.2324 0.0933 0.8916
51.780 0.2268 0.0930 0.9455
51.820 0.2180 0.0945 0.9365
51.860 0.2154 0.0938 0.9671
51.899 0.2152 0.0962 0.9551
51.940 0.2128 0.0968 0.9466
51.980 0.2070 0.0959 0.9672
52.020 0.2032 0.0977 0.9721
52.060 0.2022 0.0968 0.9697
52.100 0.2024 0.0945 0.9581
52.139 0.1955 0.0995 0.9497
52.179 0.1943 0.0987 0.9560
52.220 0.1904 0.0959 0.9466
52.261 0.1874 0.0924 0.9806
52.301 0.1840 0.0918 0.9521
52.340 0.1842 0.0910 0.9542
52.378 0.1816 0.0983 0.9592
52.422 0.1748 0.0934 0.9236
52.462 0.1698 0.0920 0.9726
52.502 0.1712 0.0905 1.0102
52.541 0.1776 0.0891 0.9524
52.579 0.1756 0.0924 0.9831
52.623 0.1783 0.0944 0.9586
52.663 0.1796 0.0943 0.9311
52.703 0.1830 0.0942 0.9476
52.743 0.1841 0.0922 0.9170
52.783 0.1851 0.0934 0.9463
52.824 0.1891 0.0950 0.9529
52.863 0.1866 0.0937 0.9467
52.904 0.1877 0.0943 0.9221
52.944 0.1911 0.0939 0.9262
52.983 0.1918 0.0911 0.9513
53.022 0.1829 0.0935 0.9486
53.064 0.1769 0.0956 0.9552
53.104 0.1723 0.0938 0.9295
53.144 0.1700 0.0936 0.9403
53.184 0.1664 0.0912 0.9705
53.222 0.1667 0.0920 0.9749
53.266 0.1734 0.0950 0.9592
53.305 0.1759 0.0934 0.9565
53.345 0.1820 0.0924 0.9501
53.385 0.1849 0.0900 0.9631
53.422 0.1888 0.0874 0.9519
53.466 0.1910 0.0932 0.9742
53.506 0.1983 0.0924 0.9472
53.546 0.2075 0.0902 0.9335
53.586 0.2132 0.0886 0.9579
53.626 0.2239 0.0912 0.9925
53.666 0.2382 0.0957 0.9745
53.707 0.2454 0.0959 0.9238
53.748 0.2481 0.0961 0.9339
53.787 0.2513 0.0906 0.9332
53.827 0.2531 0.0941 0.9502
53.866 0.2548 0.0949 0.9326
53.908 0.2578 0.0946 0.9672
53.948 0.2595 0.0987 0.9154
53.988 0.2615 0.0962 0.9295
54.028 0.2570 0.0918 0.9132
54.065 0.2578 0.0915 0.9133
54.109 0.2546 0.0930 0.9286
54.149 0.2445 0.0947 0.9379
54.189 0.2347 0.0967 0.9379
54.228 0.2289 0.0963 0.9305
54.266 0.2206 0.0975 0.9361
54.309 0.2104 0.0947 0.9193
54.349 0.2080 0.0938 0.9133
54.389 0.2067 0.0970 0.9281
54.429 0.2004 0.0956 0.9561
54.469 0.1903 0.0921 0.9350
54.510 0.1886 0.0895 0.9453
54.550 0.1837 0.0921 0.9672
54.590 0.1787 0.0962 0.9578
54.630 0.1807 0.0928 0.9847
54.669 0.1814 0.0946 0.9313
54.709 0.1728 0.0930 0.9767
54.750 0.1759 0.0956 0.9625
54.791 0.1743 0.0937 0.9516
54.832 0.1767 0.0978 0.9700
54.871 0.1749 0.0962 0.9586
54.909 0.1757 0.0929 0.9638
54.953 0.1846 0.0932 0.9179
54.992 0.1936 0.0938 0.9289
55.032 0.1994 0.0956 0.9638
55.072 0.2040 0.0925 0.9235
55.109 0.2099 0.0948 0.9388
55.153 0.2109 0.0961 0.8803
55.193 0.2234 0.0945 0.9216
55.233 0.2278 0.0936 0.9106
55.273 0.2282 0.0933 0.8890
55.313 0.2254 0.0958 0.9568
55.353 0.2239 0.0954 0.9026
55.394 0.2214 0.0941 0.8823
55.434 0.2227 0.0945 0.9076
55.473 0.2160 0.0975 0.9335
55.513 0.2105 0.1015 0.9395
55.553 0.2088 0.0958 0.9426
55.594 0.2029 0.0948 0.9404
55.634 0.2004 0.0949 0.9303
55.674 0.1943 0.0957 0.9500
55.714 0.1931 0.0979 0.9812
55.752 0.1952 0.0960 0.9435
55.796 0.1992 0.0969 0.9359
55.835 0.2014 0.0933 0.9846
55.875 0.2049 0.0902 0.9423
55.915 0.2064 0.0931 0.9439
55.953 0.2064 0.0951 0.9728
55.997 0.2082 0.0933 0.9563
56.036 0.2124 0.0902 0.9717
56.077 0.2143 0.0911 0.9975
56.116 0.2156 0.0913 0.9831
56.156 0.2171 0.0919 0.9371
56.197 0.2126 0.0911 0.9334
56.237 0.2099 0.0930 0.9459
56.277 0.2037 0.0906 0.9609
56.317 0.1962 0.0932 0.9055
56.357 0.1924 0.0964 0.9343
56.396 0.1821 0.0973 0.9718
56.437 0.1744 0.0965 0.9369
56.478 0.1666 0.0975 0.9173
56.518 0.1608 0.0966 0.9008
56.557 0.1551 0.0979 0.9099
56.595 0.1466 0.0979 0.9335
56.639 0.1389 0.0960 0.8995
56.679 0.1332 0.0956 0.8979
56.718 0.1266 0.0973 0.8979
56.758 0.1243 0.0949 0.9069
56.795 0.1239 0.0958 0.8744
56.840 0.1186 0.0958 0.8879
56.879 0.1144 0.0958 0.8803
56.919 0.1121 0.0942 0.9013
56.959 0.1128 0.0935 0.9203
56.999 0.1124 0.0942 0.8919
57.040 0.1097 0.0984 0.9089
57.080 0.1083 0.0989 0.9205
57.121 0.1051 0.0989 0.8957
57.161 0.1045 0.0910 0.9197
57.200 0.1070 0.0915 0.9081
57.240 0.1063 0.0929 0.9099
57.306 0.1018 0.0920 0.8564
57.361 0.1068 0.0941 0.8756
57.402 0.1105 0.0923 0.9097
57.441 0.1124 0.0938 0.8863
57.479 0.1144 0.0966 0.9155
57.523 0.1126 0.0962 0.9260
57.562 0.1100 0.0944 0.8847
57.602 0.1145 0.0951 0.9149
57.642 0.1195 0.0896 0.8931
57.679 0.1204 0.0929 0.9050
57.723 0.1217 0.0957 0.9005
57.763 0.1220 0.0944 0.9050
57.803 0.1259 0.0938 0.8804
57.843 0.1248 0.0919 0.8788
57.882 0.1275 0.0981 0.8988
57.923 0.1305 0.0975 0.9038
57.963 0.1288 0.1018 0.8970
58.003 0.1258 0.0996 0.8923
58.043 0.1287 0.0990 0.8861
58.083 0.1323 0.1001 0.8960
58.123 0.1342 0.0989 0.9248
58.165 0.1380 0.0987 0.9285
58.205 0.1451 0.0981 0.8991
58.245 0.1554 0.0960 0.9181
58.285 0.1634 0.0955 0.9073
58.322 0.1713 0.0956 0.8738
58.366 0.1743 0.0957 0.8529
58.406 0.1741 0.0975 0.8569
58.446 0.1753 0.0964 0.8930
58.485 0.1804 0.0949 0.8875
58.523 0.1845 0.0959 0.8666
58.566 0.1955 0.0943 0.8517
58.606 0.2004 0.0913 0.9163
58.646 0.2048 0.0935 0.9167
58.686 0.2034 0.0939 0.8971
58.726 0.2051 0.0920 0.9122
58.772 0.2028 0.0895 0.9141
58.807 0.2042 0.0955 0.9263
58.847 0.2057 0.0913 0.9347
58.887 0.2079 0.0938 0.9066
58.926 0.2149 0.0941 0.8999
58.966 0.2158 0.0943 0.9318
59.007 0.2209 0.0911 0.9328
59.048 0.2199 0.0940 0.9389
59.088 0.2147 0.0956 0.9187
59.127 0.2310 0.0947 0.9335
59.165 0.2403 0.0952 0.9457
59.209 0.2471 0.0909 0.9153
59.249 0.2486 0.0942 0.9252
59.289 0.2516 0.0957 0.9208
59.350 0.2527 0.0914 0.8865
59.366 0.2538 0.0951 0.9164
59.410 0.2488 0.0914 0.9187
59.450 0.2543 0.0902 0.9087
59.490 0.2541 0.0953 0.9335
59.530 0.2535 0.0936 0.9320
59.570 0.2558 0.0931 0.8949
59.610 0.2466 0.0926 0.8947
59.650 0.2338 0.0908 0.9128
59.691 0.2213 0.0914 0.9062
59.731 0.2161 0.0946 0.9542
59.770 0.2135 0.0952 0.9567
59.810 0.2083 0.0930 0.9049
59.851 0.2042 0.0912 0.9486
59.891 0.2054 0.0944 0.9265
59.931 0.2005 0.0946 0.9366
59.971 0.1983 0.0951 0.9465
60.009 0.1929 0.0942 0.9712
60.053 0.1867 0.0949 0.9315
60.092 0.1847 0.0928 0.9604
60.132 0.1835 0.0939 0.9616
60.172 0.1813 0.0947 0.9505
60.210 0.1813 0.0908 0.9290
60.253 0.1761 0.0912 0.9314
60.293 0.1755 0.0889 0.9362
60.333 0.1798 0.0898 0.9147
60.373 0.1830 0.0901 0.9489
60.413 0.1861 0.0891 0.9012
60.454 0.1890 0.0898 0.9428
60.494 0.1922 0.0900 0.8919
60.534 0.1953 0.0924 0.8766
60.574 0.2007 0.0916 0.9348
60.614 0.2027 0.0920 0.9400
60.653 0.2031 0.0923 0.9283
60.695 0.2062 0.0922 0.9671
60.735 0.2084 0.0917 0.9282
60.775 0.2104 0.0910 0.9316
60.815 0.2081 0.0923 0.9272
60.851 0.2017 0.0932 0.9312
60.896 0.1982 0.0940 0.9473
60.936 0.1908 0.0940 0.9605
60.976 0.1874 0.0945 0.9631
61.015 0.1814 0.0923 0.9261
61.052 0.1731 0.0955 0.9423
61.096 0.1591 0.0974 0.9565
61.136 0.1511 0.0955 0.9699
61.176 0.1413 0.0925 0.9508
61.216 0.1317 0.0906 0.9354
61.256 0.1212 0.0953 0.9489
61.297 0.1128 0.0937 0.9568
61.337 0.1090 0.0916 0.9568
61.377 0.1020 0.0915 0.9468
61.417 0.1019 0.0874 0.9548
61.457 0.1036 0.0869 0.9568
61.497 0.1069 0.0929 1.0136
61.538 0.1157 0.0912 0.9939
61.579 0.1253 0.0906 0.9581
61.619 0.1357 0.0900 0.9737
61.658 0.1397 0.0888 0.9461
61.695 0.1429 0.0889 0.9358
61.740 0.1471 0.0877 0.9443
61.779 0.1461 0.0864 0.9848
61.819 0.1456 0.0899 0.9423
61.859 0.1476 0.0931 0.9423
61.896 0.1498 0.0953 0.9562
61.940 0.1458 0.0954 0.9536
61.980 0.1444 0.0953 0.9380
62.020 0.1418 0.0940 0.9886
62.060 0.1365 0.0942 0.9341
62.100 0.1286 0.0930 0.9237
62.141 0.1266 0.0942 0.9217
62.180 0.1256 0.0960 0.9542
62.221 0.1263 0.0961 0.9335
62.260 0.1323 0.0977 0.9193
62.300 0.1324 0.0960 0.9425
62.339 0.1255 0.0962 0.9265
62.381 0.1286 0.0993 0.9423
62.421 0.1288 0.0986 0.9472
62.461 0.1258 0.1003 0.9635
62.501 0.1232 0.0987 0.9514
62.539 0.1238 0.0999 0.9015
62.582 0.1303 0.1000 0.8962
62.623 0.1361 0.1011 0.9212
62.663 0.1444 0.0955 0.9400
62.702 0.1513 0.0980 0.9400
62.740 0.1566 0.0967 0.9400
62.784 0.1653 0.0975 0.9533
62.823 0.1804 0.0977 0.9497
62.863 0.1876 0.0988 0.9219
62.903 0.1934 0.0942 0.9394
62.943 0.1973 0.0977 0.9384
62.984 0.2010 0.0951 0.9131
63.024 0.2035 0.0952 0.9283
63.064 0.2051 0.0963 0.9129
63.104 0.2037 0.0951 0.9784
63.143 0.1972 0.0962 0.9682
63.183 0.1964 0.0947 0.9125
63.224 0.1954 0.0936 0.9161
63.265 0.1883 0.0947 0.9856
63.332 0.1865 0.0930 0.9705
63.384 0.1793 0.0919 0.9660
63.422 0.1765 0.0920 0.9372
63.466 0.1754 0.0916 0.9503
63.505 0.1718 0.0947 0.9464
63.545 0.1704 0.0947 0.9425
63.585 0.1674 0.0917 0.9477
63.623 0.1698 0.0918 0.9602
63.666 0.1722 0.0940 0.9405
63.707 0.1699 0.0940 0.9117
63.747 0.1702 0.0943 0.9639
63.787 0.1673 0.0930 0.9509
63.827 0.1672 0.0923 0.9398
63.869 0.1625 0.0933 0.9312
63.907 0.1637 0.0926 0.9595
63.948 0.1646 0.0928 0.9342
63.988 0.1669 0.0938 0.9105
64.027 0.1688 0.0940 0.9364
64.067 0.1710 0.0906 0.9399
64.108 0.1761 0.0915 0.9351
64.149 0.1770 0.0936 0.9352
64.189 0.1815 0.0934 0.9690
64.228 0.1856 0.0892 0.9693
64.265 0.1887 0.0886 0.9878
64.309 0.1916 0.0886 0.9649
64.349 0.2027 0.0892 0.9203
64.389 0.2100 0.0893 0.9263
64.429 0.2117 0.0898 0.9410
64.466 0.2126 0.0920 0.9811
64.510 0.2161 0.0883 0.9912
64.550 0.2215 0.0873 0.9642
64.590 0.2232 0.0902 0.9825
64.630 0.2289 0.0930 0.9205
64.670 0.2319 0.0940 0.9155
64.711 0.2310 0.0927 0.9223
64.750 0.2309 0.0901 0.9598
64.790 0.2316 0.0929 0.9628
64.832 0.2271 0.0939 0.8938
64.871 0.2245 0.0917 0.8945
64.910 0.2216 0.0906 0.9423
64.952 0.2267 0.0942 0.8991
64.992 0.2296 0.0915 0.9204
65.032 0.2263 0.0949 0.9146
65.072 0.2239 0.0951 0.9124
65.109 0.2189 0.0955 0.9011
65.153 0.2133 0.0938 0.9381
65.193 0.2087 0.0936 0.9327
65.233 0.2109 0.0925 0.9305
65.273 0.2110 0.0978 0.9267
65.310 0.2111 0.0973 0.9296
65.354 0.2095 0.0950 0.9129
65.393 0.2124 0.0935 0.9323
65.433 0.2138 0.0945 0.9045
65.474 0.2107 0.0954 0.9180
65.513 0.2097 0.0965 0.9095
65.554 0.2084 0.0979 0.9288
65.594 0.2064 0.0907 0.9691
65.634 0.2049 0.0928 0.9555
65.674 0.2053 0.0916 0.9472
65.714 0.2026 0.0939 0.9152
65.753 0.1975 0.0960 0.9092
65.795 0.1947 0.0972 0.9161
65.835 0.1890 0.0959 0.9448
65.875 0.1855 0.0937 0.9410
65.915 0.1838 0.0955 0.9371
65.953 0.1813 0.0967 0.9415
65.997 0.1775 0.0972 0.9118
66.037 0.1740 0.0975 0.9237
66.077 0.1716 0.0959 0.9472
66.116 0.1718 0.0961 0.9003
66.153 0.1681 0.0963 0.9011
66.197 0.1654 0.0975 0.9320
66.237 0.1673 0.0916 0.9252
66.277 0.1676 0.0941 0.8853
66.317 0.1666 0.0949 0.9087
66.357 0.1693 0.0945 0.9199
66.398 0.1671 0.0950 0.9246
66.438 0.1685 0.0972 0.9152
66.478 0.1787 0.0953 0.9344
66.518 0.1848 0.0942 0.9233
66.557 0.1909 0.0925 0.8999
66.597 0.1936 0.0952 0.9115
66.638 0.2029 0.0950 0.8967
66.678 0.2091 0.0991 0.9221
66.718 0.2163 0.0957 0.9302
66.758 0.2181 0.0939 0.9151
66.796 0.2265 0.0915 0.9220
66.840 0.2378 0.0938 0.9179
66.879 0.2415 0.0956 0.9177
66.919 0.2514 0.0938 0.9465
66.959 0.2510 0.0925 0.9325
66.997 0.2514 0.0887 0.9551
67.040 0.2546 0.0887 0.9577
67.081 0.2618 0.0931 0.9391
67.121 0.2592 0.0940 0.9381
67.161 0.2591 0.0953 0.9343
67.201 0.2524 0.0931 0.9129
67.241 0.2506 0.0952 0.9025
67.281 0.2497 0.0940 0.9120
67.322 0.2430 0.0955 0.9233
67.362 0.2383 0.0972 0.9397
67.401 0.2317 0.0985 0.8912
67.440 0.2261 0.0975 0.9129
67.482 0.2233 0.0989 0.9251
67.522 0.2268 0.0949 0.9409
67.562 0.2190 0.0949 0.9656
67.602 0.2116 0.0960 0.9157
67.639 0.2074 0.0946 0.9409
67.683 0.2044 0.0908 0.9486
67.723 0.2072 0.0929 0.9296
67.787 0.2053 0.0987 0.9518
67.843 0.2022 0.0983 0.9120
67.880 0.2011 0.0990 0.9442
67.924 0.2033 0.0941 0.9864
67.964 0.2035 0.0972 0.9464
68.004 0.1933 0.0965 0.9211
68.043 0.1895 0.0932 0.9469
68.083 0.1964 0.0919 0.9402
68.124 0.1990 0.0914 0.9061
68.165 0.2033 0.0924 0.9501
68.205 0.2055 0.0952 0.9650
68.245 0.2049 0.0964 0.9267
68.285 0.2037 0.0959 0.9066
68.324 0.2053 0.0926 0.9105
68.365 0.2036 0.0947 0.9125
68.406 0.1987 0.0942 0.9207
68.446 0.1954 0.0960 0.9542
68.485 0.1967 0.0955 0.9244
68.523 0.1973 0.0947 0.9150
68.567 0.1951 0.0929 0.9456
68.607 0.1961 0.0941 0.9025
68.647 0.1938 0.0950 0.8959
68.686 0.1895 0.0936 0.8799
68.723 0.1875 0.0952 0.8930
68.768 0.1845 0.0924 0.9141
68.807 0.1840 0.0931 0.9131
68.847 0.1867 0.0950 0.9370
68.887 0.1935 0.0926 0.9352
68.927 0.2008 0.0942 0.9195
68.968 0.2081 0.0910 0.8986
69.008 0.2101 0.0897 0.9276
69.048 0.2104 0.0895 0.9448
69.088 0.2090 0.0895 0.9406
69.127 0.2110 0.0961 0.9238
69.167 0.2125 0.0922 0.9178
69.208 0.2116 0.0882 0.9684
69.249 0.2178 0.0871 0.9225
69.290 0.2238 0.0867 0.9072
69.329 0.2289 0.0903 0.9011
69.366 0.2316 0.0909 0.9711
69.411 0.2295 0.0908 0.9228
69.450 0.2264 0.0895 0.9170
69.490 0.2242 0.0899 0.9345
69.530 0.2284 0.0929 0.9127
69.567 0.2304 0.0961 0.9113
69.611 0.2305 0.0898 0.9382
69.651 0.2341 0.0895 0.9501
69.691 0.2395 0.0851 0.9097
69.731 0.2380 0.0903 0.9215
69.771 0.2363 0.0913 0.9147
69.812 0.2310 0.0940 0.8939
69.851 0.2272 0.1015 0.9315
69.892 0.2260 0.0966 0.9365
69.931 0.2226 0.1035 0.8945
69.971 0.2219 0.0990 0.9076
70.010 0.2149 0.0983 0.8959
70.052 0.2112 0.0958 0.9143
70.092 0.2076 0.0966 0.9532
70.132 0.2033 0.0971 0.9048
70.172 0.1952 0.0950 0.9087
70.209 0.1912 0.0940 0.9295
70.253 0.1902 0.1056 0.9334
70.293 0.1865 0.0980 0.9538
70.333 0.1867 0.1044 0.9098
70.373 0.1822 0.0970 0.9195
70.411 0.1804 0.0956 0.9749
70.455 0.1765 0.0987 0.9439
70.494 0.1780 0.0940 0.9738
70.535 0.1785 0.0938 0.9395
70.574 0.1804 0.0928 0.9036
70.614 0.1820 0.0919 0.8869
70.655 0.1852 0.0920 0.9323
70.695 0.1849 0.0916 0.9241
70.735 0.1795 0.0968 0.9291
70.775 0.1769 0.0971 0.9213
70.814 0.1832 0.0927 0.9233
70.861 0.1837 0.0977 0.9148
70.895 0.1847 0.1003 0.9246
70.936 0.1872 0.0996 0.9242
70.976 0.1866 0.1002 0.9137
71.036 0.1887 0.0979 0.8963
71.052 0.1903 0.1001 0.9192
71.096 0.1935 0.1003 0.9099
71.136 0.1935 0.1015 0.9059
71.176 0.1938 0.0975 0.8994
71.216 0.1953 0.0973 0.9086
71.253 0.1977 0.0954 0.8573
71.297 0.1978 0.0975 0.9182
71.337 0.1973 0.0986 0.9175
71.377 0.2001 0.0964 0.9226
71.417 0.2075 0.0958 0.9285
71.457 0.2142 0.0943 0.9285
71.498 0.2176 0.0959 0.9285
71.538 0.2182 0.0914 0.9413
71.579 0.2149 0.0914 0.9379
71.618 0.2131 0.0911 0.9511
71.658 0.2167 0.0893 0.9276
71.698 0.2241 0.0909 0.9359
71.739 0.2352 0.0962 0.9392
71.779 0.2415 0.0973 0.9217
71.819 0.2500 0.0935 0.9744
71.859 0.2559 0.0948 0.9467
71.896 0.2533 0.0918 0.9511
71.940 0.2490 0.0907 0.9499
71.980 0.2516 0.0975 0.9487
72.020 0.2499 0.0988 0.9089
72.060 0.2500 0.0983 0.9375
72.096 0.2475 0.0991 0.9297
72.141 0.2459 0.0963 0.9371
72.181 0.2420 0.0974 0.9297
72.221 0.2374 0.0996 0.9039
72.261 0.2335 0.1018 0.8827
72.300 0.2244 0.0966 0.8812
72.341 0.2164 0.0988 0.9167
72.381 0.2129 0.0958 0.9008
72.421 0.2114 0.1027 0.9397
72.461 0.2087 0.1035 0.8962
72.501 0.2076 0.1037 0.9445
72.540 0.2002 0.1026 0.9420
72.582 0.1995 0.1085 0.9218
72.623 0.1969 0.1004 0.9452
72.663 0.1915 0.0969 0.9228
72.702 0.1897 0.0951 0.9278
72.740 0.1833 0.0918 0.9636
72.784 0.1780 0.0929 0.9410
72.824 0.1775 0.0910 0.9328
72.863 0.1768 0.0943 0.9688
72.903 0.1753 0.0979 0.9560
72.941 0.1731 0.0934 0.9251
72.984 0.1712 0.0896 0.9448
73.024 0.1734 0.0917 0.9311
73.064 0.1771 0.0962 0.9378
73.104 0.1777 0.0986 0.9129
73.144 0.1848 0.0987 0.9559
73.185 0.1847 0.0971 0.9539
73.225 0.1914 0.0979 0.8979
73.265 0.2028 0.0960 0.9389
73.305 0.2078 0.0981 0.9569
73.344 0.2083 0.0986 0.9017
73.384 0.2062 0.0980 0.9450
73.425 0.2019 0.0963 0.9172
73.466 0.1983 0.0969 0.8980
73.505 0.2004 0.0958 0.9359
73.545 0.2000 0.0956 0.9342
73.582 0.1980 0.0979 0.9232
73.627 0.1932 0.0966 0.9627
73.666 0.1924 0.0924 0.9545
73.707 0.1905 0.0951 0.9593
73.747 0.1866 0.0945 0.9194
73.784 0.1829 0.0964 0.9598
73.828 0.1815 0.0959 0.9589
73.868 0.1826 0.0914 0.9484
73.908 0.1927 0.0932 0.9488
73.948 0.2008 0.0904 0.9531
73.988 0.2002 0.0952 0.9734
74.028 0.1994 0.0968 0.9577
74.068 0.2019 0.0959 0.9372
74.109 0.2055 0.0916 0.9551
74.148 0.2135 0.0916 0.9516
74.188 0.2159 0.0965 0.9536
74.227 0.2120 0.0959 0.9516
74.269 0.2109 0.0927 0.9589
74.309 0.2088 0.0970 0.9562
74.349 0.2093 0.0972 0.9489
74.389 0.2067 0.0943 0.9457
74.426 0.2045 0.0984 0.9586
74.470 0.2086 0.0995 0.9560
74.510 0.2142 0.0970 0.9441
74.550 0.2162 0.0953 0.9338
74.589 0.2186 0.0957 0.9059
74.626 0.2203 0.0986 0.9132
74.671 0.2183 0.1004 0.9934
74.710 0.2224 0.0980 0.9352
74.750 0.2213 0.0980 0.9001
74.790 0.2210 0.0949 0.9345
74.831 0.2188 0.0951 0.9087
74.872 0.2160 0.0987 0.9420
74.912 0.2117 0.0984 0.9126
74.952 0.2048 0.0970 0.9257
74.992 0.1959 0.0947 0.9644
75.031 0.1918 0.0952 0.9496
75.071 0.1896 0.0952 0.9404
75.112 0.1861 0.0982 0.9654
75.153 0.1813 0.0971 0.9496
75.193 0.1768 0.0958 0.9300
75.232 0.1775 0.0958 0.9395
75.270 0.1771 0.0944 0.9935
75.314 0.1786 0.0975 0.9273
75.353 0.1800 0.0973 0.9397
75.393 0.1795 0.0949 0.9391
75.433 0.1790 0.0966 0.9392
75.470 0.1806 0.0968 0.9662
75.514 0.1799 0.0938 0.9236
75.553 0.1789 0.0999 0.9288
75.594 0.1758 0.0965 0.9301
75.634 0.1726 0.0923 0.9828
75.674 0.1744 0.0916 0.9582
75.715 0.1752 0.0926 0.9149
75.754 0.1786 0.0966 0.9608
75.795 0.1802 0.0967 0.9277
75.835 0.1824 0.0940 0.9334
75.874 0.1817 0.0911 0.9617
75.915 0.1815 0.0915 0.9492
75.956 0.1818 0.0913 0.8966
75.996 0.1825 0.0929 0.9257
76.036 0.1810 0.0964 0.9269
76.076 0.1798 0.0890 0.9458
76.113 0.1811 0.0882 0.9458
76.157 0.1787 0.0918 0.9442
76.197 0.1741 0.0947 0.9443
76.237 0.1680 0.0957 0.9381
76.277 0.1640 0.0929 0.9623
76.314 0.1585 0.0929 0.9343
76.358 0.1585 0.0909 0.9255
76.397 0.1594 0.0924 0.9236
76.438 0.1605 0.0926 0.9541
76.477 0.1606 0.0913 0.9281
76.517 0.1632 0.0893 0.9337
76.558 0.1670 0.0868 0.9309
76.598 0.1715 0.0884 0.9559
76.638 0.1750 0.0882 0.9535
76.678 0.1819 0.0932 0.9730
76.718 0.1865 0.0915 0.9393
76.757 0.1890 0.0908 0.9209
76.799 0.1961 0.0907 0.9521
76.839 0.1999 0.0915 0.9371
76.879 0.2057 0.0945 0.9588
76.918 0.2070 0.0948 0.9400
76.957 0.2058 0.0949 0.9636
77.000 0.2064 0.0931 0.9497
77.040 0.2089 0.0923 0.9467
77.081 0.2105 0.0972 0.9674
77.120 0.2136 0.0978 0.9508
77.157 0.2141 0.1008 0.9497
77.202 0.2147 0.0964 0.9470
77.241 0.2170 0.0978 0.9341
77.281 0.2179 0.1004 0.9243
77.321 0.2196 0.1009 0.9020
77.361 0.2182 0.0991 0.9619
77.402 0.2177 0.0971 0.9230
77.442 0.2183 0.0973 0.8971
77.482 0.2199 0.0954 0.8901
77.522 0.2196 0.0963 0.9167
77.561 0.2165 0.0982 0.9137
77.601 0.2096 0.0936 0.9334
77.642 0.2050 0.0936 0.9192
77.683 0.2021 0.0974 0.9075
77.723 0.1988 0.0981 0.9357
77.762 0.2008 0.0991 0.9628
77.799 0.1986 0.0967 0.9459
77.844 0.1977 0.0960 0.9386
77.883 0.1981 0.0947 0.9576
77.923 0.2007 0.0961 0.9729
77.963 0.1997 0.0942 0.9470
78.000 0.1972 0.0950 0.9805
78.044 0.1914 0.0972 0.9565
78.084 0.1942 0.0971 0.9555
78.124 0.2003 0.0970 0.9187
78.165 0.2018 0.0960 0.9360
78.205 0.2069 0.0973 0.9632
78.245 0.2048 0.0928 0.9877
78.285 0.2116 0.0918 0.9355
78.326 0.2123 0.0894 0.9350
78.365 0.2124 0.0927 0.9256
78.405 0.2124 0.0928 0.9334
78.444 0.2141 0.0945 0.9208
78.486 0.2161 0.0961 0.9341
78.526 0.2195 0.0936 0.9649
78.566 0.2244 0.0927 0.9111
78.606 0.2211 0.0901 0.9381
78.644 0.2138 0.0910 0.9302
78.687 0.2093 0.0924 0.9140
78.727 0.2108 0.0909 0.9356
78.767 0.2042 0.0913 0.9312
78.806 0.2001 0.0900 0.9204
78.843 0.1970 0.0903 0.9381
78.888 0.1950 0.0908 0.9337
78.927 0.1946 0.0905 0.9509
78.968 0.1907 0.0911 0.9322
79.007 0.1906 0.0903 0.9535
79.047 0.1896 0.0920 0.9456
79.088 0.1901 0.0903 0.9547
79.128 0.1967 0.0919 0.9579
79.168 0.2026 0.0903 0.9579
79.208 0.2050 0.0897 0.9494
79.249 0.2077 0.0901 0.9361
79.288 0.2151 0.0863 0.9541
79.330 0.2240 0.0892 0.9480
79.370 0.2335 0.0887 0.9522
79.410 0.2365 0.0890 0.9294
79.449 0.2449 0.0860 0.9497
79.487 0.2487 0.0887 0.9836
79.531 0.2569 0.0938 0.9545
79.570 0.2600 0.0922 0.9202
79.610 0.2615 0.0904 0.9175
79.650 0.2629 0.0878 0.9335
79.687 0.2636 0.0887 0.9377
79.732 0.2613 0.0861 0.9223
79.771 0.2557 0.0897 0.9173
79.811 0.2518 0.0918 0.9187
79.851 0.2418 0.0896 0.9628
79.891 0.2385 0.0909 0.9651
79.932 0.2309 0.0893 0.9315
79.972 0.2271 0.0918 0.9523
80.012 0.2209 0.0937 0.9254
80.052 0.2108 0.0905 0.9357
80.091 0.2068 0.0884 0.9377
80.131 0.1999 0.0875 0.9188
80.172 0.1955 0.0882 0.9039
80.212 0.1920 0.0889 0.9325
80.253 0.1925 0.0900 0.9482
80.292 0.1912 0.0850 0.9369
80.330 0.1892 0.0865 0.9595
80.374 0.1887 0.0870 0.9409
80.414 0.1868 0.0857 0.9508
80.454 0.1871 0.0912 0.9182
80.494 0.1879 0.0928 0.9442
80.531 0.1922 0.0903 0.8949
80.575 0.1968 0.0854 0.9209
80.614 0.2037 0.0911 0.9448
80.655 0.2070 0.0913 0.9327
80.695 0.2088 0.0867 0.9550
80.735 0.2070 0.0844 0.9648
80.775 0.2011 0.0856 0.9183
80.815 0.2013 0.0852 0.9429
80.855 0.2015 0.0885 0.9258
80.895 0.1956 0.0913 0.9155
80.935 0.1947 0.0882 0.9439
80.974 0.1916 0.0870 0.9058
81.016 0.1900 0.0876 0.9291
81.056 0.1878 0.0877 0.9333
81.096 0.1861 0.0915 0.9153
81.136 0.1831 0.0896 0.9035
81.173 0.1786 0.0878 0.8994
81.217 0.1775 0.0867 0.9154
81.257 0.1824 0.0883 0.9213
81.297 0.1843 0.0885 0.9301
81.336 0.1839 0.0909 0.9426
81.374 0.1891 0.0873 0.9236
81.418 0.1911 0.0851 0.9162
81.457 0.1974 0.0861 0.9277
81.498 0.2046 0.0862 0.9437
81.538 0.2098 0.0862 0.9277
81.578 0.2096 0.0848 0.9480
81.619 0.2099 0.0850 0.9181
81.659 0.2192 0.0852 0.9306
81.699 0.2273 0.0837 0.9332
81.739 0.2342 0.0836 0.9427
81.778 0.2390 0.0851 0.9686
81.818 0.2398 0.0834 0.9387
81.859 0.2386 0.0843 0.9338
81.899 0.2421 0.0821 0.9676
81.940 0.2451 0.0832 0.9252
81.979 0.2409 0.0841 0.9416
82.016 0.2341 0.0861 0.9392
82.061 0.2324 0.0835 0.9566
82.100 0.2308 0.0850 0.9650
82.141 0.2135 0.0828 0.9771
82.180 0.1917 0.0863 0.9282
82.217 0.1663 0.0887 0.9714
82.261 0.1325 0.0853 0.9562
82.301 0.0994 0.0799 0.9558
82.341 0.0617 0.0803 0.9004
82.381 0.0299 0.0802 0.9279
82.421 0.0624 0.0826 0.8915
82.462 0.0951 0.0782 0.9269
82.501 0.1314 0.0809 0.9076
82.542 0.1588 0.0796 0.9356
82.582 0.1867 0.0788 0.9269
82.622 0.2060 0.0804 0.9356
82.662 0.2181 0.0819 0.9262
82.703 0.2201 0.0836 0.9396
82.743 0.2109 0.0789 0.9400
82.783 0.1956 0.0785 0.9379
82.823 0.1913 0.0801 0.9430
82.860 0.1891 0.0812 0.9477
82.904 0.1961 0.0852 0.9577
82.944 0.2111 0.0843 0.9093
82.984 0.2241 0.0815 0.9284
83.024 0.2357 0.0820 0.9839
83.060 0.2454 0.0878 0.9136
83.105 0.2621 0.0892 0.9646
83.145 0.2797 0.0869 0.9235
83.185 0.2959 0.0872 0.9333
83.224 0.3088 0.0836 0.9457
83.265 0.3139 0.0859 0.9371
83.305 0.3174 0.0868 0.9620
83.345 0.3174 0.0866 0.9017
83.385 0.3118 0.0894 0.8980
83.425 0.3042 0.0877 0.9226
83.465 0.2916 0.0883 0.9138
83.504 0.2774 0.0855 0.9248
83.545 0.2666 0.0901 0.8980
83.586 0.2546 0.0875 0.9257
83.626 0.2461 0.0892 0.9135
83.665 0.2360 0.0862 0.9092
83.704 0.2215 0.0884 0.9203
83.748 0.2150 0.0888 0.9076
83.788 0.2115 0.0895 0.9281
83.828 0.2124 0.0902 0.9188
83.867 0.2176 0.0858 0.9201
83.904 0.2170 0.0851 0.9019
83.948 0.2229 0.0866 0.9824
83.988 0.2365 0.0884 0.8805
84.028 0.2462 0.0895 0.9403
84.068 0.2579 0.0863 0.9356
84.108 0.2612 0.0882 0.9243
84.149 0.2647 0.0846 0.9178
84.188 0.2695 0.0872 0.9413
84.229 0.2711 0.0873 0.9525
84.269 0.2681 0.0859 0.9466
84.313 0.2655 0.0827 0.8827
84.348 0.2578 0.0831 0.9228
84.389 0.2552 0.0819 0.8924
84.429 0.2524 0.0855 0.9027
84.469 0.2420 0.0815 0.9047
84.509 0.2359 0.0795 0.9483
84.546 0.2247 0.0840 0.8962
84.591 0.2130 0.0854 0.9001
84.630 0.2052 0.0859 0.9663
84.670 0.1979 0.0876 0.9482
84.710 0.1929 0.0877 0.9534
84.748 0.1907 0.0855 0.9374
84.791 0.1874 0.0809 0.9475
84.832 0.1913 0.0859 0.9349
84.872 0.1914 0.0862 0.9564
84.912 0.1920 0.0855 0.9548
84.952 0.1939 0.0862 0.9474
84.992 0.1934 0.0812 0.9368
85.032 0.2002 0.0836 0.9600
85.073 0.2040 0.0899 0.9512
85.113 0.1991 0.0890 0.9342
85.152 0.1914 0.0845 0.9465
85.191 0.1807 0.0831 0.9693
85.233 0.1657 0.0815 0.9069
85.273 0.1539 0.0837 0.9326
85.313 0.1384 0.0854 0.9381
85.353 0.1249 0.0851 0.9017
85.390 0.1081 0.0821 0.9162
85.434 0.0892 0.0844 0.9026
85.474 0.0708 0.0827 0.9179
85.514 0.0520 0.0834 0.9082
85.554 0.0295 0.0845 0.8975
85.590 0.0152 0.0843 0.9082
85.635 0.0102 0.0819 0.8959
85.674 0.0171 0.0822 0.9023
85.714 0.0205 0.0842 0.8849
85.754 0.0331 0.0862 0.8910
85.794 0.0490 0.0834 0.8598
85.835 0.0644 0.0834 0.8598
85.875 0.0733 0.0808 0.8699
85.915 0.0841 0.0827 0.8999
85.956 0.0869 0.0855 0.9160
85.995 0.0920 0.0842 0.8910
86.035 0.0943 0.0832 0.8935
86.076 0.0906 0.0839 0.8632
86.117 0.0899 0.0824 0.8674
86.157 0.0844 0.0911 0.9032
86.196 0.0830 0.0916 0.8603
86.234 0.0789 0.0910 0.8982
86.278 0.0672 0.0822 0.8949
86.317 0.0540 0.0819 0.8971
86.357 0.0479 0.0825 0.9450
86.397 0.0379 0.0854 0.9439
86.434 0.0323 0.0913 0.9437
86.478 0.0303 0.0831 0.9379
86.518 0.0248 0.0875 0.9029
86.558 0.0215 0.0864 0.9029
86.598 0.0165 0.0864 0.9029
86.638 0.0115 0.0828 0.9209
86.679 0.0094 0.0840 0.9201
86.718 0.0074 0.0838 0.9130
86.759 0.0051 0.0828 0.9201
86.799 0.0069 0.0880 0.9093
86.838 0.0052 0.0891 0.9343
86.878 0.0079 0.0839 0.9208
86.919 0.0095 0.0853 0.9239
86.959 0.0092 0.0887 0.9343
86.999 0.0123 0.0825 0.9279
87.040 0.0192 0.0825 0.9057
87.078 0.0206 0.0895 0.9343
87.121 0.0247 0.0837 0.8883
87.161 0.0279 0.0820 0.9343
87.201 0.0302 0.0879 0.9345
87.241 0.0294 0.0835 0.9377
87.278 0.0301 0.0864 0.9559
87.322 0.0363 0.0846 0.9097
87.362 0.0385 0.0837 0.9319
87.402 0.0399 0.0822 0.9239
87.441 0.0435 0.0820 0.9239
87.481 0.0461 0.0829 0.9239
87.522 0.0439 0.0827 0.8989
87.562 0.0503 0.0843 0.9389
87.602 0.0575 0.0839 0.9064
87.642 0.0641 0.0812 0.9293
87.682 0.0694 0.0814 0.9302
87.721 0.0755 0.0818 0.9162
87.763 0.0876 0.0829 0.8764
87.803 0.0919 0.0817 0.8935
87.843 0.0982 0.0808 0.9076
87.882 0.1043 0.0805 0.8879
87.920 0.1064 0.0786 0.8829
87.964 0.1064 0.0826 0.9104
88.004 0.1116 0.0858 0.9113
88.044 0.1118 0.0838 0.9133
88.083 0.1090 0.0811 0.9017
88.121 0.1062 0.0822 0.9182
88.165 0.1035 0.0835 0.9116
88.205 0.1035 0.0811 0.9362
88.245 0.1011 0.0828 0.8979
88.285 0.0988 0.0798 0.9033
88.325 0.0977 0.0807 0.9230
88.366 0.0978 0.0794 0.9314
88.406 0.0965 0.0847 0.9142
88.446 0.1000 0.0821 0.8987
88.486 0.0973 0.0807 0.9189
88.525 0.0991 0.0790 0.9189
88.565 0.1033 0.0817 0.8995
88.606 0.1054 0.0816 0.9115
88.647 0.1060 0.0837 0.9308
88.687 0.1059 0.0827 0.8948
88.726 0.1036 0.0784 0.9308
88.763 0.1009 0.0820 0.9143
88.808 0.1041 0.0835 0.9044
88.847 0.1001 0.0846 0.9672
88.887 0.1027 0.0830 0.9045
88.927 0.1020 0.0848 0.9430
88.964 0.1057 0.0838 0.9142
89.008 0.1076 0.0860 0.9406
89.048 0.1051 0.0860 0.9455
89.087 0.1053 0.0848 0.9333
89.128 0.1053 0.0892 0.9289
89.168 0.1064 0.0913 0.9289
89.208 0.1036 0.0881 0.9199
89.250 0.1070 0.0917 0.9182
89.290 0.1039 0.0908 0.9426
89.329 0.1010 0.0876 0.9336
89.369 0.0944 0.1006 0.9368
89.408 0.0894 0.0998 0.9533
89.450 0.0894 0.0960 0.9314
89.490 0.0867 0.0972 0.9367
89.530 0.0864 0.1010 0.9358
89.570 0.0852 0.0908 0.9304
89.607 0.0852 0.0899 0.9061
89.651 0.0797 0.0942 0.9358
89.691 0.0791 0.0892 0.8965
89.731 0.0762 0.0974 0.9358
89.771 0.0727 0.0902 0.9043
89.808 0.0708 0.0951 0.9238
89.852 0.0725 0.0909 0.9043
89.891 0.0753 0.0879 0.8821
89.932 0.0681 0.0908 0.9043
89.971 0.0645 0.0907 0.9043
90.011 0.0580 0.0909 0.8783
90.052 0.0521 0.0884 0.9043
90.092 0.0455 0.0867 0.9435
90.132 0.0466 0.0896 0.9258
90.172 0.0478 0.0905 0.9339
90.211 0.0483 0.0911 0.9478
90.251 0.0436 0.0899 0.9478
90.292 0.0424 0.0901 0.9478
90.333 0.0428 0.0878 0.9478
90.374 0.0389 0.0882 0.8988
90.413 0.0363 0.0900 0.9159
90.451 0.0346 0.0878 0.9152
90.495 0.0333 0.0867 0.9169
90.534 0.0349 0.0889 0.8988
90.575 0.0337 0.0920 0.8988
90.614 0.0265 0.0920 0.8988
90.652 0.0197 0.0930 0.9542
90.695 0.0139 0.0910 0.8988
90.735 0.0147 0.0910 0.8988
90.775 0.0125 0.0889 0.9409
90.815 0.0112 0.0905 0.9298
90.855 0.0093 0.0925 0.9508
90.896 0.0091 0.0890 0.9418
90.935 0.0116 0.0912 0.9508
90.976 0.0200 0.0875 0.9039
91.016 0.0244 0.0909 0.9508
91.055 0.0307 0.0931 0.9508
91.095 0.0424 0.0918 0.9325
91.136 0.0558 0.0884 0.9392
91.176 0.0645 0.0893 0.9175
91.216 0.0751 0.0920 0.9168
91.256 0.0915 0.0906 0.9048
91.294 0.0992 0.0997 0.9152
91.337 0.1069 0.0884 0.8875
91.377 0.1169 0.0934 0.9168
91.417 0.1246 0.0924 0.9168
91.457 0.1277 0.0926 0.9159
91.495 0.1280 0.0956 0.9243
91.539 0.1277 0.0930 0.9245
91.579 0.1220 0.0951 0.9135
91.619 0.1131 0.0886 0.9268
91.659 0.1106 0.0925 0.9331
91.699 0.1064 0.0913 0.9369
91.739 0.0987 0.0935 0.9320
91.779 0.0962 0.0895 0.9149
91.819 0.0961 0.0900 0.9149
91.859 0.0976 0.0867 0.9185
91.898 0.0970 0.0899 0.9209
91.938 0.1006 0.0925 0.8975
91.979 0.1037 0.0936 0.9147
92.020 0.1036 0.0888 0.9311
92.060 0.1124 0.0906 0.8931
92.100 0.1246 0.0905 0.9307
92.137 0.1316 0.0932 0.8847
92.181 0.1387 0.0947 0.9111
92.221 0.1448 0.0938 0.9059
92.261 0.1477 0.0934 0.8919
92.300 0.1509 0.0948 0.9442
92.337 0.1550 0.0933 0.8902
92.381 0.1539 0.0937 0.9388
92.421 0.1492 0.0971 0.9355
92.462 0.1446 0.0975 0.9632
92.501 0.1483 0.0942 0.9009
92.541 0.1489 0.0967 0.9344
92.582 0.1441 0.0991 0.9259
92.623 0.1397 0.1004 0.9225
92.663 0.1347 0.0995 0.9169
92.703 0.1330 0.0989 0.9202
92.742 0.1317 0.0959 0.9557
92.782 0.1306 0.0957 0.9287
92.823 0.1293 0.0962 0.9375
92.863 0.1315 0.1006 0.9430
92.904 0.1314 0.0952 0.9070
92.943 0.1347 0.0924 0.9017
92.980 0.1355 0.0915 0.9414
93.025 0.1379 0.0941 0.9216
93.064 0.1418 0.0972 0.9216
93.104 0.1485 0.0954 0.9394
93.144 0.1527 0.0957 0.9282
93.181 0.1542 0.0914 0.9235
93.225 0.1572 0.0899 0.9518
93.265 0.1630 0.0902 0.9396
93.305 0.1637 0.0949 0.9451
93.345 0.1595 0.0932 0.9470
93.385 0.1656 0.0938 0.9374
93.426 0.1688 0.0886 0.9543
93.465 0.1699 0.0920 0.9479
93.506 0.1714 0.0983 0.9131
93.546 0.1717 0.0938 0.9324
93.585 0.1706 0.0958 0.9135
93.624 0.1741 0.0970 0.9012
93.666 0.1802 0.0948 0.9281
93.707 0.1868 0.0974 0.9423
93.747 0.1915 0.0988 0.9281
93.787 0.1933 0.0973 0.8922
93.824 0.1942 0.0970 0.9216
93.868 0.1964 0.0970 0.9294
93.908 0.1963 0.0994 0.8712
93.948 0.1958 0.0998 0.9470
93.988 0.1959 0.1003 0.9026
94.025 0.1942 0.0955 0.9560
94.069 0.1934 0.0949 0.9355
94.108 0.1885 0.0956 0.9281
94.149 0.1841 0.1012 0.9414
94.188 0.1790 0.1029 0.9179
94.228 0.1723 0.1009 0.8812
94.269 0.1664 0.0982 0.9388
94.309 0.1689 0.0963 0.9636
94.349 0.1701 0.0958 0.9293
94.389 0.1675 0.0946 0.8945
94.428 0.1691 0.0946 0.9032
94.468 0.1684 0.0937 0.9392
94.509 0.1688 0.0933 0.9216
94.550 0.1669 0.0954 0.9044
94.589 0.1691 0.0973 0.9331
94.629 0.1707 0.0998 0.9093
94.667 0.1690 0.0986 0.8763
94.711 0.1705 0.0943 0.8926
94.750 0.1710 0.0880 0.9604
94.791 0.1717 0.0905 0.9475
94.831 0.1692 0.0931 0.9212
94.868 0.1626 0.0928 0.9032
94.912 0.1588 0.0914 0.9266
94.952 0.1542 0.0860 0.9445
94.992 0.1539 0.0833 0.9331
95.032 0.1545 0.0871 0.9216
95.072 0.1508 0.0895 0.9576
95.113 0.1471 0.0837 0.9527
95.153 0.1455 0.0811 0.9367
95.193 0.1445 0.0825 0.9229
95.233 0.1480 0.0834 0.8969
95.272 0.1524 0.0859 0.9591
95.312 0.1538 0.0896 0.9610
95.353 0.1618 0.0801 0.9500
95.393 0.1729 0.0794 0.9278
95.433 0.1833 0.0785 0.9290
95.473 0.1880 0.0813 0.9297
95.510 0.1903 0.0847 0.9296
95.554 0.1968 0.0845 0.9265
95.594 0.1981 0.0857 0.8862
95.634 0.2014 0.0809 0.8968
95.674 0.2066 0.0863 0.9149
95.711 0.2087 0.0946 0.9347
95.755 0.2070 0.0899 0.9171
95.794 0.2064 0.0916 0.9575
95.835 0.2062 0.0857 0.9334
95.875 0.2058 0.0902 0.9312
95.915 0.2007 0.0913 0.9413
95.956 0.1966 0.0874 0.9344
95.996 0.1942 0.0855 0.9570
96.036 0.1906 0.0878 0.9429
96.076 0.1888 0.0854 0.9360
96.116 0.1942 0.0881 0.9554
96.156 0.1876 0.0911 0.9273
96.197 0.1818 0.0894 0.9420
96.237 0.1762 0.0912 0.9260
96.277 0.1768 0.0871 0.9063
96.317 0.1821 0.0880 0.9491
96.354 0.1807 0.0942 0.9257
96.398 0.1811 0.0924 0.9308
96.438 0.1852 0.0860 0.9198
96.478 0.1914 0.0853 0.9126
96.517 0.1927 0.0836 0.9064
96.554 0.1965 0.0868 0.9177
96.599 0.1950 0.0905 0.8969
96.638 0.2057 0.0904 0.9012
96.679 0.2114 0.0885 0.9258
96.718 0.2210 0.0889 0.9260
96.758 0.2270 0.0908 0.9296
96.799 0.2254 0.0930 0.9183
96.839 0.2244 0.0902 0.9143
96.879 0.2273 0.0900 0.9548
96.919 0.2275 0.0911 0.9089
96.958 0.2234 0.0890 0.9238
96.999 0.2163 0.0905 0.9249
97.040 0.2157 0.0951 0.8938
97.081 0.2117 0.0924 0.9080
97.121 0.2037 0.0911 0.9666
97.160 0.1975 0.0940 0.9522
97.198 0.1905 0.0936 0.9466
97.242 0.1779 0.0978 0.9577
97.281 0.1714 0.1008 0.9425
97.322 0.1641 0.0985 0.9241
97.361 0.1565 0.0981 0.9003
97.398 0.1486 0.0952 0.9369
97.442 0.1417 0.0958 0.9102
97.482 0.1420 0.0959 0.9235
97.522 0.1408 0.1003 0.8877
97.562 0.1413 0.0969 0.8903
97.602 0.1407 0.0972 0.9377
97.643 0.1440 0.0944 0.8959
97.682 0.1467 0.0972 0.9273
97.723 0.1543 0.0949 0.9051
97.763 0.1561 0.0908 0.9541
97.802 0.1627 0.0946 0.9148
97.842 0.1652 0.0908 0.9351
97.883 0.1652 0.0920 0.9292
97.924 0.1643 0.0972 0.9335
97.963 0.1634 0.0958 0.9242
98.003 0.1607 0.0864 0.9314
98.040 0.1576 0.0851 0.9182
98.085 0.1597 0.0874 0.9470
98.124 0.1555 0.0892 0.9282
98.165 0.1492 0.0901 0.9334
98.204 0.1424 0.0880 0.9274
98.241 0.1357 0.0860 0.9184
98.286 0.1289 0.0879 0.9102
98.326 0.1257 0.0854 0.9198
98.366 0.1282 0.0887 0.9382
98.406 0.1302 0.0912 0.9411
98.446 0.1311 0.0928 0.9586
98.486 0.1371 0.0858 0.9500
98.526 0.1428 0.0874 0.9027
98.566 0.1440 0.0920 0.9142
98.606 0.1453 0.0945 0.9080
98.646 0.1497 0.0860 0.9355
98.685 0.1508 0.0891 0.9144
98.726 0.1594 0.0882 0.8858
98.767 0.1722 0.0886 0.9220
98.807 0.1792 0.0924 0.9030
98.846 0.1812 0.0927 0.9252
98.884 0.1817 0.0882 0.8828
98.928 0.1862 0.0832 0.9061
98.968 0.1877 0.0833 0.8949
99.008 0.1886 0.0851 0.9219
99.047 0.1897 0.0834 0.9160
99.085 0.1952 0.0836 0.8700
99.128 0.1982 0.0853 0.8391
99.168 0.2002 0.0904 0.8979
99.208 0.2025 0.0886 0.8746
99.249 0.1937 0.0907 0.9166
99.289 0.1890 0.0912 0.8979
99.330 0.1895 0.0845 0.9025
99.369 0.1895 0.0839 0.8786
99.410 0.1884 0.0903 0.9073
99.450 0.1877 0.0821 0.9172
99.489 0.1851 0.0864 0.9168
99.529 0.1835 0.0847 0.8992
99.570 0.1786 0.0829 0.8946
99.611 0.1724 0.0827 0.9042
99.651 0.1704 0.0878 0.8968
99.690 0.1697 0.0866 0.8878
99.727 0.1695 0.0863 0.8995
99.772 0.1678 0.0845 0.9265
99.811 0.1666 0.0801 0.8872
99.851 0.1666 0.0805 0.8846
99.891 0.1692 0.0844 0.9295
99.928 0.1688 0.0831 0.9053
99.972 0.1681 0.0856 0.9281
100.012 0.1695 0.0833 0.9288
100.052 0.1706 0.0866 0.8749
100.092 0.1738 0.0860 0.8989
100.131 0.1757 0.0858 0.9205
100.173 0.1733 0.0871 0.8795
100.212 0.1732 0.0873 0.9161
100.253 0.1764 0.0882 0.8919
100.293 0.1773 0.0864 0.8829
100.332 0.1758 0.0883 0.9107
100.372 0.1731 0.0871 0.8769
100.414 0.1706 0.0906 0.9007
100.454 0.1679 0.0886 0.8593
100.494 0.1680 0.0891 0.8797
100.534 0.1661 0.0890 0.9319
100.572 0.1607 0.0919 0.9176
100.615 0.1561 0.1053 0.8846
100.655 0.1555 0.0944 0.9372
100.695 0.1547 0.1134 0.8355
100.735 0.1508 0.0997 0.8815
100.771 0.1492 0.1079 0.8729
100.816 0.1462 0.1062 0.8725
100.855 0.1450 0.1045 0.9048
100.896 0.1432 0.0971 0.8701
100.935 0.1447 0.1006 0.9022
100.975 0.1446 0.1013 0.9073
101.016 0.1431 0.1067 0.9270
101.056 0.1441 0.1004 0.9280
101.096 0.1499 0.1010 0.8785
101.136 0.1502 0.0995 0.8878
101.175 0.1501 0.0952 0.8867
101.215 0.1529 0.0985 0.9083
101.256 0.1527 0.0972 0.9141
101.297 0.1544 0.0964 0.9197
101.337 0.1563 0.0991 0.9235
101.376 0.1595 0.0919 0.9029
101.415 0.1587 0.0963 0.9339
101.458 0.1580 0.0933 0.9072
101.498 0.1598 0.0929 0.9498
101.538 0.1595 0.0917 0.9059
101.578 0.1553 0.0875 0.9357
101.615 0.1572 0.0908 0.9045
101.659 0.1591 0.0885 0.9575
101.699 0.1564 0.0880 0.9055
101.739 0.1554 0.0842 0.9437
101.778 0.1561 0.0826 0.9334
101.819 0.1558 0.0850 0.9105
101.859 0.1540 0.0859 0.9578
101.899 0.1543 0.0882 0.9418
101.940 0.1538 0.0881 0.9387
101.980 0.1495 0.0903 0.9408
102.019 0.1428 0.0848 0.9500
102.059 0.1399 0.0828 0.9322
102.100 0.1341 0.0853 0.9182
102.140 0.1269 0.0904 0.9568
102.180 0.1242 0.0937 0.9285
102.220 0.1240 0.0902 0.9295
102.257 0.1235 0.0874 0.9165
102.301 0.1241 0.0916 0.9381
102.341 0.1217 0.0963 0.9381
102.381 0.1197 0.0957 0.9557
102.421 0.1174 0.0964 0.9141
102.458 0.1170 0.0892 0.9523
102.502 0.1217 0.0919 0.9832
102.542 0.1248 0.0965 0.9596
102.582 0.1293 0.1045 0.9535
102.622 0.1330 0.0996 0.9381
102.662 0.1368 0.0890 0.9413
102.703 0.1419 0.0973 0.9217
102.743 0.1460 0.0956 0.9249
102.783 0.1455 0.0926 0.9423
102.823 0.1457 0.0953 0.9182
102.862 0.1476 0.0930 0.9437
102.902 0.1505 0.0924 0.9561
102.944 0.1565 0.0960 0.9299
102.984 0.1622 0.0943 0.9423
103.024 0.1692 0.0953 0.9076
103.064 0.1710 0.0943 0.8925
103.101 0.1729 0.0925 0.9004
103.145 0.1738 0.0931 0.9284
103.184 0.1734 0.0960 0.9459
103.225 0.1727 0.0948 0.9348
103.264 0.1761 0.0977 0.8930
103.302 0.1810 0.0974 0.8848
103.345 0.1857 0.0943 0.8895
103.385 0.1919 0.0944 0.8919
103.425 0.1922 0.0978 0.8852
103.465 0.1917 0.0957 0.8938
103.505 0.1899 0.0914 0.9242
103.546 0.1885 0.0915 0.8993
103.586 0.1855 0.0900 0.9045
103.626 0.1876 0.0934 0.9492
103.666 0.1924 0.0939 0.8938
103.706 0.1930 0.0938 0.9149
103.746 0.1896 0.0918 0.9495
103.787 0.1893 0.0911 0.9627
103.828 0.1888 0.0927 0.9627
103.868 0.1849 0.0975 0.9188
103.907 0.1837 0.0934 0.9187
103.944 0.1829 0.0940 0.9259
103.989 0.1832 0.0958 0.9432
104.028 0.1843 0.0943 0.9595
104.068 0.1870 0.0940 0.9718
104.108 0.1872 0.0979 0.9400
104.145 0.1855 0.0976 0.9258
104.189 0.1804 0.0972 0.9268
104.229 0.1803 0.0985 0.9268
104.269 0.1760 0.0959 0.9504
104.309 0.1710 0.0992 0.9188
104.349 0.1680 0.0935 0.8879
104.389 0.1700 0.0946 0.9382
104.429 0.1698 0.0901 0.9659
104.470 0.1696 0.0898 0.9626
104.509 0.1705 0.0943 0.9302
104.549 0.1721 0.0938 0.9032
104.589 0.1731 0.0938 0.9012
104.630 0.1706 0.0934 0.9121
104.670 0.1688 0.0933 0.9365
104.710 0.1669 0.0941 0.9195
104.750 0.1673 0.0938 0.9274
104.788 0.1648 0.0926 0.9178
104.832 0.1664 0.0923 0.8998
104.872 0.1619 0.0933 0.9384
104.912 0.1606 0.0931 0.9245
104.952 0.1571 0.0941 0.9074
104.988 0.1533 0.0890 0.9203
105.033 0.1458 0.0905 0.9503
105.072 0.1408 0.0915 0.9363
105.113 0.1428 0.0866 0.9439
105.152 0.1462 0.0881 0.9766
105.193 0.1491 0.0903 0.9131
105.233 0.1498 0.0911 0.9704
105.273 0.1546 0.0884 0.9265
105.313 0.1595 0.0891 0.9126
105.353 0.1650 0.0852 0.9584
105.392 0.1697 0.0885 0.9322
105.432 0.1735 0.0858 0.9154
105.473 0.1750 0.0840 0.9477
105.514 0.1823 0.0852 0.9181
105.554 0.1961 0.0823 0.9007
105.593 0.2027 0.0868 0.9412
105.631 0.2046 0.0913 0.9387
105.675 0.2099 0.0862 0.9423
105.714 0.2141 0.0850 0.9477
105.755 0.2184 0.0810 0.9457
105.794 0.2228 0.0869 0.9508
105.832 0.2290 0.0920 0.9622
105.875 0.2311 0.0930 0.9379
105.915 0.2333 0.0935 0.9626
105.956 0.2420 0.0885 0.9424
105.996 0.2447 0.0854 0.9655
106.036 0.2424 0.0889 0.9668
106.077 0.2354 0.0911 0.9152
106.117 0.2346 0.0886 0.9313
106.157 0.2359 0.0896 0.8929
106.197 0.2391 0.0880 0.9048
106.236 0.2367 0.0853 0.9542
106.276 0.2362 0.0936 0.9432
106.317 0.2294 0.0973 0.9291
106.357 0.2204 0.0931 0.9236
106.397 0.2157 0.0881 0.9306
106.437 0.2113 0.0882 0.9366
106.474 0.2073 0.0886 0.9154
106.518 0.2020 0.0946 0.9295
106.558 0.2016 0.0904 0.9241
106.598 0.2021 0.0922 0.9255
106.638 0.2033 0.0894 0.9381
106.675 0.2011 0.0897 0.9467
106.719 0.2046 0.0933 0.9366
106.759 0.2029 0.0928 0.9298
106.799 0.2001 0.0960 0.9555
106.839 0.2021 0.0934 0.9214
106.878 0.2004 0.0874 0.9816
106.919 0.1967 0.0935 0.9527
106.959 0.1956 0.0960 0.9573
106.999 0.1937 0.0948 0.9226
107.040 0.1933 0.0948 0.9644
107.079 0.1911 0.0957 0.9584
107.119 0.1810 0.0964 0.9365
107.161 0.1782 0.0962 0.9459
107.201 0.1721 0.1010 0.9376
107.241 0.1685 0.0997 0.9535
107.281 0.1678 0.0979 0.9497
107.318 0.1649 0.0939 0.9497
107.362 0.1671 0.1012 0.9405
107.402 0.1684 0.1007 0.9586
107.442 0.1669 0.0979 0.9405
107.481 0.1673 0.1001 0.9102
107.518 0.1658 0.0980 0.9203
107.562 0.1620 0.0980 0.9526
107.602 0.1673 0.0986 0.9705
107.642 0.1622 0.0987 0.9486
107.682 0.1584 0.0987 0.9339
107.722 0.1575 0.0991 0.9618
107.763 0.1570 0.0986 0.9377
107.803 0.1591 0.1011 0.9680
107.843 0.1597 0.1006 0.9444
107.883 0.1615 0.1031 0.9403
107.922 0.1662 0.1001 0.9382
107.962 0.1676 0.0971 0.9477
108.003 0.1677 0.1003 0.9388
108.044 0.1669 0.1012 0.9340
108.084 0.1691 0.1013 0.9660
108.124 0.1780 0.0984 0.9114
108.161 0.1810 0.0974 0.9024
108.206 0.1851 0.0952 0.9256
108.245 0.1875 0.0983 0.9537
108.285 0.1902 0.1014 0.9390
108.325 0.1912 0.0984 0.9363
108.362 0.1908 0.0962 0.9499
108.406 0.1929 0.0944 0.9080
108.446 0.1936 0.0973 0.9101
108.486 0.2004 0.0977 0.9620
108.526 0.2050 0.0998 0.9527
108.566 0.2131 0.0968 0.9603
108.606 0.2101 0.0994 0.9626
108.646 0.2137 0.0955 0.9243
108.687 0.2170 0.0942 0.9781
108.727 0.2174 0.0954 0.9232
108.766 0.2166 0.0952 0.9392
108.806 0.2141 0.0940 0.9170
108.847 0.2189 0.0941 0.9041
108.887 0.2221 0.0937 0.9399
108.927 0.2273 0.0977 0.9527
108.967 0.2255 0.0963 0.9376
109.004 0.2272 0.0956 0.9102
109.048 0.2248 0.0955 0.8890
109.087 0.2245 0.0944 0.9126
109.128 0.2224 0.0966 0.9486
109.168 0.2197 0.0984 0.9123
109.206 0.2181 0.0956 0.9329
109.249 0.2135 0.0948 0.9328
109.289 0.2111 0.0957 0.8912
109.330 0.2084 0.0959 0.9032
109.369 0.2019 0.0963 0.9182
109.409 0.1970 0.0963 0.9379
109.450 0.1923 0.0962 0.9487
109.490 0.1889 0.0959 0.9334
109.530 0.1870 0.0957 0.9365
109.570 0.1829 0.0967 0.9084
109.610 0.1829 0.1010 0.9260
109.649 0.1785 0.0989 0.9149
109.691 0.1764 0.0997 0.9315
109.731 0.1759 0.0981 0.8966
109.771 0.1797 0.0983 0.9455
109.810 0.1827 0.0974 0.9632
109.847 0.1833 0.0981 0.9495
109.892 0.1799 0.1006 0.9239
109.931 0.1811 0.0903 0.9589
109.972 0.1825 0.0906 0.9367
110.011 0.1836 0.0916 0.9709
110.048 0.1854 0.0981 0.9236
110.092 0.1820 0.0902 0.9252
110.132 0.1877 0.0929 0.9405
110.172 0.1942 0.0908 0.9097
110.212 0.1989 0.0971 0.9084
110.290 0.1989 0.1038 0.9193
110.333 0.1976 0.1015 0.8903
110.373 0.2016 0.0994 0.9173
110.413 0.2005 0.0996 0.9312
110.454 0.2000 0.0995 0.9294
110.493 0.1971 0.1040 0.9203
110.533 0.1919 0.1022 0.9176
110.574 0.1937 0.1010 0.9364
110.615 0.1891 0.0975 0.9203
110.655 0.1848 0.0980 0.9377
110.694 0.1809 0.1011 0.9344
110.732 0.1759 0.1030 0.9506
110.776 0.1777 0.1000 0.9374
110.815 0.1794 0.0982 0.9126
110.855 0.1769 0.0982 0.9681
110.895 0.1770 0.0964 0.9560
110.932 0.1783 0.0980 0.9730
110.976 0.1793 0.0968 0.9548
111.016 0.1850 0.0953 0.9458
111.056 0.1827 0.0948 0.9559
111.096 0.1876 0.0961 0.9429
111.136 0.1879 0.1009 0.9448
111.176 0.1891 0.1003 0.9542
111.216 0.1971 0.1044 0.9496
111.257 0.1987 0.1015 0.9705
111.296 0.1978 0.1005 0.9432
111.336 0.2025 0.1012 0.9455
111.376 0.2043 0.1027 0.9146
111.417 0.2087 0.0998 0.9108
111.457 0.2156 0.0957 0.9367
111.498 0.2211 0.0981 0.9264
111.538 0.2247 0.0997 0.9380
111.575 0.2222 0.1025 0.9380
111.619 0.2238 0.1033 0.9610
111.659 0.2238 0.1006 0.9236
111.699 0.2189 0.1023 0.9382
111.738 0.2134 0.1004 0.9016
111.775 0.2094 0.1004 0.9138
111.820 0.2076 0.1006 0.9467
111.859 0.2046 0.1004 0.9268
111.900 0.2000 0.0970 0.8976
111.939 0.1923 0.0973 0.9095
111.979 0.1823 0.0961 0.9268
112.020 0.1731 0.0970 0.9473
112.060 0.1698 0.1001 0.9199
112.100 0.1662 0.0986 0.9314
112.140 0.1623 0.0976 0.9521
112.179 0.1589 0.0971 0.9330
112.219 0.1529 0.0964 0.9405
112.260 0.1548 0.1017 0.9077
112.301 0.1536 0.0994 0.9237
112.341 0.1522 0.0968 0.9267
112.380 0.1480 0.1032 0.9380
112.418 0.1463 0.1023 0.9431
112.462 0.1435 0.1007 0.9432
112.501 0.1433 0.1006 0.9482
112.542 0.1457 0.1026 0.9479
112.582 0.1436 0.0939 0.9388
112.620 0.1457 0.0937 0.9197
112.663 0.1477 0.0979 0.9393
112.703 0.1524 0.0950 0.9542
112.743 0.1543 0.0983 0.9816
112.783 0.1502 0.0903 0.9561
112.823 0.1477 0.0942 0.9043
112.863 0.1512 0.0918 0.9175
112.903 0.1522 0.0937 0.9630
112.944 0.1537 0.0935 0.9270
112.983 0.1565 0.0872 0.9225
113.023 0.1573 0.0909 0.9089
113.063 0.1641 0.0910 0.9209
113.104 0.1670 0.0852 0.9043
113.144 0.1641 0.0938 0.9286
113.184 0.1632 0.0948 0.9321
113.224 0.1625 0.0875 0.9510
113.262 0.1624 0.0883 0.8956
113.306 0.1639 0.0875 0.9586
113.345 0.1656 0.0910 0.9507
113.385 0.1656 0.0935 0.9561
113.425 0.1676 0.0967 0.9594
113.462 0.1668 0.0961 0.9102
113.506 0.1681 0.0937 0.9254
113.546 0.1631 0.0951 0.9409
113.586 0.1575 0.0972 0.9152
113.625 0.1543 0.0945 0.9216
113.666 0.1562 0.0956 0.9269
113.707 0.1550 0.0921 0.9491
113.747 0.1543 0.0942 0.9498
113.787 0.1573 0.0947 0.9208
113.827 0.1575 0.0935 0.9431
113.867 0.1583 0.0905 0.9121
113.906 0.1541 0.0915 0.9363
113.948 0.1527 0.0914 0.9259
113.988 0.1496 0.0918 0.9402
114.028 0.1520 0.0939 0.9326
114.068 0.1527 0.0923 0.9343
114.105 0.1559 0.0913 0.9508
114.149 0.1555 0.0911 0.9577
114.189 0.1559 0.0955 0.9274
114.229 0.1588 0.0970 0.9101
114.268 0.1556 0.0963 0.9405
114.305 0.1443 0.0929 0.8952
114.349 0.1257 0.0923 0.9236
114.389 0.1115 0.0926 0.9061
114.429 0.0870 0.0893 0.9335
114.469 0.0652 0.0947 0.9099
114.509 0.0390 0.0944 0.9076
114.550 0.0158 0.0949 0.9063
114.590 0.0324 0.0954 0.8705
114.630 0.0563 0.0925 0.9388
114.670 0.0826 0.0919 0.9393
114.709 0.1016 0.0908 0.9601
114.749 0.1155 0.0960 0.9221
114.790 0.1286 0.0955 0.9519
114.832 0.1313 0.0882 0.9692
114.872 0.1267 0.0901 0.9532
114.911 0.1193 0.0918 0.9720
114.948 0.1091 0.0932 0.9349
114.993 0.0989 0.0900 0.9179
115.032 0.0876 0.0925 0.9117
115.072 0.0772 0.0901 0.9476
115.112 0.0638 0.0940 0.9458
115.149 0.0546 0.0940 0.9567
115.193 0.0441 0.0952 0.9416
115.233 0.0368 0.0934 0.9506
115.273 0.0258 0.0929 0.9416
115.313 0.0178 0.0933 0.9416
115.353 0.0086 0.0956 0.9339
115.393 0.0091 0.0956 0.9339
115.433 0.0200 0.0954 0.9339
115.474 0.0327 0.0927 0.9416
115.513 0.0376 0.0999 0.9034
115.553 0.0490 0.0985 0.8867
115.592 0.0577 0.0951 0.8900
115.634 0.0668 0.0949 0.9084
115.674 0.0709 0.0914 0.9182
115.714 0.0773 0.0959 0.9084
115.754 0.0826 0.0940 0.9222
115.791 0.0872 0.0947 0.8928
115.835 0.0859 0.0941 0.9270
115.875 0.0929 0.0908 0.9068
115.915 0.0952 0.0919 0.8903
115.955 0.0954 0.0910 0.9013
115.992 0.0985 0.0939 0.8887
116.037 0.1006 0.0952 0.9025
116.076 0.1011 0.0913 0.9367
116.117 0.0974 0.0918 0.9012
116.156 0.0963 0.0898 0.9012
116.196 0.0968 0.0908 0.8866
116.237 0.0960 0.0985 0.8912
116.277 0.0904 0.1000 0.9073
116.317 0.0900 0.0886 0.8966
116.357 0.0921 0.0886 0.9029
116.396 0.0953 0.0896 0.9113
116.436 0.0975 0.0955 0.9113
116.477 0.1006 0.0965 0.9259
116.518 0.1030 0.0898 0.8913
116.558 0.1060 0.0899 0.9353
116.597 0.1143 0.0906 0.8759
116.635 0.1204 0.0935 0.9142
116.679 0.1266 0.0935 0.9262
116.718 0.1314 0.0909 0.8891
116.759 0.1403 0.0944 0.8997
116.798 0.1474 0.0892 0.9183
116.835 0.1510 0.0900 0.9142
116.879 0.1507 0.0892 0.9397
116.919 0.1481 0.0965 0.9046
116.959 0.1477 0.0862 0.9205
116.999 0.1498 0.0867 0.8989
117.039 0.1514 0.0848 0.9313
117.081 0.1486 0.0898 0.9345
117.120 0.1456 0.0927 0.9464
117.161 0.1454 0.0899 0.9367
117.201 0.1463 0.0923 0.9088
117.240 0.1445 0.0910 0.9088
117.280 0.1441 0.0907 0.9472
117.321 0.1436 0.0918 0.9213
117.361 0.1417 0.0915 0.8943
117.401 0.1406 0.0921 0.9549
117.441 0.1396 0.0911 0.9186
117.478 0.1380 0.0905 0.9020
117.523 0.1365 0.0946 0.9175
117.562 0.1345 0.0922 0.9148
117.602 0.1335 0.0920 0.9175
117.642 0.1326 0.0952 0.9262
117.679 0.1277 0.0906 0.9316
117.723 0.1286 0.0962 0.9262
117.763 0.1285 0.0939 0.9517
117.803 0.1256 0.0945 0.9202
117.843 0.1236 0.0937 0.9045
117.882 0.1227 0.0936 0.9150
117.923 0.1252 0.0958 0.9089
117.963 0.1271 0.0954 0.9000
118.003 0.1267 0.0964 0.9422
118.043 0.1263 0.0939 0.9266
118.083 0.1299 0.0961 0.9411
118.124 0.1271 0.0954 0.9264
118.165 0.1312 0.0971 0.9204
118.205 0.1308 0.0988 0.9291
118.245 0.1283 0.1000 0.9101
118.285 0.1278 0.0989 0.8905
118.322 0.1279 0.1023 0.9186
118.366 0.1336 0.0978 0.9539
118.405 0.1344 0.0990 0.9502
118.446 0.1357 0.1007 0.9677
118.485 0.1391 0.1024 0.9180
118.523 0.1416 0.1033 0.9139
118.567 0.1431 0.1009 0.9142
118.606 0.1500 0.1025 0.9052
118.647 0.1527 0.1036 0.8822
118.686 0.1556 0.1037 0.9069
118.725 0.1576 0.1020 0.8962
118.767 0.1588 0.1019 0.9101
118.807 0.1603 0.1032 0.9011
118.847 0.1584 0.1057 0.8895
118.887 0.1579 0.1084 0.8868
118.926 0.1564 0.1064 0.9261
118.966 0.1514 0.1082 0.9347
119.007 0.1502 0.1067 0.9408
119.048 0.1497 0.1090 0.9612
119.088 0.1476 0.1092 0.9349
119.127 0.1429 0.1129 0.9360
119.165 0.1378 0.1047 0.9385
119.209 0.1361 0.1066 0.9345
119.249 0.1350 0.1036 0.9345
119.290 0.1391 0.1104 0.9278
119.329 0.1384 0.1071 0.9269
119.366 0.1362 0.1046 0.9295
119.410 0.1353 0.1020 0.9194
119.450 0.1369 0.1017 0.9640
119.490 0.1380 0.1030 0.9309
119.530 0.1380 0.1063 0.9341
119.570 0.1376 0.1038 0.9462
119.611 0.1382 0.1060 0.9149
119.650 0.1414 0.1009 0.9277
119.691 0.1421 0.1012 0.8993
119.731 0.1474 0.0993 0.9314
119.770 0.1445 0.1008 0.9442
119.810 0.1414 0.1013 0.9525
119.851 0.1418 0.1006 0.9442
119.891 0.1426 0.0992 0.9294
119.931 0.1428 0.0992 0.9202
119.971 0.1387 0.1005 0.9202
120.008 0.1341 0.1019 0.9374
120.053 0.1312 0.1020 0.9345
120.092 0.1289 0.1010 0.9115
120.132 0.1270 0.1011 0.8977
120.172 0.1248 0.1032 0.9107
120.209 0.1205 0.1057 0.9195
120.253 0.1183 0.1100 0.8921
120.292 0.1203 0.1063 0.9003
120.333 0.1192 0.1030 0.8953
120.373 0.1181 0.1025 0.9036
120.412 0.1127 0.1066 0.9208
120.454 0.1138 0.1051 0.9256
120.494 0.1141 0.1005 0.9191
120.534 0.1138 0.1009 0.8886
120.574 0.1163 0.0981 0.8939
120.614 0.1174 0.0978 0.8936
120.653 0.1212 0.1053 0.8788
120.694 0.1244 0.1016 0.8829
120.735 0.1289 0.0999 0.8972
120.775 0.1333 0.1000 0.9156
120.814 0.1403 0.0941 0.9584
120.852 0.1435 0.0947 0.9371
120.896 0.1540 0.0959 0.9222
120.936 0.1590 0.0945 0.9709
120.976 0.1685 0.0930 0.9318
121.015 0.1795 0.0907 0.9300
121.052 0.1834 0.0904 0.9618
121.096 0.1909 0.0917 0.9298
121.136 0.1941 0.0945 0.9334
121.176 0.2004 0.0892 0.9170
121.216 0.2071 0.0971 0.9088
121.255 0.2111 0.0916 0.9368
121.297 0.2107 0.0927 0.9644
121.336 0.2155 0.0908 0.9492
121.377 0.2180 0.0914 0.8899
121.417 0.2166 0.0874 0.9490
121.457 0.2150 0.0889 0.9368
121.497 0.2091 0.0935 0.8599
121.538 0.2031 0.0942 0.9075
121.578 0.1943 0.0909 0.9035
121.618 0.1876 0.0869 0.8809
121.658 0.1821 0.0870 0.9331
121.695 0.1735 0.0860 0.9325
121.739 0.1652 0.0929 0.9438
121.779 0.1585 0.0908 0.9018
121.819 0.1494 0.0917 0.9240
121.859 0.1394 0.0915 0.9420
121.896 0.1329 0.0851 0.9502
121.940 0.1266 0.0869 0.9292
121.980 0.1240 0.0953 0.9415
122.020 0.1216 0.0908 0.9540
122.060 0.1219 0.0922 0.9330
122.099 0.1228 0.0884 0.9181
122.140 0.1218 0.0920 0.9420
122.180 0.1252 0.0899 0.9201
122.220 0.1247 0.0920 0.9363
122.260 0.1260 0.0910 0.9423
122.300 0.1269 0.0885 0.9105
122.339 0.1279 0.0877 0.9303
122.381 0.1306 0.0884 0.9409
122.421 0.1349 0.0950 0.9395
122.461 0.1377 0.0963 0.9354
122.501 0.1420 0.0884 0.9290
122.539 0.1416 0.0890 0.9338
122.582 0.1411 0.0864 0.9379
122.623 0.1430 0.0908 0.9119
122.663 0.1426 0.0892 0.8973
122.702 0.1453 0.0855 0.9139
122.740 0.1477 0.0860 0.9031
122.784 0.1541 0.0831 0.8819
122.823 0.1580 0.0834 0.9018
122.864 0.1608 0.0862 0.9109
122.903 0.1629 0.0868 0.8919
122.943 0.1629 0.0846 0.9180
122.984 0.1601 0.0827 0.9093
123.024 0.1630 0.0856 0.9186
123.064 0.1650 0.0846 0.9129
123.104 0.1682 0.0894 0.9207
123.143 0.1704 0.0896 0.9430
123.183 0.1690 0.0884 0.9577
123.224 0.1701 0.0872 0.9335
123.265 0.1672 0.0879 0.9289
123.305 0.1672 0.0904 0.9271
123.344 0.1673 0.0903 0.9646
123.382 0.1657 0.0880 0.9097
123.426 0.1641 0.0869 0.9114
123.465 0.1685 0.0855 0.9137
123.506 0.1718 0.0908 0.9292
123.545 0.1771 0.0908 0.9587
123.582 0.1794 0.0897 0.9802
123.626 0.1801 0.0899 0.9652
123.666 0.1829 0.0849 0.9573
123.707 0.1827 0.0888 0.9471
123.747 0.1822 0.0933 0.9387
123.786 0.1793 0.0922 0.9720
123.828 0.1765 0.0905 0.9342
123.867 0.1762 0.0918 0.9076
123.908 0.1771 0.0897 0.9466
123.948 0.1717 0.0888 0.9252
123.987 0.1642 0.0929 0.8904
124.027 0.1551 0.0894 0.9269
124.068 0.1456 0.0875 0.9560
124.108 0.1424 0.0850 0.9412
124.148 0.1403 0.0867 0.9465
124.188 0.1346 0.0894 0.9465
124.226 0.1318 0.0896 0.9257
124.269 0.1339 0.0860 0.9516
124.309 0.1395 0.0860 0.9516
124.349 0.1418 0.0814 0.9182
124.389 0.1438 0.0829 0.8981
124.426 0.1483 0.0845 0.9052
124.470 0.1509 0.0833 0.9017
124.510 0.1521 0.0806 0.9089
124.550 0.1572 0.0807 0.8929
124.590 0.1617 0.0840 0.8979
124.630 0.1583 0.0835 0.9371
124.670 0.1548 0.0858 0.9243
124.710 0.1542 0.0832 0.9259
124.750 0.1540 0.0818 0.9189
124.790 0.1508 0.0817 0.9614
124.831 0.1499 0.0856 0.9229
124.870 0.1474 0.0856 0.9448
124.911 0.1437 0.0890 0.9582
124.952 0.1429 0.0865 0.9618
124.992 0.1449 0.0838 0.9405
125.032 0.1503 0.0837 0.9520
125.069 0.1492 0.0846 0.9680
125.113 0.1496 0.0855 0.9582
125.153 0.1530 0.0836 0.8993
125.193 0.1578 0.0847 0.9453
125.232 0.1585 0.0837 0.9635
125.269 0.1582 0.0838 1.0001
125.313 0.1576 0.0857 0.9582
125.353 0.1534 0.0867 0.9574
125.393 0.1543 0.0898 0.9601
125.433 0.1572 0.0849 0.9764
125.473 0.1606 0.0846 0.9862
125.514 0.1595 0.0913 0.9483
125.553 0.1615 0.0891 0.9505
125.594 0.1617 0.0901 0.9379
125.634 0.1640 0.0866 0.9296
125.673 0.1629 0.0855 0.9402
125.713 0.1621 0.0866 0.9404
125.754 0.1617 0.0899 0.9795
125.795 0.1612 0.0893 0.9589
125.835 0.1654 0.0881 0.9309
125.874 0.1681 0.0841 0.9289
125.912 0.1666 0.0856 0.9357
125.957 0.1670 0.0871 0.9303
125.996 0.1647 0.0877 0.9354
126.036 0.1643 0.0838 0.9266
126.076 0.1628 0.0847 0.9266
126.113 0.1630 0.0869 0.9021
126.157 0.1657 0.0883 0.9241
126.197 0.1665 0.0887 0.9227
126.237 0.1659 0.0911 0.9075
126.277 0.1617 0.0881 0.8832
126.316 0.1611 0.0894 0.8891
126.357 0.1617 0.0881 0.9050
126.397 0.1654 0.0916 0.9235
126.438 0.1671 0.0913 0.9240
126.477 0.1669 0.0899 0.9240
126.517 0.1677 0.0887 0.9232
126.557 0.1669 0.0888 0.9160
126.597 0.1732 0.0903 0.9446
126.638 0.1761 0.0916 0.9298
126.678 0.1802 0.0918 0.9518
126.718 0.1880 0.0936 0.9763
126.755 0.1915 0.0947 0.9431
126.799 0.1975 0.0908 0.9726
126.839 0.1970 0.0968 0.9668
126.879 0.1934 0.0959 0.9434
126.918 0.1864 0.0940 0.9429
126.956 0.1846 0.0914 0.9210
127.000 0.1838 0.0895 0.9336
127.040 0.1896 0.0914 0.9470
127.081 0.1843 0.0941 0.9616
127.120 0.1761 0.0923 0.9521
127.160 0.1723 0.0913 0.9162
127.201 0.1660 0.0905 0.9362
127.241 0.1665 0.0899 0.9191
127.281 0.1667 0.0958 0.9714
127.321 0.1676 0.0953 0.9601
127.360 0.1700 0.0913 0.9289
127.400 0.1740 0.0897 0.9249
127.441 0.1763 0.0897 0.9333
127.482 0.1778 0.0891 0.9041
127.522 0.1755 0.0922 0.9359
127.561 0.1741 0.0928 0.9269
127.599 0.1787 0.0879 0.9180
127.643 0.1848 0.0895 0.8949
127.682 0.1842 0.0897 0.8988
127.723 0.1832 0.0895 0.9317
127.762 0.1818 0.0897 0.9007
127.800 0.1806 0.0887 0.9551
127.843 0.1786 0.0872 0.8879
127.883 0.1761 0.0889 0.9577
127.923 0.1743 0.0944 0.9533
127.963 0.1751 0.0918 0.9516
128.003 0.1725 0.0920 0.9548
128.043 0.1716 0.0914 0.9462
128.083 0.1701 0.0886 0.9463
128.124 0.1678 0.0896 0.9402
128.165 0.1672 0.0931 0.9423
128.204 0.1656 0.0917 0.9377
128.244 0.1610 0.0916 0.8994
128.285 0.1567 0.0922 0.9216
128.325 0.1562 0.0916 0.9637
128.365 0.1564 0.0926 0.9277
128.405 0.1547 0.0937 0.9527
128.442 0.1502 0.0922 0.9609
128.487 0.1489 0.0909 0.9524
128.526 0.1491 0.0915 0.9489
128.566 0.1494 0.0892 0.9338
128.606 0.1480 0.0916 0.9590
128.643 0.1487 0.0956 0.9743
128.687 0.1467 0.0955 0.9326
128.727 0.1508 0.0943 0.9242
128.767 0.1521 0.0919 0.9242
128.807 0.1506 0.0918 0.9555
128.845 0.1489 0.0972 0.9374
128.887 0.1455 0.0931 0.9420
128.927 0.1449 0.0902 0.9142
128.992 0.1444 0.0925 0.9055
129.047 0.1425 0.0907 0.9149
129.086 0.1408 0.0899 0.9293
129.126 0.1357 0.0892 0.8728
129.168 0.1342 0.0885 0.8948
129.208 0.1320 0.0899 0.9291
129.249 0.1287 0.0928 0.8949
129.288 0.1266 0.0936 0.9122
129.326 0.1176 0.0927 0.9172
129.370 0.1103 0.0922 0.9058
129.409 0.1084 0.0928 0.9343
129.450 0.1042 0.0894 0.8973
129.489 0.0968 0.0968 0.9233
129.526 0.0867 0.0955 0.9281
129.570 0.0771 0.0968 0.9157
129.610 0.0701 0.0909 0.9385
129.650 0.0656 0.0905 0.9295
129.690 0.0614 0.0918 0.9156
129.730 0.0572 0.0950 0.9589
129.771 0.0541 0.0947 0.9085
129.811 0.0548 0.0943 0.8923
129.851 0.0582 0.0970 0.9053
129.891 0.0609 0.0937 0.8930
129.930 0.0589 0.0963 0.9015
129.970 0.0581 0.0949 0.8841
130.011 0.0611 0.0991 0.9082
130.052 0.0651 0.0962 0.8892
130.092 0.0708 0.0990 0.8607
130.131 0.0767 0.0920 0.8897
130.168 0.0790 0.1045 0.8898
130.213 0.0826 0.1080 0.8651
130.252 0.0834 0.1046 0.8596
130.292 0.0776 0.1022 0.8463
130.332 0.0720 0.1007 0.8409
130.370 0.0611 0.1060 0.8459
130.414 0.0537 0.1048 0.8920
130.454 0.0441 0.1029 0.8722
130.494 0.0319 0.1029 0.8481
130.534 0.0114 0.0980 0.8531
130.574 0.0261 0.0940 0.8299
130.614 0.0472 0.0956 0.8636
130.654 0.0661 0.0951 0.8505
130.695 0.0838 0.0952 0.8835
130.735 0.0997 0.0939 0.8808
130.774 0.1048 0.0987 0.8819
130.813 0.1076 0.0989 0.9078
130.855 0.1097 0.0995 0.9285
130.895 0.1040 0.0981 0.9229
130.935 0.0975 0.0951 0.8988
130.975 0.0899 0.0951 0.9163
131.012 0.0801 0.0997 0.9163
131.056 0.0709 0.1012 0.9422
131.096 0.0648 0.0996 0.9019
131.136 0.0581 0.0967 0.9375
131.176 0.0550 0.0936 0.9028
131.213 0.0537 0.0946 0.9028
131.257 0.0511 0.0985 0.9019
131.296 0.0516 0.0981 0.9179
131.336 0.0528 0.0975 0.9179
131.376 0.0509 0.0971 0.9188
131.416 0.0491 0.0964 0.9305
131.457 0.0458 0.0972 0.9045
131.498 0.0456 0.0990 0.9315
131.538 0.0484 0.0983 0.9229
131.578 0.0436 0.0979 0.9105
131.618 0.0434 0.0973 0.9143
131.657 0.0400 0.0945 0.9093
131.699 0.0349 0.0978 0.9105
131.739 0.0335 0.0994 0.9266
131.779 0.0318 0.0976 0.9355
131.818 0.0275 0.0973 0.9548
131.856 0.0254 0.0965 0.9675
131.900 0.0220 0.0952 0.9209
131.939 0.0220 0.0961 0.9447
131.980 0.0234 0.0975 0.9582
132.019 0.0227 0.0958 0.9557
132.057 0.0253 0.0974 0.9153
132.101 0.0226 0.0956 0.9618
132.140 0.0193 0.0980 0.9256
132.181 0.0155 0.0978 0.9035
132.220 0.0124 0.0971 0.8803
132.260 0.0102 0.0971 0.8803
132.301 0.0079 0.0974 0.9219
132.341 0.0059 0.0983 0.8753
132.381 0.0056 0.1003 0.8986
132.421 0.0086 0.1014 0.8494
132.460 0.0142 0.1008 0.8753
132.500 0.0204 0.0973 0.8647
132.541 0.0284 0.0984 0.9008
132.582 0.0347 0.0972 0.9139
132.623 0.0415 0.0977 0.8899
132.662 0.0504 0.1009 0.8705
132.699 0.0592 0.0977 0.8923
132.744 0.0685 0.0963 0.9104
132.783 0.0760 0.0987 0.8989
132.823 0.0846 0.0991 0.8885
132.863 0.0876 0.1013 0.8876
132.900 0.0917 0.0991 0.8903
132.944 0.0952 0.0989 0.8759
132.984 0.0928 0.0959 0.8758
133.024 0.0940 0.0993 0.8662
133.064 0.0922 0.0995 0.8653
133.104 0.0858 0.0992 0.8822
133.144 0.0803 0.0967 0.8913
133.184 0.0769 0.0963 0.8797
133.225 0.0756 0.0960 0.9045
133.264 0.0748 0.0969 0.9219
133.304 0.0697 0.1005 0.9078
133.344 0.0650 0.0967 0.9499
133.385 0.0644 0.0931 0.9263
133.426 0.0642 0.0947 0.9263
133.465 0.0685 0.0937 0.9235
133.505 0.0691 0.0961 0.9235
133.542 0.0731 0.0975 0.9256
133.586 0.0807 0.0929 0.9355
133.626 0.0880 0.0941 0.9151
133.666 0.0893 0.0918 0.9151
133.706 0.0925 0.0943 0.9249
133.744 0.0962 0.0942 0.9519
133.788 0.0992 0.0955 0.9714
133.827 0.1048 0.0938 0.9594
133.867 0.1120 0.0937 0.9205
133.907 0.1163 0.0938 0.9512
133.946 0.1185 0.0978 0.9282
133.988 0.1235 0.0942 0.9584
134.028 0.1215 0.0929 0.9309
134.068 0.1202 0.0959 0.9552
134.108 0.1186 0.0952 0.9552
134.147 0.1208 0.0946 0.9552
134.187 0.1195 0.0973 0.9929
134.228 0.1184 0.0983 0.9635
134.269 0.1168 0.0968 0.9347
134.309 0.1171 0.0959 0.9384
134.348 0.1196 0.0955 0.9592
134.386 0.1204 0.0956 0.9778
134.430 0.1232 0.0951 0.9749
134.469 0.1214 0.0961 0.9861
134.509 0.1245 0.0954 0.9985
134.549 0.1277 0.0930 0.9554
134.586 0.1259 0.0945 0.9345
134.630 0.1225 0.0960 0.9295
134.670 0.1182 0.0922 0.9097
134.710 0.1163 0.0884 0.9279
134.750 0.1115 0.0863 0.9353
134.790 0.1094 0.0879 0.9242
134.832 0.1006 0.0891 0.9242
134.871 0.0985 0.0878 0.9952
134.912 0.0940 0.0892 0.9721
134.952 0.0944 0.0871 0.9952
134.991 0.0948 0.0864 1.0003
135.031 0.0931 0.0896 0.9944
135.072 0.0964 0.0934 0.9577
135.112 0.0972 0.0936 0.9271
135.152 0.0950 0.0910 0.9306
135.192 0.0978 0.0903 0.9306
135.229 0.1020 0.0912 0.9056
135.273 0.1057 0.0932 0.9392
135.313 0.1094 0.0923 0.9339
135.353 0.1115 0.0937 0.9348
135.393 0.1140 0.0941 0.9492
135.430 0.1147 0.0938 0.9252
135.474 0.1154 0.0932 0.9232
135.513 0.1192 0.0940 0.9664
135.554 0.1227 0.0936 0.9664
135.594 0.1225 0.0917 0.9492
135.633 0.1338 0.0889 0.9146
135.674 0.1412 0.0884 0.9182
135.714 0.1451 0.0936 0.9502
135.755 0.1517 0.0934 0.9441
135.794 0.1577 0.0932 0.9317
135.833 0.1622 0.0973 0.9232
135.874 0.1663 0.0927 0.9119
135.915 0.1684 0.0914 0.9486
135.956 0.1680 0.0928 0.9598
135.996 0.1694 0.0939 0.9598
136.035 0.1677 0.0912 0.9172
136.073 0.1653 0.0894 0.9122
136.117 0.1651 0.0911 0.9303
136.156 0.1619 0.0932 0.9246
136.197 0.1600 0.0929 0.9172
136.236 0.1565 0.0919 0.9059
136.273 0.1518 0.0903 0.9249
136.317 0.1475 0.0897 0.9280
136.357 0.1483 0.0898 0.9141
136.397 0.1482 0.0904 0.9250
136.437 0.1489 0.0915 0.9099
136.476 0.1511 0.0910 0.9359
136.518 0.1507 0.0858 0.9508
136.558 0.1585 0.0880 0.9368
136.598 0.1604 0.0898 0.9249
136.638 0.1615 0.0868 0.9497
136.677 0.1617 0.0906 0.9471
136.717 0.1617 0.0877 0.9447
136.758 0.1629 0.0851 0.9063
136.799 0.1669 0.0871 0.9311
136.838 0.1675 0.0899 0.9589
136.878 0.1669 0.0908 0.9597
136.916 0.1669 0.0878 0.9252
136.960 0.1640 0.0864 0.9126
136.999 0.1606 0.0861 0.9166
137.040 0.1603 0.0893 0.9423
137.080 0.1563 0.0867 0.9574
137.118 0.1525 0.0872 0.9445
137.161 0.1528 0.0895 0.9091
137.201 0.1566 0.0885 0.9140
137.241 0.1657 0.0881 0.9306
137.281 0.1705 0.0888 0.9423
137.321 0.1687 0.0893 0.9361
137.362 0.1665 0.0910 0.9260
137.401 0.1690 0.0880 0.9571
137.442 0.1709 0.0877 0.9415
137.482 0.1761 0.0894 0.9112
137.521 0.1729 0.0903 0.9260
137.560 0.1699 0.0881 0.9260
137.602 0.1681 0.0880 0.9336
137.642 0.1686 0.0874 0.9142
137.682 0.1673 0.0882 0.9297
137.722 0.1611 0.0929 0.9061
137.759 0.1511 0.0964 0.8876
137.803 0.1510 0.0938 0.8986
137.843 0.1528 0.0897 0.9026
137.883 0.1566 0.0888 0.8867
137.922 0.1606 0.0917 0.9215
137.960 0.1584 0.1010 0.9037
138.004 0.1589 0.0994 0.8736
138.043 0.1617 0.1014 0.9015
138.084 0.1703 0.0951 0.8595
138.124 0.1802 0.0991 0.8765
138.163 0.1900 0.1034 0.8989
138.205 0.1942 0.1091 0.8583
138.245 0.2036 0.1026 0.8884
138.285 0.2089 0.1116 0.9018
138.325 0.2090 0.0990 0.9146
138.364 0.2104 0.0985 0.8904
138.404 0.2058 0.1004 0.9052
138.446 0.2092 0.1022 0.9314
138.486 0.2117 0.1006 0.9086
138.526 0.2116 0.0984 0.8935
138.566 0.2092 0.0990 0.9055
138.603 0.2052 0.1023 0.9158
138.647 0.1987 0.0957 0.9039
138.686 0.1990 0.0963 0.8969
138.727 0.1962 0.0929 0.8957
138.766 0.1950 0.0945 0.8903
138.803 0.1957 0.0949 0.8847
138.848 0.1962 0.0939 0.8911
138.887 0.1983 0.0987 0.8598
138.927 0.1979 0.0955 0.8775
138.967 0.1991 0.0955 0.8390
139.007 0.2001 0.0968 0.8656
139.048 0.2015 0.0949 0.8816
139.087 0.2025 0.0985 0.8727
139.128 0.2001 0.0972 0.9115
139.168 0.1934 0.0904 0.9212
139.207 0.1884 0.0958 0.8903
139.248 0.1781 0.1002 0.8986
139.289 0.1707 0.1021 0.8564
139.329 0.1659 0.1009 0.8750
139.369 0.1592 0.0973 0.8472
139.409 0.1514 0.1010 0.8851
139.446 0.1437 0.0998 0.8851
139.491 0.1367 0.1034 0.8816
139.530 0.1301 0.1038 0.8170
139.570 0.1210 0.0966 0.8823
139.610 0.1184 0.0943 0.8953
139.647 0.1165 0.0918 0.8370
139.691 0.1137 0.0955 0.8684
139.731 0.1151 0.1036 0.8689
139.771 0.1140 0.1097 0.8826
139.810 0.1112 0.1045 0.8931
139.851 0.1073 0.0941 0.9045
139.891 0.1069 0.0922 0.8885
139.931 0.1088 0.0972 0.8573
139.971 0.1085 0.0917 0.8945
140.011 0.1088 0.0928 0.8723
140.051 NaN 0.0904 0.8660
140.090 NaN 0.0907 0.8986
140.132 NaN 0.0924 0.8986
140.172 NaN 0.0947 0.8629
140.212 NaN 0.0873 0.8773
140.252 NaN 0.0866 0.8900
140.290 NaN 0.0882 0.8911
140.333 NaN 0.0856 0.8899
