240.653 NaN 0.0845 0.9336
240.694 NaN 0.0836 0.9372
240.734 NaN 0.0799 0.9347
240.774 NaN 0.0781 0.9288
240.813 NaN 0.0792 0.8929
240.853 NaN 0.0802 0.9065
240.895 NaN 0.0834 0.9395
240.935 0.0960 0.0806 0.9569
240.975 0.0968 0.0810 0.9475
241.014 0.0955 0.0799 0.9388
241.051 0.0951 0.0797 0.9390
241.096 0.0922 0.0816 0.9057
241.135 0.0951 0.0834 0.9348
241.175 0.0973 0.0811 0.8921
241.215 0.0980 0.0811 0.9151
241.252 0.0957 0.0811 0.9151
241.296 0.1002 0.0823 0.8991
241.336 0.1011 0.0865 0.8841
241.376 0.1010 0.0796 0.9143
241.416 0.1045 0.0825 0.8879
241.457 0.1025 0.0779 0.8899
241.498 0.1042 0.0805 0.8829
241.538 0.1071 0.0822 0.8839
241.578 0.1142 0.0808 0.9159
241.618 0.1125 0.0820 0.8957
241.657 0.1115 0.0813 0.9165
241.697 0.1077 0.0795 0.8911
241.738 0.1123 0.0797 0.8871
241.779 0.1094 0.0823 0.8762
241.819 0.1091 0.0809 0.8833
241.858 0.1107 0.0801 0.8876
241.895 0.1104 0.0792 0.8916
241.940 0.1129 0.0801 0.8867
241.979 0.1130 0.0812 0.9138
242.019 0.1108 0.0839 0.8957
242.059 0.1060 0.0849 0.9050
242.096 0.1029 0.0809 0.9309
242.140 0.1020 0.0815 0.9133
242.180 0.1046 0.0871 0.8816
242.220 0.1015 0.0870 0.8930
242.260 0.1000 0.0874 0.8764
242.299 0.0984 0.0850 0.8973
242.340 0.0970 0.0833 0.8973
242.380 0.0961 0.0822 0.8973
242.421 0.0916 0.0839 0.8739
242.460 0.0883 0.0872 0.8739
242.500 0.0883 0.0851 0.8739
242.540 0.0856 0.0858 0.8892
242.582 0.0861 0.0841 0.8660
242.622 0.0864 0.0841 0.8782
242.662 0.0845 0.0884 0.8849
242.702 0.0840 0.0884 0.8849
242.739 0.0855 0.0850 0.8823
242.783 0.0843 0.0850 0.8564
242.823 0.0896 0.0906 0.8643
242.863 0.0930 0.0872 0.8853
242.902 0.0977 0.0872 0.8849
242.939 0.1060 0.0872 0.9122
242.983 0.1177 0.0876 0.8959
243.023 0.1246 0.0886 0.9015
243.063 0.1309 0.0882 0.8947
243.103 0.1370 0.0891 0.9055
243.142 0.1403 0.0880 0.9055
243.184 0.1464 0.0881 0.8968
243.224 0.1461 0.0867 0.8952
243.264 0.1499 0.0895 0.9102
243.304 0.1503 0.0855 0.8718
243.343 0.1484 0.0916 0.9043
243.383 0.1474 0.0925 0.9035
243.424 0.1444 0.0923 0.8958
243.465 0.1383 0.0874 0.8747
243.505 0.1325 0.0863 0.9115
243.544 0.1304 0.0921 0.9437
243.582 0.1267 0.0884 0.9423
243.626 0.1234 0.0881 0.8696
243.665 0.1205 0.0864 0.8976
243.706 0.1213 0.0878 0.8465
243.746 0.1230 0.0918 0.8776
243.783 0.1202 0.0889 0.8767
243.827 0.1207 0.0908 0.8776
243.867 0.1228 0.0900 0.8393
243.907 0.1264 0.0884 0.8496
243.947 0.1278 0.0881 0.8706
243.986 0.1311 0.0911 0.8782
244.027 0.1289 0.0894 0.8822
244.067 0.1297 0.0896 0.8572
244.108 0.1322 0.0888 0.8805
244.148 0.1348 0.0884 0.8801
244.187 0.1367 0.0866 0.9017
244.226 0.1334 0.0897 0.8923
244.268 0.1356 0.0889 0.8899
244.308 0.1369 0.0888 0.9345
244.348 0.1370 0.0884 0.9486
244.388 0.1379 0.0886 0.9277
244.425 0.1382 0.0910 0.9080
244.469 0.1350 0.0892 0.8764
244.509 0.1382 0.0887 0.8916
244.549 0.1388 0.0909 0.8677
244.589 0.1393 0.0905 0.8786
244.626 0.1393 0.0922 0.8927
244.670 0.1394 0.0934 0.8885
244.710 0.1463 0.0929 0.8960
244.750 0.1487 0.0913 0.9342
244.790 0.1542 0.0909 0.8950
244.829 0.1556 0.0931 0.9146
244.871 0.1547 0.0938 0.9146
244.911 0.1544 0.0946 0.8869
244.951 0.1520 0.0951 0.9018
244.991 0.1509 0.0954 0.9142
245.030 0.1495 0.0923 0.8734
245.070 0.1507 0.0950 0.8726
245.112 0.1495 0.0958 0.9245
245.152 0.1490 0.0923 0.8869
245.192 0.1459 0.0940 0.8726
245.231 0.1454 0.0906 0.8719
245.269 0.1404 0.0913 0.8719
245.313 0.1400 0.0935 0.8759
245.353 0.1414 0.0984 0.8891
245.393 0.1422 0.0976 0.8928
245.433 0.1464 0.0938 0.9100
245.469 0.1495 0.1054 0.8959
245.513 0.1543 0.0970 0.8865
245.553 0.1539 0.1002 0.8969
245.593 0.1536 0.0992 0.8925
245.633 0.1522 0.0950 0.8846
245.673 0.1503 0.0982 0.8794
245.714 0.1478 0.0970 0.8774
245.754 0.1476 0.0979 0.8899
245.794 0.1456 0.0969 0.8774
245.834 0.1447 0.0963 0.8971
245.874 0.1415 0.0989 0.8837
245.914 0.1381 0.1049 0.8773
245.955 0.1379 0.0929 0.9120
245.995 0.1329 0.0986 0.9047
246.036 0.1331 0.0958 0.8967
246.075 0.1338 0.0982 0.8848
246.112 0.1322 0.1003 0.8967
246.157 0.1304 0.0951 0.9227
246.196 0.1314 0.0957 0.9031
246.236 0.1328 0.0972 0.8793
246.276 0.1332 0.1014 0.8829
246.313 0.1308 0.0976 0.9043
246.357 0.1334 0.0972 0.8923
246.397 0.1367 0.0968 0.8525
246.437 0.1376 0.0978 0.8773
246.477 0.1430 0.0994 0.8772
246.516 0.1472 0.0964 0.8851
246.557 0.1477 0.0971 0.8717
246.597 0.1531 0.0944 0.8641
246.638 0.1642 0.0972 0.9075
246.678 0.1676 0.0987 0.9163
246.717 0.1693 0.0970 0.8765
246.756 0.1744 0.0981 0.9024
246.798 0.1797 0.0951 0.8732
246.838 0.1804 0.0982 0.8732
246.878 0.1814 0.0983 0.9012
246.918 0.1843 0.0999 0.9337
246.956 0.1860 0.0961 0.8549
246.999 0.1853 0.0954 0.8627
247.040 0.1839 0.0963 0.8576
247.080 0.1836 0.0946 0.8743
247.119 0.1788 0.0979 0.8401
247.157 0.1755 0.0943 0.8724
247.200 0.1772 0.0989 0.8795
247.240 0.1744 0.0974 0.8599
247.281 0.1727 0.0981 0.8731
247.320 0.1679 0.0950 0.8739
247.359 0.1640 0.1018 0.8737
247.401 0.1563 0.0955 0.8629
247.441 0.1477 0.0943 0.8559
247.481 0.1391 0.0975 0.8888
247.521 0.1338 0.0982 0.8941
247.560 0.1323 0.1003 0.8738
247.600 0.1251 0.0971 0.8738
247.641 0.1196 0.0955 0.8738
247.682 0.1141 0.1001 0.8016
247.722 0.1080 0.0989 0.8460
247.761 0.1026 0.1010 0.8311
247.799 0.0995 0.0991 0.8870
247.843 0.0979 0.1005 0.8475
247.883 0.0974 0.0989 0.8476
247.923 0.0990 0.0975 0.8495
247.962 0.1038 0.0998 0.8695
247.999 0.1093 0.0980 0.8547
248.043 0.1060 0.1006 0.8259
248.083 0.1050 0.1004 0.8455
248.124 0.1085 0.1030 0.8319
248.164 0.1099 0.0976 0.8563
248.203 0.1131 0.0969 0.8821
248.245 0.1127 0.1007 0.8771
248.284 0.1162 0.0996 0.8903
248.325 0.1232 0.0945 0.9009
248.365 0.1284 0.0920 0.9183
248.404 0.1335 0.0953 0.8764
248.443 0.1337 0.0969 0.8759
248.485 0.1327 0.0969 0.8955
248.525 0.1381 0.0951 0.8649
248.565 0.1465 0.0902 0.8991
248.605 0.1522 0.0889 0.9165
248.642 0.1548 0.0924 0.9025
248.687 0.1518 0.0962 0.9078
248.726 0.1485 0.0972 0.8834
248.766 0.1479 0.0949 0.9216
248.806 0.1448 0.0947 0.8956
248.843 0.1438 0.0945 0.9107
248.887 0.1368 0.0966 0.9093
248.927 0.1334 0.0960 0.9055
248.967 0.1299 0.0954 0.9219
249.006 0.1222 0.0912 0.8829
249.045 0.1181 0.0930 0.9025
249.087 0.1156 0.0983 0.8955
249.127 0.1160 0.0976 0.9167
249.167 0.1203 0.0993 0.8961
249.207 0.1271 0.0993 0.8981
249.248 0.1326 0.0950 0.9020
249.287 0.1353 0.0934 0.9443
249.329 0.1343 0.0944 0.9392
249.369 0.1372 0.1005 0.8956
249.409 0.1416 0.0988 0.8642
249.449 0.1438 0.0953 0.8816
249.486 0.1491 0.0976 0.8866
249.530 0.1492 0.0958 0.9038
249.570 0.1495 0.0971 0.8682
249.610 0.1447 0.0929 0.8645
249.649 0.1368 0.0919 0.8772
249.686 0.1271 0.0918 0.8904
249.731 0.1183 0.0935 0.8895
249.770 0.1118 0.0929 0.8626
249.810 0.1024 0.0943 0.8943
249.850 0.0919 0.0960 0.9027
249.889 0.0797 0.0945 0.9287
249.931 0.0715 0.0949 0.8829
249.971 0.0663 0.0965 0.8893
250.011 0.0648 0.0966 0.8953
250.051 0.0611 0.0965 0.8973
250.090 0.0583 0.0954 0.9001
250.130 0.0572 0.0949 0.8953
250.171 0.0623 0.0961 0.8973
250.212 0.0662 0.0978 0.9101
250.252 0.0712 0.0969 0.9101
250.291 0.0765 0.0943 0.8665
250.329 0.0820 0.0947 0.8655
250.374 0.0916 0.0953 0.8607
250.413 0.0983 0.0995 0.9064
250.454 0.1018 0.1000 0.8898
250.493 0.1017 0.0985 0.8516
250.530 0.1003 0.0936 0.8767
250.574 0.0996 0.0949 0.8854
250.614 0.0998 0.0940 0.8729
250.654 0.1004 0.0969 0.8729
250.694 0.1037 0.0993 0.8530
250.734 0.1026 0.0992 0.8682
250.774 0.1006 0.0942 0.8461
250.814 0.1022 0.0938 0.8455
250.855 0.1030 0.0966 0.8585
250.894 0.1004 0.0949 0.8263
250.934 0.0987 0.0953 0.8575
250.973 0.0977 0.0938 0.8513
251.015 0.0984 0.0932 0.8411
251.055 0.1018 0.0932 0.8251
251.095 0.1068 0.0971 0.8391
251.135 0.1106 0.0962 0.8391
251.172 0.1105 0.0960 0.8353
251.216 0.1104 0.0951 0.8501
251.256 0.1177 0.0940 0.8751
251.296 0.1231 0.0957 0.8566
251.336 0.1243 0.0985 0.8337
251.374 0.1302 0.0971 0.8587
251.417 0.1366 0.0963 0.8403
251.457 0.1411 0.0954 0.8697
251.498 0.1450 0.0943 0.8298
251.537 0.1454 0.0957 0.8318
251.576 0.1458 0.0981 0.8384
251.618 0.1440 0.0948 0.8822
251.658 0.1427 0.0982 0.8167
251.698 0.1422 0.0952 0.8234
251.738 0.1368 0.1011 0.8283
251.778 0.1308 0.0996 0.8283
251.817 0.1252 0.0980 0.8696
251.858 0.1224 0.1000 0.8976
251.899 0.1172 0.0971 0.8579
251.939 0.1135 0.0954 0.8592
251.978 0.1109 0.0979 0.8427
252.016 0.1088 0.1030 0.8342
252.060 0.1065 0.0988 0.8716
252.099 0.1062 0.0986 0.8707
252.140 0.1047 0.0995 0.9187
252.179 0.1037 0.0997 0.9146
252.216 0.1050 0.1000 0.8823
252.260 0.1034 0.0997 0.8666
252.300 0.1051 0.0993 0.8590
252.340 0.1030 0.0985 0.8666
252.380 0.1038 0.0986 0.8439
252.419 0.1023 0.0993 0.8631
252.461 0.1038 0.1052 0.9328
252.500 0.1053 0.1049 0.8852
252.541 0.1092 0.1033 0.8797
252.582 0.1096 0.1037 0.8762
252.621 0.1094 0.1017 0.8682
252.661 0.1100 0.1029 0.8957
252.702 0.1109 0.1038 0.8982
252.742 0.1126 0.1017 0.8841
252.782 0.1159 0.0987 0.8826
252.822 0.1215 0.1009 0.8517
252.859 0.1223 0.1047 0.8566
252.904 0.1268 0.1015 0.8796
252.943 0.1289 0.1007 0.8709
252.983 0.1311 0.1002 0.8854
253.023 0.1286 0.1020 0.8467
253.060 0.1307 0.1002 0.8911
253.104 0.1271 0.1024 0.8763
253.144 0.1262 0.1009 0.8716
253.184 0.1238 0.0999 0.9141
253.224 0.1218 0.1000 0.8945
253.263 0.1180 0.0967 0.9174
253.304 0.1137 0.0977 0.9007
253.344 0.1137 0.1057 0.9031
253.384 0.1125 0.1039 0.9031
253.424 0.1108 0.0977 0.8497
253.464 0.1102 0.0954 0.8471
253.503 0.1109 0.0960 0.8399
253.544 0.1090 0.0982 0.8762
253.585 0.1121 0.0956 0.8871
253.625 0.1135 0.0940 0.8817
253.665 0.1145 0.0950 0.9003
253.703 0.1146 0.0926 0.8295
253.747 0.1167 0.0949 0.8772
253.787 0.1221 0.0954 0.8949
253.827 0.1210 0.0965 0.8879
253.866 0.1202 0.0924 0.8969
253.903 0.1199 0.0945 0.8894
253.947 0.1218 0.0927 0.8592
253.987 0.1242 0.0878 0.8543
254.027 0.1225 0.0955 0.8699
254.067 0.1204 0.0899 0.8912
254.106 0.1190 0.0933 0.8723
254.148 0.1205 0.0900 0.8707
254.188 0.1225 0.0933 0.9007
254.228 0.1216 0.0989 0.8805
254.268 0.1184 0.0964 0.8785
254.307 0.1171 0.0946 0.9233
254.347 0.1160 0.0931 0.8735
254.388 0.1137 0.0919 0.8745
254.429 0.1078 0.0967 0.8741
254.469 0.1032 0.0970 0.8741
254.508 0.1034 0.0928 0.8637
254.545 0.1023 0.0941 0.8727
254.589 0.1029 0.0957 0.8576
254.629 0.1004 0.0946 0.8423
254.669 0.0992 0.0954 0.8423
254.709 0.0977 0.0937 0.8513
254.747 0.0946 0.0937 0.8447
254.790 0.0968 0.0925 0.8467
254.831 0.0982 0.0919 0.8557
254.871 0.0985 0.0913 0.8473
254.911 0.0995 0.1003 0.8447
254.951 0.0985 0.0960 0.8525
254.991 0.0965 0.0969 0.8622
255.031 0.0963 0.0917 0.8533
255.072 0.0971 0.0993 0.8959
255.111 0.0994 0.0958 0.8881
255.151 0.1003 0.0994 0.8485
255.191 0.1006 0.0954 0.8601
255.232 0.1059 0.0957 0.8579
255.272 0.1082 0.0926 0.8495
255.312 0.1059 0.0978 0.8465
255.352 0.1053 0.0957 0.8551
255.389 0.1071 0.0923 0.8223
255.433 0.1103 0.0928 0.8701
255.473 0.1151 0.0916 0.8423
255.513 0.1201 0.0916 0.8443
255.553 0.1240 0.1048 0.8223
255.589 0.1300 0.0949 0.8423
255.633 0.1312 0.0929 0.8339
255.673 0.1388 0.0929 0.8491
255.714 0.1428 0.0928 0.8611
255.753 0.1404 0.0934 0.8551
255.792 0.1408 0.0932 0.8651
255.834 0.1450 0.0939 0.8563
255.874 0.1459 0.0925 0.8370
255.915 0.1467 0.0884 0.8677
255.955 0.1473 0.0911 0.8656
255.995 0.1457 0.0935 0.8489
256.034 0.1420 0.0944 0.8663
256.076 0.1353 0.0921 0.8499
256.116 0.1347 0.0895 0.8306
256.156 0.1317 0.0928 0.8637
256.195 0.1263 0.0894 0.8360
256.232 0.1241 0.0976 0.8767
256.277 0.1252 0.0925 0.8543
256.317 0.1233 0.0907 0.8517
256.356 0.1223 0.0907 0.8826
256.396 0.1220 0.0934 0.8287
256.433 0.1219 0.0970 0.8337
256.477 0.1214 0.0949 0.8261
256.517 0.1220 0.0905 0.8895
256.557 0.1207 0.0935 0.8679
256.597 0.1238 0.0883 0.8756
256.636 0.1221 0.0906 0.8640
256.678 0.1225 0.0966 0.9007
256.718 0.1269 0.0953 0.8662
256.758 0.1279 0.0958 0.8589
256.798 0.1317 0.0939 0.8584
256.837 0.1342 0.0911 0.8996
256.877 0.1331 0.0911 0.9012
256.918 0.1348 0.0953 0.8741
256.959 0.1349 0.0920 0.8975
256.999 0.1345 0.0921 0.8883
257.039 0.1391 0.0919 0.9133
257.076 0.1359 0.0913 0.8956
257.121 0.1342 0.0925 0.8939
257.160 0.1352 0.0934 0.8640
257.200 0.1359 0.0905 0.9146
257.240 0.1329 0.0922 0.8895
257.277 0.1279 0.0907 0.8929
257.321 0.1245 0.0918 0.9125
257.361 0.1270 0.0915 0.9275
257.401 0.1280 0.0911 0.9299
257.441 0.1284 0.0911 0.9389
257.479 0.1287 0.0909 0.9291
257.521 0.1291 0.0913 0.9148
257.561 0.1299 0.0935 0.8592
257.601 0.1296 0.0929 0.9209
257.641 0.1322 0.0923 0.9183
257.681 0.1294 0.0894 0.8852
257.720 0.1338 0.0912 0.8633
257.762 0.1403 0.0922 0.9078
257.802 0.1447 0.0956 0.8828
257.842 0.1451 0.0931 0.8869
257.882 0.1452 0.0954 0.8715
257.919 0.1445 0.0946 0.8715
257.963 0.1436 0.0951 0.8556
258.003 0.1409 0.0942 0.8912
258.043 0.1423 0.1001 0.8328
258.083 0.1417 0.0985 0.8333
258.120 0.1379 0.0985 0.8690
258.165 0.1354 0.0975 0.8266
258.204 0.1279 0.0974 0.8473
258.244 0.1230 0.1006 0.8429
258.284 0.1154 0.1004 0.8369
258.323 0.1125 0.0974 0.8578
258.365 0.1095 0.0974 0.8655
258.405 0.1074 0.0961 0.8925
258.445 0.1083 0.0989 0.8726
258.485 0.1080 0.1012 0.8640
258.524 0.1056 0.1015 0.8569
258.564 0.1075 0.0985 0.8565
258.605 0.1104 0.1001 0.8825
258.646 0.1160 0.1033 0.8675
258.686 0.1239 0.1020 0.8792
258.725 0.1273 0.1016 0.8844
258.762 0.1296 0.1003 0.9214
258.807 0.1342 0.1001 0.8840
258.846 0.1364 0.1000 0.8840
258.886 0.1370 0.1033 0.8632
258.926 0.1374 0.1030 0.8881
258.963 0.1389 0.1044 0.8881
259.007 0.1403 0.1044 0.8776
259.047 0.1405 0.0992 0.8986
259.087 0.1405 0.1017 0.8813
259.127 0.1368 0.1034 0.8793
259.166 0.1347 0.1023 0.8850
259.207 0.1294 0.1042 0.8778
259.248 0.1310 0.0986 0.8838
259.289 0.1284 0.0975 0.8666
259.328 0.1299 0.1017 0.9020
259.368 0.1320 0.1001 0.8868
259.407 0.1312 0.0991 0.8869
259.449 0.1293 0.0976 0.8663
259.489 0.1267 0.0963 0.8725
259.529 0.1261 0.0962 0.8907
259.569 0.1253 0.0982 0.8974
259.606 0.1246 0.0970 0.8772
259.649 0.1223 0.0953 0.8405
259.690 0.1234 0.0968 0.8612
259.730 0.1230 0.0924 0.8402
259.770 0.1228 0.0957 0.8428
259.806 0.1207 0.0981 0.8584
259.851 0.1180 0.0985 0.8596
259.890 0.1185 0.0973 0.8900
259.930 0.1192 0.0963 0.8262
259.971 0.1222 0.0994 0.8132
260.009 0.1251 0.1020 0.8290
260.051 0.1252 0.0981 0.8405
260.091 0.1273 0.0966 0.8632
260.131 0.1275 0.0965 0.8558
260.171 0.1299 0.0986 0.8437
260.210 0.1314 0.0986 0.8251
260.250 0.1326 0.1008 0.8391
260.291 0.1371 0.0997 0.9045
260.332 0.1399 0.1050 0.8749
260.373 0.1396 0.0973 0.8622
260.412 0.1406 0.0971 0.8775
260.450 0.1421 0.1028 0.8385
260.494 0.1414 0.1073 0.8942
260.533 0.1421 0.1068 0.8909
260.574 0.1426 0.1017 0.9148
260.613 0.1455 0.1014 0.9198
260.650 0.1480 0.1029 0.8928
260.693 0.1510 0.1045 0.9165
260.734 0.1555 0.1050 0.9328
260.774 0.1533 0.1011 0.9142
260.814 0.1525 0.0970 0.9176
260.853 0.1539 0.0997 0.8896
260.895 0.1532 0.0992 0.8828
260.935 0.1504 0.1032 0.8862
260.975 0.1487 0.0979 0.9435
261.015 0.1453 0.0996 0.9132
261.054 0.1425 0.0999 0.9102
261.093 0.1416 0.1020 0.8878
261.135 0.1405 0.1037 0.8979
261.176 0.1363 0.1035 0.8894
261.216 0.1345 0.1052 0.8676
261.255 0.1370 0.1035 0.8562
261.292 0.1376 0.1036 0.8562
261.335 0.1386 0.1067 0.8973
261.376 0.1433 0.1065 0.8385
261.416 0.1458 0.1068 0.8295
261.457 0.1507 0.1056 0.8336
261.494 0.1550 0.1031 0.8565
261.538 0.1623 0.1035 0.8415
261.578 0.1643 0.0995 0.8695
261.618 0.1639 0.1018 0.8665
261.658 0.1676 0.0995 0.8103
261.697 0.1672 0.1013 0.8826
261.739 0.1618 0.1009 0.8696
261.778 0.1569 0.1029 0.8815
261.818 0.1537 0.1057 0.8729
261.858 0.1482 0.1051 0.8613
261.898 0.1426 0.1040 0.8758
261.937 0.1358 0.1026 0.8589
261.978 0.1311 0.1025 0.8295
262.019 0.1240 0.1054 0.8432
262.059 0.1197 0.1036 0.8423
262.099 0.1192 0.1025 0.8180
262.136 0.1129 0.1005 0.8501
262.180 0.1055 0.0974 0.8505
262.220 0.0990 0.0999 0.8505
262.260 0.0970 0.1026 0.8549
262.299 0.0962 0.1037 0.8831
262.336 0.0939 0.1019 0.8540
262.380 0.0924 0.1037 0.8703
262.420 0.0954 0.1036 0.8616
262.461 0.0957 0.1056 0.8526
262.500 0.0915 0.1068 0.8526
262.540 0.0915 0.1059 0.8526
262.582 0.0861 0.1062 0.8052
262.622 0.0870 0.1066 0.8332
262.662 0.0908 0.1034 0.8411
262.702 0.0951 0.1044 0.8640
262.741 0.0978 0.1043 0.8570
262.781 0.0988 0.1009 0.8570
262.822 0.0978 0.1007 0.8286
262.863 0.0965 0.1020 0.8410
262.903 0.0946 0.1038 0.8663
262.942 0.0941 0.1050 0.8719
262.980 0.0976 0.1025 0.8719
263.024 0.0995 0.1030 0.8427
263.063 0.1039 0.1040 0.8048
263.103 0.1065 0.1076 0.8609
263.143 0.1066 0.1064 0.8583
263.180 0.1056 0.1070 0.8803
263.224 0.1064 0.1028 0.8334
263.264 0.1083 0.1005 0.8479
263.304 0.1096 0.0991 0.8443
263.344 0.1134 0.1011 0.8592
263.384 0.1192 0.1080 0.8390
263.425 0.1180 0.1024 0.8359
263.464 0.1164 0.0993 0.8409
263.505 0.1166 0.1000 0.8370
263.545 0.1142 0.0989 0.8440
263.584 0.1120 0.1014 0.8440
263.624 0.1082 0.1002 0.8430
263.665 0.1085 0.0998 0.8114
263.706 0.1100 0.0973 0.8170
263.746 0.1119 0.0985 0.8230
263.786 0.1167 0.0992 0.7960
263.823 0.1178 0.1015 0.8266
263.867 0.1189 0.0968 0.8633
263.907 0.1237 0.0989 0.8177
263.947 0.1275 0.0982 0.8167
263.987 0.1322 0.0992 0.8612
264.023 0.1328 0.0989 0.8563
264.068 0.1345 0.1005 0.8653
264.108 0.1373 0.0969 0.8729
264.148 0.1413 0.1027 0.8895
264.187 0.1426 0.1024 0.8509
264.226 0.1420 0.1036 0.8383
264.268 0.1371 0.1008 0.8461
264.308 0.1337 0.1024 0.8734
264.348 0.1302 0.1007 0.8696
264.388 0.1261 0.1007 0.8798
264.427 0.1246 0.1013 0.8737
264.467 0.1202 0.1010 0.8741
264.509 0.1224 0.1041 0.8709
264.549 0.1240 0.0982 0.8708
264.589 0.1276 0.0980 0.8808
264.628 0.1280 0.0978 0.8912
264.666 0.1283 0.0988 0.8729
264.710 0.1324 0.0976 0.9097
264.750 0.1334 0.1023 0.8642
264.790 0.1391 0.0990 0.8977
264.830 0.1408 0.0989 0.9002
264.867 0.1408 0.1008 0.8608
264.911 0.1385 0.1015 0.8779
264.951 0.1382 0.1035 0.9052
264.991 0.1388 0.1053 0.8863
265.031 0.1358 0.1055 0.8709
265.070 0.1360 0.1038 0.8819
265.112 0.1334 0.1039 0.9129
265.152 0.1303 0.1080 0.9003
265.192 0.1257 0.1072 0.9047
265.232 0.1242 0.1035 0.9160
265.271 0.1226 0.1059 0.9049
265.311 0.1195 0.1041 0.9251
265.352 0.1188 0.1050 0.9396
265.393 0.1195 0.1084 0.9087
265.433 0.1204 0.1072 0.8827
265.472 0.1157 0.1064 0.8801
265.509 0.1148 0.1051 0.9361
265.553 0.1115 0.1104 0.8863
265.593 0.1112 0.1098 0.9097
265.633 0.1128 0.1089 0.8891
265.673 0.1135 0.1087 0.9063
265.710 0.1134 0.1084 0.8656
265.754 0.1074 0.1083 0.8931
265.794 0.1059 0.1094 0.8816
265.834 0.1027 0.1117 0.9032
265.874 0.0989 0.1096 0.8462
265.913 0.0923 0.1094 0.8736
265.955 0.0891 0.1085 0.8566
265.995 0.0866 0.1096 0.8622
266.035 0.0855 0.1121 0.8791
266.075 0.0780 0.1121 0.8709
266.115 0.0745 0.1118 0.8531
266.154 0.0696 0.1109 0.8359
266.196 0.0659 0.1105 0.8291
266.236 0.0625 0.1102 0.8569
266.276 0.0570 0.1119 0.8569
266.315 0.0531 0.1111 0.8707
266.353 0.0473 0.1111 0.8462
266.397 0.0433 0.1104 0.8213
266.437 0.0417 0.1116 0.8603
266.477 0.0412 0.1128 0.8473
266.517 0.0328 0.1133 0.8381
266.553 0.0307 0.1127 0.8541
266.598 0.0264 0.1096 0.8187
266.637 0.0232 0.1098 0.8397
266.677 0.0239 0.1105 0.8397
266.717 0.0256 0.1159 0.8462
266.756 0.0256 0.1120 0.8397
266.798 0.0296 0.1108 0.8187
266.838 0.0324 0.1098 0.8397
266.878 0.0389 0.1100 0.8187
266.918 0.0437 0.1121 0.7810
266.957 0.0444 0.1109 0.8263
266.998 0.0491 0.1115 0.8173
267.039 0.0498 0.1118 0.8053
267.080 0.0525 0.1126 0.7885
267.120 0.0544 0.1150 0.7768
267.159 0.0505 0.1136 0.8475
267.197 0.0455 0.1136 0.8475
267.241 0.0465 0.1138 0.8307
267.280 0.0431 0.1135 0.8080
267.320 0.0449 0.1128 0.8027
267.360 0.0414 0.1138 0.8106
267.397 0.0396 0.1154 0.8051
267.441 0.0360 0.1145 0.8115
267.481 0.0321 0.1139 0.8053
267.521 0.0346 0.1132 0.8143
267.561 0.0325 0.1136 0.8027
267.601 0.0310 0.1149 0.7920
267.642 0.0324 0.1160 0.8147
267.681 0.0333 0.1144 0.7960
267.722 0.0307 0.1139 0.8003
267.762 0.0319 0.1158 0.7460
267.801 0.0290 0.1129 0.7460
267.841 0.0262 0.1130 0.7754
267.882 0.0261 0.1171 0.7914
267.923 0.0248 0.1158 0.7460
267.962 0.0258 0.1118 0.8109
268.002 0.0239 0.1130 0.7754
268.040 0.0229 0.1159 0.7914
268.083 0.0231 0.1160 0.7664
268.124 0.0219 0.1148 0.7580
268.164 0.0246 0.1131 0.7573
268.204 0.0266 0.1126 0.7543
268.240 0.0279 0.1126 0.7560
268.284 0.0284 0.1171 0.7934
268.324 0.0318 0.1152 0.7414
268.365 0.0315 0.1142 0.7599
268.404 0.0303 0.1193 0.7684
268.444 0.0304 0.1162 0.7550
268.485 0.0316 0.1152 0.7580
268.525 0.0327 0.1163 0.7684
268.565 0.0318 0.1163 0.8113
268.605 0.0340 0.1148 0.7893
268.645 0.0340 0.1128 0.7803
268.684 0.0335 0.1148 0.7893
268.726 0.0330 0.1164 0.7817
268.766 0.0343 0.1166 0.8100
268.806 0.0328 0.1177 0.7934
268.846 0.0330 0.1145 0.7860
268.883 0.0350 0.1152 0.7980
268.927 0.0376 0.1155 0.8147
268.967 0.0400 0.1164 0.7954
269.007 0.0412 0.1133 0.7934
269.046 0.0451 0.1133 0.7654
269.083 0.0474 0.1160 0.7402
269.127 0.0487 0.1132 0.7654
269.167 0.0507 0.1150 0.7580
269.207 0.0535 0.1112 0.8315
269.248 0.0526 0.1110 0.7879
269.287 0.0585 0.1104 0.8100
269.329 0.0600 0.1089 0.8109
269.369 0.0643 0.1061 0.8299
269.409 0.0671 0.1093 0.8530
269.449 0.0685 0.1114 0.8612
269.488 0.0704 0.1080 0.8263
269.528 0.0701 0.1094 0.8013
269.569 0.0718 0.1103 0.8403
269.610 0.0709 0.1131 0.8403
269.650 0.0717 0.1123 0.8403
269.689 0.0722 0.1130 0.8131
269.726 0.0768 0.1095 0.8353
269.771 0.0787 0.1116 0.8309
269.810 0.0810 0.1105 0.8176
269.850 0.0822 0.1136 0.8493
269.890 0.0848 0.1097 0.8278
269.927 0.0865 0.1091 0.8736
269.971 0.0847 0.1078 0.8413
270.011 0.0882 0.1078 0.8153
270.051 0.0893 0.1100 0.8294
270.091 0.0952 0.1093 0.8533
270.130 0.0985 0.1093 0.8311
270.171 0.1004 0.1074 0.8311
270.211 0.0976 0.1066 0.8311
270.252 0.0941 0.1067 0.8489
270.291 0.0922 0.1077 0.8499
270.332 0.0911 0.1051 0.8268
270.371 0.0919 0.1001 0.8361
270.413 0.0919 0.1013 0.8454
270.453 0.0960 0.1009 0.8279
270.493 0.0980 0.1018 0.8292
270.533 0.1012 0.1041 0.8460
270.570 0.1000 0.0991 0.8454
270.614 0.0994 0.1007 0.8469
270.654 0.0979 0.0991 0.8765
270.694 0.1018 0.1019 0.8294
270.734 0.1029 0.1036 0.8403
270.770 0.1025 0.1035 0.8523
270.815 0.1067 0.1028 0.8485
270.854 0.1091 0.1028 0.8575
270.895 0.1094 0.1016 0.8485
270.934 0.1075 0.1033 0.8523
270.973 0.1067 0.1060 0.8682
271.015 0.1026 0.1060 0.8990
271.055 0.0995 0.1041 0.8756
271.095 0.0974 0.1050 0.8685
271.135 0.0973 0.1033 0.8705
271.174 0.0949 0.1057 0.8819
271.214 0.0910 0.1057 0.8731
271.256 0.0915 0.1020 0.8735
271.296 0.0959 0.1063 0.8627
271.336 0.0872 0.1016 0.8351
271.375 0.0827 0.1084 0.8547
271.414 0.0803 0.1084 0.8547
271.457 0.0737 0.1055 0.8636
271.498 0.0744 0.1064 0.8637
271.538 0.0746 0.1036 0.8473
271.577 0.0741 0.1038 0.8533
271.614 0.0755 0.1034 0.8485
271.658 0.0699 0.1089 0.8658
271.698 0.0705 0.1051 0.8676
271.738 0.0741 0.1036 0.8326
271.778 0.0670 0.1019 0.8326
271.818 0.0638 0.1029 0.8450
271.858 0.0663 0.1062 0.8735
271.898 0.0659 0.1049 0.8613
271.939 0.0672 0.1056 0.8511
271.979 0.0656 0.1019 0.8281
272.018 0.0630 0.1008 0.8281
272.058 0.0609 0.1047 0.8456
272.099 0.0549 0.1041 0.8522
272.139 0.0543 0.1030 0.8462
272.179 0.0564 0.1042 0.8511
272.219 0.0571 0.1021 0.8522
272.256 0.0578 0.0996 0.8843
272.300 0.0658 0.1027 0.8522
272.340 0.0688 0.1054 0.8229
272.380 0.0694 0.1042 0.8343
272.420 0.0733 0.1026 0.8501
272.457 0.0772 0.1018 0.8458
272.501 0.0822 0.1034 0.8524
272.541 0.0834 0.1031 0.8434
272.582 0.0834 0.1031 0.8432
272.622 0.0889 0.1027 0.8827
272.660 0.0903 0.1017 0.8827
272.702 0.0907 0.1049 0.8380
272.742 0.0900 0.1056 0.8632
272.783 0.0822 0.1048 0.8708
272.822 0.0756 0.1051 0.8677
272.861 0.0716 0.1033 0.8577
272.902 0.0706 0.1032 0.8363
272.943 0.0684 0.1024 0.9047
272.983 0.0628 0.1048 0.8963
273.023 0.0597 0.1040 0.8752
273.063 0.0631 0.1026 0.8767
273.100 0.0611 0.1024 0.8637
273.144 0.0612 0.1019 0.8358
273.184 0.0637 0.1039 0.8553
273.224 0.0599 0.1049 0.8370
273.263 0.0637 0.1047 0.8370
273.300 0.0666 0.1057 0.8419
273.345 0.0703 0.1015 0.8411
273.384 0.0710 0.1059 0.8266
273.424 0.0679 0.1070 0.8422
273.464 0.0667 0.1052 0.8329
273.503 0.0656 0.1101 0.8359
273.545 0.0589 0.1055 0.8445
273.585 0.0545 0.1035 0.8137
273.625 0.0512 0.1063 0.8435
273.665 0.0428 0.1086 0.8279
273.705 0.0371 0.1079 0.8255
273.745 0.0305 0.1075 0.8385
273.786 0.0265 0.1036 0.7910
273.827 0.0251 0.1048 0.7910
273.867 0.0199 0.1106 0.8175
273.906 0.0172 0.1106 0.8175
273.944 0.0146 0.1060 0.7966
273.988 0.0145 0.1049 0.7910
274.027 0.0198 0.1038 0.7910
274.067 0.0257 0.1074 0.7966
274.107 0.0278 0.1087 0.7966
274.144 0.0314 0.1074 0.7966
274.188 0.0393 0.1023 0.7910
274.228 0.0476 0.1069 0.8225
274.268 0.0581 0.1057 0.8116
274.308 0.0622 0.1069 0.8326
274.347 0.0663 0.1046 0.8479
274.389 0.0706 0.1056 0.8315
274.428 0.0725 0.1059 0.8489
274.469 0.0738 0.1048 0.8216
274.509 0.0749 0.1058 0.8464
274.548 0.0730 0.1059 0.8464
274.588 0.0698 0.1061 0.8200
274.629 0.0642 0.1033 0.8439
274.669 0.0603 0.1024 0.8477
274.709 0.0550 0.1019 0.8427
274.749 0.0471 0.1022 0.8377
274.787 0.0382 0.1035 0.8287
274.831 0.0316 0.1034 0.8363
274.871 0.0262 0.1022 0.8573
274.911 0.0240 0.1037 0.8333
274.951 0.0222 0.1035 0.8293
274.988 0.0198 0.1048 0.8293
275.032 0.0154 0.1038 0.8383
275.071 0.0144 0.1045 0.8293
275.112 0.0091 0.1048 0.8293
275.151 0.0066 0.1022 0.8709
275.191 0.0052 0.1000 0.8619
275.232 0.0032 0.1011 0.8619
275.272 0.0056 0.1013 0.8619
275.312 0.0088 0.1037 0.8133
275.352 0.0060 0.1036 0.8293
275.391 0.0045 0.1002 0.8552
275.431 0.0057 0.1012 0.8503
275.472 0.0050 0.1011 0.8619
275.513 0.0055 0.1011 0.8619
275.553 0.0072 0.1032 0.8293
275.593 0.0086 0.1028 0.8293
275.630 0.0077 0.1041 0.8053
275.674 0.0076 0.1040 0.8293
275.714 0.0131 0.1023 0.8342
275.754 0.0155 0.1036 0.8293
275.793 0.0191 0.1034 0.8213
275.831 0.0248 0.1041 0.8053
275.874 0.0318 0.1059 0.8173
275.915 0.0370 0.1059 0.8173
275.955 0.0427 0.1059 0.8173
275.995 0.0447 0.1079 0.8164
276.035 0.0507 0.1052 0.7963
276.076 0.0548 0.1070 0.8039
276.116 0.0580 0.1046 0.8603
276.156 0.0621 0.1046 0.8543
276.196 0.0612 0.1046 0.8543
276.235 0.0635 0.1048 0.8353
276.275 0.0682 0.1036 0.8136
276.316 0.0735 0.1049 0.7996
276.356 0.0730 0.1059 0.8156
276.396 0.0740 0.1042 0.8355
276.436 0.0783 0.1032 0.8355
276.473 0.0792 0.1027 0.8084
276.517 0.0815 0.1049 0.8355
276.557 0.0825 0.1007 0.8775
276.597 0.0834 0.1049 0.8885
276.637 0.0832 0.1037 0.8572
276.674 0.0840 0.1049 0.8282
276.718 0.0824 0.1037 0.8282
276.758 0.0793 0.1035 0.8322
276.798 0.0756 0.1032 0.8436
276.838 0.0715 0.1026 0.8436
276.877 0.0669 0.1014 0.8552
276.918 0.0603 0.1027 0.8592
276.958 0.0557 0.1001 0.8592
276.999 0.0568 0.1028 0.8412
277.040 0.0544 0.1052 0.8805
277.079 0.0552 0.1031 0.8698
277.119 0.0589 0.1018 0.8738
277.160 0.0604 0.1008 0.8698
277.200 0.0641 0.1030 0.8687
277.240 0.0671 0.1042 0.8521
277.279 0.0703 0.1053 0.8504
277.317 0.0687 0.0999 0.8402
277.361 0.0748 0.1018 0.8775
277.401 0.0801 0.0996 0.8775
277.441 0.0854 0.1043 0.8598
277.480 0.0858 0.1039 0.8672
277.517 0.0878 0.1017 0.8542
277.562 0.0881 0.1013 0.8597
277.601 0.0834 0.1004 0.8252
277.641 0.0876 0.1021 0.8276
277.681 0.0877 0.1016 0.8222
277.720 0.0896 0.1030 0.8222
277.762 0.0851 0.0986 0.8222
277.802 0.0886 0.0969 0.8222
277.842 0.0918 0.0968 0.8222
277.882 0.0845 0.0973 0.8468
277.921 0.0860 0.0967 0.8428
277.961 0.0876 0.0955 0.8630
278.002 0.0866 0.0972 0.8468
278.043 0.0879 0.0928 0.8612
278.083 0.0935 0.0959 0.8468
278.123 0.0947 0.0953 0.8652
278.161 0.0947 0.1001 0.8626
278.205 0.0952 0.1027 0.8674
278.245 0.0973 0.0933 0.8484
278.284 0.1010 0.0950 0.8683
278.324 0.0995 0.0956 0.8564
278.361 0.1033 0.0974 0.8941
278.405 0.1012 0.0962 0.8707
278.445 0.1027 0.0973 0.8621
278.485 0.1049 0.0976 0.8621
278.525 0.1060 0.0978 0.8728
278.564 0.1091 0.0973 0.8557
278.605 0.1056 0.0997 0.8548
278.646 0.1024 0.0979 0.8548
278.686 0.0975 0.0985 0.8548
278.726 0.0939 0.0960 0.8608
278.765 0.0917 0.0956 0.8684
278.804 0.0865 0.0975 0.8592
278.846 0.0843 0.0976 0.8472
278.887 0.0868 0.0955 0.8632
278.926 0.0837 0.0938 0.8494
278.966 0.0799 0.0943 0.8589
279.003 0.0748 0.0963 0.8516
279.047 0.0695 0.0979 0.8688
279.087 0.0674 0.0976 0.8418
279.127 0.0647 0.0968 0.8217
279.167 0.0632 0.0976 0.8208
279.204 0.0605 0.0972 0.8255
279.249 0.0567 0.1001 0.8289
279.289 0.0543 0.1005 0.8196
279.329 0.0531 0.1019 0.8520
279.368 0.0521 0.1002 0.8286
279.407 0.0540 0.1029 0.8443
279.449 0.0531 0.1021 0.8330
279.489 0.0571 0.1072 0.8242
279.529 0.0593 0.1054 0.8242
279.569 0.0583 0.1019 0.8242
279.608 0.0624 0.1018 0.8242
279.648 0.0646 0.1040 0.8070
279.690 0.0694 0.1055 0.8242
279.730 0.0731 0.1062 0.7980
279.770 0.0768 0.1054 0.8336
279.809 0.0797 0.1043 0.8346
279.847 0.0818 0.1035 0.7996
279.891 0.0805 0.1033 0.8318
279.931 0.0818 0.1040 0.8434
279.971 0.0814 0.1057 0.8056
280.010 0.0805 0.1044 0.8224
280.047 0.0792 0.1045 0.8124
280.091 0.0771 0.1037 0.8105
280.131 0.0770 0.1062 0.8394
280.171 0.0752 0.1054 0.8522
280.211 0.0754 0.1048 0.8525
280.251 0.0737 0.1041 0.8359
280.292 0.0706 0.1050 0.8319
280.332 0.0708 0.1050 0.8359
280.373 0.0702 0.1053 0.8359
280.413 0.0699 0.1067 0.8272
280.452 0.0708 0.1049 0.8112
280.492 0.0682 0.1050 0.7940
280.533 0.0721 0.1064 0.7870
280.573 0.0730 0.1109 0.8494
280.614 0.0718 0.1090 0.8563
280.653 0.0760 0.1090 0.8523
280.690 0.0751 0.1079 0.8429
280.735 0.0776 0.1059 0.8263
280.774 0.0835 0.1106 0.8073
280.814 0.0864 0.1082 0.8677
280.854 0.0859 0.1097 0.8423
280.891 0.0871 0.1096 0.8193
280.935 0.0880 0.1096 0.8403
280.975 0.0924 0.1096 0.8403
281.015 0.0938 0.1092 0.8283
281.055 0.0981 0.1088 0.8677
281.093 0.1034 0.1098 0.8677
281.135 0.1016 0.1081 0.8377
281.175 0.1046 0.1103 0.8262
281.216 0.1079 0.1108 0.8501
281.256 0.1094 0.1082 0.8509
281.295 0.1077 0.1085 0.8520
281.334 0.1100 0.1100 0.8476
281.376 0.1152 0.1087 0.8369
281.416 0.1155 0.1083 0.8342
281.457 0.1153 0.1080 0.8166
281.497 0.1163 0.1080 0.8088
281.534 0.1150 0.1069 0.8099
281.578 0.1123 0.1078 0.7992
281.618 0.1133 0.1034 0.8568
281.658 0.1128 0.1047 0.8514
281.812 0.1074 0.1031 0.8499
281.854 0.1045 0.1030 0.8466
281.898 0.1045 0.1043 0.8645
281.939 0.1033 0.1059 0.8665
281.979 0.1033 0.1064 0.8919
282.019 0.1050 0.1031 0.8736
282.059 0.1006 0.1040 0.8592
282.099 0.0970 0.1001 0.8489
282.139 0.0994 0.1005 0.8489
282.179 0.1001 0.1038 0.8617
282.219 0.1030 0.1032 0.8855
282.259 0.1060 0.1013 0.8866
282.298 0.1103 0.1035 0.8803
282.340 0.1134 0.1028 0.8544
282.380 0.1117 0.1067 0.8489
282.420 0.1132 0.1031 0.8580
282.460 0.1156 0.1013 0.8589
282.498 0.1122 0.1035 0.8759
282.541 0.1132 0.1036 0.8502
282.582 0.1176 0.0994 0.8499
282.622 0.1184 0.1061 0.8479
282.661 0.1227 0.1024 0.8479
282.699 0.1213 0.1011 0.8593
282.742 0.1203 0.1009 0.8593
282.782 0.1214 0.0994 0.8476
282.822 0.1205 0.0998 0.8466
282.862 0.1208 0.0996 0.8858
282.902 0.1191 0.0960 0.8925
282.943 0.1173 0.0989 0.8442
282.983 0.1156 0.0986 0.8692
283.023 0.1193 0.0982 0.8681
283.063 0.1206 0.1031 0.8669
283.102 0.1222 0.1037 0.8709
283.142 0.1210 0.1014 0.8527
283.183 0.1241 0.0982 0.8832
283.224 0.1241 0.0983 0.8446
283.264 0.1246 0.1022 0.8931
283.303 0.1226 0.1036 0.8912
283.340 0.1237 0.0976 0.8737
283.385 0.1269 0.0998 0.8797
283.424 0.1250 0.0998 0.8756
283.464 0.1244 0.1010 0.8693
283.504 0.1223 0.1048 0.8543
283.541 0.1185 0.1033 0.8656
283.585 0.1147 0.1015 0.8656
283.625 0.1133 0.1077 0.8703
283.665 0.1070 0.1075 0.8700
283.706 0.1071 0.1058 0.8621
283.746 0.1050 0.1096 0.8787
283.786 0.1088 0.1082 0.8797
283.826 0.1082 0.1060 0.8720
283.866 0.1074 0.1060 0.8970
283.906 0.1065 0.1045 0.8821
283.946 0.1090 0.1086 0.9052
283.986 0.1117 0.1050 0.8370
284.027 0.1171 0.1058 0.8328
284.067 0.1211 0.1013 0.8459
284.107 0.1224 0.1059 0.8631
284.147 0.1257 0.1097 0.8745
284.185 0.1283 0.1040 0.8617
284.229 0.1342 0.1022 0.8396
284.268 0.1277 0.1002 0.8551
284.308 0.1263 0.1004 0.8551
284.347 0.1278 0.1016 0.8756
284.385 0.1296 0.1001 0.8945
284.428 0.1348 0.1025 0.8985
284.468 0.1360 0.1006 0.8961
284.508 0.1366 0.1027 0.8682
284.548 0.1375 0.1023 0.8365
284.588 0.1383 0.1023 0.8525
284.629 0.1391 0.1040 0.8646
284.669 0.1383 0.1037 0.8629
284.709 0.1346 0.1026 0.8563
284.750 0.1359 0.1014 0.8342
284.789 0.1410 0.1025 0.8558
284.829 0.1382 0.1077 0.8737
284.870 0.1394 0.1049 0.8575
284.911 0.1399 0.1041 0.8575
284.951 0.1398 0.1041 0.8759
284.990 0.1391 0.1087 0.8432
285.028 0.1377 0.1064 0.8478
285.072 0.1376 0.1059 0.8629
285.112 0.1387 0.1053 0.8591
285.151 0.1437 0.1062 0.8600
285.191 0.1411 0.1056 0.8849
285.228 0.1424 0.1058 0.8859
285.272 0.1379 0.1063 0.8703
285.312 0.1414 0.1058 0.8552
285.352 0.1449 0.1073 0.8386
285.392 0.1456 0.1023 0.8785
285.432 0.1475 0.1010 0.8743
285.473 0.1482 0.1046 0.8309
285.513 0.1503 0.1050 0.8309
285.553 0.1502 0.1035 0.8399
285.593 0.1460 0.1018 0.8446
285.632 0.1380 0.1031 0.8295
285.672 0.1357 0.1022 0.8529
285.713 0.1317 0.1030 0.8487
285.753 0.1317 0.1059 0.8879
285.793 0.1287 0.1010 0.8834
285.833 0.1247 0.1004 0.8742
285.871 0.1210 0.1028 0.8749
285.915 0.1131 0.1008 0.8350
285.955 0.1069 0.1033 0.8162
285.995 0.1015 0.1020 0.8530
286.035 0.1006 0.1022 0.8459
286.072 0.0964 0.1002 0.8735
286.116 0.0968 0.1018 0.8589
286.156 0.0965 0.1041 0.8245
286.196 0.0968 0.1006 0.8339
286.236 0.0953 0.1025 0.8359
286.276 0.0952 0.1003 0.8743
286.316 0.0938 0.0998 0.8509
286.356 0.0932 0.1045 0.8359
286.396 0.0947 0.1064 0.8281
286.436 0.0954 0.1038 0.8412
286.476 0.0984 0.0998 0.8109
286.515 0.0957 0.1007 0.8729
286.557 0.1009 0.0987 0.7945
286.597 0.1037 0.1024 0.8482
286.637 0.1045 0.1023 0.8397
286.677 0.1052 0.1042 0.8321
286.714 0.1056 0.1030 0.8091
286.758 0.1061 0.0974 0.8091
286.798 0.1066 0.0986 0.8099
286.838 0.1067 0.1023 0.8275
286.877 0.1048 0.1077 0.8189
286.915 0.1051 0.1033 0.7929
286.959 0.1044 0.0987 0.8136
286.999 0.1031 0.0959 0.7963
287.039 0.0981 0.1010 0.8213
287.079 0.0975 0.1008 0.8263
287.119 0.0980 0.1008 0.8189
287.160 0.0983 0.1029 0.7949
287.200 0.1009 0.0985 0.7753
287.240 0.1036 0.0958 0.7483
287.280 0.1043 0.1002 0.8185
287.319 0.1050 0.1002 0.8185
287.359 0.1053 0.0993 0.8245
287.400 0.1128 0.1011 0.8031
287.441 0.1180 0.0995 0.7835
287.481 0.1231 0.0993 0.8094
287.520 0.1300 0.0969 0.8344
287.557 0.1333 0.1003 0.8447
287.602 0.1392 0.0944 0.8531
287.641 0.1453 0.0931 0.8347
287.682 0.1549 0.0913 0.8444
287.721 0.1587 0.0946 0.8593
287.758 0.1601 0.0961 0.8715
287.802 0.1592 0.0929 0.8695
287.842 0.1636 0.0958 0.8502
287.882 0.1636 0.0953 0.8712
287.922 0.1590 0.0977 0.8493
287.962 0.1549 0.0993 0.8928
288.002 0.1531 0.1001 0.8898
288.042 0.1518 0.0957 0.8620
288.083 0.1468 0.0917 0.8965
288.124 0.1414 0.0982 0.8718
288.163 0.1325 0.0962 0.8998
288.202 0.1251 0.0948 0.8808
288.244 0.1175 0.0971 0.8777
288.284 0.1175 0.0879 0.8854
288.324 0.1181 0.0863 0.8687
288.363 0.1141 0.0867 0.8704
288.401 0.1138 0.0901 0.8687
288.445 0.1156 0.0873 0.8712
288.485 0.1129 0.0896 0.8859
288.525 0.1108 0.0883 0.8507
288.565 0.1099 0.0858 0.8527
288.602 0.1089 0.0888 0.8729
288.646 0.0992 0.0867 0.8453
288.686 0.0898 0.0886 0.8441
288.725 0.0873 0.0862 0.8323
288.765 0.0861 0.0873 0.8319
288.805 0.0854 0.0865 0.8429
288.846 0.0844 0.0892 0.8539
288.886 0.0847 0.0907 0.8439
288.926 0.0872 0.0877 0.8439
288.966 0.0923 0.0866 0.8370
289.005 0.1004 0.0866 0.8370
289.045 0.1055 0.0875 0.8629
289.086 0.1112 0.0910 0.8523
289.127 0.1225 0.0905 0.8494
289.167 0.1342 0.0897 0.8551
289.207 0.1440 0.0910 0.8751
289.244 0.1529 0.0919 0.8598
289.289 0.1591 0.0922 0.8549
289.328 0.1631 0.0946 0.8383
289.368 0.1671 0.0927 0.8685
289.408 0.1677 0.0927 0.8455
289.445 0.1676 0.0927 0.8689
289.490 0.1607 0.0942 0.8769
289.529 0.1559 0.0966 0.8778
289.569 0.1495 0.0928 0.8422
289.609 0.1419 0.0928 0.8500
289.649 0.1397 0.0897 0.8242
289.690 0.1389 0.0943 0.8522
289.730 0.1378 0.0935 0.8522
289.770 0.1319 0.0954 0.8320
289.810 0.1286 0.0965 0.8530
289.849 0.1269 0.0920 0.8519
289.889 0.1270 0.0909 0.8475
289.930 0.1243 0.0907 0.8822
289.971 0.1208 0.0933 0.8822
290.011 0.1212 0.0939 0.8782
290.050 0.1228 0.0922 0.8399
290.088 0.1251 0.0920 0.8197
290.132 0.1243 0.0950 0.8287
290.171 0.1238 0.0984 0.8779
290.211 0.1192 0.0976 0.8779
290.251 0.1164 0.0955 0.8333
290.289 0.1145 0.0942 0.8592
290.332 0.1098 0.0910 0.8862
290.372 0.1024 0.0905 0.8813
290.413 0.0975 0.0940 0.8777
290.453 0.0966 0.0941 0.8345
290.492 0.0945 0.0954 0.8162
290.533 0.0892 0.0941 0.8181
290.573 0.0852 0.0921 0.8379
290.613 0.0831 0.0932 0.8494
290.653 0.0787 0.0928 0.8419
290.693 0.0774 0.0940 0.7902
290.732 0.0795 0.0923 0.8190
290.773 0.0755 0.0931 0.7640
290.814 0.0728 0.0914 0.8140
290.854 0.0734 0.0932 0.8292
290.894 0.0748 0.0932 0.8194
290.931 0.0756 0.0916 0.8441
290.975 0.0764 0.0930 0.8501
291.015 0.0796 0.0916 0.8030
291.055 0.0820 0.0896 0.8503
291.094 0.0810 0.0929 0.8026
291.132 0.0842 0.0935 0.8223
291.176 0.0832 0.0940 0.8163
291.215 0.0801 0.0939 0.7813
291.256 0.0799 0.0923 0.7794
291.295 0.0790 0.0958 0.8454
291.335 0.0794 0.0907 0.8204
291.376 0.0800 0.0908 0.8303
291.416 0.0795 0.0907 0.8143
291.457 0.0808 0.0899 0.8263
291.497 0.0782 0.0911 0.8339
291.536 0.0742 0.0914 0.8041
291.576 0.0776 0.0891 0.8239
291.617 0.0771 0.0883 0.8103
291.658 0.0784 0.0837 0.8293
291.697 0.0822 0.0867 0.8203
291.737 0.0853 0.0904 0.8385
291.774 0.0940 0.0908 0.7983
291.819 0.0966 0.0870 0.8475
291.858 0.0977 0.0880 0.8263
291.898 0.0963 0.0860 0.8303
291.938 0.0962 0.0864 0.8463
291.975 0.0923 0.0871 0.8147
292.019 0.0904 0.0875 0.8889
292.059 0.0890 0.0870 0.8531
292.099 0.0849 0.0846 0.8639
292.139 0.0844 0.0837 0.8569
292.179 0.0811 0.0872 0.8406
292.220 0.0770 0.0872 0.8406
292.259 0.0721 0.0871 0.8651
292.300 0.0701 0.0876 0.8711
292.340 0.0680 0.0853 0.8545
292.379 0.0692 0.0850 0.8911
292.419 0.0647 0.0893 0.8613
292.460 0.0644 0.0876 0.8666
292.500 0.0659 0.0876 0.8403
292.540 0.0646 0.0863 0.8493
292.581 0.0634 0.0866 0.8493
292.619 0.0643 0.0894 0.8370
292.662 0.0600 0.0894 0.8370
292.702 0.0600 0.0882 0.8749
292.742 0.0561 0.0872 0.8338
292.782 0.0526 0.0845 0.8512
292.819 0.0495 0.0906 0.8282
292.863 0.0459 0.0917 0.8416
292.902 0.0466 0.0880 0.8398
292.943 0.0458 0.0900 0.8222
292.982 0.0465 0.0900 0.8222
293.022 0.0445 0.0894 0.8476
293.063 0.0438 0.0916 0.8476
293.103 0.0435 0.0928 0.8116
293.143 0.0463 0.0865 0.8308
293.183 0.0417 0.0863 0.8218
293.222 0.0429 0.0868 0.8436
293.262 0.0407 0.0889 0.8436
293.303 0.0386 0.0903 0.8436
293.344 0.0349 0.0889 0.8436
293.384 0.0285 0.0892 0.8348
293.424 0.0245 0.0865 0.8456
293.461 0.0195 0.0841 0.8390
293.505 0.0163 0.0884 0.8699
293.545 0.0172 0.0895 0.8685
293.585 0.0136 0.0857 0.8390
293.624 0.0082 0.0887 0.8120
293.662 0.0077 0.0877 0.8102
293.707 0.0034 0.0916 0.8390
293.746 0.0046 0.0916 0.8390
293.786 0.0052 0.0910 0.8390
293.826 0.0042 0.0911 0.8390
293.866 0.0049 0.0887 0.8390
293.907 0.0061 0.0885 0.8282
293.947 0.0069 0.0888 0.8012
293.987 0.0074 0.0908 0.8390
294.027 0.0067 0.0900 0.8012
294.066 0.0073 0.0888 0.8012
294.106 0.0078 0.0900 0.8122
294.147 0.0092 0.0888 0.8122
294.188 0.0123 0.0920 0.8142
294.228 0.0127 0.0919 0.8122
294.267 0.0139 0.0924 0.7852
294.304 0.0129 0.0863 0.7872
294.349 0.0150 0.0887 0.7872
294.388 0.0193 0.0911 0.7872
294.428 0.0218 0.0927 0.7872
294.468 0.0285 0.0920 0.8142
294.505 0.0339 0.0906 0.7872
294.549 0.0386 0.0893 0.7852
294.589 0.0441 0.0908 0.7872
294.629 0.0455 0.0925 0.7892
294.669 0.0511 0.0923 0.7814
294.709 0.0565 0.0920 0.7938
294.749 0.0577 0.0904 0.7892
294.790 0.0665 0.0867 0.7794
294.830 0.0632 0.0894 0.7835
294.871 0.0609 0.0919 0.8135
294.910 0.0624 0.0892 0.7856
294.949 0.0636 0.0906 0.7838
294.991 0.0597 0.0895 0.7826
295.031 0.0581 0.0888 0.7945
295.071 0.0554 0.0897 0.7738
295.111 0.0562 0.0873 0.7980
295.148 0.0557 0.0852 0.8116
295.192 0.0550 0.0847 0.8096
295.232 0.0575 0.0842 0.8116
295.272 0.0542 0.0862 0.8162
295.312 0.0535 0.0864 0.8322
295.348 0.0558 0.0852 0.8146
295.393 0.0576 0.0852 0.8206
295.432 0.0534 0.0854 0.8411
295.473 0.0507 0.0842 0.8248
295.512 0.0505 0.0843 0.8588
295.552 0.0485 0.0892 0.8532
295.593 0.0449 0.0836 0.8292
295.633 0.0432 0.0863 0.8592
295.673 0.0437 0.0836 0.8416
295.713 0.0438 0.0835 0.8128
295.752 0.0462 0.0875 0.8492
295.792 0.0494 0.0851 0.8295
295.833 0.0490 0.0872 0.8326
295.874 0.0476 0.0870 0.8040
295.915 0.0491 0.0851 0.8239
295.954 0.0534 0.0906 0.8176
295.992 0.0527 0.0901 0.8176
296.036 0.0559 0.0884 0.8499
296.075 0.0541 0.0867 0.8499
296.116 0.0517 0.0850 0.8565
296.155 0.0478 0.0873 0.7864
296.192 0.0476 0.0867 0.8146
296.236 0.0448 0.0882 0.8149
296.276 0.0409 0.0862 0.8045
296.316 0.0409 0.0843 0.8009
296.356 0.0363 0.0863 0.7899
296.396 0.0333 0.0870 0.8193
296.436 0.0312 0.0858 0.8193
296.476 0.0313 0.0868 0.8269
296.517 0.0299 0.0853 0.8193
296.557 0.0295 0.0853 0.8193
296.596 0.0348 0.0857 0.8223
296.635 0.0394 0.0858 0.8223
296.677 0.0428 0.0863 0.8198
296.717 0.0409 0.0857 0.8110
296.758 0.0427 0.0857 0.8360
296.797 0.0442 0.0853 0.8293
296.834 0.0471 0.0883 0.8100
296.878 0.0514 0.0879 0.8096
296.918 0.0515 0.0870 0.8279
296.958 0.0540 0.0884 0.8279
296.999 0.0562 0.0862 0.8279
297.035 0.0605 0.0856 0.8226
297.080 0.0636 0.0877 0.8469
297.120 0.0607 0.0884 0.8564
297.160 0.0543 0.0887 0.8332
297.199 0.0528 0.0864 0.8169
297.239 0.0503 0.0837 0.8112
297.280 0.0469 0.0895 0.8382
297.320 0.0466 0.0895 0.8299
297.360 0.0415 0.0869 0.8169
297.400 0.0412 0.0883 0.8448
297.440 0.0392 0.0859 0.8184
297.479 0.0390 0.0845 0.8184
297.520 0.0405 0.0899 0.8134
297.561 0.0396 0.0909 0.8108
297.601 0.0425 0.0882 0.8184
297.641 0.0470 0.0860 0.8012
297.678 0.0534 0.0844 0.8012
297.722 0.0624 0.0856 0.7952
297.762 0.0687 0.0892 0.8475
297.802 0.0666 0.0885 0.8225
297.841 0.0699 0.0863 0.8129
297.878 0.0708 0.0825 0.8129
297.922 0.0752 0.0854 0.8341
297.962 0.0791 0.0848 0.8617
298.002 0.0807 0.0868 0.8666
298.042 0.0783 0.0835 0.8388
298.082 0.0729 0.0829 0.8388
298.124 0.0709 0.0824 0.8583
298.164 0.0644 0.0850 0.8292
298.204 0.0595 0.0845 0.8658
298.244 0.0529 0.0847 0.8449
298.283 0.0487 0.0862 0.8153
298.323 0.0454 0.0852 0.8029
298.364 0.0463 0.0834 0.8029
298.405 0.0462 0.0854 0.8201
298.445 0.0430 0.0856 0.8093
298.484 0.0402 0.0878 0.8201
298.521 0.0398 0.0854 0.8191
298.566 0.0454 0.0843 0.8251
298.605 0.0511 0.0813 0.8260
298.645 0.0577 0.0864 0.8373
298.685 0.0597 0.0829 0.8519
298.722 0.0616 0.0829 0.8334
298.766 0.0659 0.0819 0.8359
298.806 0.0734 0.0849 0.8406
298.846 0.0775 0.0848 0.8406
298.886 0.0756 0.0878 0.8391
298.926 0.0732 0.0836 0.8309
298.966 0.0698 0.0818 0.8439
299.006 0.0638 0.0821 0.8569
299.047 0.0577 0.0845 0.8507
299.087 0.0497 0.0854 0.8451
299.126 0.0392 0.0862 0.8679
299.165 0.0318 0.0869 0.8590
299.207 0.0250 0.0833 0.8502
299.248 0.0231 0.0845 0.8542
299.288 0.0224 0.0854 0.8723
299.328 0.0149 0.0855 0.8542
299.365 0.0113 0.0865 0.8542
299.409 0.0105 0.0846 0.8118
299.449 0.0117 0.0836 0.8028
299.489 0.0164 0.0836 0.8065
299.529 0.0196 0.0856 0.8335
299.566 0.0211 0.0866 0.8335
299.610 0.0271 0.0864 0.8502
299.649 0.0346 0.0841 0.8298
299.690 0.0402 0.0827 0.8298
299.729 0.0456 0.0825 0.8360
299.769 0.0458 0.0864 0.8360
299.810 0.0480 0.0850 0.8403
299.850 0.0505 0.0833 0.8403
299.890 0.0566 0.0840 0.8385
299.930 0.0653 0.0820 0.8126
299.969 0.0679 0.0837 0.8313
300.009 0.0706 0.0852 0.8335
300.050 0.0743 0.0846 0.8419
300.091 0.0744 0.0839 0.8129
300.131 0.0731 0.0822 0.8419
300.170 0.0722 0.0839 0.8793
300.207 0.0729 0.0840 0.8597
300.252 0.0724 0.0822 0.8471
300.291 0.0696 0.0823 0.8607
300.332 0.0747 0.0842 0.8341
300.372 0.0743 0.0846 0.8575
300.410 0.0692 0.0832 0.8822
300.453 0.0658 0.0863 0.8541
300.493 0.0617 0.0842 0.8601
300.533 0.0618 0.0847 0.8601
300.573 0.0609 0.0808 0.8851
300.613 0.0642 0.0842 0.8341
300.654 0.0658 0.0858 0.8591
300.693 0.0631 0.0846 0.8799
300.734 0.0606 0.0839 0.8682
300.774 0.0684 0.0805 0.8755
300.813 0.0679 0.0773 0.8365
300.853 0.0723 0.0838 0.8475
300.894 0.0746 0.0796 0.8711
300.935 0.0737 0.0779 0.8631
300.975 0.0779 0.0803 0.8661
301.014 0.0781 0.0806 0.8475
301.052 0.0806 0.0789 0.8516
301.095 0.0828 0.0789 0.8536
301.135 0.0881 0.0806 0.8356
301.175 0.0909 0.0808 0.8443
301.215 0.0950 0.0789 0.8519
301.252 0.0925 0.0797 0.8589
301.296 0.0954 0.0817 0.8481
301.336 0.0911 0.0794 0.8611
301.376 0.0911 0.0817 0.8388
301.416 0.0979 0.0803 0.8778
301.456 0.1035 0.0803 0.8713
301.497 0.1054 0.0791 0.8691
301.537 0.1140 0.0820 0.8519
301.577 0.1199 0.0820 0.8519
301.618 0.1164 0.0818 0.8481
301.657 0.1185 0.0803 0.8603
301.696 0.1181 0.0807 0.8693
301.738 0.1187 0.0808 0.8538
301.778 0.1150 0.0822 0.8519
301.818 0.1157 0.0815 0.8282
301.857 0.1169 0.0807 0.8955
301.895 0.1129 0.0794 0.8275
301.939 0.1064 0.0785 0.8475
301.979 0.1033 0.0842 0.8428
302.019 0.1013 0.0838 0.8585
302.058 0.1001 0.0812 0.8549
302.095 0.0986 0.0787 0.8749
302.139 0.0998 0.0803 0.8749
302.179 0.1035 0.0857 0.8639
302.219 0.1061 0.0843 0.8713
302.259 0.1099 0.0836 0.8619
302.299 0.1136 0.0820 0.8429
302.340 0.1133 0.0793 0.8873
302.380 0.1157 0.0823 0.9242
302.420 0.1174 0.0855 0.8769
302.460 0.1233 0.0845 0.8499
302.499 0.1219 0.0830 0.8227
302.540 0.1168 0.0814 0.8499
302.581 0.1177 0.0838 0.8659
302.622 0.1200 0.0853 0.8909
302.662 0.1214 0.0873 0.8649
302.701 0.1203 0.0875 0.8930
302.739 0.1194 0.0846 0.8750
302.783 0.1217 0.0858 0.8592
302.823 0.1250 0.0871 0.8652
302.862 0.1240 0.0872 0.8446
302.902 0.1242 0.0869 0.8385
302.939 0.1237 0.0883 0.8479
302.983 0.1250 0.0856 0.8898
303.023 0.1233 0.0883 0.8613
303.063 0.1208 0.0877 0.8479
303.103 0.1168 0.0906 0.8729
303.143 0.1137 0.0922 0.8733
303.183 0.1083 0.0922 0.8636
303.223 0.1093 0.0922 0.8652
303.264 0.1049 0.0914 0.8565
303.304 0.0980 0.0905 0.8612
303.343 0.0957 0.0914 0.8633
303.383 0.0947 0.0912 0.8741
303.424 0.0959 0.0906 0.8892
303.464 0.0931 0.0908 0.8971
303.504 0.0921 0.0923 0.8498
303.544 0.0944 0.0931 0.8728
303.582 0.0961 0.0920 0.8665
303.625 0.0924 0.0919 0.8935
303.665 0.0875 0.0936 0.8391
303.706 0.0870 0.0925 0.8371
303.746 0.0833 0.0923 0.8339
303.783 0.0851 0.0935 0.8609
303.827 0.0847 0.0918 0.8823
303.866 0.0861 0.0913 0.9093
303.907 0.0859 0.0898 0.8589
303.946 0.0880 0.0906 0.8522
303.986 0.0917 0.0878 0.8877
304.027 0.0933 0.0892 0.8416
304.067 0.0937 0.0890 0.8652
304.107 0.0931 0.0854 0.8729
304.147 0.0992 0.0883 0.8315
304.186 0.0945 0.0903 0.8576
304.226 0.0924 0.0943 0.8411
304.268 0.0903 0.0898 0.8576
304.308 0.0941 0.0916 0.8578
304.348 0.0939 0.0851 0.8676
304.387 0.0904 0.0904 0.8728
304.425 0.0870 0.0912 0.8728
304.469 0.0855 0.0894 0.8778
304.508 0.0868 0.0912 0.8422
304.548 0.0810 0.0895 0.8672
304.588 0.0792 0.0875 0.8620
304.625 0.0741 0.0898 0.8700
304.669 0.0729 0.0904 0.8689
304.709 0.0732 0.0902 0.8700
304.749 0.0785 0.0864 0.8689
304.790 0.0780 0.0877 0.8679
304.830 0.0768 0.0877 0.8652
304.871 0.0802 0.0906 0.8735
304.910 0.0798 0.0881 0.8969
304.951 0.0810 0.0862 0.8843
304.991 0.0722 0.0877 0.9050
305.030 0.0751 0.0867 0.9281
305.070 0.0732 0.0887 0.9196
305.111 0.0769 0.0896 0.8752
305.151 0.0782 0.0856 0.8632
305.192 0.0798 0.0902 0.8982
305.231 0.0829 0.0844 0.9046
305.268 0.0803 0.0817 0.9197
305.313 0.0775 0.0873 0.8963
305.352 0.0746 0.0905 0.8937
305.392 0.0747 0.0856 0.8889
305.432 0.0720 0.0860 0.8839
305.469 0.0675 0.0844 0.9003
305.513 0.0651 0.0855 0.9301
305.553 0.0645 0.0873 0.9389
305.593 0.0628 0.0870 0.9389
305.633 0.0593 0.0860 0.9353
305.673 0.0631 0.0871 0.8957
305.713 0.0602 0.0878 0.8687
305.753 0.0567 0.0879 0.9007
305.793 0.0568 0.0887 0.8615
305.833 0.0574 0.0886 0.9133
305.874 0.0603 0.0900 0.8845
305.913 0.0583 0.0871 0.9211
305.955 0.0639 0.0873 0.8739
305.995 0.0654 0.0919 0.8739
306.035 0.0672 0.0883 0.8923
306.075 0.0675 0.0924 0.8691
306.112 0.0706 0.0881 0.8773
306.156 0.0740 0.0897 0.8879
306.196 0.0773 0.0893 0.9099
306.236 0.0818 0.0893 0.8660
306.276 0.0865 0.0921 0.8590
306.312 0.0913 0.0915 0.8590
306.356 0.0874 0.0909 0.8629
306.396 0.0892 0.0921 0.8669
306.436 0.0878 0.0905 0.8648
306.476 0.0866 0.0922 0.8355
306.516 0.0856 0.0908 0.8572
306.557 0.0840 0.0910 0.8572
306.597 0.0803 0.0902 0.8606
306.637 0.0784 0.0889 0.8295
306.677 0.0767 0.0889 0.8222
306.716 0.0778 0.0909 0.8168
306.756 0.0784 0.0909 0.8168
306.797 0.0740 0.0898 0.8079
306.837 0.0748 0.0887 0.8198
306.878 0.0710 0.0925 0.8295
306.917 0.0736 0.0897 0.8603
306.956 0.0770 0.0896 0.8681
306.999 0.0807 0.0902 0.8459
307.039 0.0831 0.0902 0.8440
307.079 0.0859 0.0941 0.8350
307.119 0.0861 0.0919 0.8266
307.156 0.0876 0.0942 0.8519
307.200 0.0874 0.0922 0.8393
307.240 0.0840 0.0917 0.8443
307.280 0.0809 0.0937 0.8496
307.320 0.0789 0.0930 0.8676
307.360 0.0794 0.0918 0.8676
307.400 0.0787 0.0907 0.8572
307.440 0.0764 0.0913 0.8206
307.481 0.0737 0.0921 0.8521
307.521 0.0714 0.0933 0.8322
307.560 0.0733 0.0927 0.8692
307.600 0.0772 0.0942 0.8913
307.641 0.0762 0.0971 0.8502
307.681 0.0766 0.0960 0.8436
307.721 0.0756 0.0935 0.8313
307.761 0.0747 0.0974 0.8604
307.798 0.0743 0.0932 0.8672
307.842 0.0739 0.0960 0.8685
307.882 0.0727 0.0932 0.8676
307.922 0.0706 0.0899 0.8691
307.962 0.0706 0.0944 0.8935
307.999 0.0720 0.0963 0.9023
308.043 0.0705 0.0955 0.9023
308.082 0.0665 0.0934 0.8859
308.124 0.0662 0.0909 0.8510
308.163 0.0651 0.0923 0.8510
308.203 0.0642 0.0935 0.8510
308.244 0.0656 0.0956 0.8466
308.284 0.0657 0.0919 0.8510
308.325 0.0675 0.0944 0.8286
308.364 0.0703 0.0901 0.8248
308.403 0.0740 0.0948 0.8359
308.443 0.0765 0.0938 0.8469
308.485 0.0757 0.0973 0.8839
308.525 0.0774 0.0952 0.8623
308.565 0.0776 0.0924 0.8653
308.604 0.0813 0.0943 0.8309
308.642 0.0816 0.0978 0.8309
308.686 0.0839 0.0977 0.8170
308.726 0.0847 0.0991 0.8017
308.766 0.0865 0.0970 0.8187
308.806 0.0880 0.0977 0.8155
308.842 0.0864 0.0989 0.8504
308.886 0.0840 0.1004 0.8459
308.926 0.0826 0.1019 0.8145
308.966 0.0816 0.1013 0.7874
309.006 0.0787 0.1002 0.8275
309.046 0.0793 0.1024 0.8082
309.087 0.0762 0.1043 0.7989
309.127 0.0784 0.1036 0.7969
309.167 0.0803 0.1036 0.7969
309.207 0.0815 0.1020 0.7911
309.247 0.0826 0.1014 0.8036
309.287 0.0841 0.1024 0.8036
309.328 0.0871 0.1019 0.8276
309.368 0.0910 0.1011 0.8071
309.409 0.0930 0.0999 0.8240
309.448 0.0936 0.0985 0.8315
309.486 0.0951 0.0975 0.8354
309.530 0.0974 0.1006 0.8465
309.569 0.1029 0.1013 0.8485
309.609 0.1043 0.1022 0.8222
309.649 0.1072 0.0969 0.8272
309.686 0.1127 0.0957 0.8379
309.730 0.1187 0.0999 0.8429
309.770 0.1261 0.0973 0.8339
309.810 0.1338 0.1001 0.8540
309.850 0.1317 0.1001 0.7893
309.890 0.1302 0.1000 0.7949
309.930 0.1347 0.0966 0.8520
309.970 0.1399 0.0945 0.8447
310.011 0.1426 0.0967 0.8323
310.051 0.1432 0.0962 0.8493
310.090 0.1441 0.0974 0.8340
310.129 0.1450 0.0958 0.8423
310.171 0.1430 0.0951 0.8473
310.211 0.1454 0.0953 0.8604
310.251 0.1421 0.0971 0.8657
310.291 0.1371 0.0992 0.9279
310.329 0.1375 0.0985 0.8689
310.373 0.1450 0.0948 0.8824
310.413 0.1474 0.0935 0.9060
310.453 0.1512 0.0974 0.9039
310.492 0.1562 0.0959 0.9044
310.530 0.1596 0.0935 0.8915
310.574 0.1604 0.0931 0.8677
310.613 0.1631 0.0934 0.8689
310.654 0.1643 0.0936 0.8863
310.693 0.1625 0.0948 0.8619
310.733 0.1620 0.0943 0.8553
310.774 0.1613 0.0954 0.8863
310.814 0.1622 0.0916 0.8375
310.854 0.1602 0.0961 0.8256
310.894 0.1619 0.0935 0.8452
310.933 0.1596 0.0968 0.8349
310.973 0.1574 0.0937 0.8579
311.014 0.1576 0.0928 0.8645
311.055 0.1602 0.0894 0.8615
311.095 0.1603 0.0939 0.8685
311.134 0.1622 0.0919 0.8735
311.172 0.1621 0.0931 0.8891
311.216 0.1601 0.0911 0.8915
311.255 0.1606 0.0926 0.8685
311.296 0.1638 0.0920 0.8895
311.335 0.1693 0.0932 0.9028
311.373 0.1682 0.0939 0.8932
311.416 0.1698 0.0924 0.8741
311.457 0.1685 0.0922 0.8443
311.497 0.1640 0.0924 0.8946
311.537 0.1603 0.0938 0.9413
311.576 0.1548 0.0966 0.9100
311.618 0.1441 0.0936 0.8942
311.657 0.1327 0.0925 0.9008
311.698 0.1240 0.0930 0.9106
311.738 0.1184 0.0930 0.8756
311.777 0.1100 0.0949 0.9082
311.817 0.1004 0.0928 0.8883
311.858 0.0933 0.1013 0.8693
311.898 0.0837 0.0985 0.8733
311.938 0.0782 0.0911 0.8903
311.978 0.0776 0.0927 0.8955
312.015 0.0768 0.1003 0.9003
312.060 0.0780 0.0980 0.8963
312.099 0.0858 0.0902 0.8729
312.139 0.0912 0.0902 0.8682
312.179 0.0985 0.0892 0.8993
312.216 0.1000 0.0894 0.8993
312.260 0.1032 0.0919 0.8902
312.300 0.1029 0.0918 0.8823
312.340 0.1031 0.0944 0.8619
312.380 0.1050 0.0939 0.8555
312.418 0.1083 0.0949 0.9199
312.460 0.1084 0.0947 0.9007
312.500 0.1049 0.0957 0.8962
312.540 0.1028 0.0926 0.8643
312.581 0.0968 0.0892 0.8662
312.621 0.0965 0.0892 0.8753
312.660 0.0945 0.0990 0.8988
312.702 0.0978 0.0941 0.8545
312.742 0.1011 0.0910 0.8525
312.782 0.1024 0.0891 0.8615
312.821 0.1052 0.0884 0.8595
312.859 0.1051 0.0862 0.8509
312.903 0.1071 0.0905 0.8499
312.943 0.1034 0.0903 0.8439
312.983 0.1040 0.0916 0.8560
313.023 0.1054 0.0883 0.8632
313.059 0.1067 0.0863 0.8462
313.103 0.1077 0.0898 0.8382
313.143 0.1113 0.0940 0.8275
313.183 0.1110 0.0897 0.8325
313.223 0.1069 0.0927 0.8325
313.262 0.1035 0.0937 0.8466
313.304 0.1011 0.0919 0.8409
313.344 0.1012 0.0933 0.8487
313.384 0.0976 0.0925 0.8933
313.424 0.0978 0.0907 0.8933
313.463 0.0997 0.0924 0.9011
313.503 0.0996 0.0924 0.8671
313.544 0.0981 0.0937 0.8290
313.585 0.0984 0.0927 0.8810
313.625 0.0955 0.0901 0.8516
313.665 0.0947 0.0879 0.8859
313.702 0.0956 0.0866 0.8795
313.746 0.1012 0.0915 0.8519
313.786 0.1020 0.0928 0.8967
313.826 0.1048 0.0914 0.8919
313.866 0.1070 0.0881 0.8748
313.903 0.1120 0.0873 0.8687
313.947 0.1124 0.0857 0.8800
313.987 0.1122 0.0872 0.8841
314.027 0.1135 0.0889 0.8751
314.067 0.1154 0.0870 0.8729
314.106 0.1189 0.0847 0.8801
314.147 0.1243 0.0854 0.8821
314.187 0.1245 0.0871 0.8639
314.228 0.1244 0.0886 0.8873
314.268 0.1265 0.0900 0.8663
314.307 0.1273 0.0859 0.8990
314.346 0.1297 0.0821 0.8995
314.388 0.1308 0.0825 0.9064
314.428 0.1352 0.0853 0.9203
314.468 0.1373 0.0877 0.8854
314.508 0.1406 0.0865 0.9291
314.545 0.1406 0.0841 0.8682
314.589 0.1397 0.0838 0.9146
314.629 0.1387 0.0843 0.8836
314.669 0.1407 0.0871 0.8578
314.709 0.1440 0.0890 0.8426
314.746 0.1452 0.0844 0.8871
314.790 0.1450 0.0856 0.9039
314.830 0.1472 0.0854 0.8792
314.870 0.1474 0.0874 0.8781
314.910 0.1455 0.0875 0.8576
314.949 0.1445 0.0869 0.8816
314.991 0.1447 0.0873 0.8891
315.031 0.1455 0.0849 0.8821
315.071 0.1450 0.0897 0.9063
315.111 0.1410 0.0924 0.9111
315.150 0.1358 0.0914 0.8905
315.190 0.1321 0.0957 0.9027
315.231 0.1291 0.0920 0.9118
315.272 0.1294 0.0899 0.8869
315.312 0.1292 0.0947 0.8848
315.351 0.1304 0.0930 0.9118
315.389 0.1290 0.0943 0.8582
315.433 0.1270 0.0909 0.8754
315.472 0.1252 0.0900 0.8645
315.513 0.1242 0.0895 0.8635
315.552 0.1238 0.0945 0.8630
315.589 0.1255 0.0953 0.8535
315.632 0.1252 0.0920 0.8496
315.673 0.1266 0.0929 0.8760
315.713 0.1271 0.0920 0.8732
315.753 0.1283 0.0925 0.9099
315.792 0.1295 0.0924 0.9123
315.834 0.1236 0.0911 0.8973
315.874 0.1210 0.0922 0.9179
315.915 0.1169 0.0898 0.9021
315.955 0.1202 0.0903 0.8892
315.994 0.1206 0.0939 0.8952
316.034 0.1168 0.0929 0.9249
316.075 0.1120 0.0929 0.9076
316.115 0.1128 0.0887 0.8843
316.155 0.1129 0.0884 0.9015
316.195 0.1141 0.0895 0.8977
316.232 0.1131 0.0935 0.9271
316.277 0.1062 0.0890 0.9290
316.316 0.1063 0.0906 0.9183
316.356 0.1091 0.0877 0.8761
316.396 0.1154 0.0948 0.8516
316.433 0.1169 0.0971 0.8671
316.477 0.1138 0.0916 0.8845
316.517 0.1167 0.0951 0.8737
316.557 0.1222 0.0985 0.8961
316.597 0.1239 0.0968 0.8696
316.635 0.1269 0.0980 0.8396
316.677 0.1270 0.0940 0.8968
316.717 0.1278 0.0938 0.8896
316.757 0.1348 0.0915 0.8825
316.797 0.1390 0.0874 0.8934
316.837 0.1409 0.0916 0.8349
316.876 0.1385 0.0934 0.8660
316.918 0.1339 0.0934 0.8696
316.958 0.1317 0.0889 0.8406
316.999 0.1356 0.0886 0.8572
317.038 0.1370 0.0890 0.8430
317.075 0.1378 0.0921 0.8306
317.119 0.1396 0.0922 0.8639
317.160 0.1401 0.0922 0.8677
317.200 0.1411 0.0923 0.8709
317.239 0.1365 0.0923 0.8449
317.276 0.1317 0.0959 0.8250
317.319 0.1287 0.0937 0.8160
317.360 0.1259 0.0950 0.8938
317.400 0.1257 0.0948 0.8788
317.440 0.1303 0.0941 0.8589
317.479 0.1289 0.0953 0.8210
317.520 0.1264 0.0937 0.8579
317.561 0.1252 0.0949 0.8661
317.601 0.1240 0.0972 0.8755
317.641 0.1237 0.0936 0.8895
317.680 0.1250 0.0922 0.8854
317.720 0.1250 0.0933 0.8811
317.761 0.1285 0.0928 0.9121
317.801 0.1294 0.0972 0.8989
317.842 0.1293 0.0940 0.9180
317.881 0.1332 0.0913 0.9120
317.919 0.1317 0.0912 0.8870
317.962 0.1337 0.0895 0.9120
318.002 0.1342 0.0961 0.9120
318.042 0.1366 0.0936 0.9071
318.082 0.1386 0.0919 0.9120
318.120 0.1392 0.0915 0.8807
318.164 0.1383 0.0936 0.8960
318.204 0.1386 0.0932 0.8986
318.403 0.1417 0.0892 0.8873
318.444 0.1403 0.0893 0.8889
318.483 0.1394 0.0898 0.8803
318.525 0.1385 0.0890 0.8879
318.565 0.1395 0.0902 0.8785
318.605 0.1384 0.0887 0.8758
318.645 0.1396 0.0919 0.8783
318.684 0.1388 0.0926 0.8769
318.724 0.1396 0.0926 0.9007
318.765 0.1392 0.0906 0.9209
318.805 0.1410 0.0900 0.8969
318.846 0.1391 0.0921 0.8836
318.885 0.1368 0.0952 0.8619
318.922 0.1325 0.0952 0.8706
318.966 0.1325 0.0938 0.8735
319.006 0.1344 0.0937 0.8899
319.046 0.1301 0.0926 0.9105
319.086 0.1284 0.0925 0.8800
319.124 0.1220 0.0973 0.8451
319.167 0.1159 0.0942 0.8761
319.207 0.1161 0.0983 0.8671
319.248 0.1139 0.0943 0.8685
319.288 0.1126 0.0963 0.8489
319.328 0.1125 0.0989 0.8772
319.368 0.1050 0.0991 0.8467
319.408 0.1066 0.0980 0.8850
319.449 0.1056 0.1010 0.8746
319.488 0.1024 0.0948 0.8484
319.528 0.0988 0.0963 0.8509
319.567 0.0966 0.0970 0.8643
319.609 0.1005 0.0994 0.8315
319.649 0.1019 0.0945 0.8789
319.689 0.1020 0.0957 0.8440
319.729 0.1010 0.0946 0.8835
319.766 0.0943 0.0959 0.8151
319.811 0.0905 0.0971 0.8635
319.850 0.0931 0.0944 0.8129
319.890 0.0920 0.0950 0.8613
319.930 0.0926 0.0936 0.8523
319.967 0.0885 0.0921 0.8587
320.011 0.0871 0.0972 0.8623
320.050 0.0870 0.0952 0.8401
320.091 0.0851 0.0969 0.8287
320.130 0.0859 0.0922 0.8863
320.170 0.0848 0.0922 0.8733
320.211 0.0818 0.0969 0.8523
320.251 0.0860 0.0985 0.8559
320.291 0.0874 0.0970 0.8505
320.332 0.0869 0.0970 0.8721
320.371 0.0888 0.0938 0.8733
320.411 0.0906 0.0956 0.8523
320.452 0.0935 0.0986 0.8583
320.493 0.0983 0.0996 0.8523
320.533 0.1047 0.0961 0.8589
320.572 0.1081 0.0957 0.8579
320.610 0.1110 0.0954 0.8590
320.654 0.1136 0.0988 0.8590
320.694 0.1176 0.0998 0.8409
320.734 0.1238 0.0978 0.8775
320.773 0.1295 0.0973 0.9007
320.811 0.1344 0.0993 0.8796
320.854 0.1410 0.0967 0.8527
320.894 0.1448 0.0981 0.8603
320.934 0.1511 0.0962 0.9016
320.974 0.1549 0.0959 0.8809
321.014 0.1546 0.0950 0.8346
321.055 0.1538 0.0938 0.8082
321.094 0.1554 0.0931 0.8876
321.135 0.1545 0.0982 0.8661
321.175 0.1537 0.0955 0.8603
321.214 0.1517 0.0999 0.8553
321.254 0.1464 0.0978 0.8553
321.295 0.1418 0.1027 0.8788
321.335 0.1368 0.1010 0.8911
321.376 0.1349 0.0989 0.8988
321.415 0.1278 0.0979 0.8839
321.453 0.1203 0.0983 0.8848
321.498 0.1088 0.0952 0.9168
321.537 0.1019 0.0940 0.9054
321.579 0.0876 0.0962 0.8625
321.617 0.0778 0.0928 0.8929
321.654 0.0721 0.0958 0.8825
321.698 0.0613 0.0959 0.8835
321.738 0.0549 0.0936 0.8835
321.778 0.0485 0.0938 0.8769
321.818 0.0432 0.0932 0.8759
321.858 0.0323 0.0952 0.8759
321.898 0.0237 0.0914 0.8743
321.938 0.0191 0.0918 0.8769
321.979 0.0188 0.0914 0.8893
322.018 0.0169 0.0902 0.9008
322.058 0.0185 0.0903 0.9069
322.097 0.0215 0.0919 0.8783
322.139 0.0242 0.0934 0.8499
322.179 0.0275 0.0925 0.8373
322.219 0.0298 0.0958 0.9056
322.259 0.0308 0.0947 0.8879
322.297 0.0315 0.0948 0.9116
322.340 0.0371 0.0948 0.9026
322.380 0.0427 0.0945 0.8874
322.420 0.0459 0.0948 0.8854
322.460 0.0463 0.0992 0.8499
322.497 0.0479 0.0960 0.8499
322.540 0.0494 0.0935 0.8709
322.581 0.0539 0.0943 0.8709
322.622 0.0528 0.0946 0.8709
322.661 0.0538 0.0974 0.8709
322.701 0.0531 0.0977 0.8275
322.742 0.0574 0.0944 0.8286
322.782 0.0583 0.0951 0.8605
322.822 0.0590 0.0950 0.8465
322.862 0.0613 0.0972 0.8465
322.901 0.0620 0.0990 0.8461
322.941 0.0626 0.0954 0.8731
322.983 0.0652 0.1010 0.8286
323.023 0.0695 0.0948 0.8522
323.063 0.0672 0.0957 0.8272
323.102 0.0646 0.0981 0.8202
323.140 0.0675 0.0971 0.8222
323.184 0.0699 0.0974 0.8202
323.223 0.0707 0.0966 0.8481
323.263 0.0740 0.0958 0.8461
323.303 0.0774 0.0966 0.8461
323.356 0.0741 0.0974 0.8461
323.384 0.0708 0.0975 0.8288
323.424 0.0690 0.0998 0.8456
323.464 0.0697 0.0913 0.8336
323.504 0.0706 0.0913 0.8586
323.544 0.0715 0.0941 0.8586
323.585 0.0740 0.0974 0.8655
323.625 0.0741 0.0911 0.8232
323.665 0.0774 0.0913 0.8351
323.706 0.0802 0.0962 0.8500
323.745 0.0800 0.0968 0.8158
323.785 0.0767 0.0953 0.8492
323.826 0.0756 0.0975 0.8198
323.866 0.0799 0.0955 0.8385
323.907 0.0884 0.0942 0.8288
323.946 0.0945 0.0936 0.8556
323.983 0.0966 0.0964 0.8537
324.028 0.0998 0.0967 0.8609
324.067 0.1005 0.0951 0.8473
324.107 0.1013 0.0931 0.8159
324.147 0.1016 0.0939 0.8690
324.184 0.0999 0.0950 0.8669
324.228 0.0984 0.1005 0.8973
324.268 0.1000 0.1046 0.8723
324.308 0.1031 0.1046 0.8827
324.348 0.1076 0.0953 0.8178
324.388 0.1079 0.0968 0.8306
324.428 0.1038 0.1001 0.8371
324.468 0.1026 0.1001 0.8371
324.508 0.1035 0.0984 0.8766
324.549 0.1069 0.0989 0.8712
324.588 0.1115 0.0995 0.8712
324.627 0.1148 0.1015 0.9052
324.669 0.1169 0.1012 0.8619
324.709 0.1198 0.1008 0.8619
324.750 0.1240 0.0968 0.8630
324.790 0.1276 0.0991 0.8700
324.827 0.1276 0.0974 0.8745
324.871 0.1275 0.0978 0.8645
324.911 0.1274 0.0974 0.8540
324.951 0.1304 0.0972 0.8825
324.990 0.1327 0.0929 0.8825
325.028 0.1328 0.0957 0.9070
325.071 0.1321 0.0943 0.9031
325.111 0.1274 0.1013 0.8744
325.151 0.1227 0.0948 0.8941
325.191 0.1222 0.0959 0.8901
325.232 0.1218 0.0955 0.8779
325.272 0.1201 0.0932 0.8952
325.312 0.1198 0.0943 0.9228
325.352 0.1178 0.0947 0.9294
325.392 0.1195 0.0939 0.8958
325.431 0.1220 0.0925 0.8952
325.471 0.1193 0.0932 0.9018
325.512 0.1235 0.0931 0.9020
325.553 0.1279 0.0993 0.9135
325.593 0.1355 0.0983 0.8967
325.632 0.1444 0.0949 0.8888
325.670 0.1473 0.0949 0.8887
325.714 0.1538 0.0938 0.9279
325.753 0.1603 0.0953 0.9189
325.793 0.1679 0.0951 0.9051
325.833 0.1735 0.0928 0.9479
325.871 0.1784 0.0920 0.8959
325.915 0.1833 0.0920 0.8905
325.955 0.1893 0.0940 0.8879
325.995 0.1908 0.0964 0.9149
326.035 0.1951 0.0973 0.8789
326.075 0.1967 0.0956 0.8775
326.116 0.1965 0.0952 0.9338
326.155 0.2015 0.0905 0.8875
326.196 0.2009 0.0977 0.9002
326.236 0.2027 0.0960 0.8871
326.275 0.2016 0.0942 0.8592
326.315 0.2007 0.0953 0.8680
326.356 0.2000 0.0943 0.8452
326.397 0.1954 0.0885 0.8764
326.436 0.1975 0.0949 0.8512
326.476 0.1969 0.0905 0.8592
326.513 0.1922 0.0937 0.8359
326.558 0.1881 0.0896 0.8829
326.597 0.1877 0.0894 0.8610
326.637 0.1845 0.0955 0.8589
326.677 0.1837 0.0991 0.9013
326.714 0.1819 0.0991 0.9026
326.757 0.1745 0.0983 0.9031
326.797 0.1693 0.0940 0.8786
326.838 0.1688 0.0956 0.8835
326.878 0.1703 0.0980 0.9157
326.916 0.1652 0.0996 0.8816
326.957 0.1597 0.0979 0.8931
326.999 0.1589 0.0993 0.8921
327.040 0.1628 0.1007 0.8618
327.079 0.1610 0.1044 0.9023
327.119 0.1625 0.1003 0.9139
327.159 0.1628 0.1019 0.9025
327.200 0.1587 0.0977 0.8987
327.240 0.1632 0.1032 0.8949
327.280 0.1715 0.1009 0.8717
327.320 0.1779 0.1037 0.9076
327.357 0.1790 0.1026 0.8959
327.401 0.1799 0.1010 0.9219
327.441 0.1837 0.1009 0.8892
327.481 0.1817 0.0960 0.8851
327.520 0.1790 0.0998 0.9025
327.557 0.1780 0.1031 0.8883
327.602 0.1745 0.0984 0.9189
327.641 0.1737 0.0997 0.9096
327.681 0.1752 0.0982 0.8935
327.721 0.1725 0.0975 0.8831
327.761 0.1689 0.1007 0.9225
327.802 0.1610 0.1016 0.8901
327.842 0.1603 0.1036 0.8785
327.882 0.1621 0.1012 0.8925
327.922 0.1623 0.0998 0.8616
327.961 0.1650 0.1003 0.8796
328.001 0.1637 0.1015 0.8746
328.042 0.1650 0.1008 0.8895
328.083 0.1706 0.1025 0.8661
328.124 0.1760 0.1001 0.8601
328.163 0.1815 0.1000 0.8851
328.200 0.1832 0.1041 0.8713
328.245 0.1832 0.1032 0.8947
328.284 0.1835 0.1009 0.9016
328.324 0.1832 0.1064 0.9145
328.364 0.1812 0.1035 0.8625
328.401 0.1762 0.1022 0.8922
328.445 0.1739 0.1069 0.8792
328.485 0.1741 0.1095 0.8750
328.525 0.1725 0.1061 0.8942
328.565 0.1660 0.1033 0.9139
328.605 0.1539 0.1060 0.8868
328.645 0.1401 0.1083 0.8882
328.685 0.1326 0.1078 0.8784
328.726 0.1236 0.1042 0.8805
328.766 0.1184 0.1037 0.8899
328.805 0.1105 0.1008 0.8466
328.845 0.1045 0.1017 0.8571
328.886 0.0996 0.1018 0.8479
328.926 0.0966 0.1021 0.8694
328.966 0.0905 0.1014 0.8655
329.006 0.0845 0.1067 0.8573
329.043 0.0782 0.1072 0.8733
329.087 0.0779 0.0988 0.8693
329.127 0.0772 0.0998 0.8339
329.167 0.0760 0.0994 0.8585
329.207 0.0798 0.0983 0.8468
329.244 0.0827 0.0986 0.8568
329.289 0.0857 0.1047 0.8766
329.328 0.0866 0.1036 0.8766
329.368 0.0901 0.1014 0.8666
329.408 0.0956 0.1014 0.8530
329.448 0.1008 0.1008 0.8694
329.489 0.1062 0.1007 0.8736
329.529 0.1145 0.1009 0.8513
329.569 0.1229 0.1050 0.8379
329.609 0.1330 0.0971 0.8716
329.648 0.1411 0.0952 0.8883
329.688 0.1482 0.0940 0.8781
329.730 0.1556 0.0927 0.9159
329.770 0.1638 0.0951 0.8705
329.810 0.1703 0.0958 0.8882
329.849 0.1782 0.0897 0.8755
329.887 0.1787 0.0877 0.8666
329.931 0.1828 0.0878 0.8894
329.970 0.1867 0.0912 0.8936
330.010 0.1865 0.0944 0.8882
330.050 0.1812 0.0898 0.8830
330.087 0.1775 0.0903 0.8806
330.131 0.1729 0.0910 0.8502
330.171 0.1653 0.0903 0.8901
330.211 0.1573 0.1038 0.8578
330.251 0.1455 0.0942 0.8828
330.291 0.1396 0.0939 0.9112
330.332 0.1314 0.0959 0.8933
330.372 0.1292 0.0950 0.9139
330.413 0.1246 0.1004 0.8953
330.453 0.1223 0.0977 0.8423
330.492 0.1223 0.1007 0.8608
330.532 0.1217 0.0937 0.8608
330.573 0.1230 0.0965 0.8236
330.613 0.1231 0.1016 0.8485
330.654 0.1273 0.1043 0.8955
330.693 0.1298 0.1015 0.8806
330.730 0.1322 0.1009 0.9051
330.775 0.1384 0.1025 0.9119
330.814 0.1396 0.0953 0.9170
330.854 0.1408 0.1007 0.9120
330.894 0.1401 0.1038 0.8868
330.931 0.1381 0.0984 0.8929
330.975 0.1356 0.1042 0.8929
331.015 0.1364 0.0995 0.8929
331.055 0.1354 0.1017 0.8613
331.095 0.1342 0.1023 0.8701
331.134 0.1328 0.1077 0.8690
331.175 0.1306 0.1004 0.8797
331.215 0.1330 0.1053 0.8729
331.255 0.1315 0.0991 0.8833
331.295 0.1319 0.1028 0.8458
331.335 0.1339 0.1042 0.8611
331.374 0.1349 0.0999 0.8567
331.416 0.1389 0.0955 0.8526
331.457 0.1356 0.0926 0.8912
331.497 0.1380 0.0975 0.8778
331.540 0.1422 0.1001 0.8452
331.574 0.1422 0.0929 0.9135
331.618 0.1455 0.0927 0.8499
331.658 0.1453 0.0973 0.8805
331.698 0.1485 0.0892 0.8627
331.738 0.1449 0.0991 0.8691
331.775 0.1459 0.1010 0.8741
331.819 0.1456 0.0956 0.9245
331.858 0.1472 0.0958 0.8919
331.899 0.1465 0.0945 0.8865
331.938 0.1470 0.0968 0.8890
331.978 0.1483 0.0972 0.8812
332.019 0.1455 0.0947 0.9107
332.059 0.1459 0.0983 0.9107
332.099 0.1442 0.0972 0.8928
332.139 0.1476 0.0982 0.8868
332.178 0.1470 0.0987 0.8783
332.218 0.1503 0.0987 0.8917
332.259 0.1534 0.0975 0.8939
332.300 0.1544 0.0976 0.9211
332.340 0.1556 0.0976 0.8609
332.379 0.1551 0.0958 0.9125
332.417 0.1566 0.0971 0.9172
332.461 0.1589 0.0973 0.8855
332.500 0.1525 0.0984 0.9112
332.541 0.1508 0.0984 0.8890
332.581 0.1497 0.0956 0.8952
332.618 0.1484 0.0959 0.8731
332.662 0.1475 0.0976 0.9336
332.702 0.1466 0.0959 0.8936
332.742 0.1439 0.0952 0.9253
332.782 0.1412 0.0944 0.9383
332.822 0.1388 0.0936 0.9174
333.085 0.1328 0.0977 0.8889
333.143 0.1365 0.0974 0.8849
333.183 0.1377 0.0960 0.8809
333.223 NaN 0.0946 0.8924
333.263 NaN 0.0950 0.9047
333.302 NaN 0.0973 0.8579
333.344 NaN 0.0978 0.8575
333.384 NaN 0.0967 0.8919
333.424 NaN 0.0975 0.8685
333.464 NaN 0.0922 0.9173
333.501 NaN 0.0964 0.8945
