343.023 NaN 0.0710 0.9002
343.062 NaN 0.0743 0.9250
343.099 NaN 0.0693 0.9391
343.144 NaN 0.0699 0.9760
343.183 NaN 0.0697 0.9588
343.223 NaN 0.0696 0.9636
343.263 NaN 0.0699 0.9536
343.300 0.1227 0.0706 0.9512
343.344 0.1245 0.0707 0.9598
343.384 0.1263 0.0691 0.9537
343.425 0.1252 0.0693 0.9253
343.464 0.1276 0.0686 0.9069
343.504 0.1275 0.0697 0.9113
343.544 0.1244 0.0662 0.9233
343.584 0.1239 0.0651 0.9145
343.625 0.1214 0.0648 0.8982
343.665 0.1179 0.0675 0.9292
343.705 0.1182 0.0685 0.8957
343.744 0.1161 0.0708 0.9196
343.786 0.1190 0.0694 0.9544
343.826 0.1251 0.0626 0.9085
343.866 0.1264 0.0650 0.9316
343.906 0.1273 0.0667 0.9623
343.943 0.1336 0.0728 0.8962
343.987 0.1421 0.0709 0.9146
344.027 0.1447 0.0680 0.9167
344.067 0.1500 0.0669 0.9039
344.107 0.1534 0.0699 0.9152
344.144 0.1542 0.0695 0.9282
344.188 0.1533 0.0699 0.9141
344.232 0.1538 0.0692 0.9066
344.268 0.1498 0.0672 0.9326
344.307 0.1474 0.0682 0.9326
344.347 0.1445 0.0722 0.9376
344.388 0.1417 0.0707 0.9437
344.428 0.1399 0.0673 0.9227
344.468 0.1337 0.0700 0.9454
344.508 0.1323 0.0685 0.9152
344.547 0.1322 0.0700 0.9300
344.587 0.1276 0.0721 0.9115
344.629 0.1267 0.0713 0.8968
344.669 0.1251 0.0668 0.8943
344.709 0.1254 0.0687 0.8912
344.749 0.1261 0.0672 0.9312
344.787 0.1179 0.0711 0.9172
344.831 0.1179 0.0749 0.9141
344.871 0.1192 0.0704 0.8834
344.910 0.1168 0.0704 0.8932
344.950 0.1144 0.0712 0.9102
344.987 0.1107 0.0731 0.9090
345.031 0.1089 0.0722 0.9257
345.071 0.1114 0.0716 0.9146
345.111 0.1132 0.0726 0.9000
345.151 0.1173 0.0727 0.8914
345.191 0.1207 0.0705 0.8800
345.232 0.1141 0.0705 0.8885
345.272 0.1202 0.0741 0.9193
345.312 0.1198 0.0726 0.8948
345.352 0.1151 0.0726 0.9182
345.391 0.1131 0.0702 0.9056
345.431 0.1139 0.0722 0.9414
345.472 0.1199 0.0721 0.9414
345.513 0.1219 0.0743 0.9172
345.553 0.1208 0.0721 0.9064
345.592 0.1220 0.0718 0.8843
345.629 0.1195 0.0721 0.8696
345.674 0.1133 0.0728 0.8945
345.713 0.1139 0.0745 0.9031
345.753 0.1128 0.0712 0.9398
345.793 0.1103 0.0692 0.9312
345.831 0.1125 0.0722 0.9476
345.874 0.1152 0.0706 0.9173
345.915 0.1214 0.0697 0.9174
345.955 0.1253 0.0696 0.9083
345.995 0.1245 0.0697 0.9323
346.034 0.1283 0.0704 0.8991
346.075 0.1303 0.0684 0.9247
346.115 0.1325 0.0708 0.8857
346.156 0.1320 0.0704 0.9131
346.196 0.1342 0.0701 0.8732
346.235 0.1369 0.0678 0.9091
346.274 0.1365 0.0683 0.9091
346.316 0.1391 0.0701 0.8905
346.356 0.1400 0.0716 0.8977
346.396 0.1384 0.0707 0.9195
346.436 0.1313 0.0707 0.9059
346.473 0.1271 0.0706 0.9113
346.517 0.1199 0.0717 0.9137
346.557 0.1105 0.0712 0.8988
346.597 0.1007 0.0701 0.9401
346.636 0.0925 0.0697 0.9414
346.673 0.0845 0.0694 0.9440
346.718 0.0725 0.0670 0.9353
346.757 0.0676 0.0704 0.9717
346.798 0.0565 0.0720 0.9577
346.837 0.0488 0.0709 0.9073
346.877 0.0400 0.0685 0.9047
346.918 0.0312 0.0672 0.9268
346.958 0.0263 0.0669 0.9927
346.999 0.0231 0.0705 0.9697
347.039 0.0181 0.0710 0.9476
347.078 0.0145 0.0703 0.9257
347.118 0.0135 0.0685 0.9423
347.159 0.0107 0.0675 0.8641
347.200 0.0085 0.0695 0.9724
347.240 0.0054 0.0726 0.9697
347.279 0.0055 0.0705 0.9362
347.317 0.0062 0.0715 0.9443
347.364 0.0064 0.0701 0.9160
347.400 0.0087 0.0702 0.9073
347.440 0.0100 0.0735 0.9395
347.480 0.0124 0.0701 0.9225
347.517 0.0109 0.0686 0.9237
347.561 0.0099 0.0706 0.9133
347.601 0.0103 0.0681 0.9327
347.641 0.0119 0.0683 0.9237
347.681 0.0121 0.0709 0.9453
347.721 0.0137 0.0664 0.9515
347.762 0.0156 0.0674 0.9303
347.801 0.0155 0.0705 0.9328
347.842 0.0146 0.0696 0.9433
347.881 0.0140 0.0705 0.9328
347.921 0.0137 0.0705 0.9381
347.960 0.0131 0.0676 0.9401
348.002 0.0154 0.0676 0.9195
348.042 0.0153 0.0694 0.9369
348.082 0.0136 0.0681 0.9430
348.123 0.0124 0.0708 0.9539
348.160 0.0119 0.0691 0.9539
348.205 0.0137 0.0684 0.9515
348.244 0.0149 0.0664 0.9644
348.284 0.0125 0.0700 0.9629
348.425 0.0145 0.0709 0.9329
348.441 0.0148 0.0687 0.9385
348.487 0.0111 0.0666 0.9081
348.525 0.0112 0.0697 0.9358
348.566 0.0132 0.0691 0.8837
348.605 0.0083 0.0686 0.8889
348.644 0.0110 0.0683 0.8915
348.686 0.0059 0.0683 0.8889
348.725 0.0073 0.0683 0.8915
348.765 0.0080 0.0713 0.8837
348.805 0.0076 0.0702 0.8837
348.845 0.0128 0.0683 0.8826
348.884 0.0112 0.0698 0.8889
348.926 0.0093 0.0682 0.8837
348.966 0.0149 0.0706 0.8849
349.006 0.0126 0.0703 0.8965
349.046 0.0137 0.0692 0.8994
349.082 0.0167 0.0688 0.8732
349.127 0.0098 0.0670 0.9093
349.167 0.0120 0.0679 0.9073
349.207 0.0123 0.0697 0.8954
349.247 0.0074 0.0697 0.8876
349.285 0.0120 0.0670 0.8994
349.329 0.0111 0.0670 0.8994
349.368 0.0077 0.0641 0.8954
349.408 0.0130 0.0688 0.8954
349.448 0.0160 0.0687 0.8954
349.488 0.0166 0.0679 0.8994
349.529 0.0156 0.0664 0.9073
349.569 0.0157 0.0667 0.8965
349.609 0.0191 0.0673 0.9295
349.649 0.0230 0.0686 0.9073
349.688 0.0266 0.0706 0.8811
349.728 0.0268 0.0706 0.8639
349.769 0.0220 0.0706 0.8679
349.810 0.0249 0.0674 0.8729
349.850 0.0237 0.0696 0.8991
349.889 0.0285 0.0704 0.8951
349.927 0.0354 0.0701 0.8494
349.971 0.0436 0.0678 0.8590
350.010 0.0509 0.0675 0.8590
350.050 0.0552 0.0698 0.8581
350.090 0.0670 0.0680 0.8998
350.127 0.0767 0.0695 0.8885
350.171 0.0849 0.0687 0.8910
350.211 0.0889 0.0672 0.8613
350.251 0.0920 0.0721 0.8593
350.291 0.0973 0.0705 0.8629
350.332 0.1032 0.0707 0.9057
350.372 0.1033 0.0709 0.8979
350.412 0.1023 0.0731 0.8791
350.453 0.0905 0.0709 0.8803
350.493 0.0788 0.0725 0.8963
350.532 0.0723 0.0728 0.8875
350.572 0.0637 0.0726 0.9085
350.613 0.0567 0.0725 0.8661
350.653 0.0443 0.0725 0.8811
350.693 0.0329 0.0715 0.8551
350.733 0.0296 0.0728 0.8811
350.770 0.0270 0.0728 0.8761
350.814 0.0259 0.0733 0.9104
350.854 0.0209 0.0752 0.8729
350.894 0.0130 0.0727 0.8729
350.934 0.0119 0.0738 0.8761
350.971 0.0099 0.0730 0.8909
351.015 0.0097 0.0740 0.8729
351.054 0.0112 0.0740 0.8729
351.095 0.0061 0.0744 0.8679
351.134 0.0100 0.0735 0.8679
351.174 0.0077 0.0755 0.8679
351.215 0.0043 0.0740 0.8976
351.255 0.0068 0.0731 0.8359
351.295 0.0046 0.0753 0.8359
351.335 0.0056 0.0714 0.8572
351.374 0.0092 0.0730 0.8449
351.415 0.0082 0.0765 0.8769
351.456 0.0089 0.0733 0.8859
351.497 0.0095 0.0740 0.8883
351.537 0.0075 0.0742 0.8674
351.576 0.0098 0.0736 0.8674
351.614 0.0112 0.0742 0.8559
351.658 0.0092 0.0757 0.8859
351.698 0.0105 0.0739 0.9069
351.738 0.0103 0.0722 0.9119
351.777 0.0077 0.0728 0.8729
351.814 0.0071 0.0746 0.8729
351.858 0.0059 0.0729 0.9616
351.898 0.0059 0.0727 0.9616
351.938 0.0057 0.0723 0.9120
351.978 0.0052 0.0728 0.8729
352.018 0.0088 0.0717 0.9156
352.059 0.0086 0.0740 0.9159
352.099 0.0075 0.0732 0.9210
352.139 0.0103 0.0727 0.9156
352.178 0.0115 0.0723 0.9246
352.218 0.0104 0.0731 0.9064
352.258 0.0111 0.0739 0.9149
352.299 0.0121 0.0733 0.9149
352.339 0.0110 0.0742 0.9150
352.379 0.0147 0.0742 0.9073
352.419 0.0126 0.0719 0.9073
352.457 0.0112 0.0730 0.9073
352.501 0.0106 0.0742 0.9073
352.540 0.0059 0.0742 0.9073
352.581 0.0073 0.0722 0.9366
352.621 0.0061 0.0722 0.9073
352.658 0.0071 0.0730 0.9073
352.702 0.0086 0.0750 0.8959
352.742 0.0060 0.0727 0.9366
352.782 0.0084 0.0729 0.9073
352.822 0.0146 0.0726 0.9064
352.861 0.0206 0.0717 0.9064
352.902 0.0219 0.0716 0.8933
352.942 0.0270 0.0744 0.9149
352.982 0.0342 0.0745 0.9106
353.022 0.0403 0.0740 0.9114
353.062 0.0497 0.0739 0.9170
353.101 0.0615 0.0741 0.8932
353.143 0.0713 0.0752 0.9175
353.183 0.0790 0.0758 0.8791
353.223 0.0846 0.0741 0.9105
353.263 0.0908 0.0719 0.9187
353.300 0.0965 0.0708 0.8837
353.344 0.1062 0.0698 0.8847
353.384 0.1109 0.0729 0.8785
353.424 0.1137 0.0720 0.8778
353.464 0.1155 0.0709 0.8549
353.501 0.1122 0.0699 0.8553
353.545 0.1172 0.0707 0.8955
353.584 0.1147 0.0693 0.8686
353.624 0.1086 0.0727 0.9102
353.665 0.1040 0.0705 0.9223
353.705 0.0988 0.0705 0.9233
353.746 0.0983 0.0709 0.9089
353.786 0.0961 0.0729 0.8729
353.826 0.0873 0.0740 0.8771
353.866 0.0813 0.0749 0.9257
353.905 0.0739 0.0733 0.9031
353.945 0.0712 0.0711 0.8902
353.986 0.0734 0.0732 0.8911
354.027 0.0688 0.0753 0.9041
354.067 0.0657 0.0732 0.9067
354.106 0.0674 0.0728 0.9005
354.144 0.0645 0.0724 0.8952
354.188 0.0719 0.0705 0.8662
354.227 0.0763 0.0713 0.8923
354.267 0.0714 0.0718 0.9095
354.307 0.0741 0.0717 0.9331
354.344 0.0797 0.0728 0.9211
354.388 0.0899 0.0717 0.9121
354.428 0.0948 0.0733 0.8792
354.468 0.1003 0.0733 0.8792
354.508 0.1051 0.0736 0.8792
354.548 0.1108 0.0734 0.8854
354.588 0.1106 0.0732 0.8789
354.628 0.1160 0.0731 0.8800
354.671 0.1158 0.0754 0.8520
354.709 0.1131 0.0781 0.8715
354.749 0.1175 0.0769 0.8790
354.789 0.1152 0.0725 0.9097
354.830 0.1157 0.0717 0.9382
354.870 0.1139 0.0718 0.9366
354.910 0.1121 0.0718 0.9205
354.950 0.1100 0.0727 0.9265
354.987 0.1087 0.0744 0.8983
355.032 0.1075 0.0710 0.8999
355.071 0.1051 0.0728 0.8621
355.111 0.1033 0.0734 0.8686
355.151 0.1057 0.0737 0.8686
355.188 0.1027 0.0744 0.8936
355.232 0.0990 0.0719 0.9105
355.272 0.1003 0.0741 0.9284
355.312 0.0993 0.0710 0.9244
355.352 0.0978 0.0748 0.8846
355.391 0.0959 0.0745 0.8895
355.432 0.0951 0.0734 0.8895
355.472 0.0870 0.0734 0.8636
355.512 0.0842 0.0722 0.8609
355.552 0.0833 0.0743 0.8636
355.592 0.0815 0.0752 0.8862
355.631 0.0748 0.0729 0.8802
355.673 0.0696 0.0730 0.8922
355.713 0.0664 0.0716 0.8982
355.753 0.0674 0.0670 0.8672
355.793 0.0696 0.0700 0.8922
355.831 0.0688 0.0720 0.9061
355.874 0.0698 0.0724 0.8982
355.915 0.0650 0.0700 0.8982
355.955 0.0712 0.0669 0.9072
355.994 0.0752 0.0673 0.8960
356.031 0.0784 0.0711 0.8800
356.075 0.0829 0.0713 0.8789
356.115 0.0875 0.0667 0.8449
356.155 0.0940 0.0650 0.8849
356.195 0.1030 0.0650 0.8849
356.235 0.1051 0.0728 0.8781
356.275 0.1033 0.0692 0.9192
356.316 0.1008 0.0642 0.9311
356.356 0.0987 0.0673 0.8797
356.396 0.1036 0.0679 0.9055
356.435 0.1066 0.0705 0.8995
356.475 0.1046 0.0709 0.8805
356.516 0.1014 0.0701 0.8769
356.557 0.1006 0.0698 0.9187
356.597 0.0958 0.0701 0.8887
356.636 0.0985 0.0704 0.8868
356.674 0.0971 0.0659 0.8653
356.718 0.0969 0.0695 0.8923
356.757 0.0991 0.0697 0.8813
356.797 0.1000 0.0698 0.8620
356.837 0.1064 0.0699 0.9026
356.874 0.1113 0.0676 0.8963
356.918 0.1135 0.0713 0.8973
356.958 0.1189 0.0681 0.8739
356.999 0.1238 0.0696 0.9247
357.039 0.1254 0.0702 0.9257
357.078 0.1314 0.0702 0.9002
357.120 0.1337 0.0709 0.9119
357.159 0.1366 0.0705 0.8813
357.200 0.1351 0.0706 0.9009
357.240 0.1369 0.0672 0.8869
357.279 0.1380 0.0670 0.8789
357.318 0.1362 0.0719 0.8539
357.360 0.1318 0.0719 0.8489
357.400 0.1246 0.0721 0.8894
357.440 0.1214 0.0683 0.8956
357.480 0.1208 0.0683 0.8696
357.517 0.1205 0.0688 0.8999
357.561 0.1223 0.0696 0.8969
357.601 0.1238 0.0732 0.8893
357.641 0.1188 0.0719 0.9045
357.681 0.1236 0.0713 0.8755
357.718 0.1254 0.0709 0.8745
357.762 0.1270 0.0722 0.9089
357.801 0.1285 0.0722 0.9120
357.842 0.1320 0.0726 0.9018
357.881 0.1399 0.0710 0.8813
357.921 0.1483 0.0710 0.8813
357.962 0.1566 0.0721 0.8901
358.002 0.1658 0.0711 0.8961
358.042 0.1707 0.0723 0.8873
358.082 0.1693 0.0714 0.9152
358.125 0.1713 0.0695 0.9076
358.162 0.1729 0.0674 0.8773
358.204 0.1741 0.0660 0.8747
358.244 0.1768 0.0707 0.8771
358.284 0.1814 0.0702 0.8923
358.324 0.1814 0.0685 0.8843
358.361 0.1783 0.0685 0.8900
358.405 0.1730 0.0670 0.8814
358.445 0.1668 0.0698 0.8684
358.485 0.1550 0.0705 0.9076
358.524 0.1453 0.0671 0.9252
358.562 0.1374 0.0647 0.8957
358.605 0.1379 0.0642 0.8869
358.645 0.1375 0.0681 0.8869
358.685 0.1339 0.0702 0.9260
358.725 0.1270 0.0691 0.9262
358.765 0.1202 0.0667 0.9124
358.806 0.1176 0.0702 0.9277
358.846 0.1187 0.0699 0.9298
358.886 0.1205 0.0732 0.8823
358.926 0.1184 0.0712 0.9185
358.965 0.1179 0.0709 0.9052
359.005 0.1163 0.0712 0.9043
359.046 0.1203 0.0703 0.9159
359.086 0.1225 0.0717 0.9154
359.127 0.1202 0.0729 0.9198
359.166 0.1201 0.0720 0.9286
359.204 0.1173 0.0737 0.9089
359.249 0.1191 0.0706 0.8640
359.288 0.1182 0.0721 0.8989
359.328 0.1164 0.0684 0.9255
359.368 0.1142 0.0698 0.8955
359.405 0.1123 0.0693 0.9053
359.449 0.1091 0.0696 0.8923
359.489 0.1123 0.0686 0.9208
359.529 0.1157 0.0688 0.9011
359.569 0.1150 0.0739 0.9173
359.609 0.1148 0.0721 0.8989
359.650 0.1151 0.0681 0.8905
359.689 0.1212 0.0672 0.9056
359.730 0.1262 0.0671 0.9056
359.770 0.1275 0.0666 0.9018
359.809 0.1288 0.0702 0.9304
359.849 0.1304 0.0696 0.9084
359.890 0.1341 0.0664 0.9411
359.930 0.1378 0.0681 0.9481
359.970 0.1413 0.0672 0.9468
360.010 0.1437 0.0685 0.9475
360.047 0.1424 0.0687 0.8902
360.091 0.1474 0.0682 0.8922
360.131 0.1507 0.0682 0.9133
360.171 0.1502 0.0698 0.9246
360.211 0.1498 0.0734 0.9331
360.248 0.1501 0.0746 0.9369
360.292 0.1531 0.0735 0.9391
360.332 0.1586 0.0735 0.8993
360.372 0.1572 0.0680 0.9171
360.413 0.1600 0.0701 0.9025
360.452 0.1656 0.0723 0.9355
360.493 0.1609 0.0731 0.9345
360.533 0.1639 0.0701 0.9151
360.573 0.1634 0.0710 0.9273
360.613 0.1634 0.0669 0.9697
360.653 0.1661 0.0696 0.9352
360.692 0.1648 0.0709 0.9280
360.734 0.1627 0.0659 0.8955
360.774 0.1647 0.0687 0.9412
360.814 0.1630 0.0667 0.8942
360.854 0.1606 0.0677 0.8942
360.891 0.1607 0.0737 0.9455
360.935 0.1524 0.0721 0.9118
360.974 0.1499 0.0753 0.9039
361.015 0.1446 0.0729 0.9039
361.054 0.1432 0.0712 0.9159
361.091 0.1419 0.0752 0.9352
361.135 0.1393 0.0746 0.9169
361.175 0.1370 0.0732 0.9254
361.216 0.1371 0.0735 0.9224
361.255 0.1346 0.0725 0.8961
361.295 0.1367 0.0738 0.9118
361.336 0.1385 0.0741 0.9260
361.376 0.1415 0.0752 0.9333
361.416 0.1450 0.0758 0.9053
361.457 0.1484 0.0699 0.8669
361.496 0.1588 0.0698 0.8813
361.536 0.1652 0.0733 0.8826
361.577 0.1641 0.0731 0.9060
361.617 0.1659 0.0755 0.9107
361.658 0.1643 0.0743 0.8933
361.697 0.1644 0.0711 0.8851
361.734 0.1635 0.0725 0.8983
361.778 0.1575 0.0703 0.9066
361.818 0.1535 0.0723 0.9093
361.858 0.1474 0.0720 0.8911
361.898 0.1440 0.0709 0.8801
361.935 0.1464 0.0709 0.8801
361.979 0.1425 0.0713 0.9273
362.019 0.1381 0.0722 0.9335
362.059 0.1391 0.0709 0.8803
362.099 0.1363 0.0719 0.8715
362.139 0.1384 0.0705 0.8849
362.179 0.1381 0.0705 0.9104
362.219 0.1415 0.0743 0.9132
362.259 0.1458 0.0737 0.9123
362.299 0.1458 0.0724 0.8883
362.339 0.1482 0.0734 0.9167
362.378 0.1483 0.0725 0.8911
362.420 0.1441 0.0746 0.9310
362.460 0.1427 0.0705 0.8739
362.500 0.1406 0.0739 0.8854
362.540 0.1367 0.0724 0.8713
362.578 0.1356 0.0715 0.9153
362.622 0.1333 0.0718 0.9412
362.662 0.1309 0.0724 0.8915
362.702 0.1297 0.0724 0.8962
362.742 0.1237 0.0739 0.9315
362.778 0.1200 0.0727 0.9315
362.823 0.1179 0.0725 0.9009
362.862 0.1177 0.0705 0.8925
362.902 0.1206 0.0703 0.9072
362.942 0.1230 0.0704 0.9012
362.982 0.1179 0.0697 0.8975
363.023 0.1207 0.0717 0.8850
363.063 0.1245 0.0687 0.8859
363.103 0.1243 0.0712 0.9214
363.143 0.1266 0.0731 0.9233
363.182 0.1286 0.0684 0.8992
363.222 0.1302 0.0691 0.9128
363.263 0.1365 0.0683 0.9295
363.303 0.1405 0.0693 0.8981
363.344 0.1406 0.0715 0.9108
363.383 0.1427 0.0708 0.9475
363.421 0.1377 0.0686 0.9075
363.465 0.1380 0.0679 0.9075
363.504 0.1399 0.0719 0.9179
363.544 0.1365 0.0733 0.9351
363.584 0.1342 0.0719 0.9406
363.622 0.1354 0.0743 0.9105
363.665 0.1319 0.0750 0.9180
363.706 0.1318 0.0750 0.9194
363.746 0.1315 0.0747 0.9173
363.786 0.1353 0.0771 0.9289
363.826 0.1361 0.0732 0.9770
363.866 0.1305 0.0749 0.9325
363.906 0.1303 0.0746 0.9439
363.947 0.1342 0.0718 0.9301
363.987 0.1371 0.0770 0.9561
364.026 0.1369 0.0776 0.9334
364.066 0.1414 0.0749 0.9189
364.107 0.1375 0.0736 0.9379
364.147 0.1383 0.0717 0.9393
364.188 0.1364 0.0737 0.9340
364.227 0.1372 0.0736 0.9192
364.264 0.1309 0.0770 0.9585
364.309 0.1251 0.0719 0.9449
364.348 0.1245 0.0718 0.9352
364.388 0.1228 0.0704 0.9334
364.428 0.1226 0.0724 0.9334
364.465 0.1187 0.0727 0.9476
364.509 0.1106 0.0702 0.9755
364.549 0.1015 0.0710 0.9684
364.589 0.0978 0.0721 0.9566
364.629 0.0972 0.0720 0.9562
364.668 0.0982 0.0740 0.9606
364.709 0.0963 0.0758 0.9503
364.749 0.0938 0.0684 0.9509
364.790 0.0944 0.0729 0.9195
364.830 0.0954 0.0693 0.9298
364.869 0.0971 0.0709 0.9628
364.909 0.0927 0.0702 0.9258
364.950 0.0891 0.0693 0.9446
364.991 0.0892 0.0670 0.9519
365.031 0.0881 0.0646 0.9336
365.070 0.0918 0.0682 0.9336
365.108 0.0872 0.0705 0.9404
365.152 0.0821 0.0685 0.9741
365.191 0.0847 0.0687 0.9356
365.232 0.0843 0.0670 0.9196
365.272 0.0862 0.0676 0.9195
365.308 0.0872 0.0722 0.9224
365.353 0.0858 0.0714 0.9274
365.392 0.0878 0.0735 0.9274
365.432 0.0894 0.0715 0.9257
365.472 0.0893 0.0675 0.9023
365.512 0.0958 0.0711 0.9076
365.553 0.0956 0.0776 0.9605
365.593 0.0963 0.0784 0.9605
365.633 0.0957 0.0740 0.9171
365.673 0.0911 0.0726 0.9105
365.712 0.0897 0.0722 0.9132
365.752 0.0822 0.0725 0.9265
365.793 0.0772 0.0742 0.9222
365.833 0.0721 0.0759 0.9160
365.874 0.0682 0.0768 0.9087
365.914 0.0638 0.0734 0.8871
365.952 0.0619 0.0758 0.9461
365.996 0.0605 0.0788 0.9469
366.035 0.0570 0.0776 0.9373
366.075 0.0538 0.0743 0.9477
366.115 0.0566 0.0711 0.8991
366.153 0.0563 0.0735 0.8962
366.196 0.0559 0.0754 0.9609
366.236 0.0582 0.0815 0.9326
366.276 0.0578 0.0770 0.9311
366.316 0.0574 0.0753 0.9183
366.355 0.0565 0.0780 0.8839
366.396 0.0562 0.0750 0.9365
366.436 0.0557 0.0787 0.9072
366.477 0.0474 0.0760 0.9032
366.517 0.0429 0.0805 0.9082
366.556 0.0394 0.0726 0.9115
366.596 0.0361 0.0731 0.8991
366.637 0.0340 0.0757 0.9250
366.677 0.0292 0.0778 0.9345
366.717 0.0277 0.0741 0.9299
366.757 0.0266 0.0741 0.9309
366.794 0.0272 0.0736 0.9319
366.839 0.0318 0.0746 0.9325
366.877 0.0352 0.0788 0.9424
366.918 0.0373 0.0768 0.9281
366.958 0.0411 0.0774 0.9465
366.996 0.0414 0.0733 0.9432
367.040 0.0447 0.0750 0.9016
367.079 0.0489 0.0757 0.9116
367.120 0.0465 0.0759 0.8985
367.159 0.0471 0.0764 0.9085
367.198 0.0455 0.0743 0.9085
367.240 0.0440 0.0739 0.9035
367.280 0.0412 0.0754 0.9105
367.320 0.0359 0.0765 0.9009
367.360 0.0294 0.0779 0.9131
367.399 0.0225 0.0753 0.9183
367.439 0.0180 0.0735 0.9363
367.481 0.0188 0.0740 0.9279
367.521 0.0181 0.0754 0.9279
367.561 0.0105 0.0776 0.9430
367.600 0.0096 0.0780 0.9355
367.638 0.0087 0.0740 0.9430
367.681 0.0071 0.0705 0.9355
367.721 0.0061 0.0721 0.9278
367.762 0.0053 0.0771 0.9265
367.801 0.0055 0.0790 0.9250
367.838 0.0061 0.0757 0.9355
367.881 0.0049 0.0736 0.9355
367.922 0.0047 0.0737 0.9365
367.962 0.0062 0.0748 0.9309
368.002 0.0056 0.0761 0.9355
368.041 0.0064 0.0741 0.9365
368.083 0.0060 0.0722 0.9278
368.124 0.0074 0.0715 0.9075
368.164 0.0068 0.0733 0.9415
368.204 0.0073 0.0745 0.9439
368.243 0.0061 0.0760 0.9430
368.283 0.0066 0.0736 0.9355
368.324 0.0049 0.0729 0.9394
368.364 0.0043 0.0718 0.9354
368.405 0.0047 0.0747 0.9309
368.444 0.0059 0.0773 0.9793
368.481 0.0063 0.0714 0.9183
368.525 0.0069 0.0736 0.9430
368.565 0.0056 0.0717 0.9438
368.605 0.0063 0.0700 0.9394
368.645 0.0044 0.0744 0.9439
368.682 0.0060 0.0731 0.9355
368.726 0.0087 0.0728 0.9365
368.766 0.0118 0.0714 0.9279
368.806 0.0115 0.0738 0.9365
368.846 0.0132 0.0739 0.9365
368.885 0.0165 0.0740 0.9365
368.926 0.0222 0.0740 0.9161
368.966 0.0232 0.0710 0.9775
369.006 0.0235 0.0701 0.9648
369.047 0.0234 0.0716 0.9075
369.085 0.0223 0.0722 0.9515
369.125 0.0258 0.0696 0.8994
369.167 0.0231 0.0705 0.9399
369.207 0.0241 0.0697 0.9285
369.248 0.0238 0.0694 0.9388
369.288 0.0218 0.0721 0.9285
369.325 0.0228 0.0729 0.9388
369.369 0.0243 0.0724 0.9274
369.409 0.0231 0.0722 0.9618
369.449 0.0215 0.0709 0.9522
369.489 0.0197 0.0709 0.9542
369.525 0.0240 0.0735 0.9367
369.570 0.0260 0.0735 0.9618
369.609 0.0239 0.0712 0.9648
369.650 0.0243 0.0716 0.9345
369.689 0.0264 0.0701 0.9649
369.728 0.0260 0.0706 0.9399
369.770 0.0284 0.0727 0.9388
369.810 0.0288 0.0716 0.9388
369.850 0.0276 0.0716 0.9388
369.890 0.0249 0.0724 0.9388
369.929 0.0244 0.0717 0.9239
369.969 0.0256 0.0704 0.9239
370.010 0.0223 0.0720 0.9250
370.051 0.0189 0.0715 0.8989
370.091 0.0180 0.0722 0.9250
370.130 0.0172 0.0704 0.8989
370.168 0.0162 0.0708 0.9419
370.212 0.0130 0.0715 0.9239
370.251 0.0103 0.0704 0.9294
370.292 0.0098 0.0710 0.9359
370.332 0.0086 0.0711 0.8982
370.369 0.0086 0.0709 0.9035
370.413 0.0071 0.0711 0.9056
370.453 0.0060 0.0730 0.9294
370.493 0.0045 0.0721 0.9036
370.533 0.0036 0.0719 0.9056
370.573 0.0030 0.0712 0.9056
370.613 0.0042 0.0722 0.9056
370.654 0.0030 0.0729 0.9056
370.693 0.0037 0.0722 0.9056
370.734 0.0030 0.0722 0.9056
370.773 0.0027 0.0726 0.9056
370.813 0.0020 0.0728 0.9056
370.854 0.0020 0.0719 0.9056
370.894 0.0021 0.0737 0.9056
370.934 0.0045 0.0718 0.9056
370.974 0.0030 0.0729 0.9056
371.011 0.0039 0.0713 0.9056
371.055 0.0032 0.0701 0.9056
371.095 0.0034 0.0719 0.9056
371.135 0.0055 0.0723 0.9056
371.175 0.0059 0.0738 0.9056
371.212 0.0060 0.0729 0.9056
371.256 0.0074 0.0712 0.9056
371.295 0.0114 0.0743 0.9369
371.336 0.0158 0.0743 0.9369
371.375 0.0186 0.0732 0.9369
371.415 0.0256 0.0715 0.9369
371.457 0.0323 0.0753 0.9056
371.497 0.0364 0.0740 0.8958
371.537 0.0445 0.0739 0.9369
371.577 0.0524 0.0763 0.9369
371.616 0.0556 0.0759 0.9359
371.656 0.0571 0.0747 0.9388
371.697 0.0665 0.0736 0.9388
371.738 0.0711 0.0736 0.9152
371.778 0.0726 0.0762 0.9118
371.817 0.0718 0.0746 0.9032
371.854 0.0695 0.0720 0.9437
371.899 0.0708 0.0735 0.9411
371.938 0.0713 0.0740 0.9393
371.978 0.0723 0.0740 0.9393
372.018 0.0711 0.0724 0.8857
372.055 0.0698 0.0730 0.8745
372.099 0.0664 0.0739 0.9076
372.139 0.0696 0.0708 0.8957
372.179 0.0687 0.0737 0.9094
372.219 0.0685 0.0749 0.9353
372.259 0.0638 0.0730 0.9353
372.300 0.0640 0.0717 0.9291
372.339 0.0672 0.0713 0.9091
372.380 0.0677 0.0727 0.9340
372.420 0.0657 0.0759 0.9041
372.459 0.0631 0.0745 0.9041
372.499 0.0607 0.0750 0.9067
372.540 0.0570 0.0719 0.8912
372.581 0.0569 0.0721 0.9101
372.622 0.0581 0.0730 0.9002
372.661 0.0590 0.0759 0.8919
372.698 0.0556 0.0767 0.9057
372.743 0.0552 0.0778 0.9056
372.782 0.0559 0.0759 0.9092
372.822 0.0582 0.0727 0.9112
372.862 0.0606 0.0767 0.9172
372.899 0.0612 0.0790 0.9139
372.943 0.0627 0.0754 0.9139
372.983 0.0671 0.0757 0.8446
373.023 0.0732 0.0729 0.8931
373.063 0.0752 0.0736 0.8968
373.102 0.0747 0.0796 0.9107
373.143 0.0750 0.0782 0.8672
373.183 0.0781 0.0764 0.9059
373.224 0.0813 0.0758 0.9319
373.263 0.0840 0.0765 0.8955
373.303 0.0842 0.0782 0.8839
373.342 0.0806 0.0781 0.8979
373.384 0.0813 0.0786 0.8962
373.424 0.0807 0.0775 0.8592
373.464 0.0787 0.0752 0.8636
373.504 0.0738 0.0777 0.8749
373.541 0.0719 0.0820 0.8759
373.585 0.0724 0.0844 0.8946
373.625 0.0713 0.0814 0.9172
373.665 0.0685 0.0821 0.9036
373.705 0.0679 0.0821 0.9056
373.742 0.0681 0.0821 0.8870
373.787 0.0665 0.0842 0.8859
373.826 0.0662 0.0836 0.9242
373.866 0.0606 0.0806 0.9294
373.906 0.0595 0.0785 0.8829
373.946 0.0585 0.0810 0.8885
373.987 0.0583 0.0826 0.8810
374.027 0.0555 0.0824 0.8839
374.067 0.0549 0.0811 0.8781
374.107 0.0555 0.0791 0.8876
374.146 0.0545 0.0765 0.8953
374.186 0.0554 0.0770 0.9014
374.227 0.0518 0.0813 0.8938
374.268 0.0511 0.0823 0.9025
374.308 0.0496 0.0777 0.8588
374.347 0.0533 0.0752 0.9075
374.385 0.0556 0.0781 0.8938
374.429 0.0597 0.0828 0.8766
374.468 0.0604 0.0821 0.8692
374.508 0.0643 0.0811 0.8756
374.548 0.0654 0.0792 0.8696
374.585 0.0643 0.0788 0.8946
374.629 0.0677 0.0806 0.9341
374.669 0.0669 0.0849 0.9388
374.709 0.0676 0.0824 0.9145
374.749 0.0703 0.0827 0.8966
374.790 0.0770 0.0817 0.8966
374.831 0.0834 0.0831 0.8966
374.870 0.0870 0.0823 0.9397
374.911 0.0890 0.0842 0.9309
374.951 0.0926 0.0833 0.9309
374.990 0.0964 0.0841 0.8872
375.030 0.1018 0.0830 0.9096
375.071 0.1079 0.0862 0.9003
375.111 0.1097 0.0878 0.8849
375.151 0.1132 0.0833 0.8665
375.191 0.1174 0.0879 0.8966
375.228 0.1215 0.0920 0.8922
375.272 0.1252 0.0882 0.9074
375.312 0.1268 0.0923 0.8955
375.352 0.1277 0.0938 0.9123
375.392 0.1327 0.0908 0.8812
375.428 0.1362 0.0949 0.9205
375.472 0.1412 0.0942 0.9238
375.513 0.1468 0.0947 0.9299
375.553 0.1537 0.0921 0.9029
375.592 0.1599 0.0937 0.8815
375.631 0.1661 0.0921 0.8963
375.672 0.1725 0.0914 0.8889
375.713 0.1799 0.0927 0.8589
375.753 0.1826 0.0915 0.8936
375.793 0.1849 0.0963 0.8858
375.832 0.1839 0.0997 0.8910
375.873 0.1872 0.0957 0.9373
375.914 0.1877 0.0951 0.9166
375.955 0.1839 0.0974 0.9138
375.995 0.1829 0.0961 0.8993
376.035 0.1782 0.0959 0.9178
376.072 0.1740 0.0952 0.9178
376.116 0.1731 0.0921 0.8854
376.156 0.1731 0.0921 0.9026
376.195 0.1724 0.0923 0.9236
376.235 0.1710 0.0959 0.8901
376.272 0.1685 0.0924 0.9221
376.315 0.1767 0.0839 0.9273
376.356 0.1776 0.0848 0.9065
376.396 0.1765 0.0900 0.9101
376.436 0.1821 0.0860 0.9240
376.475 0.1823 0.0890 0.9268
376.517 0.1812 0.0897 0.9277
376.557 0.1833 0.0842 0.9162
376.597 0.1810 0.0802 0.9158
376.637 0.1823 0.0896 0.9057
376.676 0.1794 0.0900 0.9131
376.716 0.1788 0.0824 0.8911
376.757 0.1801 0.0817 0.9081
376.797 0.1768 0.0838 0.9064
376.838 0.1757 0.0815 0.9333
376.877 0.1796 0.0840 0.9364
376.915 0.1740 0.0826 0.9508
376.959 0.1709 0.0815 0.9529
376.999 0.1724 0.0786 0.9257
377.039 0.1742 0.0783 0.9317
377.079 0.1767 0.0779 0.9411
377.116 0.1761 0.0798 0.9318
377.159 0.1752 0.0782 0.9486
377.200 0.1761 0.0787 0.9528
377.240 0.1803 0.0804 0.9326
377.280 0.1851 0.0767 0.9216
377.318 0.1855 0.0778 0.9435
377.360 0.1814 0.0804 0.9749
377.400 0.1862 0.0803 0.9532
377.440 0.1912 0.0763 0.9387
377.480 0.1935 0.0748 0.9129
377.520 0.1946 0.0725 0.9368
377.559 0.1945 0.0796 0.9471
377.601 0.1945 0.0740 0.9668
377.641 0.1961 0.0760 0.9683
377.681 0.1994 0.0761 0.9574
377.721 0.1990 0.0750 0.9530
377.758 0.1908 0.0754 0.9403
377.802 0.1898 0.0802 0.9160
377.842 0.1918 0.0790 0.9433
377.882 0.1888 0.0745 0.9639
377.922 0.1855 0.0730 0.9303
377.958 0.1871 0.0760 0.9352
378.001 0.1862 0.0740 0.9782
378.042 0.1852 0.0741 0.9690
378.083 0.1873 0.0733 0.9516
378.123 0.1854 0.0752 0.9438
378.162 0.1813 0.0743 0.9419
378.203 0.1765 0.0737 0.9547
378.244 0.1794 0.0788 0.9158
378.284 0.1764 0.0752 0.9380
378.324 0.1737 0.0757 0.9682
378.363 0.1695 0.0753 0.9118
378.403 0.1623 0.0737 0.9325
378.444 0.1593 0.0772 0.9534
378.485 0.1553 0.0741 0.9568
378.525 0.1529 0.0769 0.9347
378.564 0.1484 0.0788 0.9561
378.601 0.1473 0.0771 0.9142
378.646 0.1425 0.0771 0.9142
378.685 0.1405 0.0807 0.9336
378.725 0.1333 0.0807 0.9216
378.765 0.1322 0.0790 0.9191
378.802 0.1339 0.0780 0.9700
378.846 0.1245 0.0759 0.9491
378.886 0.1284 0.0785 0.9322
378.926 0.1292 0.0835 0.9272
378.966 0.1268 0.0780 0.9272
379.005 0.1241 0.0763 0.9109
379.047 0.1284 0.0796 0.9527
379.086 0.1256 0.0795 0.9379
379.127 0.1269 0.0789 0.9308
379.167 0.1247 0.0846 0.9335
379.207 0.1240 0.0844 0.9126
379.247 0.1280 0.0809 0.9308
379.288 0.1210 0.0839 0.9402
379.328 0.1227 0.0833 0.8735
379.368 0.1235 0.0897 0.9020
379.408 0.1267 0.0885 0.8880
379.462 0.1241 0.0885 0.8880
379.490 0.1249 0.0889 0.8931
379.529 0.1187 0.0859 0.8982
379.569 0.1162 0.0870 0.9012
379.609 0.1123 0.0863 0.8892
379.646 0.1110 0.0854 0.9032
379.690 0.1136 0.0898 0.9029
379.729 0.1137 0.0894 0.8870
379.770 0.1107 0.0910 0.8697
379.809 0.1122 0.0863 0.9146
379.849 0.1141 0.0924 0.9106
379.890 0.1122 0.0897 0.8763
379.930 0.1139 0.0889 0.8818
379.971 0.1118 0.0902 0.8806
380.010 0.1126 0.0868 0.9380
380.049 0.1091 0.0874 0.9358
380.089 0.1097 0.0879 0.8769
380.130 0.1089 0.0889 0.8769
380.171 0.1110 0.0881 0.9381
380.211 0.1124 0.0890 0.9328
380.251 0.1151 0.0929 0.9219
380.289 0.1135 0.0925 0.8756
380.332 0.1150 0.0896 0.8943
380.372 0.1150 0.0888 0.8933
380.412 0.1133 0.0883 0.8892
380.452 0.1159 0.0908 0.8970
380.490 0.1182 0.0936 0.9364
380.534 0.1225 0.0910 0.8986
380.573 0.1233 0.0909 0.9216
380.613 0.1289 0.0910 0.9304
380.653 0.1271 0.0922 0.8859
380.692 0.1265 0.0890 0.9109
380.732 0.1267 0.0899 0.9404
380.773 0.1250 0.0898 0.9543
380.814 0.1242 0.0868 0.9021
380.854 0.1263 0.0879 0.9255
380.893 0.1294 0.0883 0.8902
380.933 0.1308 0.0913 0.9289
380.974 0.1301 0.0893 0.9289
381.014 0.1314 0.0918 0.8885
381.055 0.1372 0.0930 0.8955
381.094 0.1389 0.0900 0.9285
381.131 0.1438 0.0928 0.9291
381.174 0.1477 0.0924 0.9214
381.215 0.1469 0.0929 0.9434
381.255 0.1499 0.0885 0.9125
381.295 0.1534 0.0859 0.9153
381.332 0.1551 0.0863 0.9165
381.375 0.1545 0.0866 0.9251
381.416 0.1550 0.0882 0.9428
381.457 0.1549 0.0868 0.9217
381.496 0.1534 0.0867 0.9138
381.535 0.1521 0.0856 0.9171
381.577 0.1501 0.0924 0.9179
381.617 0.1503 0.0891 0.9693
381.657 0.1484 0.0882 0.9270
381.697 0.1513 0.0859 0.9011
381.737 0.1544 0.0854 0.9250
381.776 0.1631 0.0844 0.9163
381.818 0.1703 0.0859 0.9565
381.858 0.1735 0.0850 0.9603
381.898 0.1746 0.0819 0.9375
381.937 0.1758 0.0834 0.9342
381.975 0.1783 0.0870 0.9363
382.018 0.1862 0.0886 0.9203
382.059 0.1891 0.0910 0.9299
382.099 0.1903 0.0910 0.9381
382.138 0.1924 0.0898 0.9431
382.175 0.1884 0.0875 0.9591
382.220 0.1890 0.0878 0.9483
382.259 0.1855 0.0867 0.9461
382.299 0.1795 0.0836 0.9265
382.339 0.1740 0.0845 0.9265
382.378 0.1716 0.0838 0.9143
382.420 0.1730 0.0819 0.9265
382.460 0.1799 0.0825 0.9464
382.500 0.1801 0.0832 0.9865
382.540 0.1772 0.0863 0.9622
382.580 0.1732 0.0844 0.9429
382.620 0.1707 0.0832 0.9260
382.661 0.1793 0.0831 0.9417
382.701 0.1843 0.0857 0.9439
382.742 0.1851 0.0851 0.9678
382.781 0.1849 0.0845 0.9367
382.818 0.1841 0.0827 0.9259
382.863 0.1823 0.0824 0.9527
382.902 0.1799 0.0840 0.9736
382.942 0.1788 0.0847 0.9693
382.982 0.1729 0.0855 0.9345
383.019 0.1675 0.0831 0.9434
383.063 0.1684 0.0791 0.9478
383.104 0.1716 0.0814 0.9513
383.143 0.1645 0.0824 0.9354
383.183 0.1555 0.0846 0.9364
383.222 0.1509 0.0820 0.9417
383.263 0.1463 0.0827 0.9693
383.303 0.1432 0.0811 0.9667
383.344 0.1458 0.0830 0.9450
383.384 0.1498 0.0848 0.9529
383.424 0.1474 0.0845 0.9434
383.463 0.1459 0.0816 0.9529
383.504 0.1473 0.0817 0.9434
383.544 0.1511 0.0816 0.9423
383.585 0.1491 0.0816 0.9045
383.624 0.1534 0.0817 0.9356
383.662 0.1603 0.0814 0.9552
383.706 0.1665 0.0802 0.9367
383.746 0.1692 0.0807 0.9185
383.786 0.1764 0.0833 0.9318
383.826 0.1771 0.0856 0.9462
383.863 0.1729 0.0855 0.9200
383.906 0.1732 0.0823 0.9076
383.947 0.1693 0.0835 0.9182
383.986 0.1685 0.0871 0.8920
384.026 0.1642 0.0825 0.9189
384.065 0.1600 0.0894 0.9539
384.107 0.1562 0.0848 0.9286
384.147 0.1466 0.0854 0.9275
384.188 0.1389 0.0863 0.9225
384.227 0.1310 0.0853 0.9165
384.267 0.1253 0.0905 0.8756
384.307 0.1188 0.0899 0.9116
384.348 0.1186 0.0888 0.9749
384.388 0.1120 0.0878 0.9220
384.428 0.1143 0.0832 0.8982
384.468 0.1162 0.0842 0.8938
384.505 0.1159 0.0904 0.9109
384.549 0.1157 0.0915 0.9136
384.588 0.1125 0.0881 0.9323
384.629 0.1158 0.0880 0.9044
384.668 0.1148 0.0925 0.9199
384.706 0.1189 0.0917 0.9137
384.749 0.1217 0.0935 0.9029
384.790 0.1261 0.0905 0.9453
384.830 0.1260 0.0899 0.8849
384.870 0.1352 0.0894 0.9449
384.909 0.1383 0.0894 0.9419
384.949 0.1364 0.0902 0.9299
384.990 0.1394 0.0910 0.9163
385.031 0.1407 0.0898 0.9289
385.071 0.1430 0.0888 0.9129
385.110 0.1435 0.0869 0.8993
385.150 0.1456 0.0910 0.9544
385.191 0.1484 0.0908 0.9195
385.232 0.1494 0.0895 0.9447
385.272 0.1532 0.0896 0.9366
385.311 0.1570 0.0887 0.9322
385.348 0.1550 0.0908 0.8788
385.391 0.1511 0.0882 0.8936
385.432 0.1506 0.0885 0.9106
385.472 0.1494 0.0911 0.9559
385.512 0.1512 0.0913 0.8879
385.549 0.1553 0.0904 0.9158
385.592 0.1554 0.0927 0.9182
385.633 0.1591 0.0923 0.9187
385.673 0.1567 0.0938 0.9202
385.713 0.1549 0.0929 0.9196
385.752 0.1524 0.0927 0.9266
385.792 0.1511 0.0912 0.9741
385.833 0.1482 0.0930 0.9621
385.874 0.1461 0.0925 0.9474
385.914 0.1501 0.0939 0.9150
385.954 0.1474 0.0922 0.9212
385.993 0.1441 0.0903 0.9438
386.035 0.1407 0.0911 0.9565
386.075 0.1399 0.0946 0.9248
386.115 0.1349 0.0908 0.9384
386.155 0.1325 0.0917 0.9234
386.192 0.1266 0.0923 0.9101
386.235 0.1227 0.0928 0.9240
386.275 0.1173 0.0953 0.9206
386.316 0.1142 0.0943 0.9416
386.355 0.1133 0.0928 0.9306
386.392 0.1105 0.0909 0.9240
386.435 0.1142 0.0913 0.9590
386.476 0.1186 0.0902 0.9528
386.516 0.1192 0.0975 0.9662
386.556 0.1154 0.0952 0.9548
386.595 0.1119 0.0929 0.9360
386.637 0.1083 0.0905 0.9150
386.677 0.1129 0.0901 0.9400
386.717 0.1212 0.0926 0.9618
386.757 0.1249 0.0954 0.9671
386.796 0.1286 0.0943 0.9583
386.836 0.1315 0.0921 0.9323
386.877 0.1308 0.0914 0.9106
386.918 0.1283 0.0909 0.9671
386.958 0.1270 0.0919 0.9185
386.998 0.1295 0.0923 0.9724
387.036 0.1303 0.0951 0.9664
387.080 0.1389 0.0921 0.9551
387.119 0.1454 0.0911 0.9641
387.159 0.1579 0.0915 0.9517
387.199 0.1622 0.0940 0.9569
387.236 0.1644 0.0919 0.9336
387.280 0.1654 0.0936 0.9570
387.320 0.1667 0.0902 0.9388
387.360 0.1716 0.0871 0.9595
387.400 0.1763 0.0921 0.9458
387.439 0.1784 0.0899 0.9307
387.480 0.1755 0.0885 0.9206
387.520 0.1802 0.0881 0.9520
387.561 0.1803 0.0872 0.9229
387.601 0.1837 0.0886 0.9198
387.640 0.1795 0.0888 0.9080
387.680 0.1762 0.0912 0.9362
387.721 0.1730 0.0871 0.8782
387.761 0.1695 0.0854 0.9159
387.801 0.1672 0.0857 0.9133
387.841 0.1665 0.0891 0.8858
387.878 0.1586 0.0900 0.8858
387.923 0.1557 0.0861 0.9300
387.962 0.1547 0.0878 0.9023
388.002 0.1507 0.0864 0.9388
388.042 0.1538 0.0864 0.8908
388.080 0.1535 0.0872 0.9037
388.124 0.1505 0.0871 0.9333
388.164 0.1468 0.0870 0.9382
388.204 0.1392 0.0871 0.9286
388.244 0.1400 0.0867 0.9154
388.282 0.1432 0.0910 0.9379
388.323 0.1385 0.0958 0.9057
388.364 0.1418 0.0918 0.8963
388.405 0.1452 0.0931 0.9414
388.444 0.1464 0.0900 0.9316
388.484 0.1476 0.0872 0.9325
388.523 0.1452 0.0953 0.9420
388.564 0.1446 0.0951 0.9185
388.605 0.1458 0.0913 0.9165
388.645 0.1440 0.0880 0.9171
388.685 0.1496 0.0925 0.9077
388.722 0.1538 0.0889 0.9082
388.766 0.1520 0.0918 0.9586
388.806 0.1520 0.0883 0.9701
388.846 0.1538 0.0906 0.9610
388.885 0.1534 0.0906 0.9610
388.922 0.1530 0.0896 0.9249
388.967 0.1547 0.0921 0.9333
389.006 0.1581 0.0946 0.9193
389.046 0.1537 0.0956 0.9283
389.086 0.1522 0.0902 0.9599
389.125 0.1550 0.0909 0.9310
389.166 0.1551 0.0954 0.9204
389.207 0.1547 0.0917 0.9470
389.248 0.1536 0.0943 0.9336
389.288 0.1540 0.0908 0.9284
389.327 0.1574 0.0883 0.9432
389.367 0.1612 0.0908 0.9446
389.408 0.1642 0.0909 0.9729
389.449 0.1674 0.0926 0.9129
389.489 0.1673 0.0909 0.9630
389.528 0.1698 0.0908 0.9630
389.565 0.1699 0.0921 0.9145
389.610 0.1677 0.0929 0.9475
389.649 0.1711 0.0941 0.9452
389.689 0.1685 0.0938 0.9452
389.729 0.1650 0.0916 0.9315
389.766 0.1695 0.0915 0.9412
389.810 0.1705 0.0911 0.9436
389.850 0.1695 0.0921 0.9462
389.890 0.1705 0.0919 0.9487
389.930 0.1681 0.0931 0.9412
389.968 0.1673 0.0907 0.9514
390.009 0.1652 0.0882 0.9490
390.050 0.1670 0.0903 0.9292
390.091 0.1692 0.0902 0.9412
390.131 0.1703 0.0910 0.9662
390.170 0.1713 0.0907 0.9380
390.209 0.1715 0.0911 0.9342
390.251 0.1697 0.0887 0.9586
390.291 0.1678 0.0913 0.9612
390.332 0.1631 0.0899 0.9708
390.372 0.1593 0.0905 0.9505
390.409 0.1543 0.0901 0.9455
390.453 0.1487 0.0890 0.9181
390.493 0.1480 0.0891 0.9382
390.533 0.1440 0.0935 0.9700
390.573 0.1420 0.0942 0.9677
390.610 0.1385 0.0922 0.9497
390.653 0.1365 0.0905 0.9350
390.693 0.1420 0.0909 0.9350
390.734 0.1463 0.0938 0.9350
390.773 0.1489 0.0943 0.9620
390.812 0.1510 0.0945 0.9544
390.853 0.1536 0.0923 0.9278
390.894 0.1585 0.0936 0.9528
390.934 0.1652 0.0923 0.9655
390.974 0.1700 0.0925 0.9241
391.013 0.1764 0.0939 0.9414
391.053 0.1802 0.0930 0.9399
391.095 0.1842 0.0911 0.9503
391.135 0.1852 0.0900 0.9338
391.175 0.1844 0.0897 0.9400
391.215 0.1845 0.0913 0.9274
391.252 0.1805 0.0937 0.9199
391.296 0.1820 0.0907 0.8946
391.335 0.1834 0.0943 0.8982
391.375 0.1816 0.0890 0.9038
391.415 0.1817 0.0914 0.9249
391.453 0.1786 0.0943 0.9480
391.496 0.1711 0.0939 0.9282
391.537 0.1687 0.0911 0.9161
391.577 0.1704 0.0906 0.9108
391.617 0.1764 0.0911 0.9030
391.656 0.1794 0.0931 0.9395
391.697 0.1759 0.0922 0.9444
391.737 0.1778 0.0901 0.9420
391.778 0.1799 0.0898 0.9260
391.817 0.1845 0.0897 0.9311
391.857 0.1937 0.0919 0.9586
391.897 0.1955 0.0922 0.9233
391.938 0.2006 0.0938 0.9013
391.978 0.2070 0.0923 0.9184
392.018 0.2134 0.0906 0.8987
392.058 0.2152 0.0908 0.9262
392.095 0.2097 0.0915 0.9453
392.138 0.2075 0.0924 0.9229
392.179 0.2042 0.0922 0.9109
392.219 0.2011 0.0910 0.9472
392.259 0.2004 0.0906 0.9052
392.296 0.1933 0.0905 0.9396
392.340 0.1850 0.0934 0.9155
392.379 0.1782 0.0891 0.9430
392.420 0.1735 0.0885 0.8938
392.460 0.1684 0.0860 0.8963
392.499 0.1623 0.0878 0.9296
392.540 0.1597 0.0894 0.9716
392.581 0.1571 0.0898 0.9343
392.622 0.1524 0.0876 0.9347
392.662 0.1543 0.0859 0.9459
392.700 0.1589 0.0848 0.9282
392.740 0.1627 0.0855 0.9303
392.782 0.1751 0.0904 0.9562
392.822 0.1774 0.0881 0.9585
392.862 0.1829 0.0881 0.9325
392.902 0.1864 0.0888 0.9128
392.939 0.1901 0.0874 0.9681
392.982 0.1963 0.0954 0.9392
393.023 0.1967 0.0889 0.9294
393.063 0.1971 0.0886 0.9489
393.102 0.1966 0.0868 0.9235
393.139 0.1988 0.0886 0.9442
393.183 0.2039 0.0889 0.9659
393.223 0.2077 0.0854 0.9523
393.263 0.1995 0.0892 0.9685
393.303 0.1941 0.0863 0.9658
393.342 0.1915 0.0834 0.9461
393.384 0.1868 0.0813 0.9592
393.424 0.1835 0.0827 0.9520
393.464 0.1813 0.0848 0.9657
393.504 0.1815 0.0872 0.9381
393.543 0.1835 0.0851 0.9173
393.583 0.1845 0.0825 0.9432
393.624 0.1838 0.0802 0.9180
393.665 0.1784 0.0816 0.9449
393.706 0.1681 0.0896 0.9805
393.745 0.1679 0.0858 0.9522
393.782 0.1653 0.0849 0.9249
393.826 0.1606 0.0840 0.9712
393.866 0.1605 0.0861 0.9299
393.906 0.1591 0.0863 0.9312
393.946 0.1557 0.0914 0.9620
393.983 0.1499 0.0882 0.9230
394.026 0.1393 0.0892 0.8976
394.067 0.1384 0.0894 0.9025
394.107 0.1395 0.0910 0.9353
394.147 0.1366 0.0925 0.9337
394.215 0.1380 0.0909 0.9259
394.267 0.1400 0.0904 0.9157
394.307 0.1446 0.0867 0.9075
394.348 0.1455 0.0913 0.9145
394.388 0.1445 0.0917 0.9529
394.427 0.1463 0.0890 0.9613
394.467 0.1465 0.0876 0.9337
394.508 0.1508 0.0867 0.9337
394.548 0.1557 0.0855 0.9423
394.588 0.1530 0.0891 0.9269
394.628 0.1535 0.0882 0.9519
394.666 0.1536 0.0865 0.9649
394.709 0.1524 0.0849 0.9596
394.749 0.1495 0.0876 0.9435
394.790 0.1503 0.0909 0.9359
394.830 0.1482 0.0892 0.9563
394.867 0.1495 0.0886 0.9355
394.911 0.1456 0.0890 0.9293
394.951 0.1414 0.0862 0.9328
394.991 0.1477 0.0882 0.9175
395.030 0.1497 0.0849 0.9580
395.071 0.1507 0.0857 0.9382
395.111 0.1509 0.0852 0.9540
395.151 0.1497 0.0849 0.9529
395.191 0.1535 0.0854 0.9020
395.231 0.1563 0.0858 0.9419
395.271 0.1530 0.0885 0.9499
395.310 0.1479 0.0877 0.9423
395.352 0.1458 0.0852 0.9367
395.396 0.1439 0.0852 0.9435
395.432 0.1486 0.0847 0.9455
395.472 0.1472 0.0842 0.9348
395.509 0.1414 0.0862 0.9024
395.554 0.1362 0.0830 0.9218
395.593 0.1366 0.0819 0.9132
395.633 0.1344 0.0852 0.9045
395.673 0.1264 0.0852 0.9068
395.709 0.1247 0.0870 0.9022
395.753 0.1195 0.0870 0.9065
395.793 0.1207 0.0843 0.9200
395.833 0.1219 0.0803 0.8959
395.874 0.1241 0.0829 0.9218
395.914 0.1247 0.0847 0.9484
395.955 0.1231 0.0886 0.8925
395.995 0.1224 0.0875 0.8915
396.035 0.1217 0.0864 0.9029
396.075 0.1208 0.0821 0.9339
396.114 0.1228 0.0832 0.9422
396.154 0.1239 0.0926 0.9072
396.195 0.1234 0.0909 0.8969
396.236 0.1237 0.0915 0.8895
396.276 0.1250 0.0895 0.8895
396.315 0.1253 0.0899 0.9009
396.352 0.1243 0.0907 0.9001
396.397 0.1233 0.0952 0.9060
396.436 0.1266 0.0933 0.9011
396.477 0.1297 0.0903 0.9138
396.516 0.1398 0.0911 0.9141
396.553 0.1436 0.0903 0.9087
396.597 0.1420 0.0956 0.9416
396.637 0.1487 0.0955 0.9173
396.677 0.1543 0.1012 0.8654
396.717 0.1601 0.0914 0.8610
396.756 0.1615 0.0962 0.8925
396.796 0.1641 0.0926 0.8895
396.837 0.1671 0.0926 0.8999
396.878 0.1689 0.0927 0.9215
396.918 0.1635 0.0914 0.8877
396.957 0.1620 0.0901 0.8810
396.998 0.1510 0.0894 0.9080
397.039 0.1442 0.0916 0.9229
397.079 0.1430 0.0971 0.9439
397.120 0.1398 0.0884 0.9002
397.159 0.1379 0.0894 0.8976
397.196 0.1313 0.0869 0.9184
397.239 0.1279 0.0853 0.9192
397.280 0.1273 0.0889 0.9291
397.320 0.1270 0.0889 0.9165
397.360 0.1297 0.0897 0.9132
397.397 0.1322 0.0823 0.9098
397.440 0.1330 0.0806 0.9428
397.481 0.1401 0.0825 0.9403
397.521 0.1465 0.0841 0.9337
397.560 0.1514 0.0843 0.9572
397.599 0.1577 0.0821 0.9361
397.640 0.1635 0.0818 0.9391
397.681 0.1740 0.0818 0.9433
397.721 0.1831 0.0825 0.9198
397.761 0.1884 0.0854 0.9444
397.800 0.1866 0.0869 0.9067
397.840 0.1833 0.0843 0.9079
397.884 0.1840 0.0807 0.9540
397.922 0.1906 0.0805 0.9495
397.962 0.1916 0.0849 0.9348
398.001 0.1893 0.0825 0.9585
398.040 0.1807 0.0807 0.9796
398.083 0.1617 0.0812 0.9338
398.124 0.1346 0.0826 0.9051
398.163 0.1084 0.0840 0.9352
398.203 0.0884 0.0839 0.9704
398.240 0.0730 0.0824 0.9732
398.283 0.0588 0.0828 0.9528
398.324 0.0528 0.0843 0.9788
398.364 0.0457 0.0834 0.9572
398.404 0.0371 0.0882 0.9572
398.443 0.0284 0.0872 0.9572
398.485 0.0230 0.0807 0.9310
398.525 0.0231 0.0818 0.9572
398.565 0.0347 0.0801 0.9579
398.605 0.0554 0.0860 0.9808
398.644 0.0711 0.0875 0.9583
398.684 0.0779 0.0844 0.9528
398.725 0.0821 0.0847 0.9436
398.765 0.0918 0.0839 0.9311
398.806 0.0982 0.0848 0.9406
398.845 0.1030 0.0876 0.9389
398.882 0.1044 0.0881 0.9215
398.927 0.1017 0.0883 0.9036
398.966 0.0991 0.0854 0.9393
399.006 0.0973 0.0858 0.9232
399.046 0.1022 0.0913 0.9329
399.083 0.1002 0.0916 0.9157
399.126 0.0970 0.0907 0.9522
399.167 0.0973 0.0885 0.9150
399.207 0.1023 0.0873 0.9173
399.248 0.1069 0.0891 0.9366
399.286 0.1051 0.0955 0.9432
399.328 0.1027 0.0918 0.9521
399.368 0.1042 0.0898 0.9257
399.408 0.1083 0.0880 0.9247
399.448 0.1130 0.0919 0.8845
399.487 0.1181 0.0921 0.9011
399.527 0.1174 0.0939 0.9011
399.569 0.1179 0.0923 0.9149
399.609 0.1165 0.0880 0.9309
399.649 0.1225 0.0890 0.9360
399.689 0.1303 0.0902 0.9006
399.726 0.1362 0.0912 0.9122
399.769 0.1392 0.0925 0.9122
399.810 0.1458 0.0894 0.9087
399.850 0.1504 0.0906 0.8954
399.890 0.1528 0.0883 0.8998
399.926 0.1541 0.0942 0.8955
399.971 0.1548 0.0909 0.8947
400.010 0.1578 0.0942 0.8988
400.050 0.1584 0.0889 0.8795
400.090 0.1626 0.0878 0.9084
400.129 0.1627 0.0866 0.9084
400.170 0.1609 0.0883 0.8870
400.211 0.1563 0.0908 0.9084
400.251 0.1554 0.0912 0.9161
400.291 0.1559 0.0881 0.8930
400.331 0.1555 0.0881 0.8930
400.371 0.1548 0.0870 0.9192
400.412 0.1569 0.0886 0.9264
400.453 0.1565 0.0893 0.9385
400.493 0.1539 0.0895 0.9433
400.532 0.1516 0.0865 0.9693
400.569 0.1492 0.0880 0.9209
400.613 0.1479 0.0904 0.9358
400.653 0.1457 0.0914 0.9515
400.694 0.1406 0.0917 0.9638
400.733 0.1402 0.0927 0.9421
400.770 0.1377 0.0868 0.9227
400.813 0.1351 0.0890 0.9236
400.854 0.1293 0.0928 0.9092
400.894 0.1279 0.0927 0.9128
400.934 0.1258 0.0911 0.9338
400.973 0.1244 0.0930 0.9192
401.014 0.1235 0.0936 0.9192
401.054 0.1260 0.0936 0.9426
401.094 0.1275 0.0919 0.9302
401.135 0.1295 0.0913 0.9362
401.174 0.1308 0.0911 0.9753
401.214 0.1295 0.0863 0.9045
401.255 0.1306 0.0863 0.9623
401.295 0.1307 0.0895 0.9857
401.335 0.1352 0.0881 0.9559
401.375 0.1376 0.0888 0.9424
401.413 0.1414 0.0863 0.9625
401.457 0.1398 0.0851 0.9589
401.497 0.1408 0.0863 0.9453
401.537 0.1426 0.0878 0.9723
401.576 0.1403 0.0864 0.9681
401.613 0.1361 0.0873 0.9391
401.657 0.1412 0.0840 0.9512
401.698 0.1450 0.0857 0.9548
401.738 0.1482 0.0861 0.9700
401.777 0.1489 0.0872 0.9661
401.816 0.1516 0.0842 0.9415
401.858 0.1533 0.0835 0.9145
401.898 0.1563 0.0843 0.9132
401.938 0.1606 0.0845 0.9495
401.978 0.1746 0.0846 0.9174
402.017 0.1749 0.0836 0.9251
402.057 0.1774 0.0836 0.9276
402.098 0.1832 0.0816 0.9369
402.139 0.1845 0.0808 0.9407
402.181 0.1849 0.0837 0.9219
402.219 0.1821 0.0850 0.9532
402.256 0.1817 0.0846 0.9415
402.299 0.1807 0.0818 0.9387
402.340 0.1815 0.0809 0.9072
402.380 0.1819 0.0840 0.9068
402.419 0.1789 0.0841 0.9338
402.457 0.1701 0.0852 0.9530
402.501 0.1670 0.0850 0.9315
402.540 0.1651 0.0850 0.9184
402.581 0.1636 0.0831 0.9164
402.621 0.1637 0.0850 0.9185
402.660 0.1608 0.0867 0.9238
402.701 0.1588 0.0888 0.9178
402.742 0.1584 0.0865 0.9007
402.782 0.1565 0.0866 0.9355
402.822 0.1579 0.0867 0.9180
402.861 0.1554 0.0883 0.9225
402.901 0.1522 0.0930 0.9161
402.942 0.1552 0.0863 0.9580
402.983 0.1561 0.0860 0.9485
403.023 0.1544 0.0895 0.9346
403.062 0.1561 0.0866 0.9509
403.099 0.1548 0.0899 0.9163
403.143 0.1546 0.0904 0.9159
403.183 0.1568 0.0891 0.9475
403.223 0.1554 0.0862 0.9410
403.263 0.1524 0.0871 0.8991
403.300 0.1514 0.0893 0.9358
403.343 0.1445 0.0892 0.9045
403.384 0.1439 0.0882 0.9117
403.424 0.1405 0.0852 0.9020
403.464 0.1309 0.0852 0.9183
403.503 0.1277 0.0864 0.9301
403.543 0.1210 0.0874 0.9381
403.584 0.1147 0.0869 0.9334
403.625 0.1030 0.0875 0.9005
403.665 0.0950 0.0855 0.9013
403.705 0.0872 0.0856 0.8957
403.745 0.0851 0.0857 0.9089
403.786 0.0773 0.0877 0.9105
403.826 0.0677 0.0864 0.8847
403.866 0.0612 0.0859 0.8847
403.906 0.0536 0.0845 0.8935
403.943 0.0495 0.0880 0.8642
403.986 0.0470 0.0885 0.8458
404.027 0.0436 0.0887 0.8556
404.067 0.0400 0.0870 0.8699
404.107 0.0427 0.0883 0.8539
404.144 0.0412 0.0869 0.8550
404.188 0.0429 0.0869 0.8726
404.227 0.0420 0.0883 0.8967
404.268 0.0416 0.0912 0.9002
404.308 0.0425 0.0882 0.8783
404.346 0.0452 0.0893 0.8793
404.388 0.0482 0.0858 0.8854
404.428 0.0495 0.0909 0.8509
404.468 0.0514 0.0918 0.8499
404.508 0.0506 0.0914 0.8499
404.547 0.0521 0.0893 0.8633
404.587 0.0526 0.0894 0.8640
404.628 0.0546 0.0910 0.8849
404.669 0.0555 0.0905 0.8935
404.709 0.0509 0.0909 0.8763
404.749 0.0455 0.0892 0.8893
404.787 0.0435 0.0886 0.8509
404.831 0.0407 0.0894 0.9002
404.870 0.0349 0.0911 0.8975
404.911 0.0323 0.0927 0.8673
404.952 0.0267 0.0905 0.8463
404.987 0.0243 0.0905 0.8443
405.030 0.0224 0.0919 0.8593
405.071 0.0183 0.0914 0.9113
405.111 0.0153 0.0923 0.9015
405.151 0.0093 0.0928 0.8888
405.190 0.0112 0.0906 0.8725
405.232 0.0096 0.0914 0.8289
405.271 0.0119 0.0919 0.8725
405.312 0.0132 0.0901 0.8888
405.352 0.0123 0.0939 0.8725
405.391 0.0143 0.0924 0.8975
405.430 0.0139 0.0901 0.8888
405.472 0.0156 0.0915 0.8638
405.512 0.0175 0.0914 0.8725
405.552 0.0206 0.0913 0.8725
405.592 0.0211 0.0949 0.8675
405.629 0.0246 0.0915 0.8725
405.672 0.0319 0.0914 0.8725
405.713 0.0376 0.0914 0.8675
405.753 0.0419 0.0914 0.8725
405.793 0.0448 0.0967 0.8532
405.831 0.0487 0.0955 0.8532
405.874 0.0539 0.0908 0.8662
405.915 0.0575 0.0923 0.8662
405.955 0.0619 0.0912 0.8632
405.995 0.0651 0.0914 0.8958
406.033 0.0679 0.0953 0.8850
406.075 0.0661 0.0918 0.8815
406.115 0.0701 0.0920 0.8696
406.155 0.0695 0.0908 0.8915
406.195 0.0677 0.0936 0.8955
406.235 0.0661 0.0943 0.8985
406.274 0.0659 0.0934 0.9028
406.316 0.0648 0.0904 0.8725
406.356 0.0632 0.0883 0.9009
406.396 0.0655 0.0901 0.8893
406.436 0.0671 0.0923 0.8905
406.473 0.0654 0.0922 0.8859
406.517 0.0639 0.0907 0.8816
406.557 0.0686 0.0887 0.8816
406.597 0.0676 0.0913 0.9032
406.636 0.0673 0.0931 0.8898
406.673 0.0652 0.0914 0.8968
406.725 0.0658 0.0924 0.9218
406.757 0.0688 0.0912 0.8968
406.797 0.0710 0.0876 0.8986
406.837 0.0751 0.0918 0.8698
406.876 0.0757 0.0918 0.8675
406.918 0.0740 0.0931 0.8936
406.958 0.0776 0.0942 0.9002
406.999 0.0832 0.0889 0.9284
407.039 0.0839 0.0873 0.9374
407.078 0.0904 0.0898 0.9374
407.118 0.0938 0.0954 0.8909
407.159 0.1029 0.0908 0.9242
407.199 0.1120 0.0905 0.9289
407.239 0.1113 0.0910 0.9146
407.279 0.1115 0.0922 0.8974
407.316 0.1096 0.0888 0.8905
407.361 0.1093 0.0902 0.9412
407.400 0.1093 0.0926 0.9142
407.440 0.1063 0.0896 0.9279
407.480 0.1025 0.0866 0.9319
407.517 0.1016 0.0888 0.9172
407.561 0.0960 0.0869 0.9257
407.601 0.0956 0.0902 0.9025
407.641 0.0940 0.0877 0.9319
407.680 0.0902 0.0861 0.9311
407.719 0.0894 0.0848 0.9247
407.760 0.0955 0.0862 0.9432
407.801 0.1016 0.0881 0.9312
407.841 0.1047 0.0893 0.9321
407.881 0.1066 0.0874 0.9244
407.921 0.1124 0.0866 0.9224
407.961 0.1162 0.0908 0.9012
408.002 0.1207 0.0902 0.9250
408.042 0.1213 0.0904 0.9404
408.082 0.1262 0.0911 0.9065
408.123 0.1283 0.0936 0.8955
408.160 0.1284 0.0865 0.9055
408.203 0.1345 0.0893 0.9165
408.243 0.1359 0.0900 0.9054
408.284 0.1390 0.0943 0.9105
408.323 0.1413 0.0906 0.9116
408.360 0.1445 0.0884 0.8985
408.405 0.1485 0.0895 0.9005
408.444 0.1536 0.0896 0.9213
408.485 0.1517 0.0933 0.9242
408.524 0.1536 0.0881 0.9291
408.563 0.1552 0.0859 0.9187
408.604 0.1567 0.0854 0.9127
408.645 0.1587 0.0854 0.9200
408.685 0.1630 0.0863 0.9608
408.725 0.1645 0.0870 0.9331
408.764 0.1616 0.0871 0.9559
408.804 0.1565 0.0857 0.9297
408.845 0.1548 0.0870 0.9546
408.886 0.1541 0.0916 0.9449
408.926 0.1462 0.0897 0.9247
408.965 0.1460 0.0869 0.9221
409.002 0.1399 0.0867 0.9643
409.046 0.1395 0.0841 0.9705
409.086 0.1356 0.0863 0.9545
409.126 0.1329 0.0876 0.9425
409.166 0.1228 0.0868 0.9725
409.204 0.1155 0.0874 0.9447
409.247 0.1107 0.0865 0.9619
409.288 0.1128 0.0855 0.9248
409.328 0.1126 0.0887 0.8987
409.368 0.1085 0.0896 0.9011
409.406 0.1104 0.0888 0.9259
409.447 0.1041 0.0888 0.9429
409.488 0.1126 0.0890 0.9429
409.529 0.1190 0.0884 0.9583
409.569 0.1174 0.0910 0.9239
409.608 0.1142 0.0918 0.9626
409.647 0.1156 0.0896 0.9265
409.689 0.1177 0.0904 0.9082
409.729 0.1242 0.0894 0.8966
409.769 0.1270 0.0889 0.9175
409.809 0.1313 0.0931 0.9029
409.846 0.1319 0.0939 0.9442
409.889 0.1364 0.0924 0.9020
409.930 0.1432 0.0896 0.8873
409.970 0.1477 0.0852 0.9367
410.010 0.1471 0.0877 0.9292
410.047 0.1488 0.0889 0.9222
410.091 0.1564 0.0886 0.9085
410.131 0.1634 0.0881 0.9093
410.171 0.1722 0.0880 0.9174
410.210 0.1785 0.0869 0.9334
410.249 0.1775 0.0887 0.8909
410.291 0.1741 0.0867 0.9097
410.332 0.1766 0.0872 0.8970
410.372 0.1761 0.0846 0.9044
410.412 0.1769 0.0854 0.8977
410.452 0.1783 0.0872 0.9081
410.491 0.1770 0.0872 0.9000
410.532 0.1756 0.0867 0.9205
410.573 0.1746 0.0858 0.9138
410.613 0.1728 0.0857 0.8679
410.652 0.1697 0.0867 0.8457
410.690 0.1639 0.0882 0.8725
410.733 0.1580 0.0889 0.8923
410.773 0.1565 0.0878 0.8553
410.814 0.1546 0.0862 0.9198
410.853 0.1588 0.0856 0.9132
410.890 0.1605 0.0862 0.9496
410.933 0.1551 0.0870 0.9331
410.974 0.1509 0.0884 0.9061
411.014 0.1484 0.0879 0.9124
411.054 0.1502 0.0875 0.8931
411.093 0.1496 0.0891 0.9562
411.134 0.1502 0.0902 0.9135
411.175 0.1447 0.0890 0.9555
411.215 0.1441 0.0880 0.8902
411.255 0.1467 0.0834 0.8818
411.294 0.1508 0.0848 0.9182
411.334 0.1489 0.0893 0.9259
411.375 0.1461 0.0906 0.9309
411.416 0.1463 0.0957 0.8997
411.457 0.1479 0.0906 0.9092
411.496 0.1482 0.0862 0.9311
411.533 0.1447 0.0870 0.9345
411.578 0.1498 0.0878 0.9271
411.617 0.1505 0.0883 0.9298
411.657 0.1565 0.0872 0.9555
411.697 0.1594 0.0867 0.9295
411.734 0.1626 0.0863 0.9182
411.777 0.1632 0.0870 0.9379
411.818 0.1649 0.0892 0.9576
411.858 0.1656 0.0892 0.9197
411.898 0.1716 0.0876 0.9041
411.936 0.1773 0.0886 0.9267
411.977 0.1816 0.0907 0.9238
412.018 0.1938 0.0896 0.9272
412.059 0.1950 0.0879 0.9171
412.098 0.1995 0.0881 0.9246
412.138 0.2023 0.0888 0.8929
412.177 0.2075 0.0868 0.8868
412.219 0.2078 0.0888 0.9334
412.259 0.2073 0.0890 0.9144
412.299 0.2053 0.0892 0.9376
412.339 0.2043 0.0909 0.9132
412.376 0.2033 0.0887 0.9321
412.420 0.2002 0.0887 0.9632
412.460 0.2026 0.0898 0.9586
412.500 0.1956 0.0894 0.9356
412.540 0.1933 0.0911 0.9525
412.577 0.1952 0.0920 0.9484
412.622 0.1935 0.0891 0.9196
412.661 0.1834 0.0908 0.9420
412.701 0.1749 0.0915 0.9146
412.741 0.1665 0.0905 0.9598
412.780 0.1624 0.0905 0.9278
412.822 0.1588 0.0889 0.9627
412.862 0.1537 0.0895 0.9259
412.902 0.1514 0.0916 0.9781
412.942 0.1425 0.0936 0.9769
412.981 0.1410 0.0904 0.9063
413.021 0.1380 0.0887 0.9185
413.062 0.1337 0.0896 0.9247
413.103 0.1268 0.0874 0.9283
413.143 0.1295 0.0943 0.9432
413.183 0.1332 0.0923 0.9254
413.220 0.1371 0.0916 0.9553
413.264 0.1391 0.0896 0.9553
413.303 0.1369 0.0891 0.9301
413.343 0.1396 0.0952 0.9391
413.383 0.1376 0.0954 0.9138
413.420 0.1392 0.0954 0.9229
413.465 0.1394 0.0940 0.9257
413.504 0.1439 0.0897 0.9252
413.544 0.1428 0.0935 0.9218
413.584 0.1416 0.0942 0.9053
413.624 0.1409 0.0947 0.9138
413.665 0.1389 0.0927 0.9149
413.706 0.1398 0.0926 0.8890
413.746 0.1399 0.0921 0.9326
413.785 0.1444 0.0931 0.8936
413.825 0.1465 0.0934 0.9186
413.865 0.1473 0.0929 0.9088
413.906 0.1474 0.0919 0.9167
413.947 0.1475 0.0917 0.9301
413.987 0.1465 0.0928 0.9301
414.026 0.1425 0.0955 0.9048
414.063 0.1423 0.0949 0.9301
414.106 0.1427 0.0952 0.9079
414.147 0.1431 0.0936 0.9595
414.187 0.1462 0.0920 0.9146
414.227 0.1497 0.0930 0.9146
414.264 0.1530 0.0952 0.9491
414.307 0.1523 0.0961 0.8872
414.347 0.1567 0.0934 0.9241
414.388 0.1597 0.0932 0.9242
414.427 0.1632 0.0933 0.9282
414.466 0.1632 0.0949 0.9217
414.508 0.1657 0.0969 0.8968
414.548 0.1651 0.0948 0.9199
414.588 0.1639 0.0931 0.9407
414.628 0.1634 0.0910 0.9233
414.668 0.1653 0.0917 0.8903
414.707 0.1643 0.0933 0.9075
414.749 0.1621 0.0923 0.9169
414.790 0.1603 0.0919 0.9343
414.830 0.1584 0.0867 0.9183
414.870 0.1585 0.0896 0.9376
414.907 0.1553 0.0923 0.9291
414.951 0.1570 0.0939 0.9348
414.991 0.1563 0.0926 0.9249
415.031 0.1579 0.0887 0.9285
415.070 0.1608 0.0880 0.9513
415.107 0.1669 0.0905 0.9457
415.150 0.1669 0.0929 0.9285
415.191 0.1659 0.0927 0.9219
415.231 0.1597 0.0920 0.9609
415.271 0.1639 0.0910 0.9799
415.310 0.1737 0.0902 0.9558
415.352 0.1771 0.0903 0.9391
415.392 0.1814 0.0940 0.9475
415.432 0.1846 0.0932 0.8966
415.472 0.1875 0.0902 0.9303
415.511 0.1910 0.0918 0.9261
415.551 0.1900 0.0916 0.9228
415.592 0.1896 0.0934 0.9118
415.633 0.1900 0.0920 0.9245
415.673 0.1891 0.0898 0.9474
415.712 0.1959 0.0874 0.9424
415.749 0.1992 0.0890 0.9184
415.794 0.1954 0.0886 0.9546
415.833 0.1892 0.0872 0.9270
415.874 0.1896 0.0875 0.9324
415.914 0.1850 0.0856 0.9568
415.951 0.1874 0.0842 0.9524
415.994 0.1882 0.0831 0.9024
416.035 0.1899 0.0846 0.9015
416.075 0.1909 0.0851 0.9597
416.115 0.1863 0.0832 0.9356
416.154 0.1867 0.0831 0.9369
416.194 0.1849 0.0824 0.9605
416.235 0.1856 0.0836 0.9435
416.276 0.1800 0.0890 0.9291
416.315 0.1774 0.0873 0.9561
416.355 0.1720 0.0875 0.9518
416.395 0.1684 0.0881 0.9650
416.436 0.1634 0.0891 0.9584
416.476 0.1592 0.0911 0.9705
416.516 0.1609 0.0925 0.9519
416.556 0.1557 0.0891 0.9800
416.593 0.1551 0.0875 0.9616
416.636 0.1560 0.0870 0.9358
416.677 0.1606 0.0875 0.9162
416.717 0.1621 0.0907 0.9580
416.757 0.1628 0.0888 0.9303
416.793 0.1660 0.0857 0.9519
416.837 0.1706 0.0843 0.9412
416.877 0.1746 0.0834 0.9572
416.918 0.1789 0.0856 0.9344
416.957 0.1822 0.0901 0.9474
416.997 0.1817 0.0823 0.9624
417.038 0.1851 0.0836 0.9354
417.079 0.1898 0.0815 0.9398
417.119 0.1910 0.0841 0.9628
417.159 0.1866 0.0869 0.9215
417.198 0.1800 0.0838 0.9103
417.238 0.1783 0.0822 0.9547
417.279 0.1756 0.0805 0.9390
417.320 0.1733 0.0797 0.9426
417.360 0.1731 0.0805 0.9735
417.399 0.1709 0.0826 0.9352
417.437 0.1660 0.0845 0.9096
417.481 0.1603 0.0806 0.9472
417.520 0.1536 0.0759 0.9312
417.561 0.1507 0.0820 0.9368
417.600 0.1474 0.0840 0.9328
417.637 0.1459 0.0834 0.9245
417.681 0.1458 0.0830 0.9195
417.721 0.1467 0.0804 0.9367
417.761 0.1458 0.0832 0.9008
417.801 0.1448 0.0811 0.9031
417.840 0.1402 0.0855 0.9316
417.882 0.1364 0.0845 0.9045
417.922 0.1363 0.0860 0.9156
417.962 0.1342 0.0857 0.9525
418.002 0.1326 0.0872 0.9052
418.041 0.1297 0.0910 0.9389
418.082 0.1230 0.0947 0.9291
418.123 0.1218 0.0908 0.9247
418.164 0.1220 0.0888 0.9215
418.204 0.1198 0.0984 0.8776
418.243 0.1243 0.0962 0.8776
418.280 0.1246 0.0984 0.8930
418.325 0.1296 0.0964 0.9083
418.364 0.1359 0.0954 0.8842
418.410 0.1340 0.0922 0.8806
418.444 0.1351 0.0954 0.9582
418.481 0.1390 0.1039 0.9052
418.524 0.1395 0.0955 0.9656
418.565 0.1467 0.0927 0.9496
418.605 0.1470 0.0977 0.9034
418.645 0.1461 0.0988 0.9316
418.684 0.1451 0.0993 0.9309
418.724 0.1359 0.0961 0.9423
418.766 0.1324 0.0949 0.9615
418.806 0.1306 0.0952 0.9289
418.846 0.1267 0.1001 0.9146
418.885 0.1257 0.0975 0.9119
418.925 0.1234 0.0955 0.8751
418.966 0.1222 0.0976 0.9369
419.006 0.1207 0.0951 0.8944
419.046 0.1171 0.1003 0.9279
419.086 0.1196 0.0961 0.9223
419.124 0.1226 0.0978 0.9021
419.167 0.1217 0.0971 0.9491
419.207 0.1261 0.0976 0.8985
419.248 0.1342 0.0995 0.9373
419.288 0.1348 0.0978 0.8966
419.324 0.1347 0.0932 0.8890
419.367 0.1374 0.0952 0.9291
419.408 0.1395 0.0956 0.8939
419.449 0.1406 0.0958 0.8939
419.488 0.1445 0.0929 0.9355
419.527 0.1480 0.0906 0.9084
419.568 0.1513 0.0906 0.9126
419.609 0.1517 0.0949 0.9126
419.649 0.1540 0.0917 0.9164
419.689 0.1561 0.0914 0.8903
419.728 0.1514 0.0895 0.8872
419.768 0.1429 0.0903 0.9377
419.809 0.1374 0.0925 0.9274
419.850 0.1304 0.0928 0.9111
419.890 0.1290 0.0922 0.9198
419.929 0.1286 0.0909 0.9320
419.967 0.1245 0.0922 0.9228
420.011 0.1223 0.0927 0.8928
420.051 0.1160 0.0928 0.9100
420.091 0.1113 0.0924 0.9230
420.130 0.1044 0.0916 0.9107
420.167 0.1019 0.0937 0.9185
420.210 0.1012 0.0919 0.8915
420.251 0.1090 0.0954 0.9414
420.291 0.1102 0.0966 0.9139
420.332 0.1134 0.0964 0.8793
420.371 0.1121 0.0938 0.8969
420.413 0.1063 0.0938 0.8819
420.453 NaN 0.0953 0.9183
420.493 NaN 0.0976 0.9379
420.533 NaN 0.0970 0.9239
420.572 NaN 0.0981 0.9229
420.612 NaN 0.0945 0.9125
420.653 NaN 0.0970 0.8951
420.693 NaN 0.0985 0.9089
420.734 NaN 0.0976 0.9468
