4.388 NaN 0.1045 0.8852
4.425 NaN 0.1066 0.8850
4.468 NaN 0.0967 0.9141
4.509 NaN 0.0975 0.8621
4.550 NaN 0.0964 0.8936
4.589 NaN 0.1035 0.8965
4.628 NaN 0.1011 0.8530
4.670 0.2040 0.0957 0.8953
4.710 0.2061 0.0975 0.8986
4.750 0.2064 0.0963 0.8997
4.790 0.2096 0.0967 0.9107
4.830 0.2109 0.0969 0.8899
4.870 0.2153 0.0977 0.9095
4.911 0.2153 0.1005 0.9272
4.952 0.2152 0.1017 0.8781
4.992 0.2187 0.1005 0.9053
5.031 0.2177 0.1013 0.8707
5.069 0.2145 0.1065 0.9331
5.113 0.2143 0.1115 0.9218
5.152 0.2137 0.1036 0.8956
5.192 0.2143 0.1015 0.8868
5.232 0.2178 0.1026 0.9187
5.269 0.2162 0.1031 0.8911
5.314 0.2172 0.1091 0.8818
5.353 0.2191 0.1027 0.9279
5.393 0.2179 0.1103 0.9065
5.433 0.2169 0.1058 0.9391
5.473 0.2132 0.1055 0.9492
5.515 0.2053 0.0970 0.9009
5.553 0.2065 0.1122 0.8898
5.594 0.2067 0.1096 0.9313
5.634 0.2055 0.0981 0.9189
5.673 0.2046 0.1075 0.9165
5.713 0.2010 0.0989 0.9435
5.754 0.2039 0.1111 0.9172
5.796 0.1996 0.1024 0.8875
5.834 0.1968 0.1037 0.8980
5.874 0.1966 0.1044 0.8727
5.912 0.1975 0.1012 0.8702
5.957 0.1988 0.1018 0.9146
5.996 0.2045 0.1003 0.8825
6.036 0.2080 0.0986 0.9096
6.076 0.2068 0.0993 0.8650
6.113 0.2078 0.0999 0.8855
6.157 0.2061 0.0988 0.9265
6.197 0.2044 0.0975 0.8773
6.237 0.1990 0.1045 0.9019
6.277 0.2050 0.1031 0.9216
6.317 0.2024 0.1023 0.9216
6.357 0.1965 0.0992 0.9356
6.397 0.1954 0.0990 0.9303
6.438 0.1890 0.1048 0.8989
6.477 0.1855 0.1057 0.9285
6.517 0.1834 0.1035 0.8921
6.556 0.1769 0.1001 0.9046
6.598 0.1729 0.1002 0.9170
6.638 0.1710 0.1015 0.9066
6.678 0.1719 0.1092 0.8910
6.718 0.1744 0.1049 0.8932
6.756 0.1722 0.1076 0.9131
6.799 0.1722 0.1087 0.8972
6.839 0.1794 0.1074 0.9033
6.879 0.1830 0.1101 0.9069
6.919 0.1827 0.1123 0.8891
6.956 0.1822 0.1101 0.8936
7.000 0.1783 0.1112 0.9199
7.040 0.1814 0.1071 0.9346
7.081 0.1795 0.1098 0.8897
7.120 0.1758 0.1119 0.9262
7.160 0.1738 0.1089 0.9377
7.201 0.1697 0.1084 0.8847
7.241 0.1682 0.1054 0.8925
7.281 0.1672 0.1089 0.8912
7.321 0.1650 0.1073 0.9007
7.361 0.1595 0.1061 0.8773
7.400 0.1598 0.1062 0.8822
7.441 0.1675 0.1057 0.9012
7.482 0.1732 0.1070 0.8802
7.522 0.1786 0.1085 0.9236
7.561 0.1819 0.1096 0.9143
7.599 0.1894 0.1095 0.8589
7.643 0.1951 0.1086 0.9098
7.682 0.1994 0.1078 0.8787
7.722 0.2042 0.1084 0.8720
7.762 0.2056 0.1108 0.8816
7.799 0.2037 0.1084 0.8893
7.843 0.2034 0.1072 0.9055
7.883 0.2057 0.1057 0.9122
7.923 0.2034 0.1058 0.9109
7.963 0.2016 0.1073 0.9343
8.003 0.2014 0.1087 0.8949
8.043 0.2001 0.1091 0.8999
8.084 0.1993 0.1108 0.9176
8.124 0.1994 0.1067 0.9183
8.165 0.2056 0.1055 0.9398
8.204 0.2052 0.1084 0.9642
8.244 0.2045 0.1088 0.9087
8.285 0.2096 0.1083 0.9039
8.326 0.2100 0.1043 0.8796
8.365 0.2116 0.1029 0.9416
8.405 0.2112 0.1050 0.9352
8.443 0.2132 0.1013 0.9341
8.487 0.2111 0.1012 0.9208
8.526 0.2143 0.1000 0.9129
8.566 0.2171 0.1049 0.9055
8.606 0.2222 0.1034 0.9326
8.643 0.2238 0.1044 0.9239
8.687 0.2226 0.1076 0.9513
8.727 0.2279 0.0991 0.9335
8.767 0.2312 0.1039 0.9228
8.807 0.2391 0.1007 0.9370
8.847 0.2451 0.1034 0.9256
8.887 0.2498 0.1082 0.8969
8.927 0.2517 0.0966 0.9377
8.968 0.2500 0.0955 0.9196
9.007 0.2464 0.0950 0.9262
9.047 0.2440 0.0975 0.8991
9.086 0.2394 0.0992 0.9151
9.128 0.2360 0.1000 0.9072
9.168 0.2343 0.1003 0.8955
9.208 0.2361 0.0993 0.9023
9.249 0.2344 0.0957 0.9151
9.287 0.2276 0.0984 0.9344
9.330 0.2225 0.0996 0.9605
9.369 0.2157 0.0988 0.9278
9.410 0.2079 0.0976 0.9401
9.450 0.2068 0.0971 0.9072
9.487 0.2063 0.0976 0.8987
9.531 0.2077 0.1020 0.9094
9.570 0.2079 0.1021 0.9197
9.611 0.2014 0.1024 0.9197
9.650 0.1989 0.1003 0.9161
9.690 0.1936 0.0991 0.9052
9.731 0.1876 0.1018 0.8985
9.771 0.1880 0.1027 0.8911
9.811 0.1840 0.1023 0.8616
9.851 0.1812 0.0990 0.9423
9.891 0.1862 0.0967 0.8987
9.930 0.1887 0.0992 0.8801
9.971 0.1976 0.1018 0.9007
10.012 0.2005 0.1029 0.8871
10.052 0.2063 0.0993 0.8933
10.092 0.2134 0.1007 0.8499
10.129 0.2172 0.0989 0.8917
10.173 0.2216 0.0997 0.8564
10.212 0.2217 0.1010 0.8782
10.253 0.2211 0.0989 0.8423
10.292 0.2201 0.1013 0.8912
10.331 0.2226 0.0981 0.8565
10.374 0.2196 0.0990 0.8736
10.414 0.2159 0.1016 0.8637
10.454 0.2114 0.1036 0.8819
10.494 0.2064 0.0990 0.8737
10.534 0.1991 0.0989 0.8657
10.575 0.1970 0.0988 0.8717
10.615 0.1948 0.0981 0.8717
10.655 0.1946 0.0995 0.8913
10.695 0.1952 0.1034 0.8774
10.734 0.1914 0.0960 0.8849
10.774 0.1910 0.0953 0.9063
10.815 0.1954 0.0959 0.8968
10.855 0.1972 0.0942 0.9159
10.896 0.2037 0.0964 0.9468
10.935 0.2038 0.0931 0.9691
10.973 0.1978 0.0943 0.8933
11.017 0.1986 0.0935 0.9268
11.056 0.1935 0.0941 0.9352
11.096 0.1933 0.0963 0.9142
11.136 0.1912 0.0945 0.9277
11.173 0.1863 0.0934 0.9528
11.217 0.1893 0.0943 0.9429
11.257 0.1937 0.0968 0.9314
11.297 0.1979 0.0980 0.9397
11.337 0.2019 0.0983 0.9312
11.377 0.2026 0.0953 0.9165
11.418 0.2022 0.0924 0.9101
11.457 0.2086 0.0989 0.8893
11.499 0.2142 0.0984 0.9313
11.538 0.2151 0.1013 0.9145
11.578 0.2144 0.0984 0.9543
11.618 0.2097 0.0976 0.9554
11.659 0.2151 0.0945 0.8812
11.699 0.2173 0.0901 0.9013
11.739 0.2192 0.0933 0.9108
11.779 0.2162 0.0974 0.8823
11.817 0.2096 0.0951 0.8999
11.860 0.2080 0.0901 0.9051
11.900 0.2056 0.0903 0.8979
11.940 0.2061 0.0902 0.9137
11.980 0.2063 0.0942 0.9126
12.016 0.2099 0.0904 0.9215
12.061 0.2087 0.0904 0.9020
12.101 0.2145 0.0932 0.9294
12.141 0.2181 0.0911 0.9182
12.180 0.2236 0.0922 0.9178
12.220 0.2274 0.0903 0.9403
12.261 0.2265 0.0895 0.9673
12.301 0.2334 0.0847 0.9202
12.341 0.2428 0.0868 0.9362
12.381 0.2485 0.0844 0.9283
12.421 0.2567 0.0888 0.9232
12.460 0.2629 0.0894 0.9111
12.501 0.2657 0.0886 0.9145
12.542 0.2757 0.0872 0.9108
12.582 0.2834 0.0890 0.8714
12.623 0.2830 0.0906 0.8661
12.660 0.2766 0.0897 0.9050
12.704 0.2668 0.0893 0.9409
12.744 0.2626 0.0883 0.9402
12.784 0.2612 0.0845 0.9099
12.823 0.2552 0.0864 0.9056
12.860 0.2493 0.0854 0.9123
12.904 0.2426 0.0872 0.9243
12.944 0.2363 0.0877 0.8990
12.984 0.2289 0.0836 0.9418
13.024 0.2201 0.0841 0.9205
13.064 0.2143 0.0844 0.8928
13.105 0.2136 0.0837 0.9491
13.145 0.2161 0.0830 0.8979
13.185 0.2169 0.0849 0.9349
13.225 0.2224 0.0837 0.9076
13.264 0.2202 0.0849 0.8854
13.304 0.2204 0.0841 0.9266
13.345 0.2233 0.0849 0.9309
13.386 0.2197 0.0833 0.9005
13.426 0.2179 0.0855 0.9088
13.465 0.2220 0.0859 0.8672
13.507 0.2222 0.0847 0.9167
13.547 0.2223 0.0851 0.8995
13.586 0.2232 0.0838 0.9367
13.626 0.2146 0.0818 0.9158
13.666 0.2143 0.0822 0.8798
13.704 0.2137 0.0835 0.9182
13.748 0.2150 0.0862 0.9496
13.788 0.2162 0.0867 0.8752
13.828 0.2116 0.0882 0.9466
13.868 0.2131 0.0859 0.9152
13.907 0.2151 0.0828 0.8912
13.948 0.2118 0.0843 0.9479
13.988 0.2104 0.0870 0.9568
14.028 0.2126 0.0871 0.9294
14.068 0.2096 0.0854 0.9259
14.108 0.2147 0.0823 0.9125
14.147 0.2192 0.0844 0.9125
14.189 0.2175 0.0866 0.9100
14.229 0.2192 0.0894 0.8992
14.269 0.2133 0.0862 0.9042
14.309 0.2112 0.0829 0.9059
14.346 0.2097 0.0825 0.8771
14.390 0.2149 0.0857 0.8803
14.430 0.2156 0.0907 0.8859
14.470 0.2185 0.0892 0.8809
14.509 0.2198 0.0884 0.9255
14.546 0.2207 0.0866 0.9127
14.591 0.2178 0.0857 0.8887
14.630 0.2168 0.0897 0.9414
14.670 0.2190 0.0857 0.9138
14.710 0.2214 0.0865 0.9020
14.750 0.2316 0.0870 0.9176
14.791 0.2402 0.0847 0.8645
14.832 0.2511 0.0889 0.8999
14.872 0.2582 0.0943 0.8852
14.912 0.2660 0.0935 0.9081
14.951 0.2697 0.0912 0.9178
14.991 0.2706 0.0932 0.9202
15.032 0.2727 0.0940 0.8881
15.073 0.2734 0.0936 0.9140
15.113 0.2713 0.0936 0.9011
15.152 0.2701 0.0877 0.8995
15.190 0.2656 0.0882 0.9360
15.234 0.2559 0.0875 0.8812
15.273 0.2450 0.0916 0.8551
15.313 0.2324 0.0928 0.8975
15.353 0.2183 0.0914 0.8772
15.390 0.2014 0.0902 0.8609
15.434 0.1877 0.0897 0.8489
15.474 0.1831 0.0898 0.8413
15.514 0.1771 0.0906 0.9014
15.554 0.1732 0.0944 0.9188
15.594 0.1729 0.0914 0.9276
15.634 0.1730 0.0910 0.9092
15.674 0.1737 0.0913 0.8802
15.715 0.1770 0.0925 0.9011
15.754 0.1803 0.0954 0.9172
15.794 0.1864 0.0949 0.8967
15.833 0.1920 0.0928 0.8974
15.875 0.1998 0.0887 0.8686
15.915 0.2064 0.0891 0.8986
15.956 0.2095 0.0919 0.8576
15.996 0.2088 0.0921 0.8541
16.034 0.2080 0.0900 0.9099
16.077 0.2105 0.0892 0.9011
16.117 0.2103 0.0885 0.8979
16.157 0.2185 0.0895 0.8656
16.197 0.2197 0.0924 0.9023
16.234 0.2204 0.0905 0.8919
16.278 0.2214 0.0897 0.9178
16.318 0.2176 0.0891 0.8677
16.358 0.2182 0.0892 0.8709
16.397 0.2163 0.0903 0.8793
16.437 0.2126 0.0923 0.8643
16.478 0.2128 0.0957 0.9314
16.518 0.2183 0.0890 0.8963
16.558 0.2223 0.0884 0.8641
16.598 0.2296 0.0873 0.9036
16.637 0.2235 0.0916 0.9151
16.677 0.2158 0.0924 0.9053
16.718 0.2136 0.0888 0.9171
16.759 0.2107 0.0875 0.9200
16.799 0.2141 0.0928 0.9132
16.838 0.2139 0.0875 0.9497
16.876 0.2081 0.0929 0.9165
16.920 0.2063 0.0891 0.9292
16.959 0.2042 0.0905 0.9253
17.000 0.2012 0.0875 0.9466
17.040 0.2000 0.0910 0.8879
17.078 0.1916 0.0947 0.9188
17.121 0.1872 0.0893 0.9285
17.161 0.1880 0.0894 0.9000
17.201 0.1910 0.0858 0.8839
17.241 0.1912 0.0866 0.8759
17.281 0.1867 0.0909 0.9326
17.321 0.1784 0.0885 0.9367
17.362 0.1754 0.0878 0.9267
17.402 0.1753 0.0845 0.9354
17.442 0.1750 0.0843 0.9532
17.481 0.1746 0.0859 0.9237
17.521 0.1674 0.0898 0.9095
17.562 0.1659 0.0885 0.9238
17.615 0.1664 0.0879 0.9290
17.642 0.1671 0.0845 0.9008
17.682 0.1646 0.0868 0.9424
17.720 0.1570 0.0883 0.9421
17.763 0.1537 0.0895 0.9160
17.803 0.1542 0.0864 0.9033
17.843 0.1575 0.0846 0.9053
17.883 0.1612 0.0839 0.9068
17.920 0.1623 0.0821 0.8999
17.964 0.1639 0.0853 0.9178
18.004 0.1695 0.0850 0.9202
18.044 0.1723 0.0853 0.8866
18.084 0.1768 0.0831 0.8826
18.124 0.1824 0.0852 0.9065
18.165 0.1833 0.0882 0.9065
18.205 0.1919 0.0942 0.8929
18.245 0.2023 0.0917 0.9042
18.285 0.2116 0.0912 0.9162
18.325 0.2194 0.0884 0.9042
18.364 0.2204 0.0889 0.9075
18.406 0.2197 0.0941 0.9178
18.446 0.2192 0.0923 0.8513
18.486 0.2156 0.0888 0.9200
18.526 0.2164 0.0931 0.8965
18.563 0.2113 0.0870 0.8673
18.607 0.2041 0.0916 0.8759
18.647 0.2020 0.0931 0.8759
18.687 0.1989 0.0915 0.8640
18.726 0.1913 0.0920 0.8759
18.763 0.1850 0.0885 0.8759
18.806 0.1721 0.0895 0.8773
18.847 0.1641 0.0991 0.8812
18.887 0.1611 0.0964 0.8653
18.927 0.1612 0.0965 0.8875
18.966 0.1613 0.0940 0.8952
19.007 0.1561 0.0905 0.9179
19.048 0.1559 0.0953 0.8469
19.088 0.1571 0.0963 0.9041
19.128 0.1567 0.0936 0.8930
19.167 0.1545 0.0931 0.9084
19.207 0.1527 0.0939 0.8912
19.249 0.1513 0.0959 0.8872
19.289 0.1573 0.0936 0.9527
19.330 0.1634 0.0944 0.9236
19.369 0.1715 0.0926 0.9193
19.406 0.1730 0.0917 0.9133
19.450 0.1792 0.0903 0.9396
19.490 0.1899 0.0922 0.9167
19.530 0.1972 0.0919 0.9291
19.570 0.2035 0.0890 0.9314
19.607 0.2059 0.0898 0.8982
19.650 0.2050 0.0863 0.9226
19.691 0.2047 0.0877 0.9192
19.731 0.2073 0.0922 0.8833
19.771 0.2061 0.0907 0.9575
19.810 0.2042 0.0885 0.9008
19.850 0.1988 0.0857 0.8997
19.891 0.1989 0.0836 0.8892
19.932 0.1997 0.0862 0.8753
19.972 0.1971 0.0857 0.8872
20.011 0.1959 0.0848 0.8972
20.050 0.1910 0.0847 0.8713
20.092 0.1863 0.0869 0.8899
20.132 0.1880 0.0862 0.8839
20.172 0.1930 0.0818 0.8907
20.212 0.1966 0.0842 0.8759
20.249 0.1964 0.0838 0.9145
20.293 0.2014 0.0816 0.9145
20.334 0.2097 0.0819 0.8812
20.374 0.2193 0.0754 0.9043
20.414 0.2241 0.0834 0.9193
20.451 0.2289 0.0829 0.8877
20.495 0.2328 0.0772 0.9210
20.534 0.2423 0.0800 0.9124
20.574 0.2552 0.0812 0.8904
20.615 0.2644 0.0776 0.9186
20.655 0.2713 0.0818 0.9203
20.695 0.2739 0.0815 0.9429
20.735 0.2815 0.0784 0.9139
20.775 0.2851 0.0772 0.8723
20.815 0.2857 0.0767 0.9131
20.854 0.2807 0.0790 0.8854
20.894 0.2799 0.0774 0.9168
20.936 0.2831 0.0733 0.9071
20.976 0.2882 0.0700 0.8875
21.016 0.2914 0.0736 0.9320
21.055 0.2880 0.0751 0.8993
21.093 0.2815 0.0810 0.8919
21.137 0.2761 0.0757 0.8685
21.176 0.2766 0.0759 0.9107
21.217 0.2726 0.0744 0.9011
21.256 0.2704 0.0762 0.8377
21.293 0.2701 0.0790 0.8989
21.338 0.2701 0.0783 0.8911
21.377 0.2649 0.0786 0.8660
21.417 0.2516 0.0772 0.8767
21.457 0.2409 0.0792 0.8910
21.498 0.2275 0.0808 0.9018
21.539 0.2172 0.0792 0.8784
21.578 0.2137 0.0811 0.8942
21.619 0.2094 0.0760 0.8988
21.659 0.2021 0.0790 0.8904
21.698 0.1986 0.0804 0.8653
21.738 0.1933 0.0817 0.8822
21.779 0.1848 0.0841 0.8755
21.819 0.1791 0.0825 0.8738
21.859 0.1729 0.0814 0.8657
21.899 0.1753 0.0827 0.8829
21.937 0.1749 0.0862 0.9149
21.980 0.1759 0.0865 0.8502
22.020 0.1728 0.0846 0.8532
22.060 0.1672 0.0848 0.8609
22.100 0.1645 0.0838 0.8965
22.137 0.1662 0.0818 0.8991
22.181 0.1647 0.0846 0.8750
22.221 0.1722 0.0849 0.8890
22.261 0.1816 0.0833 0.8755
22.301 0.1875 0.0845 0.8460
22.341 0.1941 0.0822 0.8536
22.381 0.1977 0.0836 0.8861
22.421 0.2008 0.0844 0.8761
22.461 0.1993 0.0811 0.8809
22.502 0.1983 0.0811 0.8863
22.541 0.2079 0.0772 0.9041
22.581 0.2137 0.0786 0.8793
22.623 0.2172 0.0800 0.8842
22.663 0.2203 0.0806 0.9110
22.703 0.2110 0.0787 0.9069
22.743 0.2018 0.0781 0.9200
22.781 0.1965 0.0780 0.9282
22.824 0.1935 0.0817 0.8959
22.864 0.1896 0.0818 0.8679
22.904 0.1878 0.0783 0.8642
22.944 0.1881 0.0785 0.9117
22.981 0.1955 0.0807 0.8399
23.025 0.1933 0.0770 0.9138
23.064 0.1982 0.0779 0.9140
23.104 0.2000 0.0807 0.8929
23.144 0.2010 0.0803 0.8563
23.184 0.2070 0.0804 0.8596
23.225 0.2177 0.0801 0.8405
23.265 0.2256 0.0802 0.8556
23.305 0.2281 0.0818 0.8815
23.345 0.2358 0.0841 0.8887
23.385 0.2399 0.0820 0.8924
23.424 0.2421 0.0805 0.8791
23.465 0.2459 0.0809 0.9089
23.506 0.2505 0.0818 0.9157
23.546 0.2506 0.0816 0.9075
23.585 0.2526 0.0797 0.9097
23.624 0.2563 0.0790 0.8502
23.667 0.2607 0.0789 0.8847
23.707 0.2610 0.0796 0.8835
23.747 0.2573 0.0827 0.8575
23.787 0.2579 0.0810 0.9431
23.824 0.2528 0.0802 0.9213
23.868 0.2522 0.0762 0.8882
23.908 0.2561 0.0731 0.8672
23.948 0.2547 0.0768 0.8999
23.988 0.2505 0.0751 0.8988
24.028 0.2483 0.0751 0.8802
24.069 0.2436 0.0757 0.8848
24.108 0.2395 0.0739 0.9202
24.149 0.2335 0.0787 0.8912
24.189 0.2286 0.0798 0.9229
24.228 0.2251 0.0775 0.9091
24.268 0.2175 0.0755 0.8835
24.309 0.2156 0.0740 0.8988
24.349 0.2068 0.0755 0.8955
24.390 0.1987 0.0779 0.8839
24.429 0.1867 0.0773 0.8722
24.467 0.1742 0.0782 0.9201
24.510 0.1606 0.0771 0.8944
24.550 0.1519 0.0778 0.8910
24.590 0.1472 0.0741 0.9099
24.630 0.1414 0.0799 0.9381
24.667 0.1399 0.0809 0.9216
24.711 0.1424 0.0799 0.9162
24.751 0.1456 0.0756 0.9054
24.791 0.1486 0.0779 0.9152
24.831 0.1547 0.0803 0.8938
24.871 0.1546 0.0828 0.8408
24.912 0.1573 0.0796 0.8742
24.952 0.1645 0.0789 0.9133
24.992 0.1768 0.0781 0.8775
25.032 0.1911 0.0778 0.8799
25.072 0.1994 0.0796 0.8577
25.111 0.2076 0.0769 0.8841
25.153 0.2142 0.0780 0.8691
25.193 0.2148 0.0726 0.8569
25.233 0.2184 0.0761 0.8491
25.272 0.2204 0.0787 0.8601
25.310 0.2186 0.0784 0.8935
25.353 0.2242 0.0759 0.8645
25.394 0.2281 0.0737 0.8881
25.434 0.2341 0.0742 0.8676
25.473 0.2294 0.0758 0.8782
25.510 0.2218 0.0796 0.8546
25.555 0.2141 0.0772 0.8448
25.594 0.2096 0.0760 0.8513
25.634 0.2102 0.0726 0.8795
25.674 0.2151 0.0758 0.8598
25.714 0.2146 0.0778 0.8509
25.755 0.2102 0.0786 0.8596
25.795 0.2102 0.0785 0.8782
25.835 0.2076 0.0815 0.8706
25.875 0.2067 0.0789 0.8806
25.915 0.2037 0.0796 0.9033
25.955 0.2059 0.0843 0.8905
25.996 0.2112 0.0848 0.8440
26.036 0.2107 0.0800 0.8230
26.077 0.2120 0.0825 0.8606
26.116 0.2108 0.0835 0.8785
26.154 0.2034 0.0841 0.8591
26.198 0.1998 0.0853 0.9128
26.237 0.1985 0.0839 0.9051
26.277 0.2014 0.0856 0.8613
26.317 0.2044 0.0849 0.8376
26.353 0.2065 0.0821 0.8697
26.398 0.2077 0.0833 0.8609
26.438 0.2087 0.0825 0.8530
26.478 0.2115 0.0832 0.8741
26.518 0.2154 0.0814 0.8845
26.557 0.2207 0.0794 0.8729
26.599 0.2216 0.0814 0.8638
26.638 0.2242 0.0808 0.8440
26.678 0.2207 0.0817 0.8920
26.718 0.2191 0.0804 0.8584
26.758 0.2151 0.0780 0.8290
26.798 0.2081 0.0793 0.8580
26.839 0.2055 0.0795 0.8452
26.879 0.2012 0.0805 0.8786
26.919 0.2044 0.0762 0.8893
26.959 0.2019 0.0762 0.8628
26.997 0.1975 0.0755 0.8344
27.040 0.1928 0.0761 0.8339
27.081 0.1860 0.0781 0.8666
27.121 0.1779 0.0784 0.8686
27.161 0.1746 0.0796 0.8578
27.198 0.1749 0.0768 0.8798
27.242 0.1689 0.0795 0.8846
27.281 0.1688 0.0798 0.8879
27.321 0.1642 0.0798 0.8815
27.361 0.1643 0.0773 0.8412
27.401 0.1596 0.0747 0.8992
27.442 0.1551 0.0737 0.8862
27.482 0.1548 0.0745 0.8862
27.522 0.1500 0.0785 0.8955
27.562 0.1459 0.0784 0.8505
27.602 0.1439 0.0758 0.8385
27.641 0.1431 0.0707 0.8592
27.682 0.1397 0.0759 0.8524
27.723 0.1434 0.0758 0.8579
27.763 0.1422 0.0782 0.8317
27.802 0.1529 0.0789 0.8357
27.840 0.1521 0.0798 0.8491
27.884 0.1555 0.0765 0.7960
27.923 0.1579 0.0777 0.8180
27.963 0.1630 0.0789 0.8555
28.014 0.1705 0.0790 0.8196
28.040 0.1736 0.0755 0.8755
28.085 0.1822 0.0746 0.8516
28.124 0.1882 0.0737 0.8691
28.165 0.1906 0.0783 0.8479
28.205 0.1913 0.0789 0.8990
28.245 0.1963 0.0799 0.9036
28.286 0.1945 0.0806 0.8975
28.325 0.1990 0.0757 0.9003
28.366 0.2005 0.0739 0.8463
28.406 0.2013 0.0770 0.8819
28.445 0.1990 0.0749 0.9143
28.485 0.1899 0.0739 0.8752
28.526 0.1886 0.0702 0.9002
28.567 0.1866 0.0725 0.9039
28.606 0.1835 0.0730 0.8793
28.646 0.1861 0.0750 0.8922
28.684 0.1930 0.0761 0.8565
28.728 0.1949 0.0721 0.8729
28.767 0.1935 0.0728 0.8687
28.807 0.1965 0.0698 0.8963
28.847 0.1946 0.0761 0.9092
28.884 0.1931 0.0750 0.9002
28.928 0.1847 0.0727 0.8535
28.968 0.1855 0.0718 0.8759
29.008 0.1858 0.0731 0.9146
29.048 0.1914 0.0724 0.9056
29.087 0.1945 0.0735 0.8872
29.128 0.2019 0.0743 0.9121
29.168 0.2096 0.0723 0.8883
29.209 0.2172 0.0735 0.8995
29.249 0.2269 0.0733 0.9180
29.289 0.2319 0.0738 0.9183
29.329 0.2388 0.0754 0.8999
29.370 0.2426 0.0741 0.9367
29.410 0.2504 0.0734 0.9064
29.450 0.2548 0.0753 0.9007
29.490 0.2610 0.0781 0.8807
29.528 0.2591 0.0786 0.8677
29.571 0.2567 0.0772 0.8313
29.611 0.2559 0.0769 0.8573
29.651 0.2474 0.0771 0.8289
29.691 0.2384 0.0771 0.8839
29.728 0.2318 0.0797 0.8665
29.772 0.2221 0.0814 0.8475
29.811 0.2174 0.0804 0.8468
29.852 0.2164 0.0796 0.8775
29.891 0.2183 0.0785 0.8869
29.931 0.2220 0.0786 0.8828
29.972 0.2214 0.0787 0.9297
30.012 0.2216 0.0788 0.9016
30.052 0.2223 0.0753 0.8606
30.092 0.2199 0.0742 0.8926
30.131 0.2214 0.0748 0.8974
30.171 0.2188 0.0734 0.8974
30.213 0.2143 0.0752 0.8954
30.253 0.2129 0.0742 0.9233
30.293 0.2076 0.0731 0.8727
30.332 0.2052 0.0739 0.9247
30.371 0.1999 0.0748 0.9007
30.415 0.1912 0.0742 0.9315
30.455 0.1919 0.0758 0.9178
30.495 0.1891 0.0722 0.9409
30.534 0.1858 0.0723 0.9053
30.571 0.1859 0.0716 0.9143
30.615 0.1779 0.0729 0.9011
30.655 0.1762 0.0749 0.8813
30.695 0.1761 0.0723 0.9019
30.735 0.1781 0.0738 0.8837
30.775 0.1810 0.0718 0.8828
30.816 0.1798 0.0738 0.8549
30.855 0.1800 0.0751 0.8499
30.896 0.1820 0.0750 0.8901
30.936 0.1794 0.0747 0.8995
30.975 0.1757 0.0763 0.8585
31.015 0.1760 0.0772 0.8544
31.056 0.1760 0.0734 0.8826
31.096 0.1782 0.0773 0.8847
31.137 0.1782 0.0775 0.8785
31.176 0.1805 0.0745 0.8453
31.214 0.1807 0.0719 0.8904
31.258 0.1775 0.0739 0.8793
31.297 0.1754 0.0762 0.8733
31.337 0.1715 0.0783 0.8895
31.377 0.1674 0.0754 0.8411
31.415 0.1683 0.0767 0.8279
31.458 0.1726 0.0764 0.8789
31.498 0.1733 0.0778 0.9115
31.539 0.1723 0.0793 0.9039
31.578 0.1692 0.0773 0.8479
31.618 0.1683 0.0756 0.8847
31.659 0.1675 0.0733 0.9211
31.699 0.1705 0.0739 0.8887
31.739 0.1758 0.0757 0.8921
31.779 0.1852 0.0777 0.8758
31.819 0.1898 0.0763 0.8379
31.858 0.1946 0.0744 0.8587
31.900 0.1974 0.0766 0.8587
31.940 0.1941 0.0799 0.8412
31.980 0.1921 0.0793 0.8965
32.020 0.1874 0.0774 0.8729
32.057 0.1852 0.0764 0.8168
32.101 0.1826 0.0764 0.8309
32.141 0.1804 0.0734 0.8359
32.181 0.1727 0.0784 0.8519
32.220 0.1675 0.0809 0.8389
32.257 0.1602 0.0790 0.8589
32.302 0.1550 0.0747 0.8339
32.341 0.1602 0.0750 0.8009
32.381 0.1648 0.0764 0.8089
32.421 0.1747 0.0761 0.8189
32.461 0.1891 0.0778 0.8840
32.502 0.1993 0.0734 0.8829
32.542 0.2114 0.0758 0.8429
32.582 0.2232 0.0792 0.9097
32.623 0.2332 0.0768 0.8613
32.663 0.2432 0.0796 0.9043
32.702 0.2482 0.0782 0.8612
32.743 0.2499 0.0761 0.8641
32.784 0.2496 0.0737 0.8732
32.824 0.2459 0.0745 0.8584
32.863 0.2451 0.0777 0.8508
32.901 0.2374 0.0753 0.8755
32.945 0.2277 0.0736 0.8815
32.985 0.2225 0.0720 0.8799
33.024 0.2181 0.0695 0.8799
33.064 0.2131 0.0737 0.8775
33.101 0.2087 0.0749 0.8846
33.145 0.2027 0.0778 0.8839
33.185 0.1997 0.0717 0.8755
33.225 0.1998 0.0754 0.8565
33.265 0.2003 0.0773 0.8884
33.305 0.2028 0.0773 0.8742
33.345 0.1961 0.0788 0.8748
33.385 0.1933 0.0745 0.9078
33.426 0.1852 0.0776 0.9067
33.466 0.1776 0.0777 0.8612
33.505 0.1793 0.0783 0.8938
33.545 0.1761 0.0803 0.9305
33.586 0.1760 0.0784 0.8981
33.626 0.1764 0.0794 0.9392
33.666 0.1747 0.0756 0.9237
33.715 0.1722 0.0782 0.8919
33.744 0.1707 0.0809 0.8695
33.788 0.1657 0.0806 0.8976
33.828 0.1642 0.0801 0.9011
33.868 0.1658 0.0829 0.8845
33.908 0.1700 0.0815 0.9314
33.945 0.1748 0.0802 0.9204
33.989 0.1710 0.0840 0.9047
34.028 0.1703 0.0830 0.9007
34.069 0.1655 0.0828 0.8281
34.108 0.1599 0.0828 0.8422
34.148 0.1546 0.0811 0.9126
34.189 0.1465 0.0820 0.9079
34.229 0.1407 0.0827 0.8810
34.269 0.1344 0.0856 0.8919
34.309 0.1293 0.0781 0.8887
34.348 0.1244 0.0801 0.8376
34.388 0.1199 0.0787 0.9213
34.430 0.1148 0.0824 0.8905
34.470 0.1093 0.0822 0.8770
34.510 0.1076 0.0863 0.8786
34.549 0.1107 0.0802 0.8922
34.586 0.1121 0.0808 0.8747
34.631 0.1148 0.0832 0.9007
34.670 0.1172 0.0830 0.8966
34.710 0.1187 0.0819 0.8904
34.750 0.1245 0.0822 0.8741
34.788 0.1340 0.0811 0.8542
34.832 0.1448 0.0810 0.8725
34.872 0.1475 0.0844 0.8584
34.912 0.1512 0.0830 0.8712
34.952 0.1579 0.0823 0.9072
34.992 0.1650 0.0821 0.9298
35.033 0.1662 0.0818 0.9216
35.072 0.1664 0.0836 0.8745
35.113 0.1678 0.0808 0.8972
35.153 0.1724 0.0825 0.8911
35.192 0.1772 0.0815 0.8811
35.232 0.1806 0.0781 0.8980
35.273 0.1819 0.0828 0.8915
35.313 0.1784 0.0852 0.8801
35.353 0.1783 0.0842 0.9084
35.393 0.1719 0.0870 0.8779
35.430 0.1670 0.0807 0.8716
35.475 0.1639 0.0811 0.8798
35.514 0.1560 0.0831 0.8867
35.554 0.1554 0.0800 0.9496
35.594 0.1543 0.0809 0.9060
35.631 0.1544 0.0805 0.8945
35.675 0.1531 0.0806 0.8883
35.714 0.1486 0.0817 0.9398
35.755 0.1441 0.0824 0.8729
35.794 0.1375 0.0820 0.8848
35.835 0.1283 0.0821 0.8639
35.875 0.1273 0.0802 0.8726
35.915 0.1269 0.0796 0.8689
35.956 0.1216 0.0829 0.8942
35.997 0.1172 0.0863 0.8942
36.036 0.1121 0.0851 0.8865
36.076 0.1086 0.0823 0.8865
36.117 0.1013 0.0831 0.8798
36.157 0.0940 0.0836 0.8418
36.197 0.0902 0.0870 0.8679
36.237 0.0853 0.0870 0.8232
36.274 0.0812 0.0847 0.8782
36.318 0.0818 0.0867 0.8476
36.357 0.0808 0.0880 0.8236
36.398 0.0743 0.0882 0.8940
36.437 0.0684 0.0910 0.8560
36.474 0.0682 0.0909 0.8855
36.519 0.0671 0.0898 0.8428
36.558 0.0619 0.0900 0.8069
36.598 0.0574 0.0898 0.8308
36.638 0.0549 0.0917 0.8308
36.678 0.0525 0.0916 0.8256
36.742 0.0508 0.0894 0.8702
36.799 0.0517 0.0904 0.8099
36.839 0.0489 0.0927 0.8249
36.879 0.0520 0.0948 0.8088
36.918 0.0582 0.0926 0.8306
36.958 NaN 0.0903 0.7979
36.999 NaN 0.0903 0.8297
37.040 NaN 0.0893 0.8026
37.080 NaN 0.0911 0.7962
37.120 NaN 0.0914 0.7919
37.158 NaN 0.0928 0.8495
37.202 NaN 0.0875 0.8348
37.241 NaN 0.0919 0.8662
