41.980 NaN 0.0982 0.9523
42.019 NaN 0.0984 0.9751
42.059 NaN 0.0977 0.9356
42.100 NaN 0.0956 0.9198
42.140 NaN 0.0970 0.9642
42.180 NaN 0.0990 0.9195
42.220 NaN 0.1011 0.9272
42.257 0.2383 0.0980 0.9236
42.301 0.2372 0.0951 0.9032
42.341 0.2366 0.0940 0.8912
42.381 0.2376 0.0945 0.9280
42.421 0.2349 0.0934 0.9279
42.458 0.2346 0.0923 0.9618
42.502 0.2290 0.0948 0.9228
42.541 0.2263 0.0925 0.9182
42.582 0.2289 0.0951 0.9375
42.623 0.2246 0.0967 0.9483
42.666 0.2200 0.0957 0.9432
42.703 0.2146 0.0946 0.9432
42.743 0.2105 0.0968 0.9352
42.783 0.2091 0.0970 0.9149
42.823 0.2105 0.0984 0.9128
42.862 0.2093 0.1014 0.9543
42.902 0.2077 0.0984 0.9453
42.943 0.2007 0.0961 0.9027
42.984 0.1956 0.0946 0.9411
43.024 0.1949 0.0946 0.9343
43.064 0.1972 0.0987 0.9259
43.101 0.1942 0.0990 0.9475
43.145 0.1932 0.0975 0.9496
43.184 0.1920 0.0952 0.9314
43.224 0.1908 0.0961 0.9195
43.264 0.1901 0.1054 0.9636
43.301 0.1867 0.0947 0.8901
43.345 0.1842 0.0910 0.9181
43.385 0.1811 0.0917 0.9002
43.425 0.1838 0.0934 0.9311
43.465 0.1853 0.0919 0.9375
43.505 0.1865 0.0932 0.9359
43.546 0.1866 0.0955 0.9302
43.585 0.1862 0.0944 0.9065
43.626 0.1879 0.0918 0.9135
43.666 0.1963 0.0921 0.9255
43.706 0.2043 0.0908 0.9095
43.746 0.2094 0.0920 0.9192
43.787 0.2147 0.0918 0.9465
43.827 0.2221 0.0891 0.9255
43.867 0.2282 0.0901 0.9095
43.907 0.2297 0.0932 0.9084
43.944 0.2313 0.0946 0.8987
43.988 0.2334 0.0958 0.8978
44.028 0.2325 0.0906 0.9213
44.068 0.2366 0.0939 0.9117
44.108 0.2333 0.0949 0.9139
44.145 0.2298 0.0969 0.8999
44.189 0.2213 0.0963 0.8957
44.229 0.2152 0.1004 0.9056
44.269 0.2156 0.0995 0.9105
44.309 0.2141 0.0991 0.9116
44.349 0.2132 0.0999 0.9297
44.389 0.2138 0.1005 0.9339
44.429 0.2146 0.1038 0.8956
44.470 0.2136 0.1005 0.8987
44.510 0.2149 0.0983 0.9518
44.549 0.2141 0.1016 0.8849
44.588 0.2153 0.1009 0.9194
44.630 0.2121 0.1047 0.9270
44.670 0.2083 0.1043 0.9127
44.710 0.2098 0.1018 0.9405
44.750 0.2088 0.1010 0.9002
44.788 0.2018 0.1064 0.8752
44.832 0.1964 0.1043 0.8849
44.872 0.1927 0.1030 0.9303
44.912 0.1860 0.1017 0.9033
44.951 0.1854 0.0986 0.8904
44.989 0.1849 0.1017 0.8839
45.033 0.1831 0.1018 0.8968
45.072 0.1826 0.1015 0.9203
45.112 0.1848 0.1020 0.9057
45.152 0.1928 0.0992 0.9221
45.192 0.1939 0.1012 0.8925
45.233 0.1933 0.0974 0.9198
45.273 0.1988 0.0974 0.9306
45.313 0.2022 0.0999 0.9544
45.353 0.2036 0.0987 0.9502
45.393 0.2077 0.0970 0.9338
45.432 0.2067 0.0956 0.9534
45.477 0.2071 0.0980 0.9371
45.514 0.2072 0.0972 0.9327
45.554 0.2051 0.0980 0.9088
45.594 0.2066 0.0977 0.9088
45.631 0.2037 0.0982 0.9330
45.675 0.2043 0.0980 0.9345
45.714 0.2057 0.0987 0.9480
45.755 0.2034 0.0996 0.9516
45.795 0.2006 0.0993 0.9492
45.832 0.2011 0.0978 0.9494
45.875 0.1965 0.0983 0.9326
45.915 0.2003 0.1016 0.9620
45.956 0.2028 0.1021 0.9597
45.996 0.2034 0.1024 0.9526
46.036 0.2038 0.0999 0.9466
46.077 0.2018 0.1001 0.9233
46.117 0.2036 0.0990 0.9314
46.157 0.2066 0.1009 0.9623
46.197 0.2075 0.1022 0.9367
46.236 0.2064 0.1018 0.9133
46.276 0.2082 0.0999 0.9369
46.317 0.2114 0.0976 0.9033
46.357 0.2162 0.0972 0.9193
46.397 0.2154 0.0979 0.9190
46.437 0.2118 0.1015 0.8997
46.474 0.2039 0.0980 0.9467
46.518 0.1951 0.0981 0.9514
46.558 0.1878 0.0948 0.9244
46.598 0.1799 0.0983 0.9475
46.638 0.1662 0.1002 0.9019
46.675 0.1549 0.1006 0.9076
46.719 0.1467 0.1015 0.9186
46.759 0.1409 0.0977 0.9190
46.799 0.1305 0.1028 0.9190
46.839 0.1185 0.1034 0.9313
46.879 0.1107 0.1016 0.9103
46.919 0.1003 0.1020 0.9128
46.959 0.0953 0.1008 0.9236
47.000 0.0877 0.1016 0.8895
47.040 0.0853 0.1015 0.9014
47.080 0.0831 0.1004 0.9261
47.119 0.0843 0.1022 0.8991
47.161 0.0853 0.1019 0.8959
47.201 0.0901 0.1005 0.8863
47.241 0.0936 0.1010 0.9042
47.281 0.0935 0.1062 0.9354
47.318 0.0939 0.1010 0.9430
47.362 0.0903 0.1016 0.8826
47.402 0.0917 0.1029 0.8916
47.442 0.0929 0.1035 0.9171
47.482 0.0973 0.1053 0.9068
47.518 0.0994 0.1082 0.9228
47.563 0.1048 0.1069 0.9222
47.603 0.1055 0.1044 0.9216
47.643 0.1152 0.1054 0.9334
47.682 0.1252 0.1059 0.9182
47.722 0.1335 0.1059 0.9266
47.763 0.1427 0.1049 0.9028
47.803 0.1511 0.1029 0.8977
47.843 0.1615 0.1023 0.9312
47.883 0.1744 0.1031 0.9291
47.922 0.1825 0.1042 0.9523
47.962 0.1866 0.1033 0.9512
48.003 0.1958 0.1035 0.9432
48.044 0.2005 0.1024 0.9280
48.084 0.1994 0.1027 0.9333
48.124 0.1850 0.0999 0.9449
48.162 0.1636 0.1010 0.8888
48.206 0.1396 0.1003 0.9402
48.245 0.1076 0.0979 0.9440
48.285 0.0761 0.0977 0.9290
48.325 0.0560 0.1026 0.9054
48.363 0.0392 0.1033 0.9033
48.406 0.0306 0.1000 0.9314
48.446 0.0387 0.1007 0.9569
48.486 0.0367 0.1001 0.9181
48.526 0.0351 0.1014 0.8902
48.566 0.0307 0.1015 0.8912
48.607 0.0235 0.1016 0.8902
48.646 0.0129 0.1014 0.8912
48.687 0.0183 0.1006 0.9451
48.727 0.0251 0.0973 0.9451
48.766 0.0302 0.0977 0.9182
48.806 0.0388 0.0977 0.9181
48.847 0.0423 0.0997 0.9479
48.887 0.0457 0.0994 0.9479
48.928 0.0494 0.0977 0.9354
48.967 0.0543 0.0963 0.9290
49.005 0.0586 0.0948 0.9290
49.049 0.0594 0.1007 0.9150
49.088 0.0633 0.0974 0.9202
49.128 0.0666 0.0937 0.9347
49.168 0.0696 0.0937 0.9243
49.206 0.0740 0.0937 0.8927
49.249 0.0826 0.0994 0.8973
49.290 0.0852 0.0965 0.8971
49.330 0.0902 0.0995 0.9093
49.369 0.0928 0.0929 0.9578
49.409 0.0995 0.0928 0.9281
49.467 0.1002 0.0969 0.9271
49.490 0.1005 0.0994 0.8915
49.530 0.1031 0.1036 0.8793
49.570 0.1032 0.1014 0.8793
49.609 0.1023 0.0939 0.8915
49.649 0.1030 0.0968 0.9046
49.690 0.1050 0.0957 0.9370
49.731 0.1014 0.0957 0.9381
49.771 0.1027 0.0940 0.9540
49.810 0.1054 0.0930 0.9503
49.848 0.1118 0.0918 0.9528
49.892 0.1137 0.0939 0.9519
49.931 0.1189 0.0934 0.9347
49.972 0.1232 0.0918 0.9057
50.011 0.1268 0.0979 0.9041
50.048 0.1359 0.0905 0.9399
50.092 0.1434 0.0898 0.9180
50.132 0.1517 0.0887 0.9259
50.172 0.1569 0.0910 0.9154
50.212 0.1612 0.0897 0.9216
50.252 0.1623 0.0888 0.9222
50.293 0.1640 0.0900 0.9012
50.333 0.1579 0.0922 0.9177
50.374 0.1567 0.0906 0.8530
50.414 0.1583 0.0941 0.9257
50.453 0.1603 0.0903 0.9359
50.493 0.1631 0.0887 0.9087
50.534 0.1595 0.0907 0.9103
50.574 0.1573 0.0935 0.9039
50.615 0.1565 0.0918 0.9400
50.654 0.1570 0.0920 0.8948
50.692 0.1587 0.0922 0.8989
50.736 0.1662 0.0917 0.9129
50.775 0.1689 0.0919 0.9149
50.815 0.1764 0.0998 0.9101
50.855 0.1810 0.0962 0.8979
50.892 0.1780 0.1024 0.8750
50.936 0.1749 0.0940 0.8915
50.976 0.1726 0.0962 0.8919
51.016 0.1697 0.0943 0.9342
51.056 0.1656 0.0944 0.8999
51.096 0.1660 0.0951 0.9113
51.136 0.1606 0.0930 0.9293
51.176 0.1572 0.0999 0.8792
51.217 0.1536 0.1014 0.8759
51.256 0.1509 0.0945 0.8912
51.296 0.1457 0.1012 0.8563
51.336 0.1406 0.0950 0.8985
51.377 0.1440 0.0950 0.8916
51.417 0.1466 0.0938 0.8898
51.457 0.1494 0.0929 0.8829
51.498 0.1475 0.0964 0.9170
51.535 0.1513 0.0964 0.8977
51.579 0.1558 0.0936 0.8793
51.618 0.1603 0.0904 0.8880
51.659 0.1669 0.0922 0.8886
51.698 0.1732 0.0940 0.8783
51.736 0.1790 0.0945 0.8849
51.780 0.1786 0.0947 0.8979
51.820 0.1846 0.0913 0.8669
51.860 0.1874 0.0920 0.8908
51.899 0.1937 0.0929 0.9028
51.940 0.1960 0.0954 0.8602
51.980 0.2030 0.0954 0.8834
52.020 0.2097 0.0943 0.8988
52.060 0.2100 0.0915 0.8843
52.100 0.2119 0.0927 0.9222
52.139 0.2124 0.0940 0.9145
52.179 0.2073 0.0992 0.8825
52.220 0.1970 0.0949 0.8502
52.261 0.1958 0.0929 0.9194
52.301 0.1963 0.0954 0.8909
52.340 0.2010 0.0983 0.9063
52.378 0.1978 0.0978 0.9327
52.422 0.1982 0.0976 0.9352
52.462 0.1997 0.0992 0.9258
52.502 0.1972 0.0988 0.8869
52.541 0.1933 0.0971 0.8790
52.579 0.1933 0.1003 0.9089
52.623 0.1920 0.0978 0.9102
52.663 0.1921 0.0963 0.9050
52.703 0.1930 0.0948 0.9170
52.743 0.1990 0.0937 0.9123
52.783 0.2039 0.0949 0.9032
52.824 0.1997 0.0960 0.9266
52.863 0.1997 0.0944 0.8915
52.904 0.2003 0.0931 0.8913
52.944 0.2015 0.0945 0.8942
52.983 0.2042 0.0993 0.8916
53.022 0.2105 0.0960 0.9139
53.064 0.2135 0.0948 0.9051
53.104 0.2139 0.0925 0.9535
53.144 0.2184 0.0902 0.8997
53.184 0.2287 0.0902 0.8951
53.222 0.2308 0.0919 0.9389
53.266 0.2371 0.0927 0.9189
53.305 0.2424 0.0935 0.9135
53.345 0.2430 0.0889 0.8819
53.385 0.2449 0.0871 0.9118
53.422 0.2426 0.0861 0.9326
53.466 0.2407 0.0870 0.9508
53.506 0.2381 0.0890 0.9396
53.546 0.2401 0.0868 0.9233
53.586 0.2408 0.0835 0.9309
53.626 0.2397 0.0875 0.9049
53.666 0.2353 0.0849 0.9283
53.707 0.2395 0.0913 0.9645
53.748 0.2328 0.0864 0.9091
53.787 0.2254 0.0850 0.9367
53.827 0.2242 0.0852 0.9470
53.866 0.2213 0.0835 0.9292
53.908 0.2194 0.0855 0.9413
53.948 0.2168 0.0880 0.9658
53.988 0.2144 0.0854 0.9364
54.028 0.2064 0.0844 0.9481
54.065 0.1986 0.0859 0.9306
54.109 0.1925 0.0881 0.9266
54.149 0.1860 0.0893 0.9146
54.189 0.1753 0.0907 0.9472
54.228 0.1701 0.0905 0.9160
54.266 0.1683 0.0902 0.9194
54.309 0.1645 0.0878 0.9034
54.349 0.1657 0.0894 0.9263
54.389 0.1652 0.0934 0.9132
54.429 0.1598 0.0914 0.9044
54.469 0.1576 0.0902 0.8745
54.510 0.1542 0.0902 0.8833
54.550 0.1572 0.0884 0.9048
54.590 0.1589 0.0911 0.8784
54.630 0.1610 0.0909 0.8723
54.669 0.1645 0.0891 0.8600
54.709 0.1630 0.0915 0.8500
54.750 0.1631 0.0899 0.8800
54.791 0.1613 0.0901 0.9183
54.832 0.1578 0.0930 0.8972
54.871 0.1524 0.0934 0.9071
54.909 0.1530 0.0911 0.9161
54.953 0.1536 0.0868 0.8699
54.992 0.1588 0.0940 0.9085
55.032 0.1646 0.0986 0.9168
55.072 0.1706 0.0956 0.9359
55.109 0.1766 0.0957 0.9435
55.153 0.1800 0.0967 0.9216
55.193 0.1830 0.0898 0.9409
55.233 0.1868 0.0960 0.9404
55.273 0.1897 0.0948 0.9404
55.313 0.1892 0.0970 0.9211
55.353 0.1931 0.0966 0.8681
55.394 0.1992 0.0942 0.9391
55.434 0.2035 0.0950 0.8999
55.473 0.2045 0.0974 0.9310
55.513 0.2009 0.0972 0.8920
55.553 0.1911 0.0962 0.9059
55.594 0.1818 0.0983 0.9112
55.634 0.1781 0.0997 0.8669
55.674 0.1858 0.0998 0.8893
55.714 0.1905 0.1034 0.8573
55.752 0.1898 0.1023 0.8695
55.796 0.1960 0.1039 0.8755
55.835 0.1994 0.1005 0.8565
55.875 0.2024 0.0988 0.9124
55.915 0.2012 0.0963 0.9352
55.953 0.2045 0.0973 0.8808
55.997 0.2100 0.0958 0.9121
56.036 0.2189 0.0948 0.9051
56.077 0.2335 0.0942 0.9178
56.116 0.2449 0.0944 0.9238
56.156 0.2449 0.0944 0.9108
56.197 0.2406 0.0925 0.9260
56.237 0.2415 0.0936 0.9160
56.277 0.2368 0.0917 0.8830
56.317 0.2411 0.0922 0.9301
56.357 0.2400 0.0951 0.9247
56.396 0.2361 0.0954 0.9261
56.437 0.2290 0.0974 0.9238
56.478 0.2254 0.0974 0.9032
56.518 0.2244 0.0983 0.9043
56.557 0.2227 0.0948 0.9552
56.595 0.2125 0.0972 0.9584
56.639 0.2070 0.0946 0.9349
56.679 0.2036 0.0982 0.9162
56.718 0.2029 0.0970 0.9324
56.758 0.2104 0.0977 0.9162
56.795 0.2100 0.0991 0.9497
56.840 0.2027 0.0986 0.9414
56.879 0.2038 0.0992 0.9192
56.919 0.2084 0.0971 0.9353
56.959 0.2102 0.0975 0.9663
56.999 0.2094 0.0980 0.9663
57.040 0.2039 0.1000 0.9425
57.080 0.2021 0.1018 0.9445
57.121 0.1982 0.0956 0.9438
57.161 0.1977 0.0953 0.9149
57.200 0.2000 0.0951 0.9359
57.240 0.1987 0.0956 0.9336
57.306 0.1948 0.0961 0.9204
57.361 0.1857 0.0943 0.9040
57.402 0.1780 0.0931 0.9389
57.441 0.1715 0.0924 0.9075
57.479 0.1640 0.0933 0.9396
57.523 0.1564 0.0933 0.9387
57.562 0.1531 0.0925 0.9461
57.602 0.1512 0.0933 0.9461
57.642 0.1470 0.0912 0.9681
57.679 0.1379 0.0885 0.9457
57.723 0.1231 0.0920 0.9179
57.763 0.1137 0.0901 0.9429
57.803 0.0973 0.0914 0.8968
57.843 0.0885 0.0904 0.8992
57.882 0.0817 0.0889 0.9203
57.923 0.0716 0.0899 0.9261
57.963 0.0627 0.0890 0.9203
58.003 0.0522 0.0889 0.9301
58.043 0.0395 0.0892 0.9291
58.083 0.0307 0.0882 0.9339
58.123 0.0214 0.0895 0.9339
58.165 0.0152 0.0896 0.9339
58.205 0.0088 0.0916 0.9339
58.245 0.0043 0.0890 0.9301
58.285 0.0037 0.0866 0.9291
58.322 0.0051 0.0867 0.9301
58.366 0.0110 0.0890 0.9339
58.406 0.0169 0.0900 0.9339
58.446 0.0235 0.0896 0.9291
58.485 0.0272 0.0879 0.9291
58.523 0.0297 0.0867 0.9301
58.566 0.0342 0.0894 0.9291
58.606 0.0372 0.0902 0.9301
58.646 0.0395 0.0902 0.9051
58.686 0.0402 0.0928 0.9203
58.726 0.0456 0.0916 0.9203
58.772 0.0529 0.0888 0.9230
58.807 0.0598 0.0906 0.9378
58.847 0.0765 0.0921 0.9108
58.887 0.0916 0.0901 0.9230
58.926 0.1027 0.0906 0.9378
58.966 0.1089 0.0909 0.9048
59.007 0.1179 0.0913 0.9223
59.048 0.1270 0.0944 0.9135
59.088 0.1367 0.0946 0.9461
59.127 0.1596 0.0902 0.9002
59.165 0.1723 0.0932 0.9299
59.209 0.1844 0.0914 0.9081
59.249 0.1972 0.0944 0.9079
59.289 0.2103 0.0933 0.9243
59.350 0.2140 0.0963 0.8994
59.366 0.2136 0.0952 0.9005
59.410 0.2125 0.0918 0.9154
59.450 0.2211 0.0943 0.9241
59.490 0.2293 0.0978 0.9011
59.530 0.2402 0.0993 0.9248
59.570 0.2495 0.0916 0.8621
59.610 0.2505 0.0871 0.9177
59.650 0.2496 0.0895 0.9253
59.691 0.2562 0.0921 0.9381
59.731 0.2646 0.0929 0.9149
59.770 0.2692 0.0931 0.9162
59.810 0.2738 0.0894 0.9203
59.851 0.2836 0.0894 0.9349
59.891 0.2937 0.0905 0.9083
59.931 0.3059 0.0920 0.9489
59.971 0.3162 0.0919 0.9309
60.009 0.3159 0.0898 0.9085
60.053 0.3186 0.0897 0.9174
60.092 0.3210 0.0920 0.9092
60.132 0.3191 0.0912 0.9541
60.172 0.3158 0.0919 0.9071
60.210 0.3108 0.0944 0.9095
60.253 0.3050 0.0942 0.9007
60.293 0.2968 0.0928 0.8689
60.333 0.2793 0.0996 0.8359
60.373 0.2631 0.1004 0.8109
60.413 0.2493 0.1037 0.8307
60.454 0.2310 0.0989 0.8803
60.494 0.2214 0.1004 0.8569
60.534 0.2144 0.0990 0.8703
60.574 0.2104 0.1025 0.8511
60.614 0.2107 0.1030 0.8273
60.653 0.2124 0.1000 0.8409
60.695 0.2215 0.1023 0.8469
60.735 0.2280 0.1026 0.8659
60.775 0.2361 0.0997 0.8423
60.815 0.2463 0.1012 0.9019
60.851 0.2525 0.1059 0.8649
60.896 0.2553 0.1002 0.8924
60.936 0.2571 0.1014 0.8823
60.976 0.2588 0.0978 0.8564
61.015 0.2582 0.0950 0.8668
61.052 0.2559 0.0933 0.8808
61.096 0.2477 0.0918 0.8293
61.136 0.2435 0.0895 0.8103
61.176 0.2311 0.0852 0.8287
61.216 0.2160 0.0917 0.8217
61.256 0.1989 0.0929 0.8177
61.297 0.1825 0.0946 0.8099
61.337 0.1738 0.0891 0.8403
61.377 0.1632 0.0903 0.8386
61.417 0.1573 0.0914 0.7843
61.457 0.1509 0.0925 0.7862
61.497 0.1476 0.0900 0.7813
61.538 0.1418 0.0900 0.7873
61.579 0.1393 0.0887 0.7923
61.619 0.1397 0.0971 0.7163
61.658 0.1387 0.0839 0.7311
61.695 0.1361 0.0870 0.7384
61.740 0.1369 0.0921 0.7320
61.779 0.1384 0.0884 0.7064
61.819 0.1383 0.0870 0.7002
61.859 0.1431 0.0856 0.6578
61.896 0.1445 0.0830 0.6704
61.940 0.1465 0.0886 0.6660
61.980 0.1479 0.0958 0.6258
62.020 0.1513 0.0913 0.6528
62.060 0.1541 0.0940 0.6194
62.100 0.1506 0.1087 0.6040
62.141 0.1468 0.1131 0.5926
62.180 0.1475 0.1013 0.5992
62.221 0.1483 0.0994 0.5880
62.260 0.1467 0.0915 0.6106
62.300 0.1423 0.1032 0.5992
62.339 0.1345 0.0913 0.5716
62.381 0.1264 0.0877 0.5550
62.421 0.1199 0.0782 0.5340
62.461 0.1093 0.0775 0.5340
62.501 0.0981 0.0784 0.4960
62.539 0.0863 0.0709 0.4912
62.582 0.0740 0.0787 0.4738
62.623 0.0639 0.0893 0.4627
62.663 0.0544 0.0818 0.4690
62.702 0.0440 0.0790 0.4752
62.740 0.0329 0.0796 0.4752
62.784 0.0217 0.0766 0.4752
62.823 0.0135 0.0924 0.4627
62.863 0.0059 0.0865 0.4627
62.903 0.0080 0.0782 0.4849
62.943 0.0108 0.0850 0.4690
62.984 0.0126 0.0763 0.4910
63.024 0.0131 0.0760 0.4862
63.064 0.0135 0.0901 0.4627
63.104 0.0152 0.0802 0.5229
63.143 0.0158 0.0797 0.5119
63.183 0.0147 0.0798 0.5022
63.224 0.0154 0.0780 0.5022
63.265 0.0168 0.0777 0.5119
63.332 0.0140 0.0797 0.5180
63.384 0.0155 0.0762 0.5119
63.422 0.0179 0.0749 0.5119
63.466 0.0217 0.0777 0.5180
63.505 0.0246 0.0724 0.5229
63.545 0.0238 0.0730 0.5336
63.585 0.0220 0.0730 0.5336
63.623 0.0222 0.0718 0.5404
63.666 0.0237 0.0715 0.4912
63.707 0.0227 0.0718 0.5246
63.747 0.0199 0.0750 0.5308
63.787 0.0178 0.0725 0.5308
63.827 0.0149 0.0730 0.5308
63.869 0.0107 0.0711 0.5246
63.907 0.0069 0.0711 0.5308
63.948 0.0104 0.0735 0.5308
63.988 0.0073 0.0768 0.5356
64.027 0.0087 0.0735 0.5274
64.067 0.0090 0.0708 0.5356
64.108 0.0099 0.0702 0.5336
64.149 0.0150 0.0705 0.5336
64.189 0.0232 0.0654 0.5674
64.228 0.0300 0.0676 0.5654
64.265 0.0380 0.0654 0.5674
64.309 0.0444 0.0653 0.5716
64.349 0.0563 0.0678 0.5716
64.389 0.0631 0.0758 0.5812
64.429 0.0674 0.0791 0.5942
64.466 0.0685 0.0793 0.5922
64.510 0.0719 0.0750 0.6150
64.550 0.0773 0.0728 0.5832
64.590 0.0844 0.0903 0.5817
64.630 0.0858 0.0976 0.5784
64.670 0.0800 0.0911 0.5929
64.711 0.0774 0.0855 0.5784
64.750 0.0750 0.0936 0.5992
64.790 0.0754 0.0948 0.5944
64.832 0.0759 0.0973 0.6008
64.871 0.0695 0.1009 0.6082
64.910 0.0615 0.1005 0.6130
64.952 0.0590 0.0876 0.6118
64.992 0.0555 0.0911 0.6196
65.032 0.0527 0.0845 0.6464
65.072 0.0462 0.0802 0.6554
65.109 0.0368 0.0811 0.6534
65.153 0.0336 0.0853 0.6508
65.193 0.0286 0.0844 0.6464
65.233 0.0263 0.0832 0.6508
65.273 0.0265 0.0844 0.6464
65.310 0.0187 0.0865 0.6464
65.354 0.0144 0.0818 0.6412
65.393 0.0133 0.0876 0.6508
65.433 0.0108 0.0844 0.6508
65.474 0.0145 0.0844 0.6508
65.513 0.0123 0.0898 0.6452
65.554 0.0107 0.0890 0.6464
65.594 0.0106 0.0844 0.6464
65.634 0.0096 0.0844 0.6464
65.674 0.0083 0.0833 0.6464
65.714 0.0078 0.0842 0.6464
65.753 0.0044 0.0909 0.6464
65.795 0.0040 0.0856 0.6464
65.835 0.0036 0.0848 0.6464
65.875 0.0022 0.0801 0.6626
65.915 0.0053 0.0786 0.6626
65.953 0.0051 0.0832 0.6666
65.997 0.0040 0.0836 0.6626
66.037 0.0038 0.0806 0.6416
66.077 0.0041 0.0784 0.6272
66.116 0.0056 0.0776 0.6300
66.153 0.0056 0.0766 0.6356
66.197 0.0054 0.0797 0.6626
66.237 0.0054 0.0820 0.6666
66.277 0.0062 0.0794 0.6666
66.317 0.0052 0.0787 0.6196
66.357 0.0056 0.0779 0.6244
66.398 0.0069 0.0816 0.6284
66.438 0.0049 0.0843 0.6550
66.478 0.0066 0.0840 0.6284
66.518 0.0068 0.0798 0.6146
66.557 0.0042 0.0812 0.6146
66.597 0.0064 0.0806 0.6348
66.638 0.0065 0.0804 0.6550
66.678 0.0084 0.0829 0.6666
66.718 0.0172 0.0830 0.6236
66.758 0.0285 0.0760 0.6300
66.796 0.0412 0.0742 0.6300
66.840 0.0570 0.0808 0.6666
66.879 0.0664 0.0811 0.6780
66.919 0.0720 0.0921 0.6554
66.959 0.0845 0.0847 0.6780
66.997 0.1012 0.0857 0.6662
67.040 0.1197 0.0847 0.6758
67.081 0.1335 0.0867 0.6806
67.121 0.1445 0.0896 0.7160
67.161 0.1528 0.0894 0.7150
67.201 0.1588 0.0877 0.7120
67.241 0.1634 0.0856 0.7509
67.281 0.1650 0.0863 0.7856
67.322 0.1628 0.0839 0.7914
67.362 0.1584 0.0866 0.8443
67.401 0.1583 0.0864 0.8313
67.440 0.1569 0.0840 0.8407
67.482 0.1529 0.0848 0.8133
67.522 0.1498 0.0837 0.8691
67.562 0.1410 0.0876 0.8313
67.602 0.1317 0.0903 0.8647
67.639 0.1284 0.0847 0.8837
67.683 0.1239 0.0816 0.8651
67.723 0.1218 0.0832 0.8557
67.787 0.1148 0.0882 0.8773
67.843 0.1139 0.0872 0.8523
67.880 0.1119 0.0871 0.8657
67.924 0.1127 0.0850 0.8432
67.964 0.1105 0.0864 0.8211
68.004 0.1047 0.0894 0.8959
68.043 0.0978 0.0892 0.8785
68.083 0.0994 0.0858 0.8702
68.124 0.0963 0.0883 0.8911
68.165 0.0986 0.0874 0.8633
68.205 0.0944 0.0890 0.8718
68.245 0.0928 0.0880 0.8579
68.285 0.0961 0.0866 0.8579
68.324 0.0941 0.0870 0.9082
68.365 0.0958 0.0846 0.8459
68.406 0.0949 0.0857 0.9045
68.446 0.0992 0.0896 0.9012
68.485 0.1028 0.0866 0.8923
68.523 0.1088 0.0870 0.8789
68.567 0.1135 0.0843 0.8753
68.607 0.1222 0.0826 0.8733
68.647 0.1239 0.0877 0.9242
68.686 0.1257 0.0875 0.8723
68.723 0.1274 0.0859 0.9012
68.768 0.1236 0.0850 0.9172
68.807 0.1245 0.0825 0.9090
68.847 0.1223 0.0840 0.9217
68.887 0.1220 0.0881 0.9078
68.927 0.1241 0.0841 0.9089
68.968 0.1241 0.0833 0.9207
69.008 0.1265 0.0836 0.9189
69.048 0.1292 0.0848 0.8829
69.088 0.1288 0.0882 0.9229
69.127 0.1274 0.0864 0.9072
69.167 0.1305 0.0870 0.9253
69.208 0.1363 0.0837 0.8843
69.249 0.1433 0.0876 0.9012
69.290 0.1488 0.0859 0.9077
69.329 0.1541 0.0884 0.9109
69.366 0.1595 0.0893 0.8737
69.411 0.1628 0.0866 0.8972
69.450 0.1630 0.0885 0.9112
69.490 0.1633 0.0885 0.9128
69.530 0.1630 0.0889 0.8956
69.567 0.1615 0.0884 0.8609
69.611 0.1613 0.0898 0.9083
69.651 0.1621 0.0863 0.8984
69.691 0.1607 0.0858 0.8869
69.731 0.1576 0.0877 0.8705
69.771 0.1551 0.0881 0.8871
69.812 0.1493 0.0884 0.8523
69.851 0.1472 0.0862 0.8796
69.892 0.1417 0.0874 0.8613
69.931 0.1420 0.0863 0.8732
69.971 0.1437 0.0874 0.8922
70.010 0.1398 0.0878 0.8966
70.052 0.1376 0.0869 0.8942
70.092 0.1361 0.0845 0.8942
70.132 0.1362 0.0852 0.8920
70.172 0.1298 0.0850 0.8712
70.209 0.1244 0.0848 0.9036
70.253 0.1139 0.0860 0.8999
70.293 0.1096 0.0855 0.9049
70.333 0.1056 0.0837 0.9049
70.373 0.1005 0.0801 0.9258
70.411 0.0924 0.0819 0.9258
70.455 0.0761 0.0819 0.9258
70.494 0.0661 0.0803 0.9302
70.535 0.0544 0.0817 0.9083
70.574 0.0452 0.0829 0.9129
70.614 0.0332 0.0818 0.9129
70.655 0.0232 0.0794 0.9125
70.695 0.0165 0.0816 0.9431
70.735 0.0130 0.0794 0.9161
70.775 0.0083 0.0780 0.9091
70.814 0.0046 0.0780 0.9361
70.861 0.0066 0.0789 0.9361
70.895 0.0066 0.0801 0.9384
70.936 0.0076 0.0802 0.9042
70.976 0.0069 0.0787 0.9000
71.036 0.0060 0.0763 0.8975
71.052 0.0063 0.0776 0.9000
71.096 0.0078 0.0818 0.9251
71.136 0.0070 0.0802 0.9102
71.176 0.0084 0.0822 0.9251
71.216 0.0082 0.0788 0.9102
71.253 0.0114 0.0772 0.9132
71.297 0.0129 0.0785 0.9060
71.337 0.0147 0.0814 0.9075
71.377 0.0130 0.0824 0.9075
71.417 0.0115 0.0820 0.9075
71.457 0.0130 0.0801 0.9229
71.498 0.0120 0.0799 0.9003
71.538 0.0115 0.0814 0.9003
71.579 0.0097 0.0821 0.8999
71.618 0.0081 0.0820 0.9003
71.658 0.0060 0.0800 0.8999
71.698 0.0067 0.0821 0.8999
71.739 0.0035 0.0829 0.9002
71.779 0.0042 0.0817 0.8999
71.819 0.0041 0.0799 0.8964
71.859 0.0039 0.0829 0.9002
71.896 0.0033 0.0801 0.8999
71.940 0.0036 0.0787 0.8964
71.980 0.0039 0.0810 0.8964
72.020 0.0038 0.0842 0.9049
72.060 0.0037 0.0816 0.9003
72.096 0.0035 0.0811 0.9003
72.141 0.0033 0.0810 0.9003
72.181 0.0029 0.0810 0.9003
72.221 0.0034 0.0842 0.8999
72.261 0.0022 0.0821 0.8999
72.300 0.0023 0.0811 0.9003
72.341 0.0015 0.0810 0.9003
72.381 0.0019 0.0799 0.8966
72.421 0.0020 0.0818 0.9060
72.461 0.0026 0.0851 0.9020
72.501 0.0026 0.0808 0.8895
72.540 0.0032 0.0787 0.8966
72.582 0.0026 0.0815 0.8696
72.623 0.0030 0.0812 0.8999
72.663 0.0029 0.0830 0.8999
72.702 0.0027 0.0833 0.8999
72.740 0.0035 0.0831 0.8945
72.784 0.0035 0.0804 0.8696
72.824 0.0069 0.0796 0.8696
72.863 0.0084 0.0821 0.8945
72.903 0.0101 0.0850 0.8729
72.941 0.0155 0.0814 0.8696
72.984 0.0242 0.0826 0.8999
73.024 0.0328 0.0787 0.8998
73.064 0.0416 0.0800 0.8772
73.104 0.0494 0.0819 0.9136
73.144 0.0557 0.0831 0.9075
73.185 0.0657 0.0822 0.8862
73.225 0.0718 0.0805 0.9132
73.265 0.0821 0.0806 0.9516
73.305 0.0930 0.0806 0.9133
73.344 0.1035 0.0879 0.9108
73.384 0.1185 0.0853 0.9128
73.425 0.1351 0.0865 0.8821
73.466 0.1474 0.0844 0.8784
73.505 0.1586 0.0813 0.8474
73.545 0.1675 0.0867 0.8772
73.582 0.1703 0.0815 0.9138
73.627 0.1813 0.0813 0.9059
73.666 0.1861 0.0815 0.8863
73.707 0.1944 0.0796 0.8762
73.747 0.2010 0.0829 0.8752
73.784 0.2007 0.0841 0.8493
73.828 0.1988 0.0838 0.8653
73.868 0.1929 0.0814 0.8886
73.908 0.1813 0.0823 0.8474
73.948 0.1718 0.0825 0.8447
73.988 0.1628 0.0836 0.9027
74.028 0.1501 0.0848 0.8882
74.068 0.1453 0.0848 0.8463
74.109 0.1395 0.0835 0.8469
74.148 0.1375 0.0809 0.8823
74.188 0.1334 0.0847 0.8531
74.227 0.1262 0.0854 0.8663
74.269 0.1203 0.0818 0.8663
74.309 0.1150 0.0838 0.8773
74.349 0.1083 0.0830 0.8815
74.389 0.1038 0.0826 0.8874
74.426 0.1006 0.0858 0.8765
74.470 0.0896 0.0847 0.8852
74.510 0.0865 0.0842 0.8812
74.550 0.0864 0.0835 0.8837
74.589 0.0875 0.0819 0.8889
74.626 0.0849 0.0831 0.8935
74.671 0.0847 0.0842 0.8706
74.710 0.0861 0.0829 0.8706
74.750 0.0891 0.0810 0.8922
74.790 0.0927 0.0819 0.9067
74.831 0.0992 0.0808 0.8859
74.872 0.1049 0.0810 0.8972
74.912 0.1097 0.0813 0.9285
74.952 0.1212 0.0856 0.8833
74.992 0.1307 0.0830 0.9332
75.031 0.1355 0.0816 0.9342
75.071 0.1370 0.0808 0.9105
75.112 0.1354 0.0853 0.9065
75.153 0.1328 0.0860 0.9149
75.193 0.1316 0.0861 0.9445
75.232 0.1297 0.0798 0.8843
75.270 0.1247 0.0852 0.8798
75.314 0.1212 0.0867 0.8513
75.353 0.1175 0.0867 0.8750
75.393 0.1145 0.0867 0.8720
75.433 0.1066 0.0776 0.9064
75.470 0.1012 0.0778 0.8922
75.514 0.0971 0.0762 0.9061
75.553 0.0947 0.0791 0.9152
75.594 0.0999 0.0792 0.9064
75.634 0.1029 0.0785 0.8925
75.674 0.1067 0.0782 0.8719
75.715 0.1095 0.0748 0.8769
75.754 0.1175 0.0792 0.8532
75.795 0.1210 0.0792 0.8916
75.835 0.1231 0.0823 0.8996
75.874 0.1245 0.0808 0.9206
75.915 0.1328 0.0794 0.9092
75.956 0.1387 0.0787 0.9236
75.996 0.1460 0.0824 0.9043
76.036 0.1560 0.0803 0.8986
76.076 0.1585 0.0819 0.8966
76.113 0.1616 0.0814 0.9265
76.157 0.1612 0.0818 0.8682
76.197 0.1622 0.0856 0.8847
76.237 0.1593 0.0857 0.8911
76.277 0.1587 0.0846 0.8859
76.314 0.1581 0.0852 0.8615
76.358 0.1634 0.0841 0.8798
76.397 0.1657 0.0844 0.8509
76.438 0.1664 0.0854 0.8786
76.477 0.1651 0.0845 0.8847
76.517 0.1598 0.0834 0.8834
76.558 0.1579 0.0806 0.8536
76.598 0.1565 0.0823 0.9213
76.638 0.1603 0.0842 0.9139
76.678 0.1649 0.0842 0.8789
76.718 0.1714 0.0844 0.8823
76.757 0.1761 0.0831 0.8819
76.799 0.1838 0.0807 0.8828
76.839 0.1895 0.0804 0.8929
76.879 0.1941 0.0834 0.8579
76.918 0.1973 0.0833 0.8830
76.957 0.1980 0.0839 0.8659
77.000 0.2054 0.0829 0.8574
77.040 0.2112 0.0790 0.8886
77.081 0.2194 0.0840 0.8796
77.120 0.2285 0.0861 0.9211
77.157 0.2350 0.0866 0.8749
77.202 0.2493 0.0819 0.8772
77.241 0.2616 0.0797 0.8746
77.281 0.2728 0.0807 0.8922
77.321 0.2794 0.0826 0.9326
77.361 0.2819 0.0834 0.9372
77.402 0.2814 0.0824 0.9482
77.442 0.2834 0.0829 0.9192
77.482 0.2819 0.0761 0.9519
77.522 0.2786 0.0785 0.9352
77.561 0.2694 0.0801 0.9379
77.601 0.2562 0.0804 0.9261
77.642 0.2429 0.0811 0.9526
77.683 0.2280 0.0767 0.9328
77.723 0.2128 0.0798 0.9222
77.762 0.2009 0.0823 0.9032
77.799 0.1933 0.0820 0.9375
77.844 0.1953 0.0811 0.9055
77.883 0.1961 0.0827 0.8967
77.923 0.1994 0.0833 0.8748
77.963 0.2056 0.0840 0.8863
78.000 0.2101 0.0831 0.8982
78.044 0.2241 0.0830 0.8759
78.084 0.2328 0.0819 0.9113
78.124 0.2400 0.0803 0.8846
78.165 0.2431 0.0858 0.8677
78.205 0.2468 0.0861 0.8892
78.245 0.2456 0.0855 0.8787
78.285 0.2473 0.0836 0.9429
78.326 0.2401 0.0787 0.9517
78.365 0.2365 0.0798 0.9466
78.405 0.2346 0.0819 0.9194
78.444 0.2303 0.0825 0.9244
78.486 0.2248 0.0837 0.9145
78.526 0.2150 0.0820 0.9337
78.566 0.2103 0.0810 0.9229
78.606 0.2099 0.0807 0.9209
78.644 0.2090 0.0840 0.9323
78.687 0.2083 0.0823 0.9579
78.727 0.2091 0.0827 0.9249
78.767 0.2062 0.0826 0.9242
78.806 0.2092 0.0807 0.9480
78.843 0.2077 0.0816 0.9252
78.888 0.2086 0.0830 0.8775
78.927 0.2122 0.0846 0.9033
78.968 0.2146 0.0811 0.9131
79.007 0.2193 0.0821 0.9052
79.047 0.2203 0.0831 0.9025
79.088 0.2179 0.0844 0.9089
79.128 0.2195 0.0831 0.8948
79.168 0.2173 0.0826 0.8888
79.208 0.2159 0.0802 0.9235
79.249 0.2140 0.0831 0.8693
79.288 0.2052 0.0806 0.9052
79.330 0.2001 0.0852 0.8793
79.370 0.1928 0.0861 0.8973
79.410 0.1840 0.0823 0.9005
79.449 0.1779 0.0834 0.8803
79.487 0.1679 0.0863 0.8669
79.531 0.1582 0.0867 0.8629
79.570 0.1533 0.0875 0.8999
79.610 0.1501 0.0907 0.9043
79.650 0.1478 0.0878 0.8916
79.687 0.1455 0.0868 0.8661
79.732 0.1493 0.0867 0.8739
79.771 0.1558 0.0911 0.8573
79.811 0.1605 0.0923 0.8708
79.851 0.1682 0.0920 0.8519
79.891 0.1729 0.0887 0.8879
79.932 0.1768 0.0911 0.8819
79.972 0.1828 0.0894 0.9290
80.012 0.1869 0.0894 0.8585
80.052 0.1895 0.0888 0.8781
80.091 0.1865 0.0894 0.8756
80.131 0.1852 0.0890 0.8505
80.172 0.1848 0.0882 0.8813
80.212 0.1814 0.0884 0.8825
80.253 0.1794 0.0874 0.8843
80.292 0.1799 0.0867 0.8879
80.330 0.1757 0.0867 0.9051
80.374 0.1733 0.0877 0.8865
80.414 0.1729 0.0874 0.8878
80.454 0.1701 0.0881 0.9063
80.494 0.1697 0.0884 0.8869
80.531 0.1742 0.0894 0.8675
80.575 0.1824 0.0892 0.8598
80.614 0.1871 0.0886 0.8761
80.655 0.1878 0.0832 0.9225
80.695 0.1877 0.0844 0.9312
80.735 0.1846 0.0865 0.9443
80.775 0.1786 0.0829 0.8835
80.815 0.1783 0.0817 0.9294
80.855 0.1775 0.0839 0.9182
80.895 0.1724 0.0855 0.9256
80.935 0.1657 0.0844 0.9233
80.974 0.1606 0.0828 0.8801
81.016 0.1528 0.0824 0.9178
81.056 0.1435 0.0850 0.8858
81.096 0.1334 0.0842 0.8829
81.136 0.1241 0.0839 0.8829
81.173 0.1167 0.0814 0.8839
81.217 0.1136 0.0802 0.9073
81.257 0.1121 0.0770 0.9113
81.297 0.1087 0.0815 0.8886
81.336 0.1080 0.0797 0.9096
81.374 0.1065 0.0830 0.9056
81.418 0.1094 0.0807 0.9063
81.457 0.1142 0.0787 0.8640
81.498 0.1175 0.0814 0.8546
81.538 0.1208 0.0793 0.8486
81.578 0.1221 0.0803 0.8679
81.619 0.1282 0.0780 0.9040
81.659 0.1390 0.0772 0.8745
81.699 0.1454 0.0797 0.9228
81.739 0.1552 0.0789 0.8916
81.778 0.1645 0.0798 0.9416
81.818 0.1688 0.0782 0.9340
81.859 0.1781 0.0783 0.9293
81.899 0.1866 0.0791 0.9255
81.940 0.1939 0.0798 0.9101
81.979 0.2015 0.0831 0.9261
82.016 0.2054 0.0833 0.9119
82.061 0.2135 0.0825 0.9295
82.100 0.2204 0.0797 0.9274
82.141 0.2204 0.0774 0.9312
82.180 0.2218 0.0806 0.9312
82.217 0.2183 0.0799 0.8999
82.261 0.2123 0.0852 0.8999
82.301 0.2117 0.0783 0.9161
82.341 0.2079 0.0789 0.8930
82.381 0.2034 0.0790 0.9165
82.421 0.2017 0.0882 0.9270
82.462 0.1957 0.0810 0.9119
82.501 0.1971 0.0793 0.9249
82.542 0.1946 0.0829 0.9102
82.582 0.1922 0.0765 0.9078
82.622 0.1922 0.0794 0.8815
82.662 0.1908 0.0809 0.9068
82.703 0.1873 0.0795 0.8599
82.743 0.1906 0.0800 0.9272
82.783 0.1916 0.0789 0.9292
82.823 0.1902 0.0816 0.8693
82.860 0.1883 0.0817 0.9042
82.904 0.1864 0.0792 0.8729
82.944 0.1883 0.0828 0.9009
82.984 0.1844 0.0802 0.9041
83.024 0.1799 0.0801 0.9132
83.060 0.1752 0.0839 0.8892
83.105 0.1733 0.0866 0.8612
83.145 0.1682 0.0825 0.9002
83.185 0.1695 0.0843 0.9019
83.224 0.1646 0.0842 0.8410
83.265 0.1574 0.0811 0.8586
83.305 0.1499 0.0827 0.8649
83.345 0.1484 0.0859 0.8839
83.385 0.1446 0.0852 0.8639
83.425 0.1442 0.0839 0.8969
83.465 0.1460 0.0848 0.8879
83.504 0.1493 0.0857 0.8509
83.545 0.1530 0.0878 0.8410
83.586 0.1508 0.0869 0.8410
83.626 0.1552 0.0854 0.8410
83.665 0.1540 0.0866 0.8697
83.704 0.1563 0.0879 0.8431
83.748 0.1582 0.0907 0.8994
83.788 0.1612 0.0924 0.8755
83.828 0.1630 0.0909 0.8455
83.867 0.1673 0.0900 0.8253
83.904 0.1655 0.0886 0.8268
83.948 0.1615 0.0870 0.8468
83.988 0.1575 0.0900 0.8215
84.028 0.1521 0.0871 0.8556
84.068 0.1502 0.0892 0.8548
84.108 0.1473 0.0867 0.8649
84.149 0.1443 0.0895 0.8609
84.188 0.1403 0.0875 0.8743
84.229 0.1346 0.0866 0.8903
84.269 0.1338 0.0859 0.8879
84.313 0.1315 0.0854 0.8609
84.348 0.1257 0.0854 0.8716
84.389 0.1195 0.0852 0.8608
84.429 0.1126 0.0869 0.8716
84.469 0.1105 0.0864 0.8446
84.509 0.1114 0.0840 0.8416
84.546 0.1134 0.0812 0.8567
84.591 0.1148 0.0822 0.8557
84.630 0.1211 0.0859 0.8623
84.670 0.1294 0.0831 0.8359
84.710 0.1368 0.0832 0.8310
84.748 0.1401 0.0822 0.8760
84.791 0.1449 0.0796 0.8701
84.832 0.1515 0.0844 0.8396
84.872 0.1601 0.0829 0.8356
84.912 0.1676 0.0862 0.8286
84.952 0.1688 0.0840 0.8400
84.992 0.1704 0.0797 0.8864
85.032 0.1738 0.0825 0.8930
85.073 0.1774 0.0821 0.8553
85.113 0.1785 0.0867 0.9007
85.152 0.1750 0.0785 0.9095
85.191 0.1705 0.0788 0.8923
85.233 0.1728 0.0796 0.8412
85.273 0.1741 0.0836 0.8352
85.313 0.1725 0.0813 0.8322
85.353 0.1687 0.0815 0.8412
85.390 0.1651 0.0801 0.8562
85.434 0.1669 0.0772 0.8675
85.474 0.1698 0.0777 0.8709
85.514 0.1715 0.0807 0.8458
85.554 0.1710 0.0842 0.8612
85.590 0.1674 0.0870 0.8572
85.635 0.1654 0.0852 0.8959
85.674 0.1673 0.0805 0.8336
85.714 0.1667 0.0823 0.8815
85.754 0.1642 0.0834 0.8995
85.794 0.1607 0.0852 0.8725
85.835 0.1594 0.0828 0.8653
85.875 0.1607 0.0807 0.8655
85.915 0.1581 0.0804 0.8606
85.956 0.1543 0.0857 0.8814
85.995 0.1462 0.0843 0.8709
86.035 0.1369 0.0823 0.8979
86.076 0.1328 0.0818 0.9139
86.117 0.1288 0.0808 0.9023
86.157 0.1234 0.0818 0.8639
86.196 0.1198 0.0812 0.8677
86.234 0.1125 0.0801 0.8499
86.278 0.1104 0.0819 0.8810
86.317 0.1089 0.0787 0.8583
86.357 0.1024 0.0785 0.8806
86.397 0.1017 0.0796 0.8650
86.434 0.0930 0.0805 0.8726
86.478 0.0891 0.0789 0.8525
86.518 0.0842 0.0801 0.8493
86.558 0.0806 0.0782 0.8622
86.598 0.0777 0.0782 0.8622
86.638 0.0751 0.0766 0.8458
86.679 0.0709 0.0778 0.8661
86.718 0.0671 0.0748 0.8478
86.759 0.0660 0.0748 0.8478
86.799 0.0606 0.0752 0.8208
86.838 0.0626 0.0764 0.8360
86.878 0.0603 0.0777 0.8360
86.919 0.0633 0.0762 0.8450
86.959 0.0654 0.0760 0.8532
86.999 0.0727 0.0773 0.8532
87.040 0.0805 0.0787 0.8232
87.078 0.0828 0.0811 0.8322
87.121 0.0876 0.0812 0.8322
87.161 0.0915 0.0758 0.8258
87.201 0.1036 0.0763 0.8183
87.241 0.1130 0.0753 0.8142
87.278 0.1195 0.0788 0.8142
87.322 0.1277 0.0784 0.8446
87.362 0.1322 0.0810 0.8186
87.402 0.1382 0.0781 0.8206
87.441 0.1437 0.0781 0.8142
87.481 0.1458 0.0827 0.8203
87.522 0.1443 0.0847 0.8412
87.562 0.1430 0.0862 0.8185
87.602 0.1409 0.0844 0.8618
87.642 0.1398 0.0830 0.8295
87.682 0.1378 0.0824 0.8136
87.721 0.1337 0.0814 0.8406
87.763 0.1342 0.0805 0.8576
87.803 0.1340 0.0825 0.8789
87.843 0.1355 0.0829 0.8559
87.882 0.1390 0.0835 0.8315
87.920 0.1414 0.0808 0.8225
87.964 0.1437 0.0809 0.8748
88.004 0.1431 0.0802 0.8492
88.044 0.1490 0.0777 0.8604
88.083 0.1577 0.0781 0.8346
88.121 0.1673 0.0764 0.8576
88.165 0.1753 0.0770 0.8613
88.205 0.1755 0.0808 0.8489
88.245 0.1734 0.0781 0.8386
88.285 0.1666 0.0768 0.8999
88.325 0.1624 0.0761 0.8779
88.366 0.1611 0.0792 0.8529
88.406 0.1567 0.0780 0.9322
88.446 0.1517 0.0778 0.9280
88.486 0.1490 0.0729 0.8983
88.525 0.1451 0.0745 0.8777
88.565 0.1430 0.0715 0.8925
88.606 0.1449 0.0735 0.8950
88.647 0.1428 0.0746 0.8879
88.687 0.1470 0.0689 0.9309
88.726 0.1559 0.0712 0.8788
88.763 0.1651 0.0715 0.8771
88.808 0.1785 0.0722 0.8866
88.847 0.1808 0.0740 0.8661
88.887 0.1881 0.0747 0.8440
88.927 0.1942 0.0740 0.8931
88.964 0.2061 0.0752 0.8759
89.008 0.2237 0.0710 0.8949
89.048 0.2409 0.0716 0.9073
89.087 0.2500 0.0734 0.9116
89.128 0.2542 0.0739 0.9122
89.168 0.2621 0.0746 0.8853
89.208 0.2611 0.0711 0.9266
89.250 0.2629 0.0725 0.9225
89.290 0.2623 0.0724 0.9268
89.329 0.2626 0.0705 0.9406
89.369 0.2641 0.0706 0.9161
89.408 0.2604 0.0717 0.9225
89.450 0.2530 0.0720 0.9132
89.490 0.2451 0.0709 0.9012
89.530 0.2302 0.0742 0.9088
89.570 0.2065 0.0767 0.9305
89.607 0.1912 0.0760 0.9305
89.651 0.1722 0.0764 0.8878
89.691 0.1585 0.0775 0.8882
89.731 0.1445 0.0746 0.8889
89.771 0.1296 0.0790 0.9132
89.808 0.1220 0.0788 0.9270
89.852 0.1088 0.0787 0.8862
89.891 0.1051 0.0752 0.8749
89.932 0.1026 0.0755 0.8929
89.971 0.0988 0.0755 0.8895
90.011 0.0931 0.0751 0.8895
90.052 0.0917 0.0766 0.9102
90.092 0.0942 0.0757 0.9120
90.132 0.0991 0.0756 0.8969
90.172 0.1007 0.0768 0.8649
90.211 0.1032 0.0756 0.8876
90.251 0.1072 0.0768 0.8788
90.292 0.1108 0.0756 0.8878
90.333 0.1128 0.0776 0.8878
90.374 0.1128 0.0739 0.9098
90.413 0.1142 0.0762 0.9251
90.451 0.1130 0.0765 0.9246
90.495 0.1137 0.0750 0.9196
90.534 0.1169 0.0762 0.9172
90.575 0.1177 0.0745 0.9058
90.614 0.1154 0.0734 0.9015
90.652 0.1113 0.0733 0.9031
90.695 0.1071 0.0749 0.8998
90.735 0.1046 0.0730 0.8998
90.775 0.1061 0.0731 0.8916
90.815 0.1048 0.0768 0.8988
90.855 0.1014 0.0785 0.8835
90.896 0.0933 0.0740 0.9000
90.935 0.0833 0.0740 0.9131
90.976 0.0719 0.0751 0.9067
91.016 0.0606 0.0735 0.8805
91.055 0.0545 0.0787 0.8645
91.095 0.0463 0.0802 0.9012
91.136 0.0399 0.0786 0.8806
91.176 0.0301 0.0756 0.9120
91.216 0.0260 0.0785 0.8562
91.256 0.0148 0.0792 0.8639
91.294 0.0111 0.0797 0.8806
91.337 0.0100 0.0808 0.8835
91.377 0.0085 0.0785 0.8822
91.417 0.0074 0.0777 0.8730
91.457 0.0062 0.0766 0.9064
91.495 0.0045 0.0818 0.8895
91.539 0.0071 0.0767 0.8645
91.579 0.0061 0.0776 0.8645
91.619 0.0066 0.0796 0.8565
91.659 0.0053 0.0746 0.8806
91.699 0.0036 0.0766 0.8802
91.739 0.0047 0.0792 0.9454
91.779 0.0056 0.0790 0.8869
91.819 0.0041 0.0752 0.8822
91.859 0.0051 0.0751 0.9084
91.898 0.0032 0.0749 0.9072
91.938 0.0031 0.0772 0.9148
91.979 0.0047 0.0794 0.8889
92.020 0.0033 0.0757 0.8909
92.060 0.0042 0.0772 0.8835
92.100 0.0062 0.0739 0.9072
92.137 0.0072 0.0792 0.9205
92.181 0.0068 0.0779 0.8895
92.221 0.0047 0.0801 0.8889
92.261 0.0102 0.0775 0.8895
92.300 0.0216 0.0763 0.8704
92.337 0.0338 0.0787 0.8835
92.381 0.0479 0.0807 0.8889
92.421 0.0645 0.0819 0.8889
92.462 0.0863 0.0740 0.8822
92.501 0.1066 0.0746 0.9152
92.541 0.1209 0.0763 0.8708
92.582 0.1359 0.0753 0.8895
92.623 0.1441 0.0782 0.8958
92.663 0.1507 0.0758 0.8565
92.703 0.1533 0.0732 0.9088
92.742 0.1534 0.0738 0.8948
92.782 0.1453 0.0744 0.8858
92.823 0.1368 0.0736 0.9166
92.863 0.1284 0.0744 0.8966
92.904 0.1154 0.0739 0.8818
92.943 0.1012 0.0737 0.9064
92.980 0.0840 0.0723 0.8528
93.025 0.0679 0.0719 0.8957
93.064 0.0577 0.0730 0.8878
93.104 0.0503 0.0726 0.8957
93.144 0.0460 0.0720 0.9108
93.181 0.0409 0.0698 0.9058
93.225 0.0338 0.0713 0.9108
93.265 0.0278 0.0734 0.9061
93.305 0.0234 0.0708 0.9047
93.345 0.0172 0.0718 0.9061
93.385 0.0136 0.0706 0.8905
93.426 0.0085 0.0698 0.8862
93.465 0.0088 0.0704 0.9088
93.506 0.0099 0.0739 0.9520
93.546 0.0081 0.0705 0.9391
93.585 0.0128 0.0711 0.9479
93.624 0.0102 0.0693 0.9391
93.666 0.0114 0.0693 0.9391
93.707 0.0141 0.0721 0.9479
93.747 0.0141 0.0730 0.9531
93.787 0.0146 0.0717 0.9479
93.824 0.0195 0.0725 0.9175
93.868 0.0402 0.0694 0.9184
93.908 0.0479 0.0697 0.9132
93.948 0.0563 0.0717 0.9219
93.988 0.0738 0.0706 0.9185
94.025 0.0878 0.0707 0.9122
94.069 0.1111 0.0698 0.9058
94.108 0.1302 0.0711 0.9172
94.149 0.1452 0.0730 0.9549
94.188 0.1536 0.0708 0.9020
94.228 0.1639 0.0727 0.9249
94.269 0.1617 0.0761 0.9019
94.309 0.1616 0.0755 0.8862
94.349 0.1537 0.0756 0.8914
94.389 0.1527 0.0751 0.8536
94.428 0.1597 0.0750 0.8879
94.468 0.1600 0.0723 0.9034
94.509 0.1571 0.0735 0.8774
94.550 0.1509 0.0720 0.9224
94.589 0.1475 0.0754 0.9093
94.629 0.1360 0.0762 0.9172
94.667 0.1295 0.0753 0.9172
94.711 0.1222 0.0731 0.9238
94.750 0.1132 0.0730 0.8862
94.791 0.1107 0.0740 0.8859
94.831 0.1076 0.0747 0.9329
94.868 0.1083 0.0769 0.9192
94.912 0.1010 0.0707 0.9186
94.952 0.0947 0.0698 0.9089
94.992 0.0903 0.0671 0.8897
95.032 0.0872 0.0749 0.8944
95.072 0.0802 0.0738 0.8887
95.113 0.0839 0.0761 0.8944
95.153 0.0863 0.0699 0.8854
95.193 0.0867 0.0711 0.8923
95.233 0.0963 0.0786 0.9035
95.272 0.1010 0.0791 0.9118
95.312 0.1028 0.0782 0.9002
95.353 0.1001 0.0756 0.9178
95.393 0.1032 0.0731 0.8869
95.433 0.1075 0.0742 0.9196
95.473 0.1071 0.0762 0.9195
95.510 0.1109 0.0732 0.9565
95.554 0.1137 0.0721 0.9172
95.594 0.1123 0.0784 0.8735
95.634 0.1184 0.0773 0.8492
95.674 0.1225 0.0755 0.8797
95.711 0.1268 0.0804 0.8851
95.755 0.1333 0.0785 0.8851
95.794 0.1421 0.0736 0.9093
95.835 0.1483 0.0695 0.9035
95.875 0.1501 0.0740 0.8669
95.915 0.1543 0.0822 0.9161
95.956 0.1597 0.0747 0.8973
95.996 0.1607 0.0795 0.8783
96.036 0.1645 0.0795 0.8459
96.076 0.1689 0.0697 0.9009
96.116 0.1613 0.0708 0.8839
96.156 0.1543 0.0744 0.9309
96.197 0.1485 0.0733 0.9165
96.237 0.1383 0.0722 0.9165
96.277 0.1303 0.0723 0.9014
96.317 0.1241 0.0737 0.8391
96.354 0.1147 0.0753 0.8879
96.398 0.1075 0.0849 0.8647
96.438 0.1021 0.0751 0.9250
96.478 0.0923 0.0766 0.8681
96.517 0.0857 0.0763 0.8931
96.554 0.0755 0.0836 0.8419
96.599 0.0705 0.0814 0.8632
96.638 0.0669 0.0832 0.8494
96.679 0.0611 0.0843 0.8524
96.718 0.0556 0.0783 0.8571
96.758 0.0497 0.0819 0.8323
96.799 0.0379 0.0805 0.8629
96.839 0.0382 0.0809 0.8239
96.879 0.0360 0.0808 0.8618
96.919 0.0257 0.0825 0.8310
96.958 0.0238 0.0818 0.8430
96.999 0.0176 0.0823 0.8329
97.040 0.0158 0.0841 0.8430
97.081 0.0125 0.0858 0.8310
97.121 0.0123 0.0828 0.8310
97.160 0.0091 0.0821 0.8466
97.198 0.0078 0.0819 0.8330
97.242 0.0067 0.0820 0.8259
97.281 0.0076 0.0837 0.8321
97.322 0.0049 0.0812 0.8259
97.361 0.0043 0.0813 0.8259
97.398 0.0048 0.0797 0.8239
97.442 0.0047 0.0832 0.8440
97.482 0.0055 0.0827 0.8259
97.522 0.0045 0.0823 0.8259
97.562 0.0035 0.0831 0.8440
97.602 0.0036 0.0834 0.8355
97.643 0.0029 0.0804 0.8390
97.682 0.0037 0.0813 0.8390
97.723 0.0031 0.0796 0.8358
97.763 0.0035 0.0802 0.8040
97.802 0.0034 0.0817 0.8409
97.842 0.0026 0.0782 0.8040
97.883 0.0040 0.0835 0.8419
97.924 0.0031 0.0852 0.8130
97.963 0.0025 0.0787 0.8638
98.003 0.0037 0.0808 0.8040
98.040 0.0029 0.0809 0.8249
98.085 0.0038 0.0826 0.8259
98.124 0.0036 0.0838 0.8130
98.165 0.0023 0.0866 0.7980
98.204 0.0036 0.0824 0.8040
98.241 0.0029 0.0834 0.8355
98.286 0.0031 0.0808 0.8196
98.326 0.0056 0.0842 0.8355
98.366 0.0037 0.0838 0.8196
98.406 0.0060 0.0817 0.8040
98.446 0.0067 0.0817 0.8196
98.486 0.0070 0.0849 0.7835
98.526 0.0050 0.0799 0.8196
98.566 0.0055 0.0851 0.8479
98.606 0.0041 0.0850 0.8355
98.646 0.0040 0.0850 0.8355
98.685 0.0036 0.0834 0.8355
98.726 0.0063 0.0859 0.7616
98.767 0.0070 0.0850 0.8310
98.807 0.0076 0.0866 0.8259
98.846 0.0061 0.0875 0.8216
98.884 0.0058 0.0818 0.8196
98.928 0.0049 0.0819 0.8000
98.968 0.0044 0.0841 0.7566
99.008 0.0054 0.0787 0.8346
99.047 0.0059 0.0893 0.8216
99.085 0.0084 0.0829 0.8130
99.128 0.0102 0.0815 0.8040
99.168 0.0108 0.0849 0.7576
99.208 0.0139 0.0791 0.8040
99.249 0.0153 0.0856 0.8189
99.289 0.0208 0.0852 0.8319
99.330 0.0209 0.0844 0.8355
99.369 0.0240 0.0852 0.8319
99.410 0.0350 0.0828 0.7980
99.450 0.0384 0.0789 0.8088
99.489 0.0394 0.0840 0.8267
99.529 0.0462 0.0822 0.8547
99.570 0.0497 0.0752 0.8411
99.611 0.0541 0.0763 0.8378
99.651 0.0594 0.0804 0.8088
99.690 0.0598 0.0815 0.8323
99.727 0.0608 0.0823 0.8114
99.772 0.0640 0.0738 0.8629
99.811 0.0717 0.0793 0.8355
99.851 0.0837 0.0785 0.8566
99.891 0.0943 0.0800 0.8543
99.928 0.1025 0.0801 0.8563
99.972 0.1155 0.0789 0.8563
100.012 0.1227 0.0788 0.8642
100.052 0.1337 0.0784 0.8519
100.092 0.1412 0.0736 0.8629
100.131 0.1530 0.0869 0.8832
100.173 0.1665 0.0833 0.8660
100.212 0.1761 0.0825 0.8543
100.253 0.1888 0.0796 0.8963
100.293 0.1950 0.0793 0.8937
100.332 0.1998 0.0764 0.8359
100.372 0.2043 0.0745 0.9063
100.414 0.2124 0.0735 0.8601
100.454 0.2197 0.0731 0.8872
100.494 0.2316 0.0655 0.8461
100.534 0.2367 0.0688 0.9057
100.572 0.2411 0.0712 0.8890
100.615 0.2451 0.0692 0.8663
100.655 0.2467 0.0691 0.8399
100.695 0.2524 0.0691 0.8579
100.735 0.2558 0.0685 0.8745
100.771 0.2587 0.0722 0.8617
100.816 0.2664 0.0709 0.8887
100.855 0.2694 0.0692 0.9169
100.896 0.2630 0.0704 0.8783
100.935 0.2629 0.0723 0.8980
100.975 0.2581 0.0724 0.8625
101.016 0.2581 0.0739 0.8662
101.056 0.2675 0.0721 0.8669
101.096 0.2746 0.0729 0.9000
101.136 0.2845 0.0734 0.8592
101.175 0.2870 0.0726 0.8698
101.215 0.2892 0.0720 0.8731
101.256 0.2867 0.0730 0.8802
101.297 0.2887 0.0717 0.8645
101.337 0.2877 0.0722 0.8782
101.376 0.2882 0.0723 0.8782
101.415 0.2806 0.0704 0.9074
101.458 0.2752 0.0732 0.9180
101.498 0.2708 0.0721 0.8706
101.538 0.2643 0.0678 0.8422
101.578 0.2589 0.0705 0.8719
101.615 0.2432 0.0674 0.8766
101.659 0.2348 0.0744 0.8840
101.699 0.2259 0.0706 0.8999
101.739 0.2226 0.0675 0.9097
101.778 0.2182 0.0648 0.9097
101.819 0.2072 0.0663 0.8902
101.859 0.1953 0.0685 0.9208
101.899 0.1946 0.0702 0.8888
101.940 0.1927 0.0694 0.9035
101.980 0.1867 0.0723 0.9217
102.019 0.1685 0.0710 0.8821
102.059 0.1509 0.0715 0.9217
102.100 0.1378 0.0751 0.9160
102.140 0.1280 0.0747 0.9107
102.180 0.1150 0.0754 0.8955
102.220 0.0978 0.0727 0.8939
102.257 0.0769 0.0731 0.8573
102.301 0.0578 0.0736 0.8663
102.341 0.0472 0.0736 0.8653
102.381 0.0381 0.0731 0.9176
102.421 0.0246 0.0715 0.8609
102.458 0.0093 0.0697 0.8939
102.502 0.0124 0.0682 0.8859
102.542 0.0218 0.0741 0.8442
102.582 0.0284 0.0726 0.9249
102.622 0.0333 0.0711 0.8609
102.662 0.0385 0.0708 0.8922
102.703 0.0419 0.0729 0.9176
102.743 0.0510 0.0730 0.8783
102.783 0.0554 0.0739 0.8499
102.823 0.0639 0.0729 0.9126
102.862 0.0772 0.0718 0.9051
102.902 0.0763 0.0719 0.8731
102.944 0.0853 0.0705 0.8301
102.984 0.0799 0.0740 0.9355
103.024 0.0736 0.0726 0.9113
103.064 0.0731 0.0717 0.9199
103.101 0.0761 0.0707 0.9421
103.145 0.0880 0.0716 0.9508
103.184 0.0989 0.0716 0.9258
103.225 0.0973 0.0709 0.9014
103.264 0.0996 0.0713 0.8739
103.302 0.0991 0.0676 0.8842
103.345 0.0977 0.0661 0.9112
103.385 0.1107 0.0667 0.9284
103.425 0.1097 0.0692 0.9231
103.465 0.1089 0.0702 0.9085
103.505 0.1059 0.0654 0.8778
103.546 0.1043 0.0654 0.8777
103.586 0.1070 0.0665 0.8742
103.626 0.1009 0.0694 0.8775
103.666 0.0851 0.0678 0.8685
103.706 0.0729 0.0670 0.8580
103.746 0.0601 0.0694 0.8958
103.787 0.0545 0.0661 0.8592
103.828 0.0502 0.0688 0.8612
103.868 0.0405 0.0682 0.8696
103.907 0.0305 0.0688 0.8300
103.944 0.0286 0.0688 0.8536
103.989 0.0333 0.0677 0.8535
104.028 0.0420 0.0664 0.8772
104.068 0.0504 0.0688 0.8550
104.108 0.0563 0.0701 0.8550
104.145 0.0639 0.0692 0.8399
104.189 0.0796 0.0692 0.8399
104.229 0.0978 0.0692 0.8403
104.269 0.1099 0.0689 0.8504
104.309 0.1157 0.0701 0.8385
104.349 0.1210 0.0699 0.8556
104.389 0.1277 0.0708 0.8521
104.429 0.1330 0.0692 0.8392
104.470 0.1375 0.0681 0.8672
104.509 0.1361 0.0692 0.8712
104.549 0.1326 0.0692 0.8696
104.589 0.1241 0.0692 0.8710
104.630 0.1196 0.0674 0.8366
104.670 0.1133 0.0685 0.8625
104.710 0.1073 0.0695 0.8652
104.750 0.0989 0.0716 0.8528
104.788 0.0971 0.0697 0.8652
104.832 0.0938 0.0705 0.8602
104.872 0.0935 0.0704 0.8872
104.912 0.0980 0.0702 0.8882
104.952 0.0983 0.0714 0.8872
104.988 0.1009 0.0725 0.9000
105.033 0.1043 0.0705 0.8911
105.072 0.1089 0.0722 0.8552
105.113 0.1129 0.0713 0.8992
105.152 0.1192 0.0709 0.8936
105.193 0.1201 0.0725 0.8933
105.233 0.1191 0.0715 0.9001
105.273 0.1183 0.0713 0.9031
105.313 0.1152 0.0730 0.8862
105.353 0.1083 0.0697 0.8828
105.392 0.1012 0.0712 0.8851
105.432 0.0983 0.0730 0.8990
105.473 0.0858 0.0704 0.8738
105.514 0.0746 0.0706 0.8802
105.554 0.0646 0.0694 0.8613
105.593 0.0582 0.0678 0.8698
105.631 0.0471 0.0711 0.8772
105.675 0.0360 0.0712 0.8968
105.714 0.0317 0.0690 0.8752
105.755 0.0231 0.0697 0.8979
105.794 0.0166 0.0706 0.8871
105.832 0.0137 0.0719 0.8979
105.875 0.0126 0.0737 0.8945
105.915 0.0074 0.0737 0.8838
105.956 0.0092 0.0701 0.9002
105.996 0.0081 0.0677 0.8675
106.036 0.0077 0.0725 0.8979
106.077 0.0076 0.0737 0.8945
106.117 0.0088 0.0721 0.9089
106.157 0.0102 0.0724 0.8935
106.197 0.0068 0.0701 0.8732
106.236 0.0078 0.0704 0.8959
106.276 0.0074 0.0748 0.8786
106.317 0.0065 0.0716 0.9012
106.357 0.0064 0.0686 0.9106
106.397 0.0046 0.0704 0.9045
106.437 0.0034 0.0716 0.8915
106.474 0.0032 0.0709 0.8925
106.518 0.0052 0.0725 0.8915
106.558 0.0047 0.0716 0.8915
106.598 0.0039 0.0716 0.8915
106.638 0.0030 0.0698 0.8959
106.675 0.0030 0.0716 0.8915
106.719 0.0052 0.0737 0.9056
106.759 0.0048 0.0716 0.8915
106.799 0.0045 0.0698 0.8915
106.839 0.0070 0.0704 0.9045
106.878 0.0065 0.0670 0.8882
106.919 0.0051 0.0686 0.9045
106.959 0.0056 0.0716 0.9012
106.999 0.0038 0.0715 0.9076
107.040 0.0053 0.0719 0.8925
107.079 0.0040 0.0686 0.9045
107.119 0.0048 0.0677 0.8325
107.161 0.0050 0.0707 0.9045
107.201 0.0058 0.0723 0.8925
107.241 0.0045 0.0704 0.9045
107.281 0.0041 0.0692 0.8915
107.318 0.0032 0.0668 0.8882
107.362 0.0033 0.0723 0.8925
107.402 0.0047 0.0723 0.8925
107.442 0.0049 0.0734 0.8925
107.481 0.0057 0.0704 0.9012
107.518 0.0057 0.0702 0.9045
107.562 0.0053 0.0707 0.9045
107.602 0.0043 0.0730 0.9011
107.642 0.0049 0.0742 0.8958
107.682 0.0081 0.0719 0.8925
107.722 0.0076 0.0708 0.8925
107.763 0.0060 0.0696 0.8915
107.803 0.0043 0.0725 0.8915
107.843 0.0063 0.0719 0.9045
107.883 0.0071 0.0719 0.8925
107.922 0.0056 0.0719 0.9019
107.962 0.0138 0.0714 0.8596
108.003 0.0168 0.0719 0.8955
108.044 0.0219 0.0728 0.8446
108.084 0.0262 0.0731 0.9002
108.124 0.0314 0.0733 0.8850
108.161 0.0338 0.0700 0.8576
108.206 0.0384 0.0712 0.8709
108.245 0.0451 0.0712 0.8698
108.285 0.0511 0.0730 0.8968
108.325 0.0529 0.0712 0.8698
108.362 0.0544 0.0712 0.8698
108.406 0.0570 0.0706 0.8698
108.446 0.0532 0.0708 0.8968
108.486 0.0522 0.0706 0.8798
108.526 0.0552 0.0719 0.8578
108.566 0.0557 0.0720 0.8528
108.606 0.0598 0.0703 0.8528
108.646 0.0583 0.0718 0.8528
108.687 0.0568 0.0718 0.8528
108.727 0.0567 0.0723 0.8592
108.766 0.0609 0.0718 0.8446
108.806 0.0665 0.0707 0.8772
108.847 0.0736 0.0689 0.8682
108.887 0.0816 0.0718 0.8439
108.927 0.0973 0.0706 0.8369
108.967 0.1095 0.0720 0.8489
109.004 0.1153 0.0708 0.8381
109.048 0.1273 0.0672 0.8282
109.087 0.1309 0.0695 0.8892
109.128 0.1297 0.0680 0.8552
109.168 0.1413 0.0705 0.8682
109.206 0.1515 0.0685 0.8532
109.249 0.1607 0.0659 0.8756
109.289 0.1684 0.0670 0.8606
109.330 0.1685 0.0686 0.8599
109.369 0.1718 0.0676 0.8726
109.409 0.1690 0.0699 0.8882
109.450 0.1652 0.0682 0.8821
109.490 0.1697 0.0669 0.8821
109.530 0.1684 0.0676 0.8266
109.570 0.1700 0.0676 0.8460
109.610 0.1840 0.0687 0.8786
109.649 0.1950 0.0678 0.8786
109.691 0.2082 0.0647 0.9034
109.731 0.2109 0.0683 0.8589
109.771 0.2169 0.0670 0.8794
109.810 0.2335 0.0655 0.8885
109.847 0.2495 0.0714 0.8696
109.892 0.2661 0.0703 0.8772
109.931 0.2807 0.0665 0.8728
109.972 0.2838 0.0679 0.9019
110.011 0.2845 0.0687 0.8533
110.048 0.2846 0.0716 0.8691
110.092 0.2817 0.0711 0.8483
110.132 0.2729 0.0717 0.8939
110.172 0.2568 0.0678 0.8414
110.212 0.2455 0.0676 0.8726
110.290 0.2206 0.0750 0.8456
110.333 0.1993 0.0709 0.9079
110.373 0.1807 0.0719 0.8412
110.413 0.1620 0.0712 0.8356
110.454 0.1498 0.0714 0.8346
110.493 0.1446 0.0710 0.8362
110.533 0.1392 0.0722 0.8043
110.574 0.1334 0.0703 0.8043
110.615 0.1278 0.0701 0.8296
110.655 0.1227 0.0708 0.8026
110.694 0.1198 0.0740 0.8059
110.732 0.1216 0.0740 0.8038
110.776 0.1132 0.0752 0.7816
110.815 0.1137 0.0755 0.8038
110.855 0.1138 0.0765 0.7785
110.895 0.1094 0.0775 0.7785
110.932 0.1071 0.0833 0.7721
110.976 0.1076 0.0830 0.8162
111.016 0.1028 0.0778 0.8412
111.056 0.1005 0.0771 0.8186
111.096 0.0999 0.0798 0.7753
111.136 0.1007 0.0807 0.8132
111.176 0.1046 0.0838 0.7986
111.216 0.1056 0.0852 0.7848
111.257 0.1120 0.0808 0.8026
111.296 0.1163 0.0850 0.8026
111.336 0.1171 0.0842 0.8310
111.376 0.1210 0.0845 0.8310
111.417 0.1258 0.0826 0.8406
111.457 0.1256 0.0838 0.7988
111.498 0.1326 0.0825 0.8298
111.538 0.1420 0.0841 0.7848
111.575 0.1452 0.0857 0.7753
111.619 0.1530 0.0849 0.8260
111.659 0.1592 0.0866 0.7919
111.699 0.1630 0.0831 0.7799
111.738 0.1643 0.0829 0.7928
111.775 0.1650 0.0824 0.7887
111.820 0.1662 0.0832 0.8203
111.859 0.1690 0.0818 0.8112
111.900 0.1674 0.0835 0.7293
111.939 0.1672 0.0821 0.7568
111.979 0.1695 0.0822 0.7889
112.020 0.1670 0.0836 0.8118
112.060 0.1674 0.0864 0.8300
112.100 0.1653 0.0885 0.8246
112.140 0.1627 0.0885 0.8323
112.179 0.1658 0.0862 0.8105
112.219 0.1702 0.0900 0.7933
112.260 0.1795 0.0863 0.8118
112.301 0.1915 0.0869 0.7936
112.341 0.2003 0.0888 0.7880
112.380 0.2121 0.0852 0.8375
112.418 0.2244 0.0893 0.8842
112.462 0.2370 0.0893 0.8610
112.501 0.2491 0.0875 0.8445
112.542 0.2640 0.0861 0.8856
112.582 0.2722 0.0853 0.8613
112.620 0.2799 0.0870 0.8563
112.663 0.2831 0.0870 0.8365
112.703 0.2857 0.0896 0.8796
112.743 0.2864 0.0872 0.8796
112.783 0.2808 0.0867 0.8444
112.823 0.2773 0.0885 0.8085
112.863 0.2747 0.0900 0.7989
112.903 0.2689 0.0878 0.8112
112.944 0.2637 0.0914 0.8523
112.983 0.2513 0.0909 0.8403
113.023 0.2382 0.0914 0.8176
113.063 0.2283 0.0883 0.8176
113.104 0.2229 0.0868 0.8383
113.144 0.2155 0.0858 0.8306
113.184 0.2100 0.0859 0.8468
113.224 0.2026 0.0863 0.8588
113.262 0.1945 0.0853 0.8324
113.306 0.1895 0.0870 0.8166
113.345 0.1836 0.0862 0.8409
113.385 0.1775 0.0869 0.8937
113.425 0.1696 0.0867 0.8545
113.462 0.1671 0.0867 0.8385
113.506 0.1621 0.0874 0.8080
113.546 0.1559 0.0893 0.8309
113.586 0.1475 0.0892 0.8525
113.625 0.1369 0.0905 0.8759
113.666 0.1265 0.0898 0.8396
113.707 0.1109 0.0880 0.8343
113.747 0.0983 0.0896 0.8669
113.787 0.0840 0.0921 0.8350
113.827 0.0688 0.0920 0.8350
113.867 0.0549 0.0920 0.8350
113.906 0.0419 0.0906 0.8256
113.948 0.0274 0.0908 0.7983
113.988 0.0136 0.0913 0.8387
114.028 0.0063 0.0926 0.8905
114.068 0.0131 0.0872 0.9066
114.105 0.0192 0.0880 0.8775
114.149 0.0202 0.0880 0.8775
114.189 0.0234 0.0881 0.8775
114.229 0.0232 0.0905 0.8943
114.268 0.0225 0.0917 0.9042
114.305 0.0234 0.0917 0.9042
114.349 0.0236 0.0848 0.8723
114.389 0.0271 0.0865 0.8723
114.429 0.0285 0.0867 0.8749
114.469 0.0273 0.0867 0.9012
114.509 0.0272 0.0892 0.8889
114.550 0.0255 0.0871 0.8889
114.590 0.0290 0.0882 0.8889
114.630 0.0342 0.0923 0.8915
114.670 0.0345 0.0889 0.8747
114.709 0.0338 0.0896 0.8773
114.749 0.0334 0.0888 0.8747
114.790 0.0388 0.0890 0.8497
114.832 0.0384 0.0896 0.8949
114.872 0.0359 0.0890 0.8432
114.911 0.0328 0.0890 0.8573
114.948 0.0296 0.0890 0.8573
114.993 0.0257 0.0907 0.8609
115.032 0.0236 0.0861 0.8553
115.072 0.0231 0.0871 0.8553
115.112 0.0185 0.0885 0.8553
115.149 0.0170 0.0901 0.8713
115.193 0.0160 0.0886 0.8553
115.233 0.0185 0.0886 0.8853
115.273 0.0162 0.0858 0.9343
115.313 0.0177 0.0875 0.9050
115.353 0.0189 0.0875 0.9227
115.393 0.0186 0.0870 0.9227
115.433 0.0241 0.0847 0.9050
115.474 0.0285 0.0905 0.8651
115.513 0.0367 0.0833 0.8879
115.553 0.0373 0.0871 0.9129
115.592 0.0389 0.0862 0.8956
115.634 0.0398 0.0847 0.9170
115.674 0.0458 0.0847 0.9137
115.714 0.0527 0.0852 0.9039
115.754 0.0571 0.0848 0.8919
115.791 0.0582 0.0862 0.8987
115.835 0.0616 0.0874 0.8962
115.875 0.0643 0.0884 0.8813
115.915 0.0622 0.0863 0.8813
115.955 0.0603 0.0861 0.8862
115.992 0.0581 0.0886 0.9075
116.037 0.0572 0.0913 0.9249
116.076 0.0579 0.0861 0.9101
116.117 0.0587 0.0956 0.8983
116.156 0.0585 0.0956 0.8779
116.196 0.0550 0.0865 0.8896
116.237 0.0504 0.0865 0.8896
116.277 0.0523 0.0883 0.9024
116.317 0.0544 0.0877 0.8987
116.357 0.0559 0.0870 0.8814
116.396 0.0598 0.0875 0.8736
116.436 0.0646 0.0959 0.9064
116.477 0.0666 0.0926 0.8908
116.518 0.0676 0.0899 0.8826
116.558 0.0646 0.0857 0.8712
116.597 0.0642 0.0894 0.8712
116.635 0.0653 0.0889 0.8993
116.679 0.0618 0.0950 0.8971
116.718 0.0607 0.0916 0.9101
116.759 0.0580 0.0926 0.9101
116.798 0.0507 0.0917 0.8938
116.835 0.0444 0.0880 0.8871
116.879 0.0369 0.0873 0.9092
116.919 0.0285 0.0868 0.8708
116.959 0.0225 0.0886 0.8715
116.999 0.0156 0.0867 0.8903
117.039 0.0114 0.0839 0.8792
117.081 0.0089 0.0876 0.8751
117.120 0.0060 0.0881 0.9062
117.161 0.0078 0.0857 0.9118
117.201 0.0086 0.0858 0.9051
117.240 0.0080 0.0841 0.9290
117.280 0.0074 0.0849 0.8844
117.321 0.0076 0.0876 0.8715
117.361 0.0068 0.0843 0.8824
117.401 0.0068 0.0871 0.8792
117.441 0.0053 0.0859 0.9042
117.478 0.0034 0.0859 0.8792
117.523 0.0049 0.0873 0.8556
117.562 0.0050 0.0884 0.8646
117.602 0.0051 0.0888 0.8859
117.642 0.0046 0.0869 0.8646
117.679 0.0055 0.0868 0.8676
117.723 0.0029 0.0873 0.8646
117.763 0.0037 0.0878 0.8891
117.803 0.0031 0.0877 0.8666
117.843 0.0035 0.0879 0.8652
117.882 0.0036 0.0870 0.8646
117.923 0.0034 0.0845 0.8666
117.963 0.0039 0.0879 0.8646
118.003 0.0034 0.0870 0.8646
118.043 0.0038 0.0869 0.8646
118.083 0.0034 0.0886 0.8891
118.124 0.0040 0.0845 0.8646
118.165 0.0046 0.0873 0.8646
118.205 0.0052 0.0895 0.8728
118.245 0.0037 0.0905 0.8728
118.285 0.0058 0.0869 0.8646
118.322 0.0040 0.0869 0.8646
118.366 0.0036 0.0857 0.8646
118.405 0.0050 0.0873 0.8646
118.446 0.0055 0.0869 0.8646
118.485 0.0059 0.0877 0.8646
118.523 0.0056 0.0869 0.8646
118.567 0.0055 0.0869 0.8891
118.606 0.0070 0.0848 0.8646
118.647 0.0061 0.0869 0.8646
118.686 0.0077 0.0869 0.8855
118.725 0.0088 0.0873 0.8646
118.767 0.0095 0.0869 0.8891
118.807 0.0089 0.0840 0.8765
118.847 0.0069 0.0869 0.8646
118.887 0.0067 0.0888 0.8891
118.926 0.0058 0.0873 0.8646
118.966 0.0079 0.0854 0.8652
119.007 0.0052 0.0848 0.8652
119.048 0.0050 0.0825 0.8765
119.088 0.0056 0.0873 0.8646
119.127 0.0057 0.0878 0.8765
119.165 0.0043 0.0891 0.8646
119.209 0.0045 0.0878 0.8891
119.249 0.0045 0.0880 0.8332
119.290 0.0123 0.0888 0.8699
119.329 0.0148 0.0877 0.8646
119.366 0.0155 0.0890 0.8810
119.410 0.0161 0.0879 0.8646
119.450 0.0192 0.0860 0.8699
119.490 0.0211 0.0853 0.8635
119.530 0.0189 0.0902 0.8635
119.570 0.0196 0.0947 0.8807
119.611 0.0219 0.0944 0.8615
119.650 0.0233 0.0859 0.8624
119.691 0.0223 0.0853 0.8787
119.731 0.0220 0.0870 0.8615
119.770 0.0190 0.0922 0.9121
119.810 0.0137 0.0938 0.8525
119.851 0.0132 0.0914 0.8833
119.891 0.0174 0.0894 0.8807
119.931 0.0200 0.0879 0.8987
119.971 0.0260 0.0901 0.8787
120.008 0.0321 0.0897 0.9077
120.053 0.0405 0.0930 0.8987
120.092 0.0479 0.0889 0.9077
120.132 0.0590 0.0879 0.8987
120.172 0.0690 0.0889 0.8939
120.209 0.0803 0.0916 0.8873
120.253 0.0832 0.0900 0.8848
120.292 0.0896 0.0896 0.8432
120.333 0.1006 0.0862 0.8545
120.373 0.1054 0.0924 0.8673
120.412 0.1103 0.0880 0.8747
120.454 0.1174 0.0883 0.8513
120.494 0.1226 0.0869 0.8309
120.534 0.1241 0.0864 0.8307
120.574 0.1247 0.0873 0.8693
120.614 0.1212 0.0892 0.8657
120.653 0.1163 0.0887 0.8669
120.694 0.1113 0.0885 0.8823
120.735 0.1154 0.0895 0.8497
120.775 0.1177 0.0883 0.8237
120.814 0.1162 0.0886 0.8477
120.852 0.1177 0.0893 0.8387
120.896 0.1188 0.0891 0.8437
120.936 0.1124 0.0899 0.8374
120.976 0.1066 0.0904 0.8317
121.015 0.1048 0.0887 0.8272
121.052 0.1011 0.0896 0.8387
121.096 0.0976 0.0944 0.8355
121.136 0.0987 0.0952 0.7789
121.176 0.1016 0.0898 0.7830
121.216 0.1037 0.0900 0.7893
121.255 0.1035 0.0933 0.7902
121.297 0.1075 0.0955 0.8172
121.336 0.1071 0.0937 0.8123
121.377 0.1078 0.0951 0.8466
121.417 0.1095 0.0876 0.8311
121.457 0.1135 0.0865 0.8504
121.497 0.1150 0.0919 0.8483
121.538 0.1224 0.0922 0.8299
121.578 0.1279 0.0919 0.8473
121.618 0.1326 0.0927 0.8433
121.658 0.1346 0.0903 0.8613
121.695 0.1293 0.0902 0.8626
121.739 0.1253 0.0918 0.8603
121.779 0.1192 0.0945 0.8563
121.819 0.1139 0.0914 0.8432
121.859 0.1100 0.0913 0.8537
121.896 0.1091 0.0897 0.8537
121.940 0.1071 0.0908 0.8658
121.980 0.1096 0.0938 0.8658
122.020 0.1075 0.0924 0.8579
122.060 0.1065 0.0933 0.8728
122.099 0.1071 0.0911 0.8571
122.140 0.1027 0.0899 0.8489
122.180 0.1046 0.0923 0.8721
122.220 0.1077 0.0938 0.9116
122.260 0.1074 0.0930 0.8263
122.300 0.1072 0.0917 0.8143
122.339 0.1033 0.0891 0.8429
122.381 0.0972 0.0896 0.8540
122.421 0.0890 0.0960 0.8491
122.461 0.0784 0.0931 0.8291
122.501 0.0686 0.0921 0.8309
122.539 0.0608 0.0906 0.8153
122.582 0.0475 0.0907 0.8197
122.623 0.0385 0.0932 0.8293
122.663 0.0331 0.0928 0.8469
122.702 0.0252 0.0925 0.8379
122.740 0.0206 0.0923 0.8469
122.784 0.0148 0.0925 0.8379
122.823 0.0127 0.0934 0.8399
122.864 0.0100 0.0934 0.8379
122.903 0.0091 0.0920 0.8399
122.943 0.0096 0.0916 0.8399
122.984 0.0086 0.0903 0.8399
123.024 0.0069 0.0913 0.8153
123.064 0.0077 0.0924 0.8399
123.104 0.0067 0.0967 0.8379
123.143 0.0029 0.0925 0.8379
123.183 0.0031 0.0886 0.8673
123.224 0.0035 0.0917 0.8379
123.265 0.0035 0.0904 0.8379
123.305 0.0042 0.0917 0.8379
123.344 0.0048 0.0923 0.8379
123.382 0.0045 0.0889 0.8313
123.426 0.0028 0.0923 0.8263
123.465 0.0043 0.0904 0.8379
123.506 0.0053 0.0880 0.8473
123.545 0.0059 0.0904 0.8379
123.582 0.0064 0.0856 0.8527
123.626 0.0063 0.0891 0.8177
123.666 0.0068 0.0892 0.8041
123.707 0.0065 0.0851 0.8826
123.747 0.0044 0.0911 0.8313
123.786 0.0043 0.0860 0.8503
123.828 0.0038 0.0893 0.8543
123.867 0.0034 0.0851 0.8826
123.908 0.0031 0.0851 0.8801
123.948 0.0040 0.0901 0.8177
123.987 0.0049 0.0840 0.8486
124.027 0.0079 0.0923 0.8409
124.068 0.0060 0.0900 0.7907
124.108 0.0066 0.0890 0.7967
124.148 0.0074 0.0900 0.8041
124.188 0.0063 0.0929 0.8494
124.226 0.0060 0.0941 0.8346
124.269 0.0052 0.0892 0.8469
124.309 0.0064 0.0875 0.8913
124.349 0.0103 0.0868 0.8363
124.389 0.0206 0.0871 0.8843
124.426 0.0256 0.0849 0.8511
124.470 0.0300 0.0916 0.8289
124.510 0.0388 0.0859 0.8373
124.550 0.0451 0.0847 0.8626
124.590 0.0486 0.0924 0.8057
124.630 0.0487 0.0950 0.8679
124.670 0.0485 0.0956 0.8379
124.710 0.0516 0.0934 0.8371
124.750 0.0595 0.0909 0.8491
124.790 0.0657 0.0906 0.8613
124.831 0.0712 0.0937 0.8494
124.870 0.0706 0.0905 0.8715
124.911 0.0711 0.0898 0.8715
124.952 0.0717 0.0891 0.8739
124.992 0.0725 0.0856 0.8715
125.032 0.0743 0.0943 0.8733
125.069 0.0719 0.0957 0.8461
125.113 0.0705 0.0887 0.8689
125.153 0.0733 0.0884 0.8611
125.193 0.0713 0.0892 0.8551
125.232 0.0634 0.0892 0.8715
125.269 0.0531 0.0918 0.8551
125.313 0.0430 0.0923 0.8301
125.353 0.0322 0.0909 0.8465
125.393 0.0218 0.0865 0.9025
125.433 0.0160 0.0865 0.8813
125.473 0.0117 0.0874 0.8551
125.514 0.0160 0.0865 0.8813
125.553 0.0166 0.0870 0.8813
125.594 0.0128 0.0844 0.8813
125.634 0.0164 0.0870 0.8609
125.673 0.0128 0.0866 0.8301
125.713 0.0087 0.0876 0.8341
125.754 0.0087 0.0945 0.8507
125.795 0.0150 0.0940 0.8341
125.835 0.0268 0.0883 0.8341
125.874 0.0364 0.0921 0.8301
125.912 0.0447 0.0876 0.8341
125.957 0.0507 0.0933 0.8527
125.996 0.0515 0.0935 0.8477
126.036 0.0537 0.0876 0.8724
126.076 0.0559 0.0884 0.8779
126.113 0.0610 0.0879 0.8729
126.157 0.0564 0.0896 0.8729
126.197 0.0547 0.0930 0.8526
126.237 0.0549 0.0894 0.8217
126.277 0.0567 0.0897 0.8217
126.316 0.0554 0.0875 0.8217
126.357 0.0557 0.0891 0.8217
126.397 0.0508 0.0903 0.8217
126.438 0.0494 0.0876 0.8217
126.477 0.0509 0.0889 0.8217
126.517 0.0558 0.0876 0.8217
126.557 0.0589 0.0868 0.8697
126.597 0.0614 0.0926 0.8682
126.638 0.0673 0.0942 0.8657
126.678 0.0729 0.0883 0.8603
126.718 0.0728 0.0839 0.8353
126.755 0.0747 0.0847 0.8343
126.799 0.0758 0.0841 0.8653
126.839 0.0702 0.0862 0.8433
126.879 0.0696 0.0862 0.8089
126.918 0.0708 0.0884 0.8523
126.956 0.0695 0.0910 0.8512
127.000 0.0655 0.0872 0.8475
127.040 0.0645 0.0919 0.8351
127.081 0.0612 0.0882 0.8445
127.120 0.0578 0.0882 0.8343
127.160 0.0526 0.0885 0.8403
127.201 0.0500 0.0866 0.8382
127.241 0.0463 0.0875 0.8432
127.281 0.0417 0.0897 0.8350
127.321 0.0410 0.0906 0.8350
127.360 0.0421 0.0858 0.8403
127.400 0.0430 0.0846 0.8370
127.441 0.0445 0.0852 0.8103
127.482 0.0480 0.0899 0.8103
127.522 0.0503 0.0907 0.8094
127.561 0.0560 0.0907 0.8094
127.599 0.0614 0.0888 0.7811
127.643 0.0697 0.0855 0.8263
127.682 0.0730 0.0875 0.8522
127.723 0.0739 0.0839 0.8737
127.762 0.0759 0.0885 0.8445
127.800 0.0783 0.0844 0.8802
127.843 0.0820 0.0861 0.8616
127.883 0.0861 0.0861 0.8687
127.923 0.0902 0.0871 0.8804
127.963 0.0904 0.0893 0.8902
128.003 0.0917 0.0863 0.8902
128.043 0.0881 0.0824 0.8852
128.083 0.0838 0.0835 0.8686
128.124 0.0790 0.0883 0.8986
128.165 0.0720 0.0925 0.9097
128.204 0.0669 0.0962 0.8945
128.244 0.0589 0.0909 0.8483
128.285 0.0551 0.0899 0.8499
128.325 0.0508 0.0895 0.9104
128.365 0.0415 0.0856 0.9338
128.405 0.0272 0.1069 0.9379
128.442 0.0200 0.0915 0.9338
128.487 0.0107 0.0926 0.9166
128.526 0.0074 0.0884 0.8963
128.566 0.0072 0.0862 0.8913
128.606 0.0068 0.0933 0.8853
128.643 0.0089 0.0922 0.9338
128.687 0.0061 0.0951 0.9033
128.727 0.0087 0.0919 0.8463
128.767 0.0109 0.0946 0.8673
128.807 0.0149 0.0940 0.8673
128.845 0.0117 0.0949 0.8693
128.887 0.0115 0.0948 0.8483
128.927 0.0129 0.0913 0.8463
128.992 0.0102 0.0926 0.8459
129.047 0.0072 0.0908 0.8483
129.086 0.0050 0.0949 0.8260
129.126 0.0085 0.0891 0.8281
129.168 0.0127 0.0862 0.8281
129.208 0.0164 0.0891 0.8502
129.249 0.0219 0.0876 0.8583
129.288 0.0247 0.0893 0.8713
129.326 0.0277 0.0919 0.8713
129.370 0.0253 0.0915 0.8709
129.409 0.0279 0.0924 0.8299
129.450 0.0247 0.0877 0.8483
129.489 0.0228 0.0929 0.8513
129.526 0.0214 0.0982 0.8513
129.570 0.0215 0.0936 0.8609
129.610 0.0202 0.0871 0.8519
129.650 0.0175 0.0865 0.8519
129.690 0.0141 0.0881 0.8436
129.730 0.0127 0.0977 0.8483
129.771 0.0122 0.0917 0.8483
129.811 0.0140 0.0950 0.8433
129.851 0.0157 0.0918 0.8469
129.891 0.0195 0.0945 0.8483
129.930 0.0243 0.0938 0.8764
129.970 0.0313 0.0910 0.8613
130.011 0.0368 0.0932 0.8359
130.052 0.0455 0.0866 0.7922
130.092 0.0599 0.0876 0.8219
130.131 0.0799 0.0876 0.8573
130.168 0.0953 0.0919 0.8507
130.213 0.1102 0.0907 0.8585
130.252 0.1220 0.0915 0.8441
130.292 0.1265 0.0922 0.8661
130.332 0.1297 0.0893 0.8316
130.370 0.1280 0.0934 0.8541
130.414 0.1282 0.0933 0.8476
130.454 0.1281 0.0940 0.8210
130.494 0.1269 0.0940 0.8559
130.534 0.1209 0.0890 0.8340
130.574 0.1101 0.0900 0.8360
130.614 0.0892 0.0910 0.8299
130.654 0.0724 0.0923 0.8385
130.695 0.0605 0.0930 0.8315
130.735 0.0512 0.0886 0.8315
130.774 0.0423 0.0885 0.8396
130.813 0.0349 0.0885 0.8489
130.855 0.0321 0.0911 0.8266
130.895 0.0274 0.0926 0.8157
130.935 0.0198 0.0903 0.8266
130.975 0.0139 0.0905 0.8172
131.012 0.0123 0.0888 0.8512
131.056 0.0087 0.0929 0.8382
131.096 0.0084 0.0927 0.8266
131.136 0.0076 0.0912 0.8107
131.176 0.0071 0.0854 0.8563
131.213 0.0027 0.0895 0.8266
131.257 0.0032 0.0903 0.8512
131.296 0.0023 0.0895 0.8382
131.336 0.0035 0.0913 0.8209
131.376 0.0031 0.0888 0.7920
131.416 0.0042 0.0900 0.8209
131.457 0.0035 0.0895 0.8512
131.498 0.0053 0.0910 0.8107
131.538 0.0042 0.0912 0.8107
131.578 0.0059 0.0875 0.8512
131.618 0.0054 0.0848 0.8363
131.657 0.0075 0.0839 0.8363
131.699 0.0112 0.0925 0.8325
131.739 0.0210 0.0927 0.8382
131.779 0.0318 0.0859 0.8413
131.818 0.0399 0.0908 0.8275
131.856 0.0458 0.0884 0.8275
131.900 0.0564 0.0916 0.7996
131.939 0.0639 0.0946 0.8409
131.980 0.0758 0.0910 0.8643
132.019 0.0807 0.0899 0.8623
132.057 0.0864 0.0905 0.8482
132.101 0.0941 0.0892 0.8403
132.140 0.0963 0.0900 0.8523
132.181 0.0998 0.0920 0.8383
132.220 0.1020 0.0899 0.8080
132.260 0.1003 0.0905 0.8576
132.301 0.0954 0.0859 0.8739
132.341 0.0921 0.0901 0.8797
132.381 0.0860 0.0924 0.8272
132.421 0.0815 0.0894 0.8299
132.460 0.0758 0.0869 0.8439
132.500 0.0676 0.0862 0.8439
132.541 0.0640 0.0855 0.8376
132.582 0.0575 0.0885 0.8515
132.623 0.0527 0.0863 0.8355
132.662 0.0456 0.0876 0.8292
132.699 0.0396 0.0877 0.8292
132.744 0.0311 0.0868 0.8452
132.783 0.0249 0.0874 0.8248
132.823 0.0189 0.0891 0.8562
132.863 0.0174 0.0904 0.8338
132.900 0.0140 0.0872 0.8779
132.944 0.0109 0.0908 0.8179
132.984 0.0105 0.0876 0.8115
133.024 0.0061 0.0887 0.8115
133.064 0.0050 0.0904 0.8063
133.104 0.0054 0.0866 0.8467
133.144 0.0057 0.0876 0.8091
133.184 0.0070 0.0884 0.8159
133.225 0.0070 0.0896 0.8159
133.264 0.0065 0.0899 0.7979
133.304 0.0067 0.0877 0.8335
133.344 0.0067 0.0893 0.7979
133.385 0.0045 0.0888 0.7979
133.426 0.0068 0.0888 0.7979
133.465 0.0128 0.0894 0.7979
133.505 0.0210 0.0916 0.7979
133.542 0.0255 0.0910 0.7979
133.586 0.0292 0.0899 0.7979
133.626 0.0315 0.0878 0.8482
133.666 0.0329 0.0872 0.8369
133.706 0.0342 0.0890 0.8399
133.744 0.0328 0.0904 0.8091
133.788 0.0307 0.0842 0.8116
133.827 0.0281 0.0860 0.8208
133.867 0.0294 0.0858 0.8121
133.907 0.0248 0.0894 0.8068
133.946 0.0194 0.0897 0.8100
133.988 0.0159 0.0886 0.8272
134.028 0.0097 0.0875 0.8208
134.068 0.0068 0.0897 0.8100
134.108 0.0049 0.0875 0.8208
134.147 0.0054 0.0864 0.8228
134.187 0.0053 0.0864 0.8228
134.228 0.0048 0.0890 0.8208
134.269 0.0046 0.0877 0.8228
134.309 0.0036 0.0888 0.7998
134.348 0.0037 0.0864 0.8228
134.386 0.0040 0.0906 0.8120
134.430 0.0031 0.0875 0.8208
134.469 0.0040 0.0875 0.8208
134.509 0.0044 0.0859 0.8250
134.549 0.0050 0.0870 0.8120
134.586 0.0038 0.0864 0.8228
134.630 0.0046 0.0898 0.8281
134.670 0.0065 0.0865 0.8248
134.710 0.0051 0.0875 0.8208
134.750 0.0046 0.0833 0.8326
134.790 0.0063 0.0850 0.8101
134.832 0.0074 0.0886 0.8281
134.871 0.0069 0.0870 0.8170
134.912 0.0080 0.0856 0.8228
134.952 0.0059 0.0870 0.8100
134.991 0.0064 0.0863 0.8039
135.031 0.0052 0.0863 0.8039
135.072 0.0033 0.0875 0.8248
135.112 0.0034 0.0864 0.8228
135.152 0.0052 0.0874 0.8208
135.192 0.0037 0.0847 0.8149
135.229 0.0035 0.0880 0.8100
135.273 0.0032 0.0868 0.8250
135.313 0.0028 0.0875 0.8248
135.353 0.0038 0.0864 0.8228
135.393 0.0080 0.0856 0.8228
135.430 0.0110 0.0850 0.8170
135.474 0.0153 0.0874 0.8272
135.513 0.0194 0.0884 0.8272
135.554 0.0268 0.0874 0.8228
135.594 0.0301 0.0855 0.8248
135.633 0.0357 0.0846 0.8076
135.674 0.0419 0.0833 0.8056
135.714 0.0500 0.0887 0.8170
135.755 0.0628 0.0866 0.8100
135.794 0.0722 0.0910 0.7809
135.833 0.0813 0.0908 0.7862
135.874 0.0837 0.0881 0.7902
135.915 0.0880 0.0898 0.8064
135.956 0.0947 0.0913 0.8267
135.996 0.1002 0.0913 0.8313
136.035 0.1009 0.0897 0.8031
136.073 0.1027 0.0898 0.7803
136.117 0.0984 0.0895 0.7963
136.156 0.0983 0.0895 0.7975
136.197 0.0987 0.0863 0.8603
136.236 0.0961 0.0863 0.8230
136.273 0.0942 0.0870 0.7910
136.317 0.0872 0.0853 0.7899
136.357 0.0815 0.0869 0.8439
136.397 0.0796 0.0867 0.8439
136.437 0.0738 0.0873 0.8399
136.476 0.0700 0.0849 0.8399
136.518 0.0662 0.0833 0.8492
136.558 0.0643 0.0853 0.8595
136.598 0.0666 0.0890 0.8575
136.638 0.0644 0.0890 0.8575
136.677 0.0618 0.0870 0.8337
136.717 0.0570 0.0845 0.8689
136.758 0.0528 0.0799 0.8861
136.799 0.0450 0.0789 0.8779
136.838 0.0493 0.0869 0.8729
136.878 0.0482 0.0819 0.8779
136.916 0.0505 0.0824 0.8726
136.960 0.0488 0.0762 0.8741
136.999 0.0494 0.0797 0.8473
137.040 0.0492 0.0830 0.8828
137.080 0.0481 0.0821 0.8761
137.118 0.0506 0.0827 0.8702
137.161 0.0548 0.0781 0.8961
137.201 0.0572 0.0794 0.8702
137.241 0.0606 0.0815 0.8451
137.281 0.0703 0.0823 0.8691
137.321 0.0733 0.0823 0.8921
137.362 0.0773 0.0838 0.8789
137.401 0.0800 0.0816 0.8272
137.442 0.0848 0.0794 0.8272
137.482 0.0881 0.0790 0.8897
137.521 0.0913 0.0774 0.9219
137.560 0.0908 0.0824 0.8641
137.602 0.0918 0.0809 0.8798
137.642 0.0897 0.0766 0.8306
137.682 0.0896 0.0773 0.8865
137.722 0.0875 0.0837 0.8553
137.759 0.0851 0.0807 0.8599
137.803 0.0832 0.0783 0.8599
137.843 0.0800 0.0765 0.8754
137.883 0.0769 0.0752 0.8763
137.922 0.0716 0.0772 0.8893
137.960 0.0668 0.0789 0.8836
138.004 0.0623 0.0775 0.8492
138.043 0.0635 0.0789 0.8708
138.084 0.0663 0.0763 0.8771
138.124 0.0647 0.0769 0.8794
138.163 0.0646 0.0787 0.8888
138.205 0.0646 0.0787 0.8888
138.245 0.0615 0.0804 0.8965
138.285 0.0560 0.0778 0.8888
138.325 0.0540 0.0773 0.8924
138.364 0.0528 0.0802 0.9139
138.404 0.0538 0.0811 0.8879
138.446 0.0508 0.0773 0.9140
138.486 0.0474 0.0778 0.8629
138.526 0.0443 0.0800 0.8833
138.566 0.0378 0.0815 0.8665
138.603 0.0358 0.0815 0.8923
138.647 0.0331 0.0801 0.8815
138.686 0.0282 0.0798 0.8936
138.727 0.0273 0.0794 0.8772
138.766 0.0273 0.0777 0.8772
138.803 0.0245 0.0813 0.8502
138.848 0.0209 0.0813 0.8899
138.887 0.0142 0.0798 0.8782
138.927 0.0145 0.0801 0.8782
138.967 0.0138 0.0769 0.8782
139.007 0.0120 0.0784 0.8782
139.048 0.0133 0.0796 0.8782
139.087 0.0100 0.0811 0.8782
139.128 0.0107 0.0784 0.8782
139.168 0.0090 0.0779 0.8782
139.207 0.0059 0.0779 0.8782
139.248 0.0056 0.0796 0.8782
139.289 0.0090 0.0791 0.8782
139.329 0.0059 0.0796 0.8782
139.369 0.0056 0.0791 0.8782
139.409 0.0049 0.0791 0.8782
139.446 0.0036 0.0775 0.8686
139.491 0.0037 0.0791 0.8782
139.530 0.0033 0.0791 0.8772
139.570 0.0024 0.0796 0.8675
139.610 0.0038 0.0769 0.8782
139.647 0.0034 0.0782 0.8782
139.691 0.0039 0.0769 0.8782
139.731 0.0033 0.0791 0.8782
139.771 0.0033 0.0807 0.8782
139.810 0.0036 0.0796 0.8782
139.851 0.0037 0.0781 0.8782
139.891 0.0036 0.0775 0.9127
139.931 0.0033 0.0814 0.8907
139.971 0.0032 0.0814 0.8897
140.011 0.0041 0.0773 0.8782
140.051 0.0036 0.0793 0.8907
140.090 0.0033 0.0792 0.8919
140.132 0.0041 0.0787 0.8782
140.172 0.0032 0.0787 0.8782
140.212 0.0041 0.0789 0.8782
140.252 0.0032 0.0780 0.8782
140.290 0.0051 0.0773 0.8782
140.333 0.0060 0.0791 0.8782
140.374 0.0051 0.0805 0.8897
140.461 0.0051 0.0790 0.8834
140.493 0.0031 0.0778 0.8834
140.530 0.0036 0.0778 0.8834
140.574 0.0043 0.0784 0.8782
140.614 0.0052 0.0790 0.8834
140.655 0.0042 0.0799 0.9127
140.694 0.0038 0.0796 0.9098
140.733 0.0042 0.0765 0.9127
140.775 0.0055 0.0774 0.9127
140.815 0.0039 0.0797 0.9127
140.855 0.0047 0.0786 0.9094
140.895 0.0064 0.0797 0.9008
140.934 0.0060 0.0765 0.8978
140.974 0.0056 0.0763 0.9181
141.015 0.0044 0.0786 0.9008
141.056 0.0066 0.0784 0.9094
141.095 0.0062 0.0775 0.9127
141.135 0.0075 0.0776 0.9181
141.173 0.0080 0.0779 0.8931
141.217 0.0099 0.0775 0.8847
141.256 0.0119 0.0785 0.8847
141.296 0.0134 0.0781 0.8859
141.336 0.0154 0.0786 0.8859
141.374 0.0141 0.0799 0.8834
141.417 0.0129 0.0772 0.8782
141.457 0.0102 0.0771 0.8782
141.498 0.0102 0.0778 0.8782
141.538 0.0086 0.0799 0.8834
141.578 0.0085 0.0766 0.8834
141.618 0.0096 0.0785 0.8832
141.658 0.0113 0.0760 0.8782
141.699 0.0123 0.0765 0.8746
141.739 0.0084 0.0791 0.8847
141.778 0.0081 0.0800 0.8782
141.817 0.0082 0.0793 0.8896
141.858 0.0080 0.0760 0.8746
141.899 0.0081 0.0765 0.8796
141.939 0.0083 0.0804 0.8986
141.979 0.0105 0.0814 0.8896
142.016 0.0083 0.0774 0.8826
142.060 0.0056 0.0765 0.8743
142.100 0.0046 0.0768 0.8620
142.140 0.0064 0.0773 0.8859
142.180 0.0056 0.0771 0.8859
142.217 0.0041 0.0778 0.8815
142.260 0.0070 0.0771 0.8859
142.301 0.0089 0.0748 0.8903
142.341 0.0096 0.0748 0.8653
142.380 0.0047 0.0794 0.8863
142.420 0.0057 0.0771 0.8609
142.461 0.0070 0.0765 0.8859
142.501 0.0068 0.0771 0.8859
142.542 0.0037 0.0759 0.8859
142.582 0.0051 0.0760 0.8609
142.621 0.0065 0.0760 0.8609
142.661 0.0060 0.0790 0.8815
142.702 0.0055 0.0764 0.8653
142.743 0.0040 0.0759 0.8859
142.783 0.0043 0.0760 0.8609
142.822 0.0057 0.0787 0.8903
142.860 0.0073 0.0781 0.8699
142.904 0.0089 0.0777 0.8773
142.943 0.0095 0.0760 0.8609
142.984 0.0104 0.0784 0.8747
143.023 0.0131 0.0802 0.8816
143.060 0.0149 0.0801 0.8773
143.104 0.0238 0.0795 0.8863
143.144 0.0285 0.0797 0.8773
143.184 0.0371 0.0789 0.8773
143.224 0.0483 0.0780 0.8863
143.264 0.0557 0.0781 0.8773
143.304 0.0583 0.0808 0.8773
143.344 0.0642 0.0808 0.8773
143.385 0.0672 0.0775 0.8627
143.425 0.0769 0.0727 0.8653
143.464 0.0789 0.0764 0.8452
143.504 0.0751 0.0825 0.8797
143.545 0.0749 0.0798 0.8527
143.585 0.0707 0.0798 0.8778
143.625 0.0636 0.0806 0.8268
143.665 0.0522 0.0758 0.8455
143.703 0.0437 0.0780 0.8970
143.748 0.0365 0.0819 0.9048
143.787 0.0318 0.0809 0.8778
143.827 0.0226 0.0816 0.9135
143.867 0.0230 0.0810 0.8696
143.904 0.0192 0.0795 0.9135
143.948 0.0112 0.0843 0.8696
143.988 0.0137 0.0838 0.9048
144.028 0.0156 0.0793 0.8736
144.068 0.0141 0.0818 0.8736
144.108 0.0154 0.0726 0.8723
144.148 0.0147 0.0796 0.8736
144.188 0.0166 0.0807 0.8469
144.229 0.0139 0.0824 0.8736
144.268 0.0142 0.0794 0.8696
144.308 0.0150 0.0785 0.8696
144.347 0.0139 0.0792 0.8825
144.389 0.0144 0.0817 0.8696
144.429 0.0114 0.0827 0.8696
144.469 0.0069 0.0814 0.8736
144.508 0.0078 0.0769 0.8892
144.546 0.0098 0.0745 0.9048
144.590 0.0151 0.0818 0.8696
144.630 0.0160 0.0820 0.8696
144.670 0.0160 0.0814 0.8892
144.709 0.0193 0.0814 0.8736
144.747 0.0206 0.0774 0.8696
144.791 0.0221 0.0781 0.8660
144.831 0.0232 0.0817 0.8569
144.872 0.0234 0.0820 0.8635
144.911 0.0238 0.0829 0.8466
144.951 0.0257 0.0817 0.8450
144.992 0.0263 0.0801 0.8450
145.032 0.0209 0.0818 0.8240
145.072 0.0169 0.0831 0.8450
145.112 0.0179 0.0823 0.8200
145.151 0.0144 0.0811 0.8240
145.191 0.0115 0.0792 0.8100
145.232 0.0082 0.0805 0.8050
145.273 0.0057 0.0822 0.8009
145.313 0.0055 0.0798 0.8745
145.352 0.0028 0.0798 0.8745
145.390 0.0035 0.0809 0.8240
145.434 0.0040 0.0783 0.8249
145.473 0.0083 0.0761 0.8855
145.513 0.0122 0.0770 0.8902
145.553 0.0142 0.0815 0.8795
145.590 0.0159 0.0746 0.8914
145.634 0.0252 0.0748 0.8804
145.674 0.0286 0.0749 0.8633
145.714 0.0338 0.0794 0.8549
145.754 0.0401 0.0806 0.8644
145.793 0.0394 0.0791 0.8422
145.835 0.0411 0.0789 0.8543
145.874 0.0455 0.0800 0.8781
145.915 0.0450 0.0800 0.8909
145.956 0.0447 0.0811 0.8909
145.995 0.0425 0.0800 0.9117
146.035 0.0434 0.0792 0.8918
146.076 0.0425 0.0784 0.9052
146.116 0.0427 0.0800 0.8815
146.156 0.0443 0.0778 0.8571
146.196 0.0441 0.0819 0.8821
146.233 0.0388 0.0775 0.9303
146.278 0.0394 0.0766 0.9344
146.317 0.0422 0.0798 0.8968
146.357 0.0486 0.0779 0.8721
146.397 0.0538 0.0787 0.9151
146.434 0.0542 0.0819 0.8883
146.478 0.0508 0.0772 0.9151
146.517 0.0495 0.0764 0.8979
146.558 0.0483 0.0752 0.8683
146.598 0.0459 0.0777 0.8862
146.637 0.0397 0.0777 0.8773
146.678 0.0322 0.0765 0.8872
146.718 0.0299 0.0766 0.8773
146.758 0.0300 0.0747 0.8403
146.798 0.0300 0.0777 0.8773
146.838 0.0221 0.0778 0.8773
146.877 0.0116 0.0764 0.9149
146.918 0.0083 0.0764 0.9007
146.959 0.0109 0.0775 0.9007
146.999 0.0124 0.0739 0.9149
147.039 0.0209 0.0756 0.9149
147.077 0.0230 0.0774 0.9080
147.121 0.0248 0.0766 0.9149
147.161 0.0306 0.0766 0.9149
147.201 0.0405 0.0756 0.9129
147.240 0.0464 0.0753 0.8653
147.277 0.0539 0.0766 0.9171
147.321 0.0553 0.0787 0.9215
147.361 0.0611 0.0769 0.9005
147.401 0.0663 0.0748 0.9305
147.441 0.0664 0.0757 0.8994
147.480 0.0697 0.0742 0.8887
147.522 0.0696 0.0809 0.8836
147.562 0.0680 0.0832 0.8748
147.602 0.0644 0.0752 0.8835
147.642 0.0654 0.0754 0.9115
147.681 0.0578 0.0766 0.8999
147.721 0.0535 0.0780 0.9076
147.762 0.0419 0.0792 0.8986
147.803 0.0419 0.0762 0.8788
147.843 0.0435 0.0763 0.8941
147.882 0.0400 0.0766 0.8778
147.919 0.0376 0.0757 0.8788
147.964 0.0367 0.0788 0.8835
148.003 0.0314 0.0769 0.8878
148.043 0.0266 0.0778 0.9041
148.083 0.0261 0.0751 0.9093
148.121 0.0226 0.0794 0.9069
148.165 0.0264 0.0784 0.9093
148.205 0.0247 0.0785 0.8909
148.245 0.0227 0.0792 0.8909
148.285 0.0188 0.0802 0.8913
148.324 0.0142 0.0793 0.8823
148.365 0.0119 0.0779 0.8873
148.405 0.0100 0.0794 0.8921
148.446 0.0055 0.0804 0.8873
148.486 0.0053 0.0787 0.8937
148.525 0.0045 0.0773 0.9257
148.564 0.0044 0.0771 0.9085
148.606 0.0062 0.0780 0.8913
148.646 0.0112 0.0802 0.8963
148.686 0.0221 0.0770 0.8823
148.726 0.0279 0.0780 0.8823
148.763 0.0345 0.0799 0.8823
148.807 0.0429 0.0762 0.9318
148.847 0.0547 0.0802 0.8963
148.887 0.0674 0.0780 0.9033
148.927 0.0768 0.0740 0.8859
148.963 0.0840 0.0740 0.8760
149.008 0.0986 0.0740 0.8760
149.047 0.1051 0.0740 0.8745
149.087 0.1201 0.0808 0.8866
149.127 0.1275 0.0792 0.8725
149.168 0.1253 0.0773 0.8697
149.208 0.1282 0.0780 0.8607
149.249 0.1306 0.0764 0.8907
149.289 0.1420 0.0828 0.8816
149.329 0.1464 0.0830 0.8584
149.368 0.1452 0.0819 0.8499
149.408 0.1451 0.0789 0.8538
149.449 0.1472 0.0764 0.8577
149.490 0.1441 0.0804 0.8606
149.530 0.1436 0.0811 0.9058
149.569 0.1395 0.0805 0.8824
149.607 0.1352 0.0813 0.8681
149.651 0.1360 0.0802 0.8632
149.691 0.1320 0.0793 0.8641
149.731 0.1320 0.0805 0.8970
149.770 0.1256 0.0829 0.8621
149.807 0.1141 0.0828 0.8737
149.851 0.1065 0.0800 0.8846
149.891 0.1002 0.0809 0.8799
149.931 0.0969 0.0806 0.8963
149.971 0.0927 0.0834 0.8490
150.010 0.0884 0.0815 0.8421
150.051 0.0872 0.0814 0.8303
150.091 0.0795 0.0816 0.8303
150.132 0.0718 0.0804 0.8437
150.172 0.0685 0.0822 0.8907
150.211 0.0669 0.0811 0.8930
150.251 0.0603 0.0856 0.8213
150.292 0.0552 0.0834 0.8657
150.332 0.0538 0.0794 0.8657
150.373 0.0501 0.0826 0.8635
150.413 0.0452 0.0838 0.8635
150.450 0.0385 0.0842 0.8201
150.495 0.0381 0.0829 0.8137
150.534 0.0314 0.0836 0.8166
150.574 0.0347 0.0840 0.8009
150.614 0.0349 0.0855 0.8260
150.651 0.0295 0.0853 0.8451
150.695 0.0225 0.0838 0.8169
150.735 0.0194 0.0827 0.8166
150.775 0.0240 0.0772 0.8911
150.815 0.0237 0.0796 0.8904
150.853 0.0228 0.0873 0.8050
150.895 0.0210 0.0864 0.8542
150.935 0.0239 0.0802 0.9105
150.975 0.0240 0.0788 0.9567
151.015 0.0247 0.0853 0.8050
151.055 0.0199 0.0883 0.8379
151.094 0.0200 0.0861 0.8050
151.136 0.0229 0.0838 0.8578
151.176 0.0217 0.0810 0.8050
151.216 0.0207 0.0816 0.8511
151.255 0.0136 0.0837 0.8511
151.293 0.0083 0.0847 0.8511
151.337 0.0063 0.0877 0.8219
151.377 0.0055 0.0825 0.8511
151.417 0.0040 0.0812 0.8511
151.457 0.0056 0.0837 0.8511
151.494 0.0074 0.0837 0.8511
151.538 0.0059 0.0860 0.8511
151.578 0.0061 0.0860 0.8511
151.618 0.0077 0.0838 0.8511
151.658 0.0135 0.0832 0.8511
151.697 0.0206 0.0837 0.8511
151.739 0.0306 0.0850 0.8511
151.778 0.0377 0.0832 0.8511
151.819 0.0467 0.0842 0.8511
151.859 0.0538 0.0833 0.8341
151.898 0.0673 0.0822 0.8341
151.938 0.0753 0.0888 0.8871
151.979 0.0807 0.0865 0.8219
152.020 0.0925 0.0832 0.7960
152.060 0.0992 0.0854 0.7800
152.099 0.1044 0.0864 0.7803
152.136 0.1047 0.0861 0.7972
152.181 0.1036 0.0899 0.8177
152.220 0.0990 0.0899 0.7935
152.260 0.0963 0.0865 0.7973
152.300 0.0979 0.0865 0.7739
152.337 0.0970 0.0854 0.7759
152.381 0.0918 0.0866 0.8181
152.421 0.0870 0.0860 0.8120
152.461 0.0859 0.0831 0.8292
152.501 0.0838 0.0862 0.8216
152.540 0.0812 0.0815 0.7906
152.582 0.0815 0.0850 0.8403
152.622 0.0847 0.0854 0.8383
152.663 0.0877 0.0827 0.8313
152.702 0.0917 0.0807 0.8077
152.742 0.0966 0.0801 0.7727
152.781 0.0979 0.0800 0.8313
152.823 0.0974 0.0869 0.8455
152.863 0.0974 0.0853 0.8322
152.903 0.0973 0.0836 0.8341
152.943 0.0978 0.0812 0.8332
152.980 0.0973 0.0828 0.8352
153.024 0.1002 0.0809 0.8486
153.064 0.1005 0.0852 0.8352
153.104 0.0994 0.0842 0.8162
153.144 0.0969 0.0847 0.8385
153.180 0.0956 0.0817 0.8275
153.225 0.0950 0.0824 0.8275
153.264 0.0959 0.0872 0.8383
153.305 0.0944 0.0852 0.8205
153.344 0.0963 0.0837 0.8665
153.384 0.0980 0.0850 0.8403
153.425 0.0990 0.0868 0.8089
153.465 0.1007 0.0865 0.8159
153.505 0.0992 0.0897 0.8232
153.545 0.0950 0.0895 0.8232
153.585 0.0903 0.0863 0.8362
153.624 0.0849 0.0842 0.8251
153.666 0.0805 0.0869 0.8251
153.707 0.0752 0.0864 0.8332
153.747 0.0655 0.0886 0.8332
153.786 0.0603 0.0872 0.8436
153.824 0.0535 0.0849 0.8169
153.868 0.0466 0.0848 0.8559
153.907 0.0416 0.0848 0.8579
153.947 0.0334 0.0884 0.8456
153.987 0.0254 0.0853 0.8529
154.024 0.0194 0.0886 0.8083
154.068 0.0131 0.0877 0.8214
154.108 0.0103 0.0858 0.8083
154.148 0.0061 0.0862 0.7975
154.188 0.0024 0.0894 0.8083
154.228 0.0043 0.0895 0.8353
154.269 0.0056 0.0850 0.8123
154.308 0.0080 0.0846 0.8083
154.349 0.0084 0.0845 0.8083
154.389 0.0083 0.0829 0.8549
154.428 0.0087 0.0891 0.8033
154.468 0.0064 0.0857 0.8083
154.509 0.0067 0.0891 0.8033
154.549 0.0063 0.0850 0.8083
154.589 0.0060 0.0859 0.8493
154.629 0.0066 0.0906 0.8671
154.666 0.0075 0.0858 0.8083
154.711 0.0048 0.0899 0.8033
154.750 0.0061 0.0840 0.8631
154.790 0.0050 0.0861 0.8365
154.831 0.0042 0.0884 0.8635
154.868 0.0069 0.0832 0.8529
154.912 0.0061 0.0862 0.8275
154.952 0.0056 0.0878 0.8385
154.992 0.0046 0.0833 0.8473
155.031 0.0045 0.0888 0.8362
155.071 0.0035 0.0871 0.8365
155.112 0.0036 0.0883 0.8365
155.152 0.0031 0.0843 0.8476
155.192 0.0037 0.0896 0.8096
155.232 0.0051 0.0865 0.8365
155.272 0.0053 0.0872 0.8365
155.311 0.0047 0.0871 0.8365
155.353 0.0052 0.0874 0.8275
155.393 0.0044 0.0817 0.8365
155.433 0.0042 0.0868 0.8365
155.472 0.0036 0.0899 0.8365
155.510 0.0045 0.0857 0.8185
155.554 0.0042 0.0833 0.8365
155.594 0.0034 0.0868 0.8275
155.634 0.0029 0.0828 0.8452
155.673 0.0023 0.0841 0.8452
155.710 0.0041 0.0872 0.8365
155.754 0.0049 0.0884 0.8452
155.794 0.0072 0.0850 0.8452
155.834 0.0085 0.0851 0.8365
155.874 0.0109 0.0846 0.8452
155.914 0.0106 0.0868 0.8245
155.956 0.0100 0.0861 0.8365
155.996 0.0096 0.0854 0.8272
156.036 0.0092 0.0854 0.8332
156.076 0.0091 0.0806 0.8452
156.115 0.0097 0.0842 0.8472
156.155 0.0103 0.0864 0.8275
156.196 0.0087 0.0849 0.8362
156.237 0.0075 0.0838 0.8452
156.277 0.0063 0.0866 0.8365
156.316 0.0052 0.0854 0.8332
156.354 0.0043 0.0866 0.8452
156.398 0.0045 0.0851 0.8362
156.437 0.0067 0.0867 0.8436
156.477 0.0094 0.0813 0.8452
156.517 0.0147 0.0853 0.8436
156.554 0.0188 0.0891 0.8436
156.598 0.0272 0.0863 0.8275
156.638 0.0329 0.0878 0.8436
156.678 0.0395 0.0854 0.8472
156.718 0.0439 0.0853 0.8472
156.758 0.0482 0.0864 0.8436
156.798 0.0519 0.0861 0.8332
156.838 0.0549 0.0873 0.8346
156.879 0.0571 0.0863 0.8346
156.919 0.0559 0.0851 0.8282
156.958 0.0558 0.0832 0.8271
157.021 0.0548 0.0839 0.8358
157.080 0.0498 0.0860 0.8306
157.120 0.0471 0.0837 0.8486
157.160 0.0435 0.0838 0.8036
157.200 0.0407 0.0873 0.8339
157.238 0.0384 0.0851 0.8282
157.281 0.0403 0.0888 0.8282
157.321 0.0412 0.0867 0.8116
157.361 0.0437 0.0864 0.8359
157.401 0.0457 0.0826 0.8126
157.438 0.0465 0.0856 0.8153
157.482 0.0478 0.0834 0.9085
157.521 0.0493 0.0864 0.8547
157.562 0.0480 0.0818 0.8618
157.601 0.0456 0.0819 0.8618
157.641 0.0428 0.0814 0.8209
157.682 0.0385 0.0848 0.8269
157.722 0.0371 0.0843 0.8269
157.762 0.0325 0.0848 0.8269
157.802 0.0289 0.0819 0.8485
157.842 0.0238 0.0828 0.8249
157.881 0.0189 0.0819 0.8485
157.922 0.0172 0.0868 0.8305
157.963 0.0143 0.0819 0.8485
158.003 0.0129 0.0826 0.8485
158.043 0.0102 0.0828 0.8269
158.081 0.0104 0.0819 0.8485
158.124 0.0105 0.0819 0.8429
158.165 0.0102 0.0819 0.8485
158.205 0.0098 0.0819 0.8275
158.244 0.0114 0.0810 0.8179
158.281 0.0113 0.0803 0.8179
158.326 0.0096 0.0819 0.8136
158.365 0.0074 0.0840 0.8136
158.405 0.0080 0.0819 0.8485
158.445 0.0062 0.0857 0.8070
158.486 0.0043 0.0819 0.8275
158.526 0.0044 0.0819 0.8275
158.565 0.0040 0.0845 0.8095
158.606 0.0043 0.0829 0.8485
158.646 0.0043 0.0826 0.8275
158.685 0.0036 0.0819 0.8275
158.725 0.0046 0.0819 0.8275
158.766 0.0048 0.0819 0.8275
158.807 0.0049 0.0840 0.8275
158.847 0.0034 0.0845 0.8095
158.886 0.0040 0.0845 0.8095
158.923 0.0042 0.0819 0.8136
158.968 0.0036 0.0845 0.8070
159.007 0.0043 0.0845 0.8095
159.047 0.0046 0.0819 0.8275
159.087 0.0046 0.0819 0.8275
159.124 0.0068 0.0819 0.8275
159.168 0.0068 0.0803 0.8039
159.208 0.0057 0.0804 0.8179
159.249 0.0078 0.0826 0.8485
159.289 0.0048 0.0819 0.8275
159.329 0.0047 0.0819 0.8275
159.369 0.0050 0.0803 0.8179
159.409 0.0058 0.0819 0.8275
159.450 0.0063 0.0819 0.8275
159.489 0.0043 0.0819 0.8188
159.529 0.0037 0.0829 0.7973
159.568 0.0051 0.0803 0.8039
159.610 0.0055 0.0819 0.8275
159.650 0.0064 0.0819 0.8275
159.690 0.0048 0.0840 0.8275
159.730 0.0046 0.0819 0.8275
159.767 0.0093 0.0826 0.8275
159.811 0.0157 0.0829 0.7999
159.851 0.0227 0.0819 0.8136
159.891 0.0316 0.0819 0.8136
159.931 0.0434 0.0819 0.8275
159.967 0.0495 0.0819 0.8136
160.012 0.0582 0.0837 0.8185
160.051 0.0610 0.0827 0.8176
160.092 0.0681 0.0827 0.8406
160.131 0.0763 0.0828 0.8332
160.171 0.0819 0.0820 0.8310
160.212 0.0893 0.0826 0.8175
160.252 0.0923 0.0808 0.8056
160.292 0.0900 0.0798 0.8006
160.332 0.0881 0.0770 0.8505
160.372 0.0892 0.0761 0.8859
160.412 0.0872 0.0760 0.8625
160.453 0.0854 0.0766 0.8497
160.494 0.0827 0.0750 0.8601
160.534 0.0847 0.0737 0.9022
160.573 0.0843 0.0790 0.8646
160.611 0.0837 0.0753 0.8679
160.655 0.0889 0.0773 0.8382
160.695 0.0932 0.0752 0.8502
160.735 0.0944 0.0734 0.8664
160.774 0.0936 0.0767 0.8685
160.811 0.0955 0.0804 0.8973
160.855 0.0938 0.0772 0.8590
160.895 0.0929 0.0753 0.8620
160.935 0.0891 0.0755 0.8685
160.975 0.0863 0.0742 0.8901
161.015 0.0826 0.0790 0.8845
161.056 0.0787 0.0767 0.8640
161.095 0.0756 0.0796 0.8539
161.136 0.0709 0.0742 0.9032
161.176 0.0591 0.0773 0.8590
161.215 0.0477 0.0802 0.8578
161.255 0.0419 0.0821 0.8840
161.296 0.0398 0.0801 0.8840
161.336 0.0385 0.0806 0.8578
161.376 0.0336 0.0768 0.8649
161.416 0.0304 0.0818 0.8640
161.454 0.0334 0.0803 0.8875
161.498 0.0294 0.0793 0.8840
161.538 0.0312 0.0735 0.8759
161.578 0.0291 0.0760 0.8660
161.618 0.0223 0.0759 0.8985
161.655 0.0260 0.0751 0.8789
161.699 0.0237 0.0765 0.8985
161.738 0.0217 0.0751 0.8649
161.779 0.0209 0.0746 0.8439
161.819 0.0181 0.0727 0.8473
161.858 0.0171 0.0747 0.8439
161.899 0.0155 0.0758 0.8439
161.939 0.0133 0.0770 0.8439
161.979 0.0157 0.0797 0.8669
162.019 0.0128 0.0736 0.8439
162.059 0.0114 0.0766 0.8439
162.098 0.0129 0.0785 0.8659
162.139 0.0124 0.0797 0.8677
162.180 0.0157 0.0748 0.8439
162.220 0.0169 0.0757 0.8699
162.259 0.0153 0.0737 0.8709
162.297 0.0151 0.0750 0.8649
162.341 0.0156 0.0828 0.8688
162.381 0.0163 0.0750 0.8709
162.421 0.0135 0.0750 0.8699
162.460 0.0106 0.0736 0.8889
162.498 0.0115 0.0728 0.9019
162.542 0.0110 0.0812 0.8649
162.582 0.0087 0.0766 0.8840
162.622 0.0070 0.0769 0.9069
162.662 0.0063 0.0757 0.8596
162.702 0.0060 0.0768 0.8587
162.743 0.0058 0.0755 0.9080
162.782 0.0042 0.0767 0.8840
162.823 0.0037 0.0789 0.8909
162.863 0.0072 0.0768 0.9140
162.902 0.0056 0.0731 0.8829
162.942 0.0030 0.0739 0.8829
162.983 0.0062 0.0737 0.9019
163.024 0.0048 0.0751 0.8829
163.064 0.0044 0.0750 0.8829
163.103 0.0060 0.0756 0.8726
163.140 0.0037 0.0727 0.8889
163.185 0.0049 0.0750 0.8699
163.224 0.0110 0.0766 0.8709
163.264 0.0207 0.0766 0.8840
163.304 0.0305 0.0737 0.9069
163.341 0.0373 0.0741 0.8699
163.385 0.0393 0.0727 0.8939
163.425 0.0433 0.0787 0.8399
163.465 0.0528 0.0771 0.8833
163.505 0.0562 0.0783 0.8202
163.545 0.0591 0.0753 0.8330
163.585 0.0598 0.0750 0.8486
163.625 0.0610 0.0738 0.8576
163.666 0.0607 0.0771 0.8576
163.707 0.0632 0.0762 0.8576
163.746 0.0612 0.0738 0.8526
163.786 0.0533 0.0742 0.8265
163.827 0.0446 0.0723 0.8265
163.867 0.0385 0.0728 0.8535
163.907 0.0353 0.0748 0.8535
163.946 0.0305 0.0738 0.8805
163.984 0.0254 0.0740 0.8772
164.028 0.0196 0.0740 0.8772
164.068 0.0170 0.0750 0.8772
164.108 0.0144 0.0792 0.8729
164.148 0.0134 0.0786 0.8639
164.184 0.0093 0.0743 0.8835
164.229 0.0048 0.0736 0.8802
164.269 0.0044 0.0740 0.8562
164.309 0.0055 0.0762 0.8835
164.348 0.0030 0.0776 0.8568
164.388 0.0047 0.0761 0.8515
164.429 0.0048 0.0749 0.8576
164.469 0.0039 0.0742 0.8482
164.509 0.0047 0.0742 0.8475
164.549 0.0046 0.0762 0.8475
164.588 0.0060 0.0788 0.8170
164.628 0.0129 0.0750 0.8475
164.669 0.0183 0.0749 0.8535
164.710 0.0229 0.0749 0.8542
164.750 0.0274 0.0750 0.8542
164.848 0.0318 0.0789 0.8846
164.868 0.0340 0.0781 0.8282
164.912 0.0331 0.0810 0.8322
164.952 0.0313 0.0795 0.7976
164.992 0.0330 0.0818 0.7906
165.031 0.0340 0.0794 0.7976
165.068 0.0349 0.0805 0.8072
165.112 0.0316 0.0816 0.8072
165.152 0.0256 0.0776 0.8072
165.192 0.0217 0.0807 0.8072
165.232 0.0193 0.0827 0.8072
165.272 0.0185 0.0817 0.8072
165.313 0.0192 0.0795 0.7996
165.352 0.0165 0.0793 0.7926
165.393 0.0165 0.0773 0.8322
165.433 0.0173 0.0856 0.8322
165.472 0.0148 0.0810 0.8072
165.512 0.0128 0.0798 0.8176
165.553 0.0144 0.0793 0.8156
165.594 0.0158 0.0801 0.8119
165.634 0.0173 0.0797 0.8322
165.673 0.0174 0.0804 0.8049
165.710 0.0223 0.0799 0.8352
165.755 0.0273 0.0804 0.8049
165.794 0.0269 0.0789 0.8212
165.834 0.0273 0.0795 0.8216
165.874 0.0320 0.0804 0.8085
165.912 0.0329 0.0839 0.8056
165.956 0.0337 0.0803 0.7756
165.996 0.0363 0.0813 0.7712
166.036 0.0332 0.0793 0.7712
166.076 0.0289 0.0803 0.7712
166.115 0.0263 0.0815 0.7712
166.156 0.0251 0.0813 0.7712
166.196 0.0226 0.0800 0.7712
166.237 0.0162 0.0813 0.7872
166.276 0.0142 0.0803 0.7663
166.316 0.0114 0.0801 0.7872
166.355 0.0083 0.0837 0.7532
166.397 0.0052 0.0811 0.7712
166.437 0.0034 0.0841 0.7483
166.477 0.0026 0.0807 0.7483
166.517 0.0035 0.0817 0.7742
166.555 0.0036 0.0818 0.7742
166.598 0.0018 0.0880 0.7372
166.638 0.0026 0.0794 0.7872
166.678 0.0031 0.0824 0.7872
166.718 0.0031 0.0832 0.7483
166.754 0.0025 0.0805 0.7742
166.799 0.0030 0.0822 0.7526
166.839 0.0028 0.0805 0.7742
166.879 0.0035 0.0829 0.7622
166.919 0.0025 0.0832 0.7352
166.958 0.0032 0.0801 0.7712
166.999 0.0030 0.0812 0.7872
167.040 0.0029 0.0859 0.7393
167.080 0.0041 0.0801 0.7872
167.120 0.0036 0.0843 0.7352
167.159 0.0023 0.0851 0.7408
167.199 0.0032 0.0836 0.7546
167.240 0.0031 0.0844 0.7712
167.281 0.0040 0.0812 0.7872
167.321 0.0034 0.0821 0.7546
167.360 0.0033 0.0819 0.7483
167.398 0.0048 0.0851 0.7393
167.442 0.0041 0.0820 0.7872
167.482 0.0025 0.0794 0.7742
167.522 0.0038 0.0854 0.7262
167.561 0.0038 0.0821 0.7546
167.598 0.0045 0.0844 0.7262
167.643 0.0034 0.0812 0.7872
167.682 0.0034 0.0780 0.7582
167.722 0.0044 0.0805 0.7742
167.762 0.0064 0.0832 0.7352
167.802 0.0045 0.0821 0.7546
167.842 0.0038 0.0807 0.7872
167.882 0.0054 0.0820 0.7742
167.923 0.0054 0.0843 0.7742
167.963 0.0044 0.0808 0.7742
168.002 0.0037 0.0772 0.7742
168.042 0.0049 0.0830 0.7262
168.083 0.0028 0.0794 0.7742
168.124 0.0027 0.0814 0.7872
168.165 0.0034 0.0809 0.7546
168.204 0.0081 0.0827 0.7483
168.241 0.0097 0.0794 0.7872
168.286 0.0088 0.0827 0.7483
168.325 0.0121 0.0823 0.7416
168.365 0.0139 0.0823 0.7416
168.405 0.0151 0.0832 0.7352
168.442 0.0166 0.0832 0.7352
168.486 0.0210 0.0843 0.7352
168.526 0.0232 0.0851 0.7526
168.566 0.0247 0.0863 0.7526
168.606 0.0279 0.0854 0.7534
168.645 0.0297 0.0854 0.7462
168.686 0.0287 0.0830 0.7483
168.726 0.0280 0.0814 0.7666
168.766 0.0294 0.0854 0.7646
168.806 0.0283 0.0826 0.7666
168.845 0.0299 0.0809 0.7592
168.886 0.0334 0.0844 0.7468
168.926 0.0332 0.0844 0.7448
168.967 0.0340 0.0853 0.7548
169.007 0.0345 0.0853 0.7548
169.047 0.0331 0.0834 0.7456
169.084 0.0346 0.0853 0.7548
169.128 0.0327 0.0854 0.7578
169.168 0.0334 0.0854 0.7578
169.208 0.0386 0.0854 0.7578
169.248 0.0418 0.0857 0.7506
169.285 0.0477 0.0817 0.7832
169.330 0.0507 0.0809 0.7416
169.369 0.0507 0.0831 0.7412
169.409 0.0511 0.0838 0.7352
169.449 0.0551 0.0781 0.8737
169.489 0.0521 0.0774 0.8737
169.530 0.0554 0.0735 0.8366
169.570 0.0560 0.0728 0.8286
169.610 0.0584 0.0743 0.8446
169.650 0.0618 0.0758 0.8405
169.689 0.0577 0.0757 0.8639
169.729 0.0564 0.0769 0.8716
169.770 0.0531 0.0739 0.8444
169.811 0.0538 0.0713 0.8472
169.851 0.0583 0.0743 0.8472
169.890 0.0623 0.0771 0.8410
169.928 0.0609 0.0739 0.8656
169.972 0.0613 0.0720 0.9052
170.011 0.0631 0.0744 0.9016
170.052 0.0624 0.0769 0.8453
170.091 0.0615 0.0745 0.8803
170.128 0.0558 0.0739 0.8879
170.172 0.0528 0.0700 0.8969
170.212 0.0526 0.0764 0.9262
170.252 0.0556 0.0701 0.9053
170.292 0.0558 0.0725 0.8969
170.332 0.0518 0.0741 0.8832
170.374 0.0522 0.0742 0.9116
170.413 0.0534 0.0724 0.9066
170.454 0.0602 0.0700 0.9156
170.493 0.0668 0.0709 0.9139
170.533 0.0749 0.0739 0.8989
170.573 0.0767 0.0753 0.8975
170.614 0.0841 0.0722 0.9025
170.654 0.0892 0.0707 0.9065
170.694 0.0961 0.0724 0.8882
170.734 0.0959 0.0758 0.8681
170.771 0.0940 0.0781 0.8949
170.816 NaN 0.0798 0.8858
170.855 NaN 0.0734 0.8793
170.895 NaN 0.0747 0.8745
170.935 NaN 0.0766 0.8865
170.972 NaN 0.0816 0.8592
171.016 NaN 0.0769 0.8832
171.055 NaN 0.0734 0.8815
171.096 NaN 0.0730 0.8509
