495.070 NaN 0.0800 0.9548
495.110 NaN 0.0782 0.9520
495.149 NaN 0.0766 0.9595
495.190 NaN 0.0765 0.9722
495.231 NaN 0.0760 0.9557
495.271 NaN 0.0785 0.9687
495.311 NaN 0.0760 0.9540
495.349 0.2070 0.0750 0.9660
495.392 0.2017 0.0738 0.9815
495.432 0.1981 0.0752 0.9655
495.472 0.1923 0.0781 0.9573
495.511 0.1821 0.0763 0.9589
495.549 0.1745 0.0773 0.9495
495.593 0.1700 0.0746 0.9123
495.632 0.1643 0.0737 0.9123
495.673 0.1690 0.0765 0.9303
495.712 0.1683 0.0765 0.9922
495.752 0.1647 0.0771 0.9894
495.793 0.1636 0.0757 0.9263
495.833 0.1657 0.0736 0.9031
495.874 0.1721 0.0739 0.9567
495.914 0.1795 0.0755 0.9533
495.953 0.1817 0.0758 0.9398
495.993 0.1899 0.0734 0.9660
496.034 0.2019 0.0724 0.9462
496.075 0.2107 0.0757 0.9779
496.115 0.2198 0.0758 0.9221
496.154 0.2202 0.0752 0.9165
496.192 0.2171 0.0747 0.9546
496.236 0.2141 0.0742 0.9636
496.275 0.2133 0.0760 0.9331
496.316 0.2132 0.0760 0.9800
496.355 0.2117 0.0809 0.9385
496.392 0.2031 0.0797 0.9148
496.436 0.1975 0.0787 0.9132
496.476 0.1882 0.0780 0.9249
496.516 0.1751 0.0800 0.9186
496.556 0.1614 0.0808 0.9252
496.595 0.1475 0.0811 0.9541
496.636 0.1357 0.0840 0.9499
496.676 0.1274 0.0847 0.9221
496.717 0.1192 0.0847 0.9159
496.756 0.1122 0.0835 0.9381
496.796 0.1053 0.0823 0.9427
496.836 0.1002 0.0833 0.9238
496.877 0.0986 0.0820 0.9258
496.917 0.0967 0.0836 0.9371
496.957 0.0982 0.0820 0.9371
496.998 0.1009 0.0825 0.9065
497.035 0.1041 0.0817 0.9507
497.079 0.1092 0.0844 0.9311
497.119 0.1112 0.0824 0.9491
497.159 0.1129 0.0824 0.9471
497.199 0.1167 0.0837 0.9269
497.236 0.1187 0.0851 0.9389
497.280 0.1267 0.0832 0.9447
497.319 0.1274 0.0840 0.9556
497.359 0.1254 0.0788 0.9542
497.399 0.1254 0.0796 0.9333
497.439 0.1298 0.0804 0.9155
497.480 0.1297 0.0859 0.9605
497.520 0.1279 0.0847 0.9525
497.561 0.1246 0.0843 0.9371
497.600 0.1239 0.0819 0.9259
497.639 0.1236 0.0832 0.9238
497.679 0.1219 0.0839 0.9288
497.720 0.1258 0.0839 0.9298
497.761 0.1248 0.0865 0.9091
497.801 0.1257 0.0830 0.9167
497.840 0.1259 0.0842 0.9350
497.878 0.1277 0.0870 0.9628
497.922 0.1258 0.0880 0.9350
497.962 0.1290 0.0890 0.8989
498.001 0.1328 0.0879 0.9316
498.041 0.1381 0.0879 0.9366
498.080 0.1435 0.0879 0.9316
498.123 0.1432 0.0886 0.9033
498.163 0.1464 0.0898 0.9238
498.203 0.1453 0.0922 0.9681
498.243 0.1418 0.0893 0.9046
498.283 0.1388 0.0880 0.9046
498.323 0.1359 0.0898 0.9282
498.363 0.1375 0.0924 0.9534
498.404 0.1379 0.0922 0.9424
498.444 0.1321 0.0892 0.9253
498.483 0.1283 0.0904 0.9421
498.523 0.1253 0.0904 0.9424
498.564 0.1182 0.0916 0.9261
498.604 0.1148 0.0924 0.9421
498.645 0.1141 0.0929 0.9355
498.684 0.1130 0.0916 0.9431
498.722 0.1149 0.0904 0.9519
498.766 0.1131 0.0918 0.9334
498.805 0.1165 0.0914 0.9220
498.845 0.1169 0.0914 0.8986
498.885 0.1112 0.0923 0.9358
498.922 0.1100 0.0926 0.9170
498.966 0.1104 0.0899 0.8936
499.006 0.1099 0.0906 0.9557
499.046 0.1098 0.0928 0.9581
499.086 0.1116 0.0909 1.0000
499.126 0.1115 0.0905 0.9557
499.166 0.1082 0.0900 0.9507
499.207 0.1089 0.0912 0.9507
499.248 0.1103 0.0912 0.9421
499.287 0.1071 0.0919 0.9606
499.327 0.1020 0.0908 0.9334
499.366 0.1017 0.0908 0.9334
499.408 0.1040 0.0908 0.9345
499.448 0.1038 0.0926 0.9401
499.488 0.1050 0.0931 0.9385
499.528 0.1046 0.0942 0.9648
499.565 0.1030 0.0921 0.9450
499.609 0.1031 0.0914 0.9070
499.649 0.1049 0.0903 0.9320
499.689 0.1014 0.0919 0.8784
499.728 0.0985 0.0887 0.9625
499.765 0.0979 0.0896 0.9641
499.810 0.1005 0.0867 0.9127
499.849 0.1047 0.0867 0.9504
499.889 0.1074 0.0870 0.8915
499.929 0.1063 0.0941 0.9573
499.969 0.1027 0.0907 0.9219
500.010 0.0992 0.0896 0.9385
500.050 0.0959 0.0851 0.9408
500.090 0.0961 0.0860 0.9469
500.130 0.0962 0.0873 0.9342
500.169 0.0974 0.0886 0.9091
500.209 0.0993 0.0868 0.9160
500.250 0.1023 0.0885 0.9218
500.291 0.1063 0.0872 0.9198
500.332 0.1131 0.0899 0.9263
500.371 0.1149 0.0884 0.9375
500.409 0.1163 0.0858 0.9183
500.453 0.1222 0.0842 0.9183
500.492 0.1261 0.0845 0.9138
500.532 0.1356 0.0848 0.9159
500.572 0.1395 0.0853 0.9391
500.610 0.1405 0.0862 0.9259
500.653 0.1430 0.0862 0.9349
500.693 0.1432 0.0833 0.8978
500.733 0.1456 0.0821 0.9260
500.773 0.1490 0.0855 0.9338
500.812 0.1482 0.0876 0.9097
500.854 0.1417 0.0866 0.9314
500.893 0.1390 0.0863 0.9353
500.934 0.1378 0.0850 0.8964
500.974 0.1385 0.0864 0.9245
501.013 0.1381 0.0880 0.9289
501.053 0.1352 0.0890 0.9219
501.093 0.1334 0.0912 0.9533
501.134 0.1298 0.0877 0.9311
501.174 0.1304 0.0887 0.9231
501.214 0.1272 0.0892 0.9753
501.252 0.1232 0.0898 0.9528
501.304 0.1170 0.0898 0.9518
501.335 0.1150 0.0878 0.9661
501.375 0.1172 0.0852 0.9753
501.415 0.1188 0.0857 0.9753
501.453 0.1183 0.0852 0.9692
501.497 0.1158 0.0874 0.9713
501.537 0.1160 0.0857 0.9482
501.577 0.1181 0.0841 0.9464
501.616 0.1229 0.0839 0.9734
501.657 0.1268 0.0841 0.9785
501.697 0.1300 0.0830 0.9521
501.737 0.1326 0.0830 0.9501
501.777 0.1341 0.0845 0.9573
501.817 0.1392 0.0825 0.9448
501.856 0.1434 0.0832 0.9775
501.896 0.1425 0.0831 0.9676
501.938 0.1437 0.0834 0.9359
501.978 0.1424 0.0835 0.9649
502.018 0.1436 0.0817 0.9528
502.058 0.1432 0.0826 0.9528
502.095 0.1390 0.0850 0.9528
502.139 0.1327 0.0835 0.9465
502.179 0.1301 0.0846 0.9355
502.219 0.1310 0.0824 0.9304
502.258 0.1364 0.0819 0.9381
502.295 0.1396 0.0809 0.9355
502.339 0.1371 0.0813 0.9234
502.379 0.1389 0.0850 0.9394
502.420 0.1393 0.0800 0.9508
502.459 0.1433 0.0815 0.9444
502.499 0.1469 0.0821 0.9525
502.540 0.1459 0.0841 0.9219
502.581 0.1468 0.0864 0.9318
502.621 0.1477 0.0855 0.9049
502.661 0.1489 0.0836 0.9392
502.700 0.1511 0.0812 0.9268
502.740 0.1480 0.0809 0.9404
502.781 0.1425 0.0871 0.9514
502.822 0.1391 0.0876 0.9884
502.862 0.1369 0.0854 0.9304
502.901 0.1351 0.0837 0.9304
502.939 0.1311 0.0815 0.9486
502.983 0.1288 0.0846 0.9433
503.022 0.1281 0.0857 0.9770
503.063 0.1283 0.0845 0.9858
503.102 0.1315 0.0851 0.9524
503.139 0.1359 0.0841 0.9680
503.183 0.1408 0.0810 0.9617
503.223 0.1436 0.0838 0.9369
503.263 0.1466 0.0872 0.9173
503.303 0.1503 0.0840 0.9184
503.343 0.1531 0.0843 0.9464
503.383 0.1535 0.0801 0.9541
503.424 0.1596 0.0821 0.9750
503.464 0.1578 0.0835 0.9459
503.504 0.1595 0.0833 0.9625
503.543 0.1612 0.0850 0.9332
503.583 0.1628 0.0836 0.9064
503.624 0.1657 0.0842 0.9402
503.665 0.1624 0.0836 0.9520
503.705 0.1604 0.0838 0.9617
503.745 0.1596 0.0847 0.9364
503.783 0.1570 0.0835 0.9777
503.827 0.1541 0.0823 0.9339
503.866 0.1578 0.0853 0.9229
503.906 0.1556 0.0846 0.9360
503.946 0.1589 0.0844 0.9794
503.983 0.1613 0.0837 0.9720
504.027 0.1648 0.0830 0.9509
504.067 0.1670 0.0830 0.9574
504.107 0.1655 0.0854 0.9458
504.146 0.1641 0.0853 1.0092
504.186 0.1644 0.0873 0.9497
504.227 0.1629 0.0858 0.9623
504.267 0.1622 0.0832 0.9200
504.307 0.1676 0.0845 0.9634
504.347 0.1664 0.0877 0.9983
504.387 0.1649 0.0867 0.9315
504.426 0.1644 0.0858 0.9551
504.468 0.1663 0.0853 0.9391
504.508 0.1648 0.0822 0.9862
504.548 0.1639 0.0853 0.9069
504.587 0.1654 0.0867 0.9786
504.625 0.1688 0.0837 0.9024
504.669 0.1699 0.0830 0.8758
504.709 0.1707 0.0813 0.9541
504.749 0.1703 0.0812 0.9282
504.789 0.1649 0.0854 0.9282
504.826 0.1605 0.0869 0.9342
504.870 0.1575 0.0862 0.9718
504.910 0.1545 0.0827 0.9441
504.950 0.1484 0.0843 0.9354
504.990 0.1419 0.0847 0.9902
505.030 0.1362 0.0871 0.9720
505.071 0.1297 0.0871 0.9328
505.110 0.1200 0.0827 0.9371
505.154 0.1131 0.0831 0.9459
505.191 0.1079 0.0822 0.9120
505.230 0.1042 0.0862 0.9278
505.270 0.1026 0.0845 0.9268
505.311 0.1039 0.0827 0.9627
505.351 0.1051 0.0825 0.9301
505.391 0.1082 0.0807 0.9034
505.431 0.1119 0.0840 0.9209
505.469 0.1120 0.0827 0.9209
505.512 0.1147 0.0850 0.9154
505.552 0.1147 0.0841 0.9122
505.592 0.1163 0.0837 0.9378
505.632 0.1197 0.0849 0.9398
505.669 0.1174 0.0854 0.9342
505.713 0.1178 0.0853 0.9325
505.752 0.1193 0.0862 0.9582
505.793 0.1195 0.0836 0.9327
505.833 0.1232 0.0812 0.9031
505.873 0.1247 0.0842 0.9369
505.914 0.1214 0.0848 0.9369
505.954 0.1241 0.0836 0.9290
505.995 0.1264 0.0812 0.9664
506.034 0.1312 0.0811 0.9792
506.074 0.1356 0.0818 0.9571
506.113 0.1364 0.0834 0.9509
506.155 0.1425 0.0821 0.9459
506.195 0.1446 0.0821 0.9563
506.235 0.1451 0.0815 0.9484
506.275 0.1463 0.0827 0.9277
506.313 0.1430 0.0825 0.9218
506.356 0.1368 0.0843 0.9518
506.396 0.1347 0.0841 0.9261
506.436 0.1337 0.0838 0.9265
506.476 0.1344 0.0838 0.9265
506.513 0.1288 0.0838 0.9094
506.557 0.1221 0.0858 0.9453
506.596 0.1216 0.0847 0.9804
506.636 0.1184 0.0837 0.9131
506.676 0.1161 0.0837 0.9143
506.716 0.1173 0.0825 0.9171
506.757 0.1186 0.0851 0.9247
506.797 0.1184 0.0867 0.9461
506.837 0.1212 0.0849 0.9395
506.877 0.1248 0.0846 0.9778
506.916 0.1268 0.0823 0.9280
506.957 0.1254 0.0826 0.9071
506.998 0.1278 0.0847 0.9265
507.039 0.1334 0.0830 0.9311
507.079 0.1379 0.0827 0.9541
507.118 0.1398 0.0817 0.9530
507.156 0.1428 0.0825 0.9251
507.200 0.1497 0.0815 0.9290
507.239 0.1504 0.0847 0.9290
507.279 0.1522 0.0827 0.9650
507.319 0.1546 0.0841 0.9325
507.356 0.1569 0.0829 0.9325
507.400 0.1567 0.0823 0.9454
507.440 0.1595 0.0839 0.9522
507.480 0.1610 0.0843 0.9426
507.520 0.1631 0.0843 0.9809
507.560 0.1629 0.0829 0.9694
507.601 0.1621 0.0823 0.9275
507.640 0.1627 0.0836 0.9385
507.681 0.1541 0.0872 0.9522
507.721 0.1467 0.0822 0.9627
507.760 0.1444 0.0802 0.9531
507.800 0.1425 0.0811 0.9496
507.841 0.1420 0.0815 0.9857
507.881 0.1425 0.0861 0.9451
507.921 0.1389 0.0853 0.9486
507.961 0.1351 0.0836 0.9446
507.999 0.1316 0.0840 0.9508
508.042 0.1287 0.0819 0.9508
508.082 0.1275 0.0838 0.9554
508.123 0.1252 0.0878 0.9844
508.163 0.1292 0.0870 0.9731
508.200 0.1359 0.0851 0.9185
508.244 0.1432 0.0880 0.9262
508.284 0.1540 0.0856 0.9563
508.324 0.1561 0.0869 0.9762
508.363 0.1584 0.0876 0.9345
508.403 0.1608 0.0867 0.9551
508.444 0.1611 0.0867 0.9574
508.484 0.1619 0.0860 0.9200
508.524 0.1643 0.0884 0.9678
508.564 0.1672 0.0924 0.9491
508.604 0.1668 0.0897 0.9175
508.643 0.1624 0.0885 0.9439
508.684 0.1579 0.0859 0.9225
508.725 0.1512 0.0842 0.9685
508.765 0.1423 0.0907 0.9325
508.805 0.1327 0.0906 0.9701
508.842 0.1257 0.0937 0.9519
508.886 0.1179 0.0869 0.9558
508.925 0.1154 0.0888 0.9249
508.966 0.1127 0.0884 0.8977
509.005 0.1068 0.0894 0.9025
509.042 0.1013 0.0885 0.9345
509.086 0.0958 0.0878 0.9439
509.126 0.0960 0.0865 0.9371
509.166 0.0935 0.0858 0.9454
509.207 0.0923 0.0881 0.9492
509.247 0.0873 0.0907 0.9391
509.288 0.0843 0.0872 0.8985
509.328 0.0848 0.0863 0.9093
509.368 0.0845 0.0841 0.8992
509.408 0.0847 0.0854 0.8930
509.447 0.0836 0.0876 0.9290
509.487 0.0837 0.0829 0.8915
509.528 0.0857 0.0864 0.9063
509.569 0.0866 0.0825 0.9042
509.609 0.0880 0.0854 0.9214
509.648 0.0921 0.0860 0.9151
509.686 0.0961 0.0831 0.9253
509.730 0.1001 0.0863 0.9328
509.769 0.1036 0.0864 0.9345
509.809 0.1061 0.0856 0.9328
509.849 0.1113 0.0839 0.9624
509.886 0.1136 0.0839 0.9585
509.930 0.1133 0.0855 0.9585
509.970 0.1177 0.0831 0.9555
510.010 0.1176 0.0843 0.9267
510.050 0.1197 0.0816 0.9511
510.089 0.1245 0.0818 0.9849
510.130 0.1222 0.0846 0.9624
510.170 0.1209 0.0825 0.9565
510.211 0.1207 0.0805 0.9513
510.250 0.1241 0.0808 0.9547
510.290 0.1276 0.0817 0.9484
510.330 0.1262 0.0844 0.9541
510.372 0.1271 0.0832 0.8846
510.412 0.1297 0.0845 0.9366
510.452 0.1264 0.0806 0.9535
510.492 0.1255 0.0844 0.9550
510.529 0.1228 0.0845 0.9405
510.573 0.1177 0.0859 0.9357
510.613 0.1176 0.0842 0.9388
510.653 0.1192 0.0848 0.9441
510.693 0.1180 0.0848 0.9479
510.729 0.1165 0.0842 0.9492
510.773 0.1146 0.0851 0.9590
510.813 0.1130 0.0832 0.9398
510.854 0.1075 0.0828 0.9508
510.893 0.0997 0.0828 0.9680
510.933 0.1018 0.0817 0.9663
510.974 0.1029 0.0820 0.9481
511.014 0.1061 0.0854 0.9873
511.054 0.1093 0.0820 1.0017
511.094 0.1139 0.0820 1.0156
511.133 0.1174 0.0815 1.0105
511.173 0.1208 0.0834 0.9838
511.214 0.1249 0.0824 0.9885
511.255 0.1241 0.0815 0.9811
511.295 0.1254 0.0812 1.0059
511.334 0.1282 0.0805 0.9952
511.373 0.1357 0.0827 0.9596
511.416 0.1407 0.0826 0.9623
511.456 0.1440 0.0810 0.9882
511.497 0.1455 0.0829 0.9837
511.536 0.1446 0.0805 0.9787
511.574 0.1421 0.0813 0.9703
511.617 0.1363 0.0817 0.9377
511.657 0.1321 0.0837 0.9346
511.697 0.1283 0.0830 0.9620
511.737 0.1262 0.0819 0.9746
511.777 0.1262 0.0810 0.9276
511.817 0.1249 0.0822 0.9277
511.857 0.1212 0.0826 0.9548
511.898 0.1195 0.0849 0.9189
511.938 0.1197 0.0832 0.9126
511.977 0.1203 0.0830 0.9216
512.017 0.1220 0.0806 0.9469
512.058 0.1256 0.0801 0.9396
512.098 0.1248 0.0833 0.9209
512.138 0.1299 0.0831 0.9431
512.178 0.1293 0.0828 0.9345
512.216 0.1311 0.0822 0.9469
512.260 0.1305 0.0808 0.9618
512.299 0.1285 0.0810 0.9679
512.339 0.1297 0.0796 0.9778
512.378 0.1308 0.0826 0.9643
512.416 0.1286 0.0795 0.9668
512.460 0.1245 0.0811 0.9162
512.499 0.1242 0.0801 0.9360
512.540 0.1215 0.0790 0.9324
512.580 0.1263 0.0814 0.9442
512.621 0.1279 0.0795 0.9337
512.661 0.1307 0.0800 0.9443
512.701 0.1298 0.0791 0.9450
512.742 0.1327 0.0785 0.9659
512.781 0.1370 0.0795 0.9507
512.821 0.1406 0.0820 0.9852
512.860 0.1410 0.0800 0.9554
512.902 0.1429 0.0790 0.9376
512.942 0.1419 0.0803 0.9542
512.982 0.1419 0.0807 0.9071
513.021 0.1371 0.0805 0.9352
513.059 0.1340 0.0814 0.9552
513.103 0.1251 0.0803 0.9431
513.142 0.1190 0.0812 0.9402
513.183 0.1141 0.0808 0.9586
513.222 0.1084 0.0813 0.9548
513.260 0.1030 0.0813 0.9622
513.304 0.0948 0.0830 0.9436
513.343 0.0945 0.0824 0.9814
513.383 0.0915 0.0824 0.9812
513.423 0.0917 0.0823 0.9688
513.463 0.0886 0.0834 0.9531
513.504 0.0859 0.0834 0.9454
513.544 0.0854 0.0834 0.9454
513.584 0.0845 0.0838 0.9349
513.624 0.0829 0.0818 0.9458
513.664 0.0860 0.0837 0.9620
513.704 0.0848 0.0834 0.9448
513.745 0.0851 0.0840 0.9552
513.785 0.0848 0.0834 0.8872
513.826 0.0822 0.0839 0.9260
513.865 0.0833 0.0851 0.9530
513.902 0.0802 0.0848 0.9260
513.947 0.0774 0.0821 0.9132
513.986 0.0788 0.0820 0.9132
514.026 0.0766 0.0802 0.8998
514.066 0.0759 0.0802 0.8882
514.103 0.0786 0.0812 0.9511
514.147 0.0734 0.0816 0.9141
514.187 0.0728 0.0805 0.9523
514.227 0.0721 0.0790 0.9353
514.267 0.0696 0.0796 0.9238
514.307 0.0696 0.0800 0.9435
514.348 0.0608 0.0821 0.9045
514.387 0.0561 0.0812 0.9009
514.428 0.0522 0.0810 0.9045
514.467 0.0496 0.0779 0.8957
514.507 0.0455 0.0797 0.9251
514.547 0.0426 0.0815 0.9049
514.588 0.0360 0.0825 0.8999
514.628 0.0317 0.0784 0.8659
514.668 0.0309 0.0787 0.8565
514.708 0.0266 0.0774 0.8749
514.746 0.0259 0.0796 0.8618
514.790 0.0242 0.0822 0.9058
514.830 0.0218 0.0836 0.8659
514.870 0.0246 0.0795 0.9058
514.909 0.0242 0.0757 0.9002
514.947 0.0226 0.0782 0.8659
514.991 0.0262 0.0783 0.9292
515.030 0.0230 0.0822 0.9078
515.071 0.0203 0.0783 0.8894
515.110 0.0189 0.0795 0.8629
515.150 0.0160 0.0778 0.8629
515.191 0.0147 0.0791 0.8781
515.231 0.0152 0.0813 0.8825
515.271 0.0134 0.0796 0.8879
515.311 0.0119 0.0803 0.8963
515.350 0.0077 0.0781 0.8943
515.390 0.0064 0.0781 0.8943
515.431 0.0050 0.0821 0.8943
515.472 0.0053 0.0825 0.8963
515.512 0.0046 0.0789 0.8935
515.551 0.0036 0.0776 0.8935
515.589 0.0045 0.0777 0.8935
515.633 0.0040 0.0751 0.8935
515.673 0.0038 0.0810 0.8879
515.712 0.0033 0.0784 0.8943
515.752 0.0021 0.0784 0.8943
515.790 0.0032 0.0787 0.8943
515.833 0.0029 0.0799 0.8963
515.874 0.0052 0.0798 0.8943
515.914 0.0068 0.0779 0.9298
515.954 0.0069 0.0796 0.8943
515.994 0.0085 0.0745 0.9139
516.035 0.0074 0.0750 0.8935
516.075 0.0109 0.0761 0.8923
516.115 0.0135 0.0765 0.9182
516.155 0.0136 0.0759 0.9392
516.194 0.0156 0.0734 0.9192
516.234 0.0142 0.0739 0.8935
516.275 0.0141 0.0746 0.9272
516.315 0.0188 0.0763 0.9065
516.355 0.0160 0.0770 0.8923
516.395 0.0174 0.0781 0.9071
516.433 0.0141 0.0732 0.8935
516.477 0.0114 0.0727 0.8935
516.516 0.0102 0.0751 0.8885
516.556 0.0102 0.0747 0.8923
516.596 0.0071 0.0775 0.9172
516.633 0.0096 0.0732 0.9359
516.677 0.0076 0.0744 0.9321
516.717 0.0079 0.0749 0.9185
516.757 0.0112 0.0776 0.8923
516.797 0.0128 0.0778 0.9173
516.837 0.0158 0.0757 0.9173
516.877 0.0188 0.0740 0.9172
516.917 0.0273 0.0726 0.9194
516.958 0.0285 0.0740 0.9162
516.998 0.0294 0.0783 0.9157
517.038 0.0331 0.0786 0.9139
517.077 0.0337 0.0769 0.9266
517.126 0.0420 0.0763 0.9308
517.159 0.0496 0.0720 0.9786
517.199 0.0538 0.0781 0.9617
517.239 0.0582 0.0812 0.9536
517.276 0.0585 0.0787 0.9626
517.320 0.0604 0.0787 0.9626
517.359 0.0676 0.0749 0.9527
517.400 0.0723 0.0763 0.9527
517.439 0.0856 0.0787 0.9812
517.477 0.0940 0.0779 0.9536
517.521 0.0988 0.0752 0.9516
517.560 0.1056 0.0770 0.9266
517.600 0.1107 0.0754 0.9443
517.640 0.1120 0.0742 0.9483
517.680 0.1127 0.0785 0.9768
517.721 0.1066 0.0761 0.9768
517.761 0.1058 0.0760 0.9475
517.801 0.1070 0.0752 0.9439
517.841 0.1090 0.0763 0.9609
517.880 0.1103 0.0785 0.9586
517.920 0.1032 0.0786 0.9792
517.961 0.0967 0.0806 0.9742
518.002 0.0941 0.0767 0.9778
518.042 0.0927 0.0742 0.9647
518.082 0.0920 0.0750 0.9450
518.119 0.0963 0.0765 0.9522
518.164 0.0959 0.0776 0.9566
518.203 0.0981 0.0769 0.9581
518.243 0.0999 0.0748 0.9543
518.283 0.0989 0.0752 0.9581
518.320 0.0990 0.0762 0.9571
518.364 0.0906 0.0783 0.9611
518.404 0.0904 0.0761 0.9559
518.444 0.0872 0.0779 0.9562
518.484 0.0884 0.0771 0.9484
518.523 0.0874 0.0750 0.9633
518.564 0.0906 0.0778 0.9875
518.604 0.0898 0.0768 0.9607
518.645 0.0922 0.0763 0.9522
518.685 0.0955 0.0757 0.9467
518.724 0.0987 0.0764 0.9583
518.763 0.1032 0.0764 0.9582
518.805 0.1050 0.0775 0.9598
518.845 0.1101 0.0791 0.9508
518.885 0.1142 0.0762 0.9368
518.925 0.1223 0.0745 0.9334
518.962 0.1272 0.0756 0.9685
519.006 0.1322 0.0792 0.9685
519.046 0.1313 0.0800 0.9425
519.086 0.1291 0.0773 0.9642
519.125 0.1287 0.0758 0.9262
519.164 0.1250 0.0779 0.9165
519.207 0.1224 0.0762 0.9660
519.247 0.1199 0.0805 0.9500
519.288 0.1157 0.0794 0.9410
519.327 0.1117 0.0833 0.9426
519.366 0.1081 0.0768 0.9499
519.408 0.1021 0.0781 0.9470
519.448 0.0976 0.0810 0.9248
519.488 0.0928 0.0822 0.9498
519.528 0.0908 0.0814 0.9825
519.567 0.0911 0.0780 0.9774
519.607 0.0883 0.0776 0.9737
519.648 0.0867 0.0825 0.9737
519.689 0.0847 0.0824 0.9879
519.729 0.0819 0.0819 1.0028
519.768 0.0806 0.0818 0.9841
519.805 0.0766 0.0761 0.9856
519.850 0.0745 0.0748 0.9766
519.889 0.0758 0.0788 0.9766
519.929 0.0731 0.0827 0.9883
519.969 0.0709 0.0789 0.9738
520.006 0.0731 0.0805 0.9808
520.050 0.0675 0.0793 0.9808
520.090 0.0653 0.0781 0.9768
520.130 0.0682 0.0822 0.9360
520.170 0.0709 0.0818 0.9238
520.209 0.0757 0.0795 0.9799
520.251 0.0780 0.0804 0.9560
520.290 0.0818 0.0804 0.9560
520.332 0.0871 0.0828 0.9560
520.371 0.0880 0.0821 0.9680
520.411 0.0900 0.0834 0.9589
520.451 0.0949 0.0837 0.9463
520.492 0.0932 0.0838 0.9300
520.532 0.0958 0.0839 0.9333
520.572 0.1000 0.0855 0.9552
520.612 0.0980 0.0873 0.9083
520.649 0.0928 0.0849 0.9072
520.694 0.0871 0.0834 0.8933
520.733 0.0826 0.0873 0.9047
520.773 0.0792 0.0838 0.9083
520.813 0.0734 0.0901 0.9579
520.850 0.0709 0.0880 0.9298
520.894 0.0720 0.0873 0.9298
520.934 0.0747 0.0858 0.9089
520.974 0.0774 0.0858 0.9089
521.014 0.0844 0.0870 0.9149
521.053 0.0904 0.0861 0.9149
521.094 0.0957 0.0891 0.9149
521.134 0.1021 0.0882 0.9149
521.175 0.1083 0.0872 0.9199
521.214 0.1126 0.0869 0.9400
521.253 0.1170 0.0872 0.9150
521.293 0.1216 0.0891 0.9189
521.335 0.1244 0.0870 0.9320
521.375 0.1223 0.0880 0.9203
521.415 0.1198 0.0890 0.9331
521.456 0.1211 0.0907 0.8988
521.493 0.1180 0.0899 0.9486
521.537 0.1116 0.0906 0.8988
521.576 0.1096 0.0888 0.9242
521.617 0.1078 0.0892 0.8906
521.656 0.1071 0.0877 0.9286
521.693 0.1044 0.0887 0.9022
521.738 0.1006 0.0887 0.9335
521.777 0.1017 0.0892 0.9116
521.817 0.1017 0.0898 0.9350
521.857 0.1074 0.0883 0.9181
521.897 0.1136 0.0900 0.9076
521.938 0.1148 0.0927 0.9400
521.978 0.1159 0.0889 0.9400
522.018 0.1193 0.0924 0.9560
522.058 0.1206 0.0896 0.9146
522.097 0.1222 0.0923 0.9063
522.137 0.1218 0.0926 0.8752
522.178 0.1262 0.0919 0.8669
522.219 0.1295 0.0887 0.8902
522.259 0.1366 0.0869 0.9378
522.298 0.1419 0.0882 0.9111
522.335 0.1424 0.0881 0.9421
522.380 0.1448 0.0954 0.9233
522.419 0.1437 0.0906 0.8874
522.459 0.1434 0.0904 0.9355
522.499 0.1424 0.0905 0.9268
522.537 0.1402 0.0912 0.9400
522.581 0.1377 0.0886 0.9522
522.621 0.1373 0.0903 0.9515
522.661 0.1324 0.0904 0.9466
522.701 0.1315 0.0890 0.9398
522.741 0.1290 0.0892 0.9305
522.781 0.1277 0.0875 0.9435
522.821 0.1278 0.0876 0.9234
522.862 0.1252 0.0882 0.9225
522.902 0.1262 0.0862 0.9175
522.941 0.1285 0.0842 0.9121
522.980 0.1309 0.0863 0.9418
523.022 0.1338 0.0849 0.9181
523.062 0.1361 0.0885 0.9219
523.102 0.1391 0.0874 0.9343
523.142 0.1424 0.0882 0.9229
523.179 0.1461 0.0882 0.9239
523.223 0.1474 0.0866 0.9261
523.263 0.1437 0.0894 0.9195
523.303 0.1428 0.0873 0.9155
523.342 0.1456 0.0908 0.9239
523.379 0.1461 0.0861 0.9249
523.424 0.1414 0.0860 0.9289
523.464 0.1373 0.0920 0.9112
523.504 0.1324 0.0923 0.9190
523.543 0.1304 0.0934 0.9007
523.583 0.1246 0.0894 0.9257
523.624 0.1189 0.0891 0.8826
523.665 0.1164 0.0895 0.9139
523.705 0.1137 0.0964 0.9151
523.745 0.1133 0.0958 0.9151
523.785 0.1127 0.0933 0.8935
523.824 0.1074 0.0888 0.9029
523.865 0.1022 0.0895 0.8995
523.906 0.1014 0.0921 0.8832
523.946 0.1003 0.0937 0.9042
523.986 0.1021 0.0929 0.8981
524.023 0.1012 0.0950 0.8815
524.067 0.1021 0.0913 0.8986
524.106 0.1042 0.0928 0.9117
524.147 0.1034 0.0922 0.9295
524.186 0.1035 0.0943 0.9295
524.223 0.1026 0.0919 0.8810
524.267 0.1019 0.0915 0.9069
524.307 0.1023 0.0923 0.8969
524.347 0.1011 0.0921 0.9125
524.387 0.0973 0.0933 0.9317
524.427 0.0967 0.0947 0.9180
524.467 0.0935 0.0931 0.9144
524.507 0.0908 0.0872 0.8971
524.548 0.0871 0.0873 0.9006
524.588 0.0868 0.0892 0.9006
524.627 0.0867 0.0891 0.9006
524.667 0.0866 0.0863 0.9305
524.708 0.0861 0.0854 0.8705
524.749 0.0875 0.0868 0.9146
524.789 0.0880 0.0836 0.8839
524.829 0.0914 0.0900 0.9113
524.866 0.0954 0.0911 0.9065
524.911 0.0966 0.0869 0.9063
524.950 0.0987 0.0821 0.8939
524.990 0.1029 0.0833 0.9126
525.030 0.1061 0.0829 0.9425
525.067 0.1051 0.0883 0.9345
525.111 0.1074 0.0859 0.9002
525.150 0.1055 0.0841 0.9162
525.191 0.1067 0.0840 0.9224
525.230 0.1065 0.0848 0.9235
525.270 0.1086 0.0850 0.9116
525.311 0.1065 0.0852 0.9182
525.351 0.1045 0.0833 0.9119
525.392 0.1065 0.0837 0.8773
525.431 0.1117 0.0843 0.9139
525.471 0.1162 0.0890 0.9095
525.510 0.1151 0.0867 0.9365
525.552 0.1186 0.0850 0.9295
525.592 0.1172 0.0820 0.9595
525.632 0.1218 0.0817 0.9315
525.672 0.1298 0.0830 0.9149
525.709 0.1342 0.0896 0.9543
525.753 0.1415 0.0890 0.9568
525.793 0.1410 0.0887 0.9568
525.833 0.1407 0.0842 0.9348
525.873 0.1441 0.0843 0.9317
525.910 0.1443 0.0874 0.9831
525.955 0.1436 0.0864 0.9652
525.994 0.1487 0.0868 0.9617
526.034 0.1551 0.0827 0.9536
526.074 0.1608 0.0826 0.9838
526.114 0.1670 0.0841 0.9779
526.155 0.1637 0.0821 0.9797
526.195 0.1617 0.0829 0.9997
526.235 0.1549 0.0828 0.9865
526.275 0.1533 0.0806 1.0223
526.314 0.1550 0.0786 0.9944
526.354 0.1539 0.0806 1.0028
526.395 0.1564 0.0807 1.0058
526.436 0.1569 0.0807 1.0266
526.476 0.1588 0.0798 1.0291
526.515 0.1584 0.0798 1.0383
526.553 0.1590 0.0798 1.0133
526.597 0.1567 0.0800 1.0864
526.636 0.1580 0.0800 1.0546
526.676 0.1661 0.0811 1.0522
526.716 0.1730 0.0801 1.0574
526.753 0.1725 0.0803 1.0454
526.797 0.1727 0.0831 1.0617
526.837 0.1718 0.0823 1.0835
526.877 0.1690 0.0839 1.0825
526.917 0.1625 0.0833 1.0659
526.957 0.1570 0.0834 0.9977
526.999 0.1499 0.0823 0.9722
527.038 0.1424 0.0869 0.9466
527.079 0.1350 0.0889 0.9216
527.119 0.1300 0.0874 0.9335
527.158 0.1194 0.0889 0.9187
527.197 0.1098 0.0875 0.9684
527.239 0.1025 0.0863 0.9420
527.279 0.0992 0.0863 0.9420
527.319 0.0971 0.0862 0.9257
527.359 0.0959 0.0858 0.9508
527.396 0.0967 0.0859 0.9627
527.440 0.0993 0.0870 0.9650
527.480 0.0983 0.0869 0.9402
527.520 0.1008 0.0905 0.9527
527.560 0.1058 0.0879 0.9467
527.596 0.1053 0.0892 0.9522
527.641 0.1082 0.0878 0.9459
527.680 0.1064 0.0869 1.0050
527.721 0.1065 0.0882 1.0009
527.760 0.1090 0.0882 0.9726
527.800 0.1112 0.0889 0.9588
527.841 0.1116 0.0872 0.9416
527.881 0.1118 0.0908 0.9048
527.922 0.1076 0.0881 0.9713
527.961 0.1063 0.0894 0.9339
528.001 0.1050 0.0894 0.9339
528.040 0.1018 0.0874 0.9239
528.082 0.1027 0.0877 0.9229
528.123 0.1033 0.0882 0.9036
528.163 0.1027 0.0899 0.9060
528.202 0.1040 0.0902 0.9348
528.240 0.1031 0.0898 0.9036
528.284 0.1025 0.0865 0.9009
528.324 0.1028 0.0881 0.9290
528.363 0.1049 0.0875 0.9185
528.403 0.1053 0.0895 0.9295
528.440 0.1051 0.0891 0.9390
528.485 0.1048 0.0883 0.9182
528.524 0.1071 0.0901 0.9215
528.564 0.1074 0.0901 0.9139
528.604 0.1084 0.0924 0.9618
528.644 0.1111 0.0923 0.9582
528.685 0.1139 0.0916 0.9509
528.724 0.1169 0.0908 0.9541
528.765 0.1199 0.0897 0.9455
528.805 0.1253 0.0912 0.9246
528.844 0.1253 0.0943 0.9271
528.884 0.1275 0.0959 0.9195
528.925 0.1288 0.0950 0.9175
528.965 0.1308 0.0942 0.9165
529.006 0.1305 0.0928 0.9225
529.045 0.1304 0.0948 0.8806
529.082 0.1291 0.0951 0.9662
529.127 0.1257 0.0947 0.9482
529.166 0.1242 0.0944 0.9432
529.207 0.1225 0.0935 0.9422
529.247 0.1231 0.0927 0.9403
529.284 0.1229 0.0948 0.9348
529.328 0.1235 0.0949 0.9102
529.368 0.1220 0.0928 0.9822
529.408 0.1201 0.0932 0.9734
529.447 0.1190 0.0915 0.9149
529.487 0.1189 0.0926 0.9113
529.528 0.1214 0.0922 0.9383
529.568 0.1262 0.0922 0.9633
529.609 0.1307 0.0914 0.9633
529.648 0.1350 0.0911 0.9359
529.688 0.1415 0.0894 0.9223
529.727 0.1431 0.0905 0.9472
529.769 0.1443 0.0912 0.9799
529.809 0.1427 0.0920 0.9570
529.849 0.1464 0.0905 0.9705
529.889 0.1506 0.0888 0.9745
529.926 0.1539 0.0912 0.9821
529.970 0.1602 0.0919 0.9408
530.009 0.1587 0.0878 0.9642
530.050 0.1566 0.0888 0.9679
530.089 0.1569 0.0886 0.9581
530.126 0.1554 0.0867 0.9604
530.171 0.1519 0.0871 0.9383
530.210 0.1537 0.0873 1.0030
530.251 0.1556 0.0867 1.0067
530.290 0.1587 0.0870 1.0040
530.332 0.1587 0.0851 1.0015
530.372 0.1608 0.0844 0.9903
530.412 0.1651 0.0910 1.0245
530.452 0.1636 0.0910 0.9949
530.492 0.1626 0.0882 0.9976
530.531 0.1630 0.0867 1.0168
530.571 0.1623 0.0861 0.9991
530.612 0.1636 0.0920 0.9963
530.653 0.1567 0.0914 1.0030
530.693 0.1504 0.0912 0.9691
530.732 0.1425 0.0900 0.9508
530.769 0.1350 0.0908 0.9620
530.814 0.1315 0.0888 0.9594
530.853 0.1276 0.0923 0.9775
530.894 0.1213 0.0927 0.9266
530.933 0.1142 0.0889 0.9648
530.970 0.1101 0.0903 0.9178
531.014 0.1070 0.0897 0.9291
531.054 0.1031 0.0889 0.9742
531.094 0.0996 0.0919 0.9789
531.134 0.0993 0.0917 0.9415
531.174 0.1033 0.0921 0.9141
531.215 0.1072 0.0899 0.9481
531.254 0.1092 0.0885 0.9765
531.295 0.1105 0.0934 0.9293
531.335 0.1080 0.0924 0.9327
531.374 0.1047 0.0915 0.8882
531.415 0.1016 0.0903 0.9527
531.456 0.1063 0.0918 0.9267
531.496 0.1053 0.0913 0.9215
531.537 0.1081 0.0915 0.9233
531.576 0.1057 0.0914 0.9229
531.613 0.1048 0.0908 0.9683
531.657 0.1028 0.0902 0.9298
531.697 0.0958 0.0919 0.9431
531.737 0.0947 0.0919 0.9197
531.777 0.0929 0.0927 0.9267
531.814 0.0916 0.0894 0.9364
531.858 0.0886 0.0949 0.9085
531.898 0.0944 0.0909 0.9181
531.938 0.0959 0.0946 0.9069
531.977 0.0976 0.0899 0.9278
532.017 0.0959 0.0909 0.9234
532.058 0.0949 0.0892 0.9225
532.098 0.0964 0.0880 0.8986
532.138 0.0981 0.0904 0.9245
532.178 0.1026 0.0922 0.9036
532.217 0.1054 0.0912 0.9365
532.257 0.1084 0.0912 0.9345
532.298 0.1108 0.0904 0.9345
532.339 0.1126 0.0904 0.9249
532.562 0.1222 0.0904 0.9413
532.621 0.1280 0.0903 0.9019
532.658 0.1269 0.0929 0.9229
532.702 0.1283 0.0906 0.9466
532.741 0.1275 0.0909 0.9355
532.782 0.1265 0.0903 0.9137
532.821 0.1256 0.0897 0.8968
532.858 0.1225 0.0910 0.9185
532.902 0.1210 0.0892 0.9178
532.942 0.1193 0.0892 0.8992
532.982 0.1210 0.0883 0.9228
533.022 0.1205 0.0877 0.9585
533.062 0.1216 0.0888 0.9445
533.102 0.1214 0.0900 0.9445
533.143 0.1234 0.0916 0.9495
533.183 0.1235 0.0913 0.9069
533.222 0.1257 0.0855 0.9717
533.262 0.1317 0.0884 0.9609
533.302 0.1341 0.0889 0.9648
533.343 0.1444 0.0917 0.9399
533.383 0.1480 0.0893 0.9359
533.423 0.1489 0.0865 0.9652
533.463 0.1440 0.0877 0.9662
533.501 0.1392 0.0880 0.9802
533.544 0.1361 0.0887 0.9753
533.584 0.1295 0.0911 0.9705
533.624 0.1241 0.0889 0.9565
533.665 0.1226 0.0862 0.9727
533.702 0.1257 0.0837 0.9737
533.746 0.1209 0.0845 0.9737
533.785 0.1199 0.0845 0.9748
533.826 0.1141 0.0846 0.9718
533.865 0.1081 0.0845 0.9781
533.905 0.1095 0.0833 0.9919
533.946 0.1091 0.0804 1.0597
533.986 0.1128 0.0839 1.0589
534.026 0.1114 0.0844 1.0387
534.066 0.1093 0.0835 1.0525
534.106 0.1087 0.0820 1.0521
534.145 0.1059 0.0770 1.0280
534.186 0.1019 0.0798 1.0712
534.227 0.0951 0.0815 1.0620
534.267 0.0917 0.0776 1.0656
534.306 0.0886 0.0799 1.0144
534.344 0.0906 0.0789 1.0155
534.388 0.0904 0.0773 1.0682
534.427 0.0928 0.0782 1.0540
534.468 0.0970 0.0775 1.0514
534.507 0.1035 0.0801 1.0506
534.544 0.1125 0.0741 1.0470
534.588 0.1132 0.0786 1.0433
534.628 0.1212 0.0784 1.0789
534.668 0.1214 0.0747 1.0867
534.708 0.1251 0.0807 1.0715
534.749 0.1283 0.0796 1.0695
534.790 0.1351 0.0814 0.9138
534.830 0.1440 0.0811 0.9138
534.870 0.1484 0.0814 0.9165
534.910 0.1528 0.0829 0.9277
534.949 0.1521 0.0825 0.9284
534.989 0.1467 0.0808 0.9582
535.030 0.1408 0.0824 0.9489
535.070 0.1401 0.0831 0.9309
535.110 0.1397 0.0844 0.9199
535.150 0.1385 0.0848 0.9167
535.187 0.1378 0.0839 0.9201
535.231 0.1354 0.0830 0.9048
535.271 0.1303 0.0862 0.8999
535.311 0.1206 0.0864 0.9325
535.351 0.1096 0.0827 0.9192
535.388 0.1012 0.0849 0.8761
535.432 0.0876 0.0876 0.8874
535.472 0.0844 0.0869 0.8549
535.513 0.0808 0.0895 0.8555
535.551 0.0780 0.0927 0.8783
535.591 0.0704 0.0879 0.8545
535.632 0.0647 0.0878 0.8705
535.672 0.0628 0.0840 0.8914
535.712 0.0596 0.0842 0.8446
535.752 0.0583 0.0871 0.8609
535.792 0.0581 0.0899 0.8813
535.832 0.0608 0.0892 0.8745
535.873 0.0593 0.0856 0.8625
535.914 0.0635 0.0826 0.8625
535.954 0.0649 0.0864 0.8383
535.993 0.0646 0.0878 0.8315
536.031 0.0621 0.0871 0.9064
536.075 0.0613 0.0873 0.8988
536.114 0.0626 0.0867 0.9075
536.155 0.0610 0.0867 0.8692
536.194 0.0604 0.0892 0.8966
536.231 0.0588 0.0874 0.8962
536.276 0.0561 0.0871 0.8996
536.315 0.0529 0.0865 0.8920
536.355 0.0551 0.0833 0.8646
536.395 0.0550 0.0881 0.9006
536.434 0.0547 0.0866 0.8982
536.476 0.0534 0.0866 0.8982
536.516 0.0536 0.0874 0.9072
536.557 0.0548 0.0842 0.8768
536.596 0.0570 0.0838 0.9102
536.635 0.0611 0.0834 0.9102
536.675 0.0635 0.0838 0.8858
536.716 0.0695 0.0842 0.9068
536.756 0.0738 0.0854 0.8862
536.797 0.0758 0.0846 0.8744
536.836 0.0773 0.0864 0.8892
536.874 0.0778 0.0845 0.8725
536.918 0.0832 0.0838 0.8737
536.957 0.0858 0.0830 0.9214
536.998 0.0861 0.0821 0.9247
537.038 0.0905 0.0821 0.9247
537.075 0.0943 0.0821 0.9247
537.119 0.0912 0.0841 0.8927
537.159 0.0905 0.0829 0.8910
537.199 0.0876 0.0850 0.8995
537.239 0.0869 0.0825 0.8728
537.279 0.0886 0.0837 0.9333
537.319 0.0880 0.0847 0.9332
537.359 0.0882 0.0847 0.9297
537.400 0.0869 0.0822 0.9161
537.440 0.0853 0.0848 0.9062
537.479 0.0876 0.0819 0.9105
537.518 0.0906 0.0863 0.8961
537.560 0.0904 0.0848 0.9321
537.600 0.0919 0.0842 0.9277
537.640 0.0931 0.0835 0.8815
537.680 0.0927 0.0843 0.8785
537.717 0.0920 0.0864 0.9021
537.762 0.0876 0.0879 0.9583
537.801 0.0880 0.0851 0.9643
537.841 0.0923 0.0871 0.9461
537.881 0.0959 0.0856 0.9471
537.918 0.0963 0.0855 0.9471
537.962 0.0989 0.0843 0.9157
538.001 0.0969 0.0877 0.9471
538.042 0.0959 0.0858 0.9319
538.082 0.0968 0.0846 0.9355
538.121 0.0952 0.0836 0.9297
538.163 0.0999 0.0815 0.9806
538.203 0.0994 0.0822 0.9794
538.243 0.1033 0.0832 1.0054
538.283 0.1079 0.0843 1.0208
538.322 0.1072 0.0825 1.0013
538.362 0.1054 0.0820 1.0013
538.403 0.1035 0.0837 1.0129
538.444 0.0999 0.0853 1.0288
538.484 0.0994 0.0853 1.0288
538.523 0.0975 0.0832 1.0427
538.561 0.0874 0.0815 1.0797
538.605 0.0800 0.0812 1.0074
538.644 0.0726 0.0825 0.9976
538.684 0.0704 0.0817 1.0619
538.724 0.0736 0.0796 1.0730
538.761 0.0724 0.0830 1.0014
538.805 0.0726 0.0827 0.9824
538.845 0.0702 0.0827 0.9790
538.885 0.0650 0.0805 1.0697
538.925 0.0622 0.0804 1.0461
538.965 0.0585 0.0791 1.0548
539.005 0.0538 0.0825 1.0020
539.045 0.0591 0.0805 1.0117
539.086 0.0706 0.0815 1.0090
539.126 0.0737 0.0809 1.0850
539.165 0.0787 0.0801 1.0666
539.206 0.0763 0.0785 1.0666
539.247 0.0714 0.0798 0.9950
539.287 0.0634 0.0771 1.1032
539.328 0.0597 0.0805 1.0442
539.367 0.0618 0.0785 1.1133
539.404 0.0670 0.0814 1.0102
539.449 0.0667 0.0820 1.0200
539.488 0.0669 0.0802 1.0200
539.528 0.0669 0.0813 1.1508
539.568 0.0622 0.0794 1.1283
539.605 0.0587 0.0805 1.0200
539.649 0.0552 0.0798 1.0262
539.688 0.0531 0.0805 1.0128
539.729 0.0499 0.0796 1.0361
539.769 0.0513 0.0815 1.0439
539.808 0.0495 0.0822 1.0439
539.849 0.0473 0.0805 1.0705
539.889 0.0383 0.0794 1.0705
539.929 0.0382 0.0789 1.0705
539.969 0.0431 0.0779 1.0689
540.009 0.0470 0.0789 1.0689
540.048 0.0480 0.0784 1.1160
540.090 0.0552 0.0794 1.0689
540.130 0.0613 0.0785 1.0751
540.170 0.0668 0.0754 1.1160
540.210 0.0700 0.0787 1.0500
540.248 0.0759 0.0793 1.0556
540.291 0.0894 0.0800 1.0451
540.332 0.0921 0.0759 1.0530
540.372 0.1030 0.0787 1.0299
540.411 0.1071 0.0818 1.0631
540.449 0.1060 0.0820 1.0491
540.493 0.1017 0.0803 1.0901
540.532 0.0968 0.0848 0.9349
540.573 0.0903 0.0834 0.9374
540.612 0.0886 0.0842 0.9374
540.651 0.0824 0.0870 0.9139
540.693 0.0817 0.0907 0.9139
540.733 0.0808 0.0859 0.9139
540.773 0.0730 0.0821 0.9099
540.813 0.0748 0.0813 0.9159
540.852 0.0754 0.0863 0.9134
540.892 0.0752 0.0896 0.9244
540.933 0.0811 0.0905 0.9369
540.974 0.0843 0.0918 0.8949
541.014 0.0896 0.0897 0.8963
541.053 0.0979 0.0909 0.9021
541.091 0.0972 0.0909 0.8751
541.135 0.1000 0.0898 0.9201
541.174 0.1034 0.0891 0.8844
541.215 0.1033 0.0876 0.8946
541.254 0.1048 0.0860 0.9021
541.291 0.1083 0.0848 0.9021
541.335 0.1081 0.0922 0.9042
541.375 0.1076 0.0928 0.8783
541.415 0.1062 0.0944 0.8693
541.456 0.0999 0.0902 0.8833
541.496 0.0991 0.0940 0.8883
541.537 0.0941 0.0956 0.8883
541.576 0.0940 0.0965 0.8914
541.617 0.0928 0.0987 0.8886
541.657 0.0882 0.0984 0.9084
541.696 0.0838 0.0964 0.9105
541.736 0.0816 0.0971 0.9476
541.777 0.0775 0.1008 0.9270
541.817 0.0688 0.0983 0.9259
541.857 0.0654 0.0990 0.8883
541.897 0.0594 0.0992 0.8883
541.934 0.0581 0.0996 0.8805
541.978 0.0547 0.0988 0.8805
542.018 0.0562 0.1001 0.8623
542.058 0.0543 0.1009 0.8673
542.098 0.0535 0.0977 0.8581
542.135 0.0526 0.0998 0.8883
542.179 0.0538 0.0956 0.8775
542.219 0.0544 0.0965 0.9175
542.259 0.0504 0.0997 0.8440
542.299 0.0508 0.0972 0.8742
542.338 0.0502 0.0955 0.9009
542.379 0.0506 0.0941 0.8932
542.419 0.0502 0.0949 0.8992
542.459 0.0518 0.0959 0.8753
542.499 0.0533 0.0988 0.8662
542.540 0.0557 0.0949 0.8662
542.579 0.0567 0.0926 0.8833
542.620 0.0554 0.0934 0.8558
542.661 0.0569 0.0942 0.8558
542.701 0.0565 0.0976 0.8812
542.740 0.0598 0.0984 0.8692
542.778 0.0606 0.0950 0.8935
542.821 0.0634 0.0951 0.8815
542.861 0.0646 0.0960 0.8945
542.902 0.0669 0.0991 0.8945
542.941 0.0705 0.1000 0.8815
542.978 0.0711 0.0974 0.9019
543.022 0.0698 0.0954 0.9019
543.062 0.0720 0.0965 0.9019
543.102 0.0747 0.1002 0.8716
543.142 0.0736 0.0993 0.8975
543.182 0.0735 0.1009 0.8966
543.223 0.0714 0.1010 0.8973
543.263 0.0725 0.0959 0.9021
543.303 0.0735 0.0997 0.8962
543.343 0.0763 0.1019 0.9313
543.382 0.0782 0.0982 0.9272
543.422 0.0794 0.1005 0.9525
543.463 0.0769 0.0981 0.9229
543.504 0.0761 0.0979 0.9390
543.544 0.0734 0.1004 0.8732
543.583 0.0691 0.0992 0.9412
543.621 0.0667 0.0987 0.9472
543.665 0.0698 0.0981 0.9165
543.705 0.0727 0.0999 0.9109
543.745 0.0721 0.0999 0.9109
543.785 0.0747 0.0984 0.9149
543.822 0.0727 0.0981 0.9149
543.866 0.0730 0.0978 0.9281
543.906 0.0744 0.0996 0.9195
543.946 0.0765 0.0979 0.8977
543.986 0.0798 0.0972 0.9053
544.026 0.0821 0.0995 0.9141
544.066 0.0851 0.0997 0.9181
544.106 0.0897 0.0995 0.9102
544.146 0.0903 0.0966 0.9791
544.187 0.0894 0.0966 0.9521
544.226 0.0921 0.0958 0.9527
544.266 0.0925 0.0979 0.9935
544.307 0.0927 0.0955 0.9539
544.347 0.0927 0.0928 0.9475
544.387 0.0912 0.0930 0.9734
544.427 0.0901 0.0934 0.9778
544.464 0.0866 0.0953 0.9789
544.508 0.0880 0.0961 0.9994
544.548 0.0909 0.0946 1.0268
544.588 0.0959 0.0951 1.0008
544.627 0.0990 0.0943 0.9858
544.665 0.1038 0.0943 0.9598
544.709 0.1060 0.0943 0.9598
544.749 0.1002 0.0951 0.9868
544.789 0.0991 0.0943 1.0128
544.829 0.0985 0.0906 1.0232
544.869 0.0957 0.0921 1.0031
544.910 0.0938 0.0937 0.9701
544.950 0.0956 0.0937 1.0061
544.990 0.0945 0.0937 1.0061
545.030 0.0964 0.0933 1.0061
545.069 0.0969 0.0933 0.9935
545.109 0.0963 0.0933 0.9875
545.150 0.0940 0.0945 1.0188
545.191 0.0923 0.0951 1.0067
545.231 0.0954 0.0933 1.0067
545.270 0.0978 0.0906 1.0146
545.308 0.1011 0.0901 1.0078
545.352 0.1080 0.0919 1.0157
545.391 0.1111 0.0943 1.0405
545.431 0.1135 0.0914 1.0218
545.471 0.1173 0.0868 1.0611
545.509 0.1183 0.0866 1.0523
545.552 0.1118 0.0871 1.0600
545.592 0.1114 0.0892 1.0482
545.632 0.1082 0.0879 1.0477
545.672 0.1067 0.0847 1.0494
545.712 0.1192 0.0891 1.0737
545.753 0.1162 0.0870 1.0534
545.792 0.1139 0.0909 1.0457
545.833 0.1081 0.0926 1.0494
545.874 0.1040 0.0886 1.0574
545.913 0.1011 0.0890 1.0544
545.953 0.0979 0.0938 0.9118
545.994 0.0912 0.0942 0.8888
546.034 0.0907 0.0952 0.8869
546.075 0.0876 0.0952 0.8869
546.114 0.0875 0.0952 0.8647
546.151 0.0890 0.0949 0.8647
546.196 0.0761 0.0932 0.8708
546.235 0.0783 0.0956 0.8733
546.275 0.0793 0.0992 0.8827
546.315 0.0791 0.0984 0.8733
546.352 0.0790 0.0994 0.8733
546.396 0.0797 0.0958 0.8873
546.435 0.0788 0.0994 0.8696
546.476 0.0798 0.1015 0.8883
546.516 0.0782 0.1027 0.8793
546.556 0.0780 0.0996 0.9032
546.596 0.0759 0.1028 0.9052
546.636 0.0726 0.1001 0.9032
546.677 0.0700 0.0990 0.9032
546.716 0.0657 0.1000 0.9093
546.756 0.0628 0.1023 0.9093
546.795 0.0625 0.1004 0.9303
546.836 0.0629 0.0984 0.9343
546.877 0.0622 0.0988 0.9209
546.917 0.0617 0.1017 0.9209
546.957 0.0637 0.1015 0.9209
546.995 0.0667 0.0993 0.9639
547.039 0.0699 0.0986 0.9479
547.079 0.0725 0.0975 0.9479
547.119 0.0798 0.0979 0.9682
547.159 0.0853 0.0987 0.9780
547.195 0.0867 0.1009 0.9829
547.239 0.0890 0.1003 0.9851
547.279 0.0923 0.0989 0.9711
547.319 0.0928 0.0983 0.9791
547.359 0.0945 0.1008 1.0073
547.399 0.0975 0.1008 0.9667
547.440 0.0980 0.1002 0.9678
547.480 0.0974 0.0985 1.0016
547.520 0.0971 0.0960 1.0079
547.571 0.0970 0.0991 1.0099
547.777 0.1073 0.1008 0.9944
547.800 0.1157 0.0991 1.0065
547.841 0.1203 0.1004 1.0199
547.881 0.1184 0.0979 1.0182
547.921 0.1190 0.0969 1.0182
547.961 0.1192 0.0991 1.0063
547.999 0.1186 0.0980 1.0329
548.042 0.1186 0.0986 0.9706
548.082 0.1213 0.0953 0.9277
548.123 0.1205 0.0972 0.9277
548.162 0.1208 0.0943 0.9247
548.200 0.1197 0.0974 0.9106
548.244 0.1158 0.0974 0.9106
548.283 0.1017 0.0973 0.9533
548.324 0.0942 0.0960 0.9833
548.363 0.0925 0.0942 0.9778
548.403 0.0934 0.0942 0.9668
548.444 0.0935 0.0959 0.9137
548.484 0.0948 0.0950 0.9415
548.524 0.0948 0.0956 0.9414
548.564 0.0939 0.0942 0.9664
548.603 0.0969 0.0934 0.9414
548.643 0.0982 0.0939 0.9586
548.684 0.0979 0.0953 0.9478
548.725 0.0987 0.0964 0.9367
548.765 0.0981 0.0954 0.9276
548.804 0.0985 0.0955 0.9437
548.842 0.1023 0.0955 0.9570
548.886 0.1000 0.0953 1.0008
548.925 0.1031 0.0983 0.9508
548.966 0.1045 0.0990 0.9767
549.005 0.1100 0.0956 0.9809
549.042 0.1129 0.0969 0.9659
549.086 0.1080 0.0960 0.9637
549.126 0.1053 0.0977 0.9426
549.166 0.1037 0.0990 0.9542
549.207 0.1031 0.0982 0.9704
549.247 0.1013 0.0968 0.9603
549.288 0.1006 0.0983 0.9996
549.327 0.0997 0.0983 0.9686
549.368 0.1068 0.0969 0.9622
549.408 0.1075 0.0970 0.9342
549.447 0.1081 0.0964 0.9172
549.487 0.1039 0.0959 0.8991
549.528 0.1011 0.0956 0.9371
549.568 0.1038 0.0944 0.9494
549.609 0.1060 0.0958 0.9325
549.648 0.1065 0.0974 0.9325
549.686 0.1021 0.0955 0.9471
549.730 0.1052 0.0945 0.9447
549.769 0.1050 0.0926 0.9823
549.809 0.1039 0.0960 1.0020
549.849 0.1001 0.0948 0.9840
549.886 0.0990 0.0950 0.9780
549.930 0.0980 0.0950 0.9780
549.970 0.1026 0.0920 0.9720
550.010 0.1057 0.0940 0.9730
550.049 0.1008 0.0974 0.9639
550.089 0.1009 0.0960 1.0378
550.130 0.1021 0.0957 1.0434
550.170 0.1078 0.0951 1.0560
550.210 0.1103 0.0938 1.0304
550.250 0.1116 0.0945 1.0491
550.290 0.1124 0.0950 1.0424
550.330 0.1136 0.0962 1.0285
550.372 0.1200 0.0943 1.0837
550.412 0.1178 0.0933 1.0866
550.452 0.1174 0.0939 1.0890
550.491 0.1137 0.0950 1.0542
550.529 0.1163 0.0937 1.0818
550.573 0.1145 0.0926 1.0701
550.612 0.1120 0.0952 0.9762
550.653 0.1108 0.0964 0.9812
550.692 0.1126 0.0965 0.9624
550.729 0.1122 0.0965 0.9798
550.774 0.1145 0.0965 0.9441
550.813 0.1224 0.0969 0.9468
550.853 0.1189 0.0948 0.9430
550.893 0.1251 0.0945 0.9629
550.933 0.1286 0.0974 0.9378
550.974 0.1292 0.0956 0.9642
551.014 0.1324 0.0964 0.9719
551.054 0.1385 0.0929 0.9415
551.094 0.1439 0.0929 0.9622
551.133 0.1510 0.0945 0.9214
551.173 0.1505 0.0953 0.9275
551.214 0.1526 0.0962 0.9538
551.255 0.1492 0.0969 0.9315
551.295 0.1454 0.0975 0.9182
551.334 0.1415 0.0920 0.8911
551.372 0.1352 0.0945 0.9215
551.416 0.1304 0.0981 0.9352
551.456 0.1298 0.0979 0.9003
551.496 0.1275 0.0976 0.9225
551.536 0.1229 0.0962 0.9209
551.573 0.1246 0.0946 0.9172
551.617 0.1226 0.0945 0.9055
551.657 0.1239 0.0992 0.9382
551.697 0.1198 0.0952 0.9308
551.737 0.1233 0.0923 0.9516
551.776 0.1224 0.0882 0.9224
551.817 0.1229 0.0907 0.9255
551.857 0.1271 0.0960 0.9733
551.898 0.1265 0.0960 0.9700
551.937 0.1239 0.0959 0.9657
551.977 0.1201 0.0956 0.9798
552.016 0.1208 0.0912 0.9826
552.058 0.1178 0.0954 0.9684
552.098 0.1102 0.0928 0.9814
552.138 0.1021 0.0945 0.9910
552.178 0.0998 0.0937 0.9684
552.216 0.0969 0.0913 1.0028
552.259 0.0968 0.0925 0.9906
552.299 0.0948 0.0970 1.0198
552.339 0.0917 0.0965 1.0035
552.379 0.0889 0.0940 1.0099
552.416 0.0857 0.0894 0.9829
552.460 0.0889 0.0931 0.9548
552.499 0.0900 0.0935 1.0187
552.540 0.0896 0.0993 1.0312
552.580 0.0902 0.0933 1.0399
552.620 0.0971 0.0915 0.9984
552.661 0.1020 0.0928 0.9857
552.701 0.1062 0.0924 0.9865
552.741 0.1096 0.0935 1.0345
552.781 0.1129 0.0934 1.0320
552.820 0.1182 0.0950 0.9915
552.860 0.1198 0.0938 0.9591
552.901 0.1197 0.0956 0.9788
552.942 0.1205 0.0956 0.9763
552.982 0.1190 0.0951 1.0054
553.021 0.1155 0.0954 1.0567
553.059 0.1123 0.0935 0.9496
553.103 0.1108 0.0932 0.9586
553.142 0.1117 0.0956 0.9792
553.183 0.1161 0.0957 0.9885
553.222 0.1126 0.0968 0.9754
553.259 0.1097 0.0951 0.9548
553.303 0.1048 0.0965 0.9548
553.343 0.0997 0.0929 0.9622
553.383 0.1062 0.0938 0.9222
553.423 0.1062 0.0953 0.9356
553.463 0.1092 0.0932 0.9763
553.504 0.1112 0.0946 0.9434
553.543 0.1151 0.0911 0.9585
553.584 0.1193 0.0899 0.9377
553.624 0.1223 0.0927 0.9538
553.664 0.1150 0.0945 0.9595
553.704 0.1181 0.0942 0.9740
553.745 0.1192 0.0952 1.0020
553.786 0.1226 0.0927 0.9930
553.826 0.1286 0.0977 1.0025
553.865 0.1248 0.0964 0.9657
553.902 0.1251 0.0987 0.9967
553.947 0.1212 0.0940 0.9715
553.986 0.1169 0.0936 0.9930
554.026 0.1188 0.0941 0.9844
554.066 0.1163 0.0928 1.0211
554.103 0.1088 0.0962 1.0313
554.147 0.1103 0.0936 1.0003
554.187 0.1039 0.0941 1.0083
554.227 0.1034 0.0941 0.9996
554.267 0.1024 0.0957 1.0649
554.306 0.0998 0.0966 1.0411
554.347 0.0977 0.0931 1.0522
554.387 0.0966 0.0940 1.0651
554.428 0.0971 0.0963 1.0501
554.467 0.1002 0.0956 1.0153
554.506 0.1017 0.0929 1.0214
554.546 0.1015 0.0933 1.0459
554.588 0.1041 0.0925 1.0604
554.628 0.1052 0.0944 1.0437
554.668 0.1099 0.0954 1.0606
554.708 0.1148 0.0918 1.0522
554.746 0.1174 0.0947 1.0337
554.790 0.1149 0.0936 1.0692
554.830 0.1189 0.0912 1.0982
554.870 0.1239 0.0920 1.1307
554.909 0.1345 0.0893 1.1209
554.946 0.1374 0.0909 1.0977
554.990 0.1387 0.0952 1.0967
555.030 0.1404 0.0918 1.1237
555.071 0.1411 0.0915 1.1111
555.110 0.1419 0.0936 1.1198
555.150 0.1426 0.0987 0.9782
555.191 0.1427 0.1012 0.9700
555.231 0.1398 0.0994 0.9707
555.271 0.1414 0.0997 0.9751
555.311 0.1425 0.0979 0.9720
555.350 0.1409 0.0967 0.9938
555.390 0.1303 0.0981 0.9901
555.431 0.1262 0.1000 0.9803
555.472 0.1219 0.1001 0.9585
555.512 0.1182 0.0993 0.9409
555.551 0.1176 0.0995 0.9738
555.588 0.1176 0.0985 0.9974
555.633 0.1234 0.0995 0.9974
555.672 0.1228 0.1022 0.9782
555.713 0.1204 0.1012 0.9388
555.752 0.1204 0.1005 0.9628
555.790 0.1215 0.1002 0.9429
555.833 0.1233 0.1005 0.9442
555.874 0.1226 0.1029 0.9540
555.914 0.1178 0.1022 0.9453
555.954 0.1139 0.0984 0.9213
555.994 0.1121 0.1019 0.9164
556.035 0.1144 0.0986 0.9215
556.074 0.1149 0.0984 0.9444
556.115 0.1062 0.0987 0.9695
556.155 0.1009 0.0996 0.9449
556.194 0.1047 0.0970 0.9314
556.233 0.1075 0.0985 0.9486
556.275 0.1085 0.0975 0.9640
556.315 0.1085 0.0989 0.9524
556.355 0.1126 0.0995 0.9503
556.395 0.1164 0.0995 0.9371
556.432 0.1189 0.0972 0.9562
556.477 0.1236 0.0995 0.9362
556.516 0.1259 0.0987 0.9832
556.556 0.1269 0.0967 1.0131
556.596 0.1283 0.0989 0.9470
556.633 0.1296 0.0971 0.9509
556.677 0.1252 0.0961 0.9812
556.716 0.1212 0.0958 0.9726
556.757 0.1184 0.0986 0.9588
556.797 0.1172 0.0986 0.9588
556.837 0.1125 0.0977 0.9588
556.877 0.1101 0.0974 0.9416
556.917 0.1118 0.0945 0.9536
556.957 0.1161 0.0994 0.9846
556.998 0.1130 0.1013 0.9568
557.038 0.1081 0.1010 0.9573
557.077 0.1045 0.0994 0.9609
557.119 0.1055 0.0959 0.9956
557.159 0.1060 0.0968 0.9380
557.199 0.1097 0.0979 0.9592
557.238 0.1135 0.0979 1.0132
557.276 0.1120 0.1024 0.9815
557.320 0.1105 0.0964 0.9617
557.359 0.1088 0.0990 0.9905
557.400 0.1066 0.1012 0.9888
557.439 0.1065 0.1010 0.9761
557.477 0.1050 0.1005 0.9740
557.520 0.1054 0.0993 0.9744
557.560 0.1067 0.1006 0.9586
557.600 0.1061 0.0989 0.9446
557.640 0.1095 0.1026 0.9903
557.680 0.1068 0.1014 0.9772
557.721 0.0980 0.1015 0.9816
557.760 0.0950 0.1022 0.9816
557.801 0.0940 0.1011 0.9769
557.841 0.0924 0.0997 0.9723
557.880 0.0945 0.1026 1.0000
557.920 0.0903 0.1028 0.9913
557.961 0.0873 0.1006 0.9755
558.001 0.0892 0.1010 0.9621
558.042 0.0883 0.0997 0.9564
558.082 0.0913 0.0997 0.9519
558.120 0.0871 0.1032 0.9542
558.164 0.0846 0.1013 0.9513
558.203 0.0863 0.1024 0.9704
558.243 0.0898 0.1014 0.9794
558.283 0.0908 0.1037 0.9671
558.320 0.0927 0.1038 0.9665
558.364 0.0934 0.1053 0.9791
558.404 0.0936 0.1007 0.9826
558.444 0.0962 0.0986 0.9564
558.483 0.0976 0.0987 0.9926
558.524 0.1024 0.0989 0.9668
558.564 0.1030 0.1012 0.9561
558.604 0.1066 0.1016 0.9554
558.645 0.1111 0.0989 0.9960
558.684 0.1157 0.0976 0.9903
558.724 0.1162 0.0971 0.9788
558.764 0.1147 0.1015 1.0038
558.805 0.1170 0.1017 1.0034
558.845 0.1199 0.0976 0.9996
558.885 0.1235 0.0998 0.9573
558.925 0.1258 0.0976 1.0192
558.962 0.1261 0.0934 0.9909
559.006 0.1273 0.1002 0.9909
559.045 0.1273 0.0984 1.0048
559.086 0.1274 0.0961 0.9907
559.126 0.1285 0.0934 0.9639
559.163 0.1280 0.0936 0.9524
559.207 0.1279 0.0948 0.9590
559.247 0.1281 0.0983 0.9888
559.288 0.1294 0.0955 1.0226
559.327 0.1275 0.0948 1.0148
559.367 0.1256 0.0959 1.0183
559.408 0.1222 0.0953 1.0061
559.448 0.1193 0.0966 0.9825
559.488 0.1130 0.0989 0.9969
559.528 0.1081 0.0955 0.9898
559.567 0.1047 0.0984 0.9836
559.607 0.0964 0.1002 1.0096
559.648 0.0912 0.0992 0.9923
559.689 0.0857 0.1010 1.0334
559.729 0.0819 0.0993 1.0453
559.768 0.0791 0.0980 1.0329
559.806 0.0772 0.0996 0.9802
559.850 0.0721 0.0985 1.0228
559.889 0.0728 0.1007 1.0237
559.929 0.0778 0.1000 1.0301
559.969 0.0764 0.1001 1.0266
560.006 0.0764 0.0971 1.0344
560.050 0.0708 0.0970 1.0256
560.090 0.0694 0.0983 1.0469
560.130 0.0671 0.1002 1.0469
560.170 0.0713 0.0989 1.0593
560.210 0.0791 0.0980 1.0673
560.251 0.0867 0.1005 1.0011
560.291 0.0860 0.0962 1.0667
560.331 0.0868 0.1041 0.9766
560.372 0.0951 0.1016 0.9736
560.411 0.0979 0.1032 0.9539
560.451 0.0971 0.1018 0.9734
560.492 0.1003 0.1006 0.9573
560.532 0.1082 0.1041 0.9310
560.572 0.1153 0.1059 0.9622
560.612 0.1252 0.1041 0.9515
560.649 0.1262 0.1062 0.9559
560.694 0.1233 0.1069 0.9646
560.733 0.1125 0.1048 0.9280
560.773 0.1101 0.1089 0.9543
560.813 0.1115 0.1093 0.9565
560.850 0.1086 0.1082 0.9237
560.894 0.0988 0.1052 0.9334
560.934 0.0960 0.1061 0.9262
560.974 0.0967 0.1054 0.9262
561.013 0.0941 0.1051 0.9434
561.053 0.0898 0.1039 0.9573
561.094 0.0837 0.1027 0.9624
561.134 0.0804 0.1027 0.9602
561.175 0.0768 0.1014 0.9602
561.214 0.0755 0.1031 0.9117
561.254 0.0759 0.1030 0.8857
561.293 0.0757 0.1026 0.9202
561.335 0.0756 0.1015 0.9367
561.375 0.0721 0.1003 0.9443
561.415 0.0743 0.1000 0.9480
561.456 0.0750 0.1074 0.9430
561.493 0.0739 0.1031 0.9326
561.537 0.0748 0.1005 0.9890
561.577 0.0749 0.1003 1.0062
561.616 0.0739 0.0991 0.9533
561.656 0.0754 0.1016 0.9379
561.693 0.0823 0.1023 0.9405
561.738 0.0857 0.1021 0.9524
561.777 0.0880 0.1007 0.9548
561.817 0.0913 0.1024 0.9461
561.857 0.0944 0.1002 0.9561
561.897 0.0982 0.0994 0.9852
561.938 0.1012 0.1001 0.9959
561.978 0.1044 0.0990 0.9631
562.018 0.1045 0.1003 0.9361
562.058 0.1071 0.0957 0.9292
562.097 0.1104 0.0993 0.9380
562.137 0.1131 0.0994 0.9628
562.178 0.1121 0.0991 0.9452
562.219 0.1128 0.0951 0.9674
562.259 0.1137 0.0948 0.9502
562.298 0.1102 0.0955 0.9333
562.336 0.1090 0.0950 0.9408
562.380 0.1099 0.0964 0.9420
562.419 0.1093 0.0951 0.9420
562.459 0.1054 0.0970 0.9740
562.499 0.1045 0.0951 0.9653
562.537 0.1024 0.0924 0.9586
562.581 0.1027 0.0932 1.0046
562.621 0.1011 0.0967 0.9657
562.661 0.1010 0.0955 0.9776
562.701 0.0988 0.0953 0.9738
562.741 0.0974 0.0948 0.9657
562.781 0.1006 0.0938 0.9856
562.821 0.1047 0.1029 0.9257
562.862 0.1039 0.0991 0.9135
562.902 0.1018 0.0946 0.9572
562.941 0.1004 0.0948 0.9688
562.980 0.1012 0.0945 0.9846
563.022 0.1019 0.0997 0.9642
563.062 0.0968 0.0984 0.9618
563.102 0.0941 0.0993 0.9664
563.142 0.0917 0.0986 0.9631
563.179 0.0890 0.0956 0.9732
563.223 0.0885 0.0970 0.9611
563.263 0.0830 0.1005 0.9495
563.303 0.0814 0.0990 0.9484
563.343 0.0864 0.0971 0.9484
563.380 0.0883 0.0932 0.9206
563.424 0.0916 0.0929 0.9418
563.463 0.0898 0.0932 0.9374
563.504 0.0882 0.0994 0.9105
563.543 0.0910 0.0958 0.9595
563.583 0.0933 0.0948 0.9835
563.624 0.0912 0.0904 0.9702
563.665 0.0988 0.0918 0.9689
563.705 0.0983 0.0959 0.9664
563.745 0.1037 0.0948 0.9457
563.784 0.1074 0.0948 0.9355
563.824 0.1028 0.0919 0.9366
563.865 0.1037 0.0923 0.9593
563.906 0.1073 0.0910 0.9533
563.946 0.1105 0.0968 0.9524
563.985 0.1150 0.0935 0.9776
564.023 0.1178 0.0935 1.0036
564.067 0.1187 0.0893 0.9657
564.106 0.1238 0.0913 0.9767
564.147 0.1195 0.0938 0.9854
564.186 0.1201 0.0940 1.0080
564.223 0.1242 0.0964 1.0042
564.267 0.1235 0.0929 0.9994
564.307 0.1272 0.0915 1.0264
564.347 0.1281 0.0897 1.0358
564.387 0.1224 0.0967 1.0304
564.427 0.1247 0.0928 0.9996
564.468 0.1246 0.0913 0.9865
564.507 0.1264 0.0889 1.0322
564.548 0.1286 0.0924 1.0267
564.588 0.1289 0.0956 0.9847
564.627 0.1313 0.0967 1.0488
564.667 0.1332 0.0971 1.0149
564.708 0.1327 0.0947 0.9746
564.749 0.1331 0.0940 0.9727
564.789 0.1330 0.0963 0.9737
564.829 0.1291 0.0995 0.9377
564.866 0.1295 0.0982 0.9464
564.911 0.1271 0.0959 0.9636
564.950 0.1241 0.0947 0.9673
564.990 0.1193 0.0968 0.9121
565.030 0.1156 0.0934 0.9381
565.067 0.1138 0.0954 0.9290
565.111 0.1130 0.0951 0.9247
565.151 0.1141 0.0929 0.9189
565.191 0.1101 0.0904 0.9210
565.230 0.1090 0.0905 0.8921
565.270 0.1061 0.0932 0.8918
565.311 0.1039 0.0895 0.8847
565.351 0.1048 0.0904 0.8945
565.391 0.1035 0.0879 0.9059
565.431 0.1041 0.0890 0.9146
565.471 0.1044 0.0898 0.9146
565.510 0.1025 0.0925 0.8909
565.552 0.1011 0.0895 0.8823
565.592 0.0985 0.0872 0.8968
565.632 0.0934 0.0874 0.8889
565.672 0.0917 0.0905 0.9178
565.709 0.0895 0.0896 0.9158
565.753 0.0882 0.0945 0.9428
565.793 0.0858 0.0916 0.9229
565.833 0.0813 0.0894 0.9229
565.873 0.0807 0.0880 0.9236
565.910 0.0772 0.0923 0.9296
565.954 0.0762 0.0956 0.9239
565.994 0.0776 0.0942 0.9516
566.034 0.0782 0.0946 0.9434
566.074 0.0808 0.0917 0.9729
566.114 0.0830 0.0934 0.9977
566.155 0.0852 0.0979 1.0142
566.195 0.0863 0.0943 1.0454
566.235 0.0853 0.0955 0.9896
566.275 0.0837 0.0896 1.0015
566.314 0.0864 0.0890 1.0038
566.354 0.0858 0.0934 1.0083
566.395 0.0888 0.0949 1.0003
566.436 0.0864 0.0926 1.0029
566.476 0.0858 0.0929 1.0021
566.515 0.0870 0.0864 0.9931
566.553 0.0893 0.0912 0.9849
566.597 0.1003 0.0902 1.0219
566.636 0.1005 0.0923 1.0632
566.676 0.1003 0.0907 1.0232
566.716 0.0986 0.0902 1.0588
566.753 0.1009 0.0924 1.0583
566.797 0.1024 0.0869 1.0832
566.837 0.1059 0.0958 0.9261
566.877 0.1047 0.0971 0.9208
566.917 0.1063 0.0944 0.9062
566.957 0.1078 0.0937 0.9062
566.999 0.1066 0.0954 0.9145
567.038 0.1054 0.0967 0.9285
567.079 0.0931 0.0973 0.9273
567.119 0.0869 0.0959 0.9023
567.158 0.0860 0.0971 0.9352
567.197 0.0856 0.0968 0.9230
567.239 0.0887 0.0965 0.9241
567.279 0.0891 0.1000 0.8971
567.319 0.0914 0.1000 0.8799
567.359 0.0936 0.0989 0.8907
567.396 0.0935 0.0987 0.8855
567.440 0.0935 0.0968 0.9289
567.480 0.0946 0.0973 0.8849
567.520 0.0966 0.0985 0.9207
567.560 0.0964 0.0969 0.8898
567.597 0.0987 0.0980 0.9177
567.641 0.1015 0.0992 0.9055
567.680 0.1019 0.0974 0.9347
567.721 0.1010 0.0962 0.9232
567.761 0.1014 0.0984 0.9396
567.800 0.0979 0.0967 0.9463
567.855 0.0927 0.0957 0.9312
567.881 0.0914 0.0959 0.9091
567.921 0.0886 0.0959 0.9091
567.961 0.0900 0.0971 0.9483
568.000 0.0878 0.0987 0.9065
568.040 0.0852 0.0956 0.9317
568.082 0.0840 0.0984 0.9293
568.123 0.0808 0.0990 0.9282
568.163 0.0832 0.0989 0.9257
568.202 0.0795 0.1010 0.9594
568.240 0.0780 0.0990 0.9261
568.284 0.0751 0.0995 0.9421
568.323 0.0696 0.0995 0.9473
568.363 0.0677 0.0988 0.9369
568.403 0.0695 0.1001 0.9227
568.440 0.0666 0.1016 0.8953
568.484 0.0649 0.1016 0.9034
568.524 0.0642 0.1025 0.9072
568.564 0.0664 0.1020 0.9247
568.604 0.0654 0.1020 0.9620
568.644 0.0637 0.1041 0.9196
568.685 0.0643 0.1039 0.9473
568.724 0.0622 0.1041 0.9246
568.765 0.0639 0.1017 0.9011
568.805 0.0697 0.1024 0.9257
568.844 0.0724 0.1024 0.9257
568.884 0.0698 0.1017 0.9379
568.925 0.0665 0.1017 0.9357
568.965 0.0623 0.1026 0.9087
569.005 0.0649 0.1020 0.9201
569.045 0.0643 0.1034 0.9447
569.082 0.0653 0.1059 0.9461
569.126 0.0652 0.1033 0.9671
569.166 0.0652 0.1034 0.9671
569.207 0.0658 0.1044 0.9412
569.247 0.0636 0.1040 0.9462
569.284 0.0585 0.1055 0.9856
569.328 0.0541 0.1073 0.9934
569.367 0.0554 0.1034 0.9706
569.408 0.0564 0.1050 0.9522
569.447 0.0597 0.1045 0.9682
569.486 0.0580 0.1047 0.9682
569.528 0.0535 0.1073 0.9510
569.568 0.0518 0.1056 0.9314
569.608 0.0513 0.1057 0.9044
569.648 0.0558 0.1042 0.9445
569.688 0.0585 0.0995 0.9019
569.727 0.0638 0.1044 0.9620
569.769 0.0714 0.1074 0.9620
569.809 0.0793 0.1071 0.9492
569.849 0.0832 0.1034 0.9337
569.889 0.0875 0.1040 0.9362
569.926 0.0898 0.1018 0.9846
569.970 0.0931 0.1057 0.9882
570.009 0.0951 0.1025 1.0095
570.050 0.0979 0.1006 1.0296
570.089 0.1038 0.1018 1.0300
570.126 0.1043 0.1001 1.0226
570.171 0.1078 0.1007 1.0601
570.210 0.1089 0.1030 1.0686
570.251 0.1087 0.1010 1.0533
570.290 0.1062 0.1029 0.9620
570.330 0.1046 0.1003 1.0278
570.372 0.1052 0.1010 1.0278
570.412 0.1045 0.1029 1.0154
570.452 0.1032 0.1024 1.0351
570.492 0.1065 0.1009 0.9588
570.531 0.1090 0.0993 0.9588
570.571 0.1079 0.0976 0.9588
570.612 0.1075 0.0997 0.9588
570.653 0.1059 0.1022 0.9968
570.693 0.1015 0.0998 1.0136
570.732 0.1000 0.1012 1.0245
570.769 0.0989 0.1008 0.9814
570.814 0.0926 0.1012 0.9464
570.853 0.0860 0.1012 0.9464
570.893 0.0778 0.1011 0.9241
570.933 0.0728 0.1046 0.9031
570.970 0.0668 0.1019 0.9042
571.014 0.0587 0.1029 0.8927
571.054 0.0550 0.1029 0.9197
571.094 0.0485 0.1057 0.9336
571.134 0.0385 0.1075 0.9089
571.173 0.0339 0.1080 0.9098
571.215 0.0256 0.1068 0.9161
571.254 0.0202 0.1035 0.9075
571.295 0.0191 0.1090 0.9348
571.334 0.0172 0.1079 0.9348
571.374 0.0170 0.1094 0.9348
571.414 0.0164 0.1046 0.9382
571.456 0.0147 0.1051 0.9348
571.496 0.0146 0.1070 0.9348
571.536 0.0128 0.1082 0.9348
571.576 0.0136 0.1111 0.9289
571.613 0.0164 0.1059 0.9542
571.657 0.0154 0.1038 0.9480
571.697 0.0151 0.1031 0.9465
571.737 0.0150 0.1070 0.9382
571.776 0.0116 0.1085 0.9392
571.814 0.0104 0.1074 0.9392
571.858 0.0129 0.1066 0.9477
571.897 0.0132 0.1031 0.9477
571.938 0.0174 0.1030 0.9266
571.977 0.0145 0.1107 0.9505
572.016 0.0135 0.1075 0.9322
572.058 0.0114 0.1060 0.9541
572.098 0.0096 0.1028 0.9266
572.138 0.0122 0.1044 0.9505
572.178 0.0113 0.1054 0.9322
572.217 0.0098 0.1086 0.9126
572.257 0.0097 0.1065 0.9266
572.298 0.0111 0.1049 0.9266
572.339 0.0097 0.1036 0.9266
572.379 0.0075 0.1027 0.9290
572.418 0.0079 0.1088 0.9541
572.457 0.0065 0.1084 0.9541
572.500 0.0077 0.1078 0.9505
572.540 0.0046 0.1048 0.9541
572.581 0.0029 0.1036 0.9325
572.620 0.0030 0.1065 0.9527
572.658 0.0039 0.1065 0.9622
572.701 0.0043 0.1056 0.9484
572.741 0.0043 0.1047 0.9325
572.781 0.0042 0.1032 0.9426
572.821 0.0052 0.1061 0.9542
572.861 0.0042 0.1084 0.9679
572.902 0.0043 0.1064 0.9443
572.941 0.0043 0.1059 0.9832
572.982 0.0038 0.1058 0.9862
573.021 0.0021 0.1030 0.9873
573.061 0.0082 0.1042 0.9812
573.100 0.0170 0.1059 0.9702
573.142 0.0296 0.1058 0.9641
573.183 0.0503 0.1041 0.9702
573.222 0.0715 0.1041 0.9525
573.262 0.0915 0.1085 0.9424
573.299 0.1102 0.1059 0.9865
573.344 0.1315 0.1059 0.9945
573.383 0.1418 0.1041 0.9557
573.423 0.1529 0.1036 0.9343
573.463 0.1634 0.1011 0.9430
573.500 0.1654 0.1031 0.9192
573.544 0.1642 0.1056 0.9289
573.583 0.1615 0.1064 0.9511
573.624 0.1579 0.1021 0.9381
573.665 0.1438 0.1000 0.9694
573.705 0.1227 0.1040 0.9816
573.745 0.1015 0.1032 0.9555
573.785 0.0877 0.1031 0.9818
573.825 0.0714 0.1018 0.9698
573.865 0.0587 0.1009 0.9698
573.905 0.0476 0.0975 0.9562
573.944 0.0338 0.1007 0.9262
573.988 0.0274 0.1044 0.9154
574.026 0.0265 0.1033 0.9444
574.066 0.0234 0.1019 0.9562
574.106 0.0185 0.1010 0.9551
574.143 0.0140 0.1021 0.9551
574.187 0.0133 0.1019 0.9551
574.227 0.0097 0.1043 0.9464
574.267 0.0073 0.1019 0.9551
574.306 0.0076 0.1019 0.9551
574.344 0.0111 0.0997 0.9562
574.388 0.0144 0.1030 0.9551
574.427 0.0121 0.1027 0.9582
574.468 0.0144 0.1006 0.9562
574.507 0.0159 0.0985 0.9292
574.547 0.0163 0.1021 0.9180
574.588 0.0156 0.1003 0.9353
574.628 0.0117 0.1041 0.9919
574.668 0.0211 0.1018 0.9819
574.708 0.0260 0.0997 0.9819
574.749 0.0315 0.1011 0.9746
574.788 0.0359 0.0982 0.9564
574.830 0.0371 0.1020 0.9335
574.869 0.0375 0.1030 0.9336
574.910 0.0328 0.1049 0.9246
574.949 0.0244 0.1020 0.9606
574.986 0.0212 0.0988 0.9606
575.031 0.0141 0.1003 0.9246
575.071 0.0164 0.0999 0.9525
575.110 0.0219 0.1036 0.9475
575.151 0.0308 0.1048 0.9475
575.188 0.0403 0.0979 0.9649
575.231 0.0453 0.0979 0.9649
575.271 0.0533 0.0979 0.9678
575.311 0.0536 0.1000 0.9352
575.351 0.0537 0.1037 0.9155
575.391 0.0566 0.1028 0.9258
575.432 0.0591 0.1026 0.9529
575.471 0.0602 0.1031 0.9529
575.512 0.0654 0.1017 0.9319
575.552 0.0666 0.1050 0.9323
575.591 0.0675 0.1064 0.9416
575.631 0.0662 0.1043 0.9119
575.672 0.0655 0.1023 0.9058
575.712 0.0626 0.1054 0.9147
575.752 0.0573 0.1050 0.9303
575.793 0.0587 0.1042 0.9299
575.831 0.0578 0.1032 0.9178
575.874 0.0578 0.1037 0.9102
575.914 0.0619 0.1017 0.9248
575.954 0.0702 0.1052 0.9157
575.994 0.0682 0.1088 0.9224
576.030 0.0676 0.1057 0.9298
576.075 0.0675 0.1062 0.8988
576.114 0.0685 0.1060 0.8924
576.155 0.0719 0.1042 0.9168
576.194 0.0759 0.1074 0.9238
576.234 0.0801 0.1069 0.9078
576.275 0.0791 0.1091 0.8795
576.315 0.0776 0.1089 0.8705
576.355 0.0794 0.1091 0.8915
576.395 0.0766 0.1092 0.9285
576.434 0.0687 0.1122 0.9212
576.474 0.0639 0.1098 0.9202
576.516 0.0620 0.1092 0.9389
576.556 0.0605 0.1087 0.9167
576.596 0.0588 0.1092 0.9320
576.635 0.0552 0.1112 0.9557
576.673 0.0525 0.1097 0.9396
576.717 0.0494 0.1098 0.8915
576.756 0.0468 0.1095 0.8948
576.796 0.0471 0.1089 0.8948
576.836 0.0450 0.1092 0.9034
576.874 0.0416 0.1088 0.8998
576.917 0.0381 0.1107 0.8998
576.957 0.0323 0.1085 0.9096
576.998 0.0244 0.1078 0.9096
577.038 0.0175 0.1066 0.8930
577.078 0.0151 0.1105 0.8936
577.119 0.0136 0.1109 0.9014
577.158 0.0174 0.1077 0.9139
577.199 0.0163 0.1075 0.9040
577.239 0.0202 0.1076 0.8963
577.278 0.0285 0.1067 0.9041
577.319 0.0378 0.1086 0.8963
577.359 0.0432 0.1078 0.9139
577.400 0.0587 0.1089 0.9139
577.439 0.0707 0.1078 0.9139
577.479 0.0749 0.1067 0.9539
577.516 0.0795 0.1077 0.9359
577.561 0.0828 0.1084 0.9708
577.600 0.0855 0.1108 0.9026
577.640 0.0861 0.1121 0.9026
577.680 0.0844 0.1121 0.9026
577.717 0.0804 0.1088 0.9066
577.761 0.0768 0.1207 0.8863
577.801 0.0661 0.1131 0.8841
577.841 0.0594 0.1109 0.8773
577.881 0.0564 0.1053 0.9280
577.920 0.0537 0.1053 0.9227
577.961 0.0525 0.1039 0.9061
578.001 0.0519 0.1123 0.9227
578.041 0.0503 0.1076 0.9110
578.082 0.0509 0.1129 0.8924
578.122 0.0494 0.1065 0.8685
578.162 0.0490 0.1065 0.8805
578.202 0.0538 0.1074 0.8805
578.243 0.0498 0.1084 0.8805
578.283 0.0482 0.1065 0.8881
578.322 0.0478 0.1065 0.9009
578.360 0.0511 0.1042 0.9269
578.404 0.0519 0.1064 0.9249
578.444 0.0541 0.1046 0.9628
578.484 0.0524 0.1051 0.9538
578.523 0.0490 0.1042 0.9460
578.561 0.0491 0.1031 0.9507
578.605 0.0473 0.1055 0.9373
578.644 0.0491 0.1091 0.9286
578.684 0.0475 0.1064 0.9886
578.724 0.0461 0.1078 0.9582
578.764 0.0462 0.1055 0.9582
578.805 0.0504 0.1055 0.9245
578.845 0.0489 0.1055 0.9295
578.885 0.0507 0.1046 0.9888
578.925 0.0526 0.1053 0.9777
578.964 0.0535 0.1028 0.9704
579.004 0.0577 0.1014 0.9987
579.045 0.0564 0.1036 1.0004
579.086 0.0632 0.1071 0.9551
579.126 0.0636 0.1058 0.9576
579.165 0.0658 0.1058 0.9876
579.204 0.0651 0.1041 1.0034
579.249 0.0703 0.1034 0.9788
579.287 0.0718 0.1008 1.0008
579.328 0.0724 0.1081 0.9998
579.367 0.0740 0.1047 0.9998
579.404 0.0729 0.1060 1.0034
579.448 0.0761 0.1038 1.0137
579.488 0.0789 0.1020 1.0180
579.528 0.0840 0.1069 1.0345
579.568 0.0840 0.1051 1.0410
579.608 0.0874 0.1002 0.9457
579.649 0.0853 0.0988 0.9425
579.688 0.0884 0.0982 0.9368
579.729 0.0895 0.0991 0.9275
579.769 0.0906 0.1026 0.9275
579.808 0.0938 0.1019 0.9185
579.848 0.0949 0.0990 0.9245
579.889 0.0982 0.0982 0.9214
579.929 0.0986 0.0982 0.9343
579.969 0.0958 0.1010 0.9159
580.009 0.0939 0.0995 0.9076
580.047 0.0936 0.0995 0.9365
580.091 0.0940 0.0995 0.8951
580.130 0.0946 0.0959 0.9393
580.170 0.0994 0.0963 0.9346
580.210 0.1005 0.1010 0.9486
580.248 0.0926 0.0960 0.9314
580.291 0.0878 0.0945 0.9358
580.331 0.0851 0.0939 0.9371
580.371 0.0843 0.0974 0.9285
580.411 0.0819 0.0997 0.9294
580.452 0.0932 0.1007 0.9283
580.492 0.0973 0.0974 0.8994
580.532 0.0993 0.0975 0.9164
580.572 0.0981 0.0944 0.9174
580.612 0.0994 0.0951 0.9459
580.666 0.0968 0.0983 0.9393
580.693 0.0960 0.0954 0.9803
580.733 0.1042 0.0958 0.9714
580.773 0.1103 0.0964 0.9764
580.813 0.1178 0.0951 0.9764
580.853 0.1193 0.0981 0.9652
580.891 0.1176 0.1000 0.9663
580.934 0.1112 0.0979 0.9895
580.974 0.1112 0.0993 0.9726
581.014 0.1135 0.0983 0.9715
581.053 0.1135 0.0981 0.9720
581.091 0.1092 0.0989 0.9710
581.134 0.1078 0.0986 0.9731
581.174 0.1094 0.0971 0.9775
581.214 0.1093 0.0963 0.9622
581.254 0.1080 0.0965 0.9501
581.294 0.1009 0.0973 0.9334
581.335 0.0961 0.0963 0.9779
581.375 0.0989 0.0969 0.9524
581.415 0.1032 0.0969 0.9732
581.456 0.0965 0.0961 0.9713
581.495 0.0881 0.0973 0.9784
581.535 0.0842 0.0966 0.9734
581.576 0.0891 0.0960 0.9846
581.616 0.0896 0.0930 0.9670
581.656 0.0833 0.0939 0.9776
581.696 0.0836 0.0938 0.9539
581.734 0.0829 0.0958 0.9933
581.777 0.0907 0.0968 0.9745
581.817 0.0954 0.0928 0.9812
581.857 0.0934 0.0916 0.9812
581.897 0.0924 0.0899 0.9976
581.934 0.0950 0.0892 0.9915
581.978 0.0947 0.0934 1.0153
582.018 0.0976 0.0949 0.9788
582.058 0.0946 0.0940 0.9956
582.098 0.0941 0.0928 1.0007
582.138 0.0981 0.0907 0.9322
582.178 0.0967 0.0933 0.9036
582.218 0.0997 0.0946 0.9249
582.259 0.0994 0.0896 0.9339
582.299 0.0974 0.0923 0.9907
582.338 0.1003 0.0922 0.9585
582.377 0.1006 0.0932 0.9222
582.419 0.0994 0.0943 0.9429
582.459 0.1069 0.0973 0.9385
582.499 0.1154 0.0941 0.9674
582.540 0.1204 0.0920 0.9390
582.578 0.1229 0.0923 0.9463
582.621 0.1309 0.0917 0.9461
582.661 0.1371 0.0984 0.9717
582.701 0.1371 0.1019 0.9351
582.741 0.1335 0.0965 0.9721
582.777 0.1328 0.0964 0.9811
582.822 0.1297 0.0989 0.9610
582.861 0.1298 0.0994 0.9687
582.901 0.1320 0.1013 0.9802
582.941 0.1364 0.1012 0.9403
582.981 0.1253 0.1042 0.9039
583.022 0.1177 0.1011 0.9341
583.062 0.1172 0.1001 0.9368
583.102 0.1128 0.1014 0.9103
583.142 0.1090 0.0998 0.9427
583.181 0.1072 0.0963 0.9526
583.221 0.1042 0.0974 0.9384
583.263 0.1046 0.0976 0.9714
583.303 0.1050 0.0982 0.9635
583.343 0.1029 0.1016 0.9384
583.382 0.1025 0.0996 0.9794
583.420 0.0929 0.0961 0.9475
583.464 0.0954 0.0946 0.9518
583.503 0.0958 0.0951 0.9649
583.543 0.0949 0.0967 0.9229
583.583 0.0957 0.0975 0.9229
583.621 0.0940 0.0954 0.9686
583.665 0.0878 0.0974 0.9747
583.705 0.0884 0.0962 0.9484
583.745 0.0854 0.0967 0.9879
583.785 0.0870 0.0964 0.9865
583.825 0.0909 0.0951 0.9956
583.865 0.0930 0.0950 0.9696
583.905 0.0975 0.0948 0.9739
583.946 0.0977 0.0948 0.9701
583.986 0.1021 0.0949 1.0171
584.025 0.1028 0.0933 1.0140
584.065 0.1022 0.0917 0.9865
584.106 0.1007 0.0932 1.0049
584.147 0.1032 0.0916 1.0379
584.186 0.1089 0.0934 1.0301
584.226 0.1197 0.0955 1.0491
584.263 0.1304 0.0944 1.0707
584.308 0.1284 0.0926 1.0363
584.347 0.1304 0.0923 1.0301
584.387 0.1327 0.0924 1.0535
584.427 0.1325 0.0933 1.0805
584.464 0.1312 0.0924 1.0606
584.509 0.1316 0.0913 0.9396
584.548 0.1343 0.0849 0.9658
584.587 0.1350 0.0912 0.9677
584.627 0.1376 0.0905 0.9668
584.668 0.1360 0.0881 0.9849
584.708 0.1332 0.0914 0.9824
584.749 0.1284 0.0880 0.9840
584.789 0.1317 0.0869 0.9758
584.829 0.1360 0.0883 0.9905
584.868 0.1375 0.0959 0.9837
584.908 0.1419 0.0946 0.9529
584.950 0.1464 0.0935 0.9799
584.990 0.1555 0.0884 0.9671
585.030 0.1599 0.0898 0.9807
585.069 0.1652 0.0912 1.0073
585.107 0.1691 0.0912 0.9844
585.151 0.1707 0.0910 0.9892
585.191 0.1744 0.0901 0.9818
585.231 0.1722 0.0897 0.9800
585.270 0.1732 0.0892 0.9889
585.308 0.1690 0.0932 1.0077
585.351 0.1640 0.0939 1.0023
585.391 0.1593 0.0919 1.0086
585.432 0.1560 0.0904 1.0026
585.471 0.1486 0.0912 1.0114
585.511 0.1398 0.0903 1.0076
585.552 0.1332 0.0920 1.0588
585.591 0.1306 0.0936 1.0390
585.632 0.1288 0.0905 1.0313
585.672 0.1278 0.0903 1.0272
585.711 0.1276 0.0904 1.0460
585.751 0.1225 0.0909 1.0175
585.792 0.1304 0.0916 1.0403
585.832 0.1431 0.0916 1.0395
585.873 0.1471 0.0923 1.0373
585.913 0.1465 0.0912 1.0612
585.950 0.1448 0.0892 1.0590
585.995 0.1489 0.0889 1.0630
586.034 0.1502 0.0915 1.0731
586.074 0.1485 0.0976 0.9617
586.114 0.1452 0.0938 0.9295
586.151 0.1438 0.0946 0.9487
586.195 0.1396 0.0964 0.9520
586.235 0.1376 0.1015 0.9375
586.275 0.1322 0.0992 0.9375
586.315 0.1180 0.0991 0.9331
586.354 0.1084 0.1003 0.9230
586.396 0.1056 0.0990 0.9345
586.435 0.1063 0.1011 0.9372
586.476 0.1042 0.0991 0.9621
586.516 0.1040 0.0967 0.9333
586.555 0.1050 0.0989 0.9404
586.594 0.1033 0.0992 0.9181
586.636 0.1048 0.0991 0.9084
586.676 0.1077 0.0976 0.9297
586.716 0.1097 0.1013 0.9418
586.756 0.1069 0.0959 0.9429
586.793 0.1044 0.0986 0.9227
586.837 0.1055 0.0987 0.9191
586.877 0.1053 0.1008 0.9437
586.917 0.1041 0.0993 0.9210
586.957 0.1022 0.0978 0.9286
586.994 0.1000 0.0988 0.9497
587.039 0.0957 0.0976 0.9516
587.078 0.0940 0.1000 0.9536
587.118 0.0943 0.0994 0.9458
587.158 0.0912 0.0997 0.9488
587.198 0.0881 0.0989 0.9671
587.239 0.0876 0.0979 0.9769
587.279 0.0904 0.0955 0.9865
587.319 0.0888 0.0996 0.9805
587.359 0.0842 0.1025 0.9943
587.398 0.0822 0.0977 0.9707
587.438 0.0808 0.0978 0.9620
587.479 0.0797 0.0997 0.9759
587.520 0.0795 0.1019 0.9471
587.560 0.0834 0.1022 0.9748
587.600 0.0826 0.0983 0.9810
587.637 0.0811 0.1002 0.9748
587.681 0.0815 0.0985 0.9784
587.720 0.0823 0.1002 0.9878
587.760 0.0795 0.0958 1.0105
587.800 0.0773 0.0973 1.0331
587.837 0.0810 0.0985 1.0018
587.881 0.0805 0.0972 1.0054
587.921 0.0793 0.0964 0.9808
587.961 0.0768 0.0948 1.0040
588.001 0.0760 0.0973 1.0195
588.041 0.0717 0.0938 1.0030
588.082 0.0721 0.0954 1.0086
588.122 0.0713 0.0942 1.0086
588.163 0.0658 0.0966 1.0383
588.203 0.0696 0.0941 1.0383
588.242 0.0797 0.0947 1.0245
588.282 0.0794 0.0963 1.0255
588.323 0.0790 0.0946 1.0255
588.363 0.0795 0.0953 1.0255
588.404 0.0837 0.0971 1.0262
588.443 0.0898 0.0951 0.9989
588.480 0.0913 0.0950 0.9167
588.524 0.0915 0.0953 0.9228
588.564 0.0887 0.0960 0.9248
588.604 0.0929 0.0959 0.9408
588.644 0.0986 0.0982 0.9213
588.680 0.1015 0.0958 0.9389
588.725 0.0888 0.0966 0.9223
588.765 0.0863 0.0970 0.8979
588.805 0.0841 0.0962 0.9213
588.844 0.0827 0.0970 0.9053
588.884 0.0811 0.0970 0.8973
588.925 0.0774 0.0957 0.8973
588.965 0.0770 0.0932 0.8963
589.005 0.0809 0.0957 0.8973
589.045 0.0852 0.0943 0.8973
589.084 0.0878 0.0961 0.9249
589.124 0.0847 0.0943 0.9115
589.165 0.0815 0.0938 0.9125
589.207 0.0815 0.0943 0.9426
589.247 0.0875 0.0923 0.9713
589.287 0.0891 0.0921 0.9389
589.324 0.0939 0.0929 0.9495
589.368 0.0978 0.0913 0.9382
589.408 0.1022 0.0900 0.9382
589.448 0.1086 0.0898 0.9332
589.487 0.1115 0.0859 0.9539
589.524 0.1141 0.0918 1.0086
589.568 0.1128 0.0916 1.0245
589.608 0.1149 0.0888 0.9925
589.648 0.1176 0.0901 1.0048
589.688 0.1225 0.0883 1.0313
589.728 0.1223 0.0885 1.0193
589.769 0.1217 0.0924 1.0090
589.809 0.1206 0.0916 1.0383
589.849 0.1211 0.0878 1.0520
589.889 0.1187 0.0878 1.0321
589.928 0.1150 0.0877 1.0450
589.968 0.1098 0.0890 1.0442
590.009 0.1066 0.0890 1.0431
590.050 0.1056 0.0877 1.0821
590.090 0.1041 0.0876 1.0709
590.129 0.1054 0.0886 1.0306
590.166 0.1032 0.0870 1.0769
590.211 0.0989 0.0877 1.0985
590.250 0.1027 0.0863 1.0919
590.290 0.1042 0.0867 1.1090
590.331 0.1013 0.0859 1.0846
590.368 0.1003 0.0865 1.0769
590.412 0.1078 0.0864 1.0705
590.452 0.1225 0.0864 1.0705
590.492 0.1239 0.0852 1.1427
590.531 0.1231 0.0859 1.0920
590.572 0.1227 0.0851 1.0930
590.612 0.1196 0.0836 1.1151
590.652 0.1185 0.0839 1.0879
590.693 0.1165 0.0921 0.9587
590.732 0.1125 0.0920 0.9548
590.771 0.1098 0.0909 0.9466
590.811 0.1087 0.0896 0.9462
590.853 0.1107 0.0909 0.9462
590.893 0.1060 0.0916 0.9412
590.933 0.0885 0.0934 0.9391
590.973 0.0775 0.0944 0.9411
591.010 0.0749 0.0925 0.9382
591.055 0.0717 0.0942 0.9121
591.094 0.0698 0.0920 0.9442
591.134 0.0625 0.0913 0.9346
591.173 0.0610 0.0946 0.9459
591.210 0.0588 0.0947 0.9371
591.255 0.0586 0.0960 0.9172
591.294 0.0592 0.0963 0.9172
591.334 0.0546 0.0948 0.9665
591.374 0.0528 0.0963 0.9112
591.415 0.0487 0.0957 0.9382
591.456 0.0488 0.0957 0.9382
591.496 0.0481 0.0963 0.9346
591.536 0.0467 0.0977 0.9346
591.576 0.0437 0.0966 0.9397
591.615 0.0455 0.0958 0.9389
591.655 0.0439 0.0950 0.8847
591.696 0.0456 0.0950 0.8811
591.737 0.0444 0.0960 0.8811
591.777 0.0399 0.0967 0.9075
591.816 0.0383 0.1003 0.8830
591.853 0.0352 0.0979 0.8830
591.898 0.0372 0.0947 0.8916
591.937 0.0410 0.0956 0.8905
591.977 0.0435 0.0978 0.8889
592.017 0.0423 0.0965 0.9008
592.054 0.0418 0.0957 0.9278
592.098 0.0409 0.0972 0.9025
592.138 0.0446 0.0979 0.9089
592.178 0.0465 0.0981 0.8869
592.218 0.0465 0.0968 0.9139
592.258 0.0496 0.1000 0.8975
592.299 0.0480 0.0986 0.8976
592.338 0.0504 0.0986 0.8976
592.379 0.0568 0.0947 0.8976
592.419 0.0573 0.0985 0.9063
592.458 0.0558 0.0972 0.9002
592.499 0.0561 0.1002 0.8667
592.540 0.0549 0.0948 0.8689
592.580 0.0545 0.0977 0.9183
592.620 0.0566 0.0946 0.9132
592.660 0.0539 0.1035 0.9395
592.697 0.0540 0.0989 0.9843
592.742 0.0488 0.0960 0.9799
592.781 0.0489 0.0975 0.9843
592.821 0.0518 0.0979 0.9506
592.861 0.0464 0.0998 0.9529
592.898 0.0450 0.1020 0.9417
592.942 0.0482 0.0982 0.9516
592.982 0.0491 0.0978 0.9239
593.022 0.0529 0.0940 0.9159
593.061 0.0585 0.0948 0.9372
593.100 0.0564 0.0983 0.9270
593.142 0.0579 0.0955 0.8933
593.182 0.0587 0.0978 0.8933
593.222 0.0588 0.0966 0.8869
593.262 0.0622 0.0938 0.9072
593.302 0.0626 0.0965 0.9012
593.341 0.0643 0.0994 0.9009
593.383 0.0633 0.0961 0.9054
593.423 0.0597 0.0928 0.9054
593.463 0.0570 0.0952 0.9029
593.503 0.0532 0.0975 0.9009
593.540 0.0486 0.0975 0.9009
593.584 0.0451 0.0965 0.9279
593.624 0.0416 0.0976 0.9279
593.665 0.0364 0.0972 0.8963
593.704 0.0371 0.0943 0.9279
593.741 0.0353 0.0942 0.8997
593.785 0.0325 0.0963 0.9108
593.825 0.0332 0.0976 0.9297
593.865 0.0320 0.0945 0.8977
593.905 0.0267 0.0956 0.9027
593.945 0.0286 0.0964 0.8977
593.986 0.0272 0.0953 0.9144
594.026 0.0278 0.0943 0.9407
594.066 0.0267 0.0924 0.9657
594.106 0.0268 0.0911 0.9657
594.145 0.0276 0.0919 0.9516
594.185 0.0240 0.0954 0.9516
594.226 0.0253 0.0953 0.9516
594.266 0.0245 0.0952 0.9516
594.307 0.0236 0.0923 0.9447
594.346 0.0220 0.0930 0.9382
594.383 0.0286 0.0919 0.9396
594.428 0.0236 0.0939 0.9407
594.467 0.0250 0.0944 0.9516
594.507 0.0259 0.0920 0.9516
594.547 0.0297 0.0940 0.9347
594.584 0.0308 0.0917 0.9950
594.628 0.0326 0.0940 0.9765
594.668 0.0299 0.0970 0.9778
594.708 0.0242 0.0927 0.9836
594.749 0.0237 0.0955 0.9775
594.789 0.0201 0.0897 0.9443
594.830 0.0184 0.0892 0.9372
594.869 0.0161 0.0976 0.9367
594.909 0.0161 0.0966 0.9356
594.950 0.0169 0.0932 0.9356
594.989 0.0181 0.0896 0.9507
595.028 0.0192 0.0911 0.9543
595.070 0.0223 0.0923 0.9333
595.111 0.0271 0.0927 0.9493
595.151 0.0296 0.0941 0.9314
595.190 0.0350 0.0918 0.9453
595.227 0.0357 0.0911 0.9453
595.272 0.0386 0.0918 0.9483
595.311 0.0402 0.0923 0.9693
595.351 0.0392 0.0894 0.9812
595.391 0.0390 0.0888 0.9812
595.428 0.0392 0.0889 0.9598
595.472 0.0378 0.0917 0.9314
595.511 0.0407 0.0893 0.9314
595.551 0.0387 0.0893 0.9537
595.591 0.0320 0.0897 0.9562
595.631 0.0265 0.0875 0.9573
595.672 0.0218 0.0879 0.9598
595.712 0.0238 0.0879 0.9562
595.752 0.0234 0.0893 0.9562
595.792 0.0249 0.0893 0.9562
595.832 0.0239 0.0892 0.9472
595.872 0.0236 0.0871 0.9693
595.914 0.0251 0.0873 0.9562
595.954 0.0316 0.0901 0.8935
595.994 0.0313 0.0891 0.9119
596.033 0.0290 0.0883 0.9119
596.071 0.0327 0.0884 0.8922
596.115 0.0406 0.0866 0.9119
596.155 0.0443 0.0866 0.9179
596.195 0.0455 0.0873 0.9389
596.234 0.0424 0.0883 0.9389
596.271 0.0406 0.0906 0.9527
596.316 0.0427 0.0855 0.9286
596.355 0.0457 0.0856 0.9009
596.395 0.0465 0.0863 0.9069
596.435 0.0426 0.0877 0.9310
596.475 0.0357 0.0875 0.9272
596.516 0.0346 0.0858 0.9451
596.556 0.0369 0.0854 0.9328
596.596 0.0369 0.0834 0.9345
596.636 0.0397 0.0860 0.9659
596.675 0.0403 0.0890 0.9559
596.715 0.0406 0.0875 0.9396
596.756 0.0466 0.0852 0.9139
596.796 0.0473 0.0836 0.9172
596.837 0.0468 0.0849 0.9223
596.876 0.0446 0.0859 0.9503
596.914 0.0416 0.0878 0.9496
596.957 0.0412 0.0857 0.9315
596.998 0.0404 0.0867 0.9419
597.038 0.0333 0.0841 0.9688
597.078 0.0279 0.0858 0.9579
597.115 0.0207 0.0864 0.9529
597.159 0.0136 0.0854 0.9389
597.199 0.0134 0.0842 0.9469
597.239 0.0092 0.0798 0.9389
597.278 0.0085 0.0838 0.9472
597.317 0.0099 0.0850 0.9472
597.359 0.0090 0.0871 0.9464
597.399 0.0096 0.0843 0.9469
597.439 0.0141 0.0834 0.9308
597.479 0.0228 0.0819 0.9438
597.519 0.0325 0.0803 0.9508
597.558 0.0395 0.0843 0.9487
597.600 0.0458 0.0884 0.9398
597.640 0.0483 0.0827 0.9389
597.680 0.0544 0.0823 0.9298
597.720 0.0619 0.0800 0.9273
597.757 0.0659 0.0808 0.9598
597.801 0.0661 0.0857 0.9298
597.841 0.0684 0.0837 0.9709
597.881 0.0729 0.0838 0.9435
597.920 0.0751 0.0802 0.9732
597.957 0.0726 0.0794 0.9468
598.002 0.0703 0.0834 0.9642
598.041 0.0681 0.0823 0.9789
598.082 0.0660 0.0822 0.9753
598.122 0.0651 0.0786 0.9742
598.162 0.0626 0.0785 0.9914
598.203 0.0563 0.0806 0.9914
598.243 0.0536 0.0823 0.9914
598.283 0.0515 0.0806 0.9906
598.323 0.0509 0.0805 0.9944
598.362 0.0483 0.0797 0.9944
598.402 0.0466 0.0793 0.9858
598.443 0.0508 0.0814 0.9858
598.484 0.0521 0.0825 0.9853
598.524 0.0545 0.0818 0.9891
598.563 0.0541 0.0801 0.9734
598.601 0.0577 0.0804 0.9734
598.645 0.0635 0.0809 0.9745
598.684 0.0638 0.0819 1.0030
598.724 0.0656 0.0827 1.0030
598.764 0.0638 0.0827 1.0030
598.801 0.0639 0.0800 1.0243
598.845 0.0651 0.0812 1.0243
598.885 0.0650 0.0827 1.0002
598.925 0.0638 0.0816 1.0002
598.965 0.0614 0.0816 1.0003
599.005 0.0591 0.0817 0.9997
599.046 0.0585 0.0815 0.9565
599.085 0.0598 0.0804 0.9780
599.126 0.0570 0.0811 1.0500
599.166 0.0565 0.0827 1.0437
599.206 0.0552 0.0813 1.0174
599.246 0.0566 0.0806 1.0196
599.287 0.0580 0.0808 1.0047
599.327 0.0563 0.0825 1.0350
599.367 0.0593 0.0835 1.0306
599.407 0.0586 0.0816 1.0350
599.444 0.0590 0.0818 1.0202
599.489 0.0572 0.0794 1.0380
599.528 0.0576 0.0816 1.0116
599.568 0.0549 0.0849 1.0221
599.608 0.0553 0.0852 1.0449
599.645 0.0580 0.0809 1.0626
599.689 0.0597 0.0780 0.9971
599.728 0.0631 0.0779 1.0231
599.768 NaN 0.0855 1.0390
599.808 NaN 0.0863 1.0317
599.849 NaN 0.0812 1.0350
599.889 NaN 0.0812 1.0340
599.929 NaN 0.0790 1.0308
599.969 NaN 0.0805 1.0186
600.009 NaN 0.0829 1.0661
600.048 NaN 0.0849 1.1052
