503.263 NaN 0.0938 0.9552
503.303 NaN 0.0879 0.9888
503.343 NaN 0.0870 0.9888
503.383 NaN 0.0870 0.9852
503.424 NaN 0.0871 0.9878
503.464 NaN 0.0880 0.9964
503.504 NaN 0.0885 0.9888
503.543 0.1413 0.0865 0.9852
503.583 0.1413 0.0841 1.0137
503.624 0.1445 0.0831 1.0137
503.665 0.1426 0.0876 1.0224
503.705 0.1459 0.0878 1.0223
503.745 0.1467 0.0858 1.0254
503.783 0.1453 0.0841 1.0112
503.827 0.1420 0.0821 0.9845
503.866 0.1357 0.0853 1.0089
503.906 0.1327 0.0872 1.0201
503.946 0.1271 0.0880 0.9974
503.983 0.1272 0.0856 0.9978
504.027 0.1302 0.0848 0.9725
504.067 0.1345 0.0859 1.0155
504.107 0.1331 0.0913 0.9528
504.146 0.1349 0.0924 0.9602
504.186 0.1338 0.0885 0.9564
504.227 0.1384 0.0898 0.9539
504.267 0.1405 0.0876 0.9625
504.307 0.1460 0.0889 0.9319
504.347 0.1513 0.0880 0.9539
504.387 0.1562 0.0853 0.9479
504.426 0.1628 0.0840 0.9479
504.468 0.1685 0.0830 0.9239
504.508 0.1619 0.0821 0.9723
504.548 0.1528 0.0843 0.9523
504.587 0.1476 0.0836 0.9695
504.625 0.1368 0.0878 0.9512
504.669 0.1256 0.0885 0.9526
504.709 0.1062 0.0862 0.9522
504.749 0.0824 0.0891 0.9353
504.789 0.0584 0.0891 0.9326
504.826 0.0408 0.0899 0.9126
504.870 0.0243 0.0895 0.9218
504.910 0.0210 0.0883 0.9008
504.950 0.0282 0.0913 0.8895
504.990 0.0317 0.0875 0.9313
505.030 0.0287 0.0892 0.9399
505.071 0.0262 0.0858 0.9532
505.110 0.0205 0.0857 0.9532
505.154 0.0115 0.0871 0.9388
505.191 0.0135 0.0858 0.9532
505.230 0.0198 0.0858 0.9532
505.270 0.0279 0.0858 0.9576
505.311 0.0333 0.0854 0.9403
505.351 0.0398 0.0854 0.9523
505.391 0.0443 0.0865 0.9523
505.431 0.0495 0.0881 0.9312
505.469 0.0549 0.0900 0.9858
505.512 0.0624 0.0871 0.9858
505.552 0.0667 0.0845 0.9866
505.592 0.0679 0.0865 0.9142
505.632 0.0722 0.0880 0.9142
505.669 0.0756 0.0901 0.9142
505.713 0.0781 0.0900 0.9492
505.752 0.0806 0.0915 0.9443
505.793 0.0838 0.0907 0.9198
505.833 0.0882 0.0930 0.9198
505.873 0.0904 0.0930 0.9198
505.914 0.0928 0.0924 0.9492
505.954 0.0951 0.0931 0.9078
505.995 0.0941 0.0922 0.9078
506.034 0.0934 0.0897 0.9129
506.074 0.0961 0.0897 0.9169
506.113 0.0969 0.0919 0.9165
506.155 0.0971 0.0925 0.9443
506.195 0.0958 0.0886 0.9453
506.235 0.0958 0.0891 0.9193
506.275 0.0954 0.0906 0.9009
506.313 0.0948 0.0919 0.9001
506.356 0.0946 0.0956 0.8959
506.396 0.0912 0.0946 0.8969
506.436 0.0899 0.0907 0.9098
506.476 0.0891 0.0907 0.9348
506.513 0.0892 0.0928 0.8891
506.557 0.0828 0.0913 0.9100
506.596 0.0813 0.0920 0.9219
506.636 0.0790 0.0939 0.9291
506.676 0.0750 0.0938 0.8822
506.716 0.0734 0.0916 0.9045
506.757 0.0745 0.0919 0.8958
506.797 0.0721 0.0944 0.9238
506.837 0.0692 0.0916 0.9065
506.877 0.0678 0.0903 0.9065
506.916 0.0680 0.0911 0.9029
506.957 0.0676 0.0901 0.8693
506.998 0.0667 0.0940 0.9418
507.039 0.0683 0.0940 0.9418
507.079 0.0718 0.0926 0.9454
507.118 0.0738 0.0909 0.9238
507.156 0.0787 0.0905 0.9325
507.200 0.0830 0.0931 0.9202
507.239 0.0864 0.0951 0.9451
507.279 0.0897 0.0944 0.9487
507.319 0.0919 0.0941 0.9498
507.356 0.0971 0.0943 0.9487
507.400 0.0995 0.0943 0.9498
507.440 0.1024 0.0966 0.9192
507.480 0.1035 0.0968 0.9540
507.520 0.1061 0.0951 0.9551
507.560 0.1084 0.0937 0.9531
507.601 0.1104 0.0943 0.9618
507.640 0.1134 0.0955 0.9141
507.681 0.1162 0.0970 0.9246
507.721 0.1157 0.0956 0.9646
507.760 0.1165 0.0948 0.9527
507.800 0.1219 0.0946 0.9172
507.841 0.1255 0.0943 0.9065
507.881 0.1268 0.0949 0.9302
507.921 0.1294 0.0942 0.9411
507.961 0.1304 0.0946 0.9468
507.999 0.1322 0.0923 0.9528
508.042 0.1335 0.0914 0.9539
508.082 0.1321 0.0933 0.9749
508.123 0.1303 0.0949 0.9972
508.163 0.1295 0.0949 0.9722
508.200 0.1322 0.0917 0.9499
508.244 0.1355 0.0896 0.9368
508.284 0.1363 0.0907 0.9379
508.324 0.1367 0.0934 0.9618
508.363 0.1368 0.0952 0.9899
508.403 0.1384 0.0924 0.9613
508.444 0.1389 0.0896 0.9637
508.484 0.1403 0.0896 0.9293
508.524 0.1420 0.0934 0.9629
508.564 0.1454 0.0938 0.9898
508.604 0.1480 0.0904 0.9758
508.643 0.1493 0.0902 0.9834
508.684 0.1478 0.0904 0.9499
508.725 0.1487 0.0880 0.9845
508.765 0.1470 0.0898 0.9863
508.805 0.1416 0.0908 0.9628
508.842 0.1393 0.0900 0.9705
508.886 0.1353 0.0882 0.9549
508.925 0.1377 0.0898 0.9643
508.966 0.1397 0.0934 0.9499
509.005 0.1425 0.0927 0.9568
509.042 0.1418 0.0898 0.9558
509.086 0.1417 0.0899 0.9218
509.126 0.1421 0.0871 0.9363
509.166 0.1433 0.0908 0.9282
509.207 0.1419 0.0898 0.9342
509.247 0.1391 0.0903 0.9146
509.288 0.1391 0.0886 0.9318
509.328 0.1392 0.0910 0.9334
509.368 0.1390 0.0916 0.9162
509.408 0.1356 0.0916 0.9146
509.447 0.1336 0.0957 0.9383
509.487 0.1274 0.0951 0.9562
509.528 0.1251 0.0942 0.9439
509.569 0.1213 0.0928 0.9088
509.609 0.1201 0.0930 0.9506
509.648 0.1181 0.0953 0.9263
509.686 0.1148 0.0946 0.9107
509.730 0.1160 0.0933 0.9334
509.769 0.1142 0.0936 0.9056
509.809 0.1133 0.0932 0.9266
509.849 0.1120 0.0946 0.9379
509.886 0.1117 0.0954 0.9399
509.930 0.1082 0.0933 0.9657
509.970 0.1063 0.0950 0.9538
510.010 0.1025 0.0931 0.9302
510.050 0.1010 0.0934 0.8883
510.089 0.0992 0.0929 0.9466
510.130 0.0950 0.0965 0.9282
510.170 0.0915 0.0932 0.9380
510.211 0.0859 0.0924 0.9401
510.250 0.0832 0.0956 0.9372
510.290 0.0799 0.0941 0.9339
510.330 0.0786 0.1001 0.9241
510.372 0.0744 0.0960 0.9389
510.412 0.0715 0.0965 0.9648
510.452 0.0664 0.0959 0.9383
510.492 0.0648 0.0960 0.9573
510.529 0.0633 0.0956 0.9517
510.573 0.0633 0.0983 0.9595
510.613 0.0629 0.0964 0.9595
510.653 0.0640 0.0950 0.9393
510.693 0.0643 0.0950 0.9393
510.729 0.0663 0.0939 0.9393
510.773 0.0677 0.0969 0.9350
510.813 0.0675 0.0954 0.9357
510.854 0.0697 0.0983 0.9350
510.893 0.0682 0.0966 0.9314
510.933 0.0712 0.0947 0.9251
510.974 0.0726 0.0979 0.9388
511.014 0.0740 0.0969 0.9326
511.054 0.0717 0.0996 0.9014
511.094 0.0713 0.0974 0.9391
511.133 0.0736 0.0963 0.9284
511.173 0.0751 0.0980 0.9413
511.214 0.0760 0.1025 0.9273
511.255 0.0745 0.1007 0.9284
511.295 0.0751 0.1001 0.9284
511.334 0.0742 0.1004 0.9065
511.373 0.0758 0.0973 0.9310
511.416 0.0768 0.0978 0.9552
511.456 0.0771 0.1002 0.9560
511.497 0.0769 0.0999 0.9819
511.536 0.0770 0.0982 0.9339
511.574 0.0779 0.0973 0.9450
511.617 0.0757 0.0962 0.9339
511.657 0.0725 0.1006 0.9450
511.697 0.0701 0.1013 0.9154
511.737 0.0696 0.0990 0.9394
511.777 0.0710 0.0969 0.9361
511.817 0.0742 0.0970 0.9355
511.857 0.0768 0.0971 0.9732
511.898 0.0783 0.0994 0.9565
511.938 0.0777 0.0987 0.9706
511.977 0.0790 0.0955 0.9685
512.017 0.0827 0.0950 0.9429
512.058 0.0850 0.0987 0.9592
512.098 0.0863 0.0998 0.9505
512.138 0.0920 0.1006 0.9553
512.178 0.0966 0.0985 0.9787
512.216 0.1006 0.0983 0.9415
512.260 0.1041 0.0961 0.9542
512.299 0.1060 0.0990 0.9357
512.339 0.1116 0.1032 0.9393
512.378 0.1102 0.1014 0.9652
512.416 0.1101 0.1011 0.9592
512.460 0.1116 0.0991 0.9314
512.499 0.1117 0.0997 0.9742
512.540 0.1128 0.1047 0.9628
512.580 0.1135 0.1049 0.9632
512.621 0.1137 0.1030 0.9464
512.661 0.1162 0.1022 0.9996
512.701 0.1180 0.1021 0.9489
512.742 0.1217 0.1014 0.9583
512.781 0.1260 0.1043 0.9611
512.821 0.1213 0.1016 0.9289
512.860 0.1184 0.1024 0.9255
512.902 0.1210 0.1014 0.9878
512.942 0.1214 0.1001 0.9568
512.982 0.1255 0.1042 0.9506
513.021 0.1249 0.1066 0.9521
513.059 0.1237 0.1051 0.9724
513.103 0.1276 0.1024 0.9830
513.142 0.1292 0.1012 0.9814
513.183 0.1324 0.1024 0.9814
513.222 0.1315 0.1048 0.9544
513.260 0.1282 0.1046 0.9462
513.304 0.1271 0.1010 0.9397
513.343 0.1327 0.0976 0.9506
513.383 0.1370 0.1002 1.0004
513.423 0.1405 0.1019 0.9883
513.463 0.1406 0.1023 0.9649
513.504 0.1418 0.1023 0.9561
513.544 0.1443 0.1021 0.9529
513.584 0.1448 0.1019 0.9718
513.624 0.1410 0.1016 0.9669
513.664 0.1366 0.1012 0.9317
513.704 0.1291 0.1018 0.9555
513.745 0.1288 0.1022 0.9521
513.785 0.1276 0.1004 0.9510
513.826 0.1272 0.0967 0.9794
513.865 0.1229 0.1007 0.9517
513.902 0.1226 0.1030 0.9334
513.947 0.1238 0.1028 0.9334
513.986 0.1227 0.1029 0.9296
514.026 0.1269 0.0974 0.9598
514.066 0.1252 0.0991 0.9433
514.103 0.1281 0.1009 0.9663
514.147 0.1270 0.1013 0.9328
514.187 0.1347 0.1027 0.9179
514.227 0.1388 0.1007 0.9575
514.267 0.1361 0.1019 0.9586
514.307 0.1313 0.1041 0.9363
514.348 0.1286 0.1045 0.9419
514.387 0.1275 0.1073 0.9047
514.428 0.1251 0.1041 0.9096
514.467 0.1222 0.1021 0.9231
514.507 0.1173 0.1014 0.9137
514.547 0.1180 0.1052 0.9137
514.588 0.1129 0.1082 0.9070
514.628 0.1106 0.1064 0.9352
514.668 0.1086 0.1064 0.9186
514.708 0.1005 0.1055 0.9252
514.746 0.1016 0.1083 0.9256
514.790 0.1044 0.1079 0.9355
514.830 0.1058 0.1070 0.9317
514.870 0.1053 0.1019 0.9317
514.909 0.1038 0.1038 0.9265
514.947 0.1056 0.1011 0.9265
514.991 0.1089 0.1067 0.9314
515.030 0.1051 0.1049 0.9429
515.071 0.1029 0.1042 0.9498
515.110 0.1025 0.1011 0.8993
515.150 0.1007 0.0975 0.9647
515.191 0.1031 0.1020 0.9647
515.231 0.1039 0.1059 0.9322
515.271 0.1043 0.1076 0.9301
515.311 0.1084 0.1034 0.9301
515.350 0.1116 0.1029 0.9314
515.390 0.1129 0.0999 0.9259
515.431 0.1158 0.1050 0.9208
515.472 0.1167 0.1054 0.9247
515.512 0.1200 0.1068 0.9114
515.551 0.1242 0.1068 0.9026
515.589 0.1265 0.1050 0.9756
515.633 0.1307 0.1048 0.9437
515.673 0.1338 0.1100 0.9246
515.712 0.1341 0.1076 0.9386
515.752 0.1293 0.1087 0.9446
515.790 0.1271 0.1098 0.9298
515.833 0.1233 0.1098 0.9441
515.874 0.1196 0.1086 0.9408
515.914 0.1129 0.1100 0.9669
515.954 0.1035 0.1095 0.9658
515.994 0.0937 0.1041 0.9486
516.035 0.0849 0.1057 0.9696
516.075 0.0809 0.1056 0.9620
516.115 0.0731 0.1053 0.9747
516.155 0.0659 0.1069 0.9382
516.194 0.0576 0.1069 0.9108
516.234 0.0564 0.1032 0.9135
516.275 0.0532 0.1004 0.9235
516.315 0.0502 0.1044 0.9254
516.355 0.0488 0.1049 0.9164
516.395 0.0495 0.1043 0.9335
516.433 0.0511 0.1013 0.9053
516.477 0.0522 0.1008 0.9055
516.516 0.0542 0.1009 0.9105
516.556 0.0530 0.1058 0.9493
516.596 0.0507 0.1083 0.9155
516.633 0.0480 0.1024 0.9071
516.677 0.0456 0.1010 0.9101
516.717 0.0433 0.1034 0.9061
516.757 0.0423 0.1042 0.9001
516.797 0.0382 0.1066 0.9211
516.837 0.0332 0.1051 0.9154
516.877 0.0286 0.1038 0.9111
516.917 0.0245 0.1042 0.8861
516.958 0.0245 0.1027 0.9009
516.998 0.0217 0.1041 0.9009
517.038 0.0168 0.1033 0.9020
517.077 0.0160 0.1034 0.9063
517.126 0.0143 0.1026 0.9063
517.159 0.0142 0.1026 0.9063
517.199 0.0127 0.1060 0.8967
517.239 0.0082 0.1043 0.9020
517.276 0.0070 0.1064 0.8967
517.320 0.0061 0.1072 0.8967
517.359 0.0050 0.1033 0.8967
517.400 0.0034 0.1068 0.8967
517.439 0.0048 0.1042 0.8967
517.477 0.0044 0.1068 0.8967
517.521 0.0048 0.1077 0.8757
517.560 0.0039 0.1095 0.8682
517.600 0.0037 0.1077 0.8757
517.640 0.0084 0.1108 0.8682
517.680 0.0108 0.1103 0.8757
517.721 0.0129 0.1153 0.8811
517.761 0.0153 0.1090 0.8757
517.801 0.0171 0.1121 0.8811
517.841 0.0238 0.1090 0.8757
517.880 0.0266 0.1143 0.8552
517.920 0.0306 0.1117 0.8641
517.961 0.0303 0.1105 0.8676
518.002 0.0333 0.1095 0.8638
518.042 0.0384 0.1095 0.8676
518.082 0.0405 0.1095 0.8703
518.119 0.0416 0.1101 0.9047
518.164 0.0437 0.1116 0.8991
518.203 0.0506 0.1101 0.9047
518.243 0.0543 0.1078 0.8759
518.283 0.0603 0.1064 0.8987
518.320 0.0607 0.1066 0.8779
518.364 0.0637 0.1057 0.8759
518.404 0.0637 0.1066 0.8433
518.444 0.0678 0.1061 0.8562
518.484 0.0711 0.1074 0.8688
518.523 0.0727 0.1049 0.8639
518.564 0.0782 0.1097 0.8662
518.604 0.0778 0.1081 0.8652
518.645 0.0797 0.1035 0.8665
518.685 0.0812 0.1009 0.8837
518.724 0.0824 0.0984 0.8656
518.763 0.0863 0.1010 0.8749
518.805 0.0853 0.1008 0.8799
518.845 0.0881 0.0974 0.8815
518.885 0.0953 0.0966 0.8815
518.925 0.1021 0.0958 0.9118
518.962 0.1058 0.0942 0.9295
519.006 0.1111 0.1005 0.9041
519.046 0.1134 0.0997 0.8813
519.086 0.1147 0.0987 0.8879
519.125 0.1182 0.0941 0.9300
519.164 0.1190 0.0942 0.9188
519.207 0.1237 0.0959 0.9144
519.247 0.1202 0.1002 0.9365
519.288 0.1229 0.0972 0.9328
519.327 0.1251 0.0963 0.9328
519.366 0.1245 0.0957 0.9251
519.408 0.1247 0.0946 0.9230
519.448 0.1256 0.0989 0.9521
519.488 0.1245 0.0962 0.9511
519.528 0.1208 0.0973 0.9242
519.567 0.1225 0.0968 0.9170
519.607 0.1244 0.0991 0.9214
519.648 0.1284 0.0960 0.9457
519.689 0.1292 0.0990 0.9457
519.729 0.1327 0.0985 0.9197
519.768 0.1346 0.0984 0.9277
519.805 0.1359 0.1003 0.9431
519.850 0.1385 0.0990 0.9413
519.889 0.1415 0.1004 0.9511
519.929 0.1431 0.1012 0.9891
519.969 0.1450 0.0998 0.9726
520.006 0.1475 0.1012 0.9664
520.050 0.1509 0.0993 0.9503
520.090 0.1515 0.1003 0.9508
520.130 0.1515 0.1030 0.9438
520.170 0.1536 0.1016 0.9575
520.209 0.1568 0.0998 0.9031
520.251 0.1593 0.0989 0.8944
520.290 0.1602 0.0979 0.9214
520.332 0.1658 0.1015 0.9040
520.371 0.1643 0.1003 0.9055
520.411 0.1617 0.1024 0.9088
520.451 0.1589 0.0996 0.9236
520.492 0.1590 0.0999 0.9387
520.532 0.1569 0.1014 0.9031
520.572 0.1585 0.1046 0.9459
520.612 0.1557 0.1028 0.9299
520.649 0.1503 0.1041 0.9661
520.694 0.1419 0.1026 0.9343
520.733 0.1367 0.1032 0.9332
520.773 0.1350 0.1044 0.9453
520.813 0.1294 0.1069 0.9281
520.850 0.1234 0.1077 0.9972
520.894 0.1176 0.1022 0.9822
520.934 0.1154 0.1007 0.9530
520.974 0.1153 0.1016 0.9328
521.014 0.1141 0.1055 0.9328
521.053 0.1091 0.1025 0.9675
521.094 0.1075 0.0996 0.9761
521.134 0.1069 0.0976 0.9635
521.175 0.1083 0.0975 0.9750
521.214 0.1103 0.0970 0.9836
521.253 0.1119 0.0991 0.9758
521.293 0.1099 0.0965 0.9769
521.335 0.1094 0.0990 0.9812
521.375 0.1095 0.0953 0.9750
521.415 0.1116 0.0975 0.9750
521.456 0.1091 0.0957 0.9769
521.493 0.1086 0.0974 1.0182
521.537 0.1111 0.0961 0.9681
521.576 0.1126 0.0968 0.9817
521.617 0.1153 0.0946 0.9845
521.656 0.1172 0.0953 0.9578
521.693 0.1196 0.0954 1.0017
521.738 0.1168 0.0952 1.0010
521.777 0.1158 0.0930 0.9516
521.817 0.1157 0.0919 0.9476
521.857 0.1176 0.0933 0.9466
521.897 0.1165 0.0944 0.9609
521.938 0.1185 0.0970 0.9353
521.978 0.1176 0.0942 0.9085
522.018 0.1204 0.0950 0.8968
522.058 0.1212 0.0948 0.9317
522.097 0.1199 0.0942 0.9302
522.137 0.1186 0.0966 0.9302
522.178 0.1142 0.0968 0.8965
522.219 0.1109 0.0976 0.9214
522.259 0.1089 0.0982 0.8935
522.298 0.1080 0.0969 0.9064
522.335 0.1075 0.0970 0.8960
522.380 0.1053 0.0970 0.8976
522.419 0.1070 0.0955 0.9016
522.459 0.1100 0.0955 0.9042
522.499 0.1096 0.0951 0.8731
522.537 0.1052 0.0950 0.9049
522.581 0.1031 0.0965 0.9023
522.621 0.1058 0.0971 0.9491
522.661 0.1097 0.0950 0.9216
522.701 0.1132 0.0951 0.9294
522.741 0.1166 0.0959 0.9105
522.781 0.1202 0.0965 0.9216
522.821 0.1220 0.0968 0.9045
522.862 0.1258 0.0966 0.8980
522.902 0.1257 0.0964 0.9491
522.941 0.1232 0.0926 0.9542
522.980 0.1204 0.0966 0.9089
523.022 0.1198 0.0953 0.9738
523.062 0.1192 0.0945 0.9637
523.102 0.1184 0.0945 0.9708
523.142 0.1162 0.0945 0.9648
523.179 0.1122 0.0922 0.9659
523.223 0.1136 0.0920 0.9528
523.263 0.1132 0.0952 0.9475
523.303 0.1124 0.0962 0.9550
523.342 0.1115 0.0916 0.9140
523.379 0.1135 0.0914 0.8857
523.424 0.1158 0.0922 0.8808
523.464 0.1185 0.0916 0.9068
523.504 0.1178 0.0921 0.9068
523.543 0.1181 0.0916 0.8938
523.583 0.1181 0.0908 0.9205
523.624 0.1157 0.0899 0.9264
523.665 0.1172 0.0908 0.9105
523.705 0.1105 0.0940 0.9401
523.745 0.1048 0.0922 0.9365
523.785 0.1033 0.0899 0.9401
523.824 0.1022 0.0907 0.9561
523.865 0.1029 0.0916 0.9269
523.906 0.0994 0.0939 0.9293
523.946 0.0936 0.0940 0.9071
523.986 0.0904 0.0915 0.9071
524.023 0.0885 0.0909 0.9014
524.067 0.0873 0.0908 0.9249
524.106 0.0909 0.0927 0.9519
524.147 0.0924 0.0941 0.9445
524.186 0.0931 0.0924 0.9285
524.223 0.0951 0.0914 0.9025
524.267 0.0979 0.0892 0.9015
524.307 0.0962 0.0905 0.9015
524.347 0.0888 0.0932 0.9305
524.387 0.0841 0.0932 0.9345
524.427 0.0825 0.0918 0.9345
524.467 0.0824 0.0917 0.9319
524.507 0.0840 0.0912 0.8942
524.548 0.0854 0.0938 0.9142
524.588 0.0840 0.0925 0.8892
524.627 0.0812 0.0937 0.9162
524.667 0.0804 0.0908 0.9162
524.708 0.0801 0.0900 0.9152
524.749 0.0813 0.0919 0.9471
524.789 0.0819 0.0910 0.9488
524.829 0.0830 0.0918 0.9442
524.866 0.0866 0.0921 0.9468
524.911 0.0917 0.0916 0.9212
524.950 0.0994 0.0915 0.9076
524.990 0.1025 0.0905 0.8948
525.030 0.1039 0.0910 0.9385
525.067 0.1043 0.0923 0.9095
525.111 0.1043 0.0910 0.9124
525.150 0.1064 0.0902 0.9244
525.191 0.1117 0.0886 0.8996
525.230 0.1111 0.0870 0.9032
525.270 0.1108 0.0894 0.9265
525.311 0.1123 0.0894 0.9375
525.351 0.1109 0.0890 0.9426
525.392 0.1068 0.0903 0.9426
525.431 0.1018 0.0905 0.8797
525.471 0.1009 0.0905 0.9051
525.510 0.1014 0.0944 0.9433
525.552 0.1020 0.0964 0.9483
525.592 0.1032 0.0909 0.8991
525.632 0.1008 0.0919 0.9196
525.672 0.0958 0.0912 0.9376
525.709 0.0947 0.0942 0.9170
525.753 0.0963 0.0921 0.9203
525.793 0.0957 0.0925 0.9166
525.833 0.0948 0.0917 0.9310
525.873 0.0984 0.0924 0.9175
525.910 0.1009 0.0939 0.9275
525.955 0.0992 0.0965 0.9391
525.994 0.0992 0.0948 0.9300
526.034 0.0988 0.0945 0.9298
526.074 0.0973 0.0943 0.9326
526.114 0.0963 0.0943 0.9372
526.155 0.0982 0.0965 0.9529
526.195 0.1002 0.0939 0.9429
526.235 0.0977 0.0925 0.9056
526.275 0.0978 0.0921 0.9293
526.314 0.1002 0.0923 0.9421
526.354 0.0990 0.0951 0.9533
526.395 0.0955 0.0951 0.9533
526.436 0.0950 0.0950 0.9167
526.476 0.0946 0.0943 0.9167
526.515 0.0910 0.0932 0.9425
526.553 0.0852 0.0936 0.9303
526.597 0.0836 0.0941 0.9396
526.636 0.0818 0.0941 0.9396
526.676 0.0786 0.0949 0.9350
526.716 0.0747 0.0936 0.9241
526.753 0.0719 0.0910 0.9419
526.797 0.0671 0.0962 0.9360
526.837 0.0654 0.0944 0.9031
526.877 0.0660 0.0957 0.9249
526.917 0.0670 0.0955 0.9535
526.957 0.0646 0.0949 0.9535
526.999 0.0656 0.0955 0.9769
527.038 0.0704 0.0979 0.9347
527.079 0.0770 0.0980 0.9396
527.119 0.0834 0.0954 0.9164
527.158 0.0901 0.0964 0.9336
527.197 0.0980 0.0940 0.9423
527.239 0.1055 0.0941 0.9050
527.279 0.1136 0.0973 0.9128
527.319 0.1164 0.1017 0.9436
527.359 0.1228 0.0970 0.9500
527.396 0.1251 0.0966 0.9454
527.440 0.1308 0.0954 0.9019
527.480 0.1335 0.0976 0.9636
527.520 0.1365 0.0976 0.9451
527.560 0.1356 0.0978 0.9367
527.596 0.1322 0.0954 0.9367
527.641 0.1289 0.0939 0.9277
527.680 0.1276 0.0934 0.9096
527.721 0.1278 0.0962 0.9215
527.760 0.1257 0.0939 0.9495
527.800 0.1282 0.0946 0.9495
527.841 0.1292 0.0940 0.9245
527.881 0.1360 0.0915 0.9365
527.922 0.1379 0.0963 0.9462
527.961 0.1409 0.0942 0.9623
528.001 0.1422 0.0945 0.9982
528.040 0.1461 0.0934 0.9451
528.082 0.1538 0.0929 0.9290
528.123 0.1592 0.0918 0.9441
528.163 0.1615 0.0959 0.9628
528.202 0.1634 0.0972 0.9358
528.240 0.1640 0.0952 0.9368
528.284 0.1657 0.0943 0.9462
528.324 0.1666 0.0956 0.9451
528.363 0.1615 0.0952 0.9435
528.403 0.1584 0.0977 0.9832
528.440 0.1554 0.0979 0.9535
528.485 0.1556 0.0978 0.9505
528.524 0.1530 0.0989 0.9648
528.564 0.1445 0.0982 0.9501
528.604 0.1393 0.0997 0.9266
528.644 0.1337 0.1013 0.9189
528.685 0.1234 0.0986 0.9428
528.724 0.1195 0.0991 0.9154
528.765 0.1165 0.0976 0.9372
528.805 0.1126 0.1002 0.9535
528.844 0.1116 0.1014 0.9225
528.884 0.1097 0.1025 0.9705
528.925 0.1106 0.0966 0.9348
528.965 0.1100 0.1039 0.9447
529.006 0.1082 0.0999 0.9388
529.045 0.1097 0.1055 0.9322
529.082 0.1077 0.1056 0.9298
529.127 0.1079 0.1054 0.9139
529.166 0.1149 0.1043 0.9304
529.207 0.1180 0.1025 0.9205
529.247 0.1200 0.1046 0.9053
529.284 0.1243 0.1060 0.9290
529.328 0.1226 0.1053 0.9240
529.368 0.1243 0.1030 0.9383
529.408 0.1239 0.1036 0.9029
529.447 0.1235 0.1002 0.9396
529.487 0.1204 0.0998 0.9113
529.528 0.1185 0.1059 0.9393
529.568 0.1206 0.1030 0.9319
529.609 0.1207 0.1052 0.9365
529.648 0.1180 0.1007 0.9443
529.688 0.1197 0.0979 0.9437
529.727 0.1172 0.0999 0.9437
529.769 0.1158 0.1007 0.9361
529.809 0.1151 0.1017 0.9107
529.849 0.1127 0.0999 0.9118
529.889 0.1103 0.0976 0.9333
529.926 0.1085 0.1008 0.9273
529.970 0.1107 0.1014 0.9285
530.009 0.1104 0.0980 0.9343
530.050 0.1125 0.0986 0.9247
530.089 0.1131 0.0993 0.9228
530.126 0.1133 0.0993 0.9194
530.171 0.1089 0.1002 0.9073
530.210 0.1086 0.0976 0.9057
530.251 0.1076 0.1008 0.9561
530.290 0.1109 0.1009 0.9237
530.332 0.1147 0.0993 0.9020
530.372 0.1170 0.1001 0.9057
530.412 0.1191 0.1032 0.9497
530.452 0.1183 0.1025 0.9371
530.492 0.1180 0.1032 0.9437
530.531 0.1155 0.1013 0.9627
530.571 0.1125 0.1016 0.9601
530.612 0.1115 0.1043 0.9775
530.653 0.1124 0.1049 0.9695
530.693 0.1153 0.1001 0.9524
530.732 0.1211 0.1064 0.9443
530.769 0.1199 0.1011 0.9445
530.814 0.1180 0.1036 0.9529
530.853 0.1219 0.1048 0.9497
530.894 0.1251 0.1052 0.9343
530.933 0.1255 0.1015 0.9574
530.970 0.1291 0.1006 0.9324
531.014 0.1347 0.1013 0.9827
531.054 0.1376 0.1028 0.9505
531.094 0.1421 0.1049 0.9869
531.134 0.1505 0.1012 0.9515
531.174 0.1567 0.1014 0.9465
531.215 0.1545 0.1003 0.9455
531.254 0.1596 0.0990 0.9741
531.295 0.1622 0.1009 0.9720
531.335 0.1655 0.1039 0.9705
531.374 0.1686 0.1013 0.9689
531.415 0.1702 0.0993 0.9482
531.456 0.1741 0.0995 0.9412
531.496 0.1760 0.0992 0.9404
531.537 0.1784 0.1033 0.9139
531.576 0.1832 0.1029 0.9453
531.613 0.1820 0.0986 0.9225
531.657 0.1783 0.0943 0.9385
531.697 0.1790 0.0938 0.9525
531.737 0.1750 0.1004 0.9619
531.777 0.1772 0.0996 0.9845
531.814 0.1771 0.0969 0.9669
531.858 0.1771 0.0941 0.9755
531.898 0.1796 0.0941 0.9744
531.938 0.1800 0.0970 0.9765
531.977 0.1809 0.0968 1.0245
532.017 0.1831 0.0948 0.9718
532.058 0.1866 0.0926 0.9674
532.098 0.1877 0.0919 0.9864
532.138 0.1895 0.0919 0.9886
532.178 0.1919 0.0957 0.9874
532.217 0.1963 0.0995 0.9874
532.257 0.1971 0.0934 0.9814
532.298 0.1987 0.0991 0.9781
532.339 0.1932 0.0980 0.9546
532.562 0.1700 0.0961 0.9636
532.621 0.1675 0.0999 0.9723
532.658 0.1670 0.0999 0.9551
532.702 0.1667 0.0980 0.9367
532.741 0.1665 0.0987 0.9480
532.782 0.1624 0.0967 0.9468
532.821 0.1633 0.0986 0.9315
532.858 0.1687 0.0981 0.9800
532.902 0.1713 0.0995 0.9598
532.942 0.1708 0.0997 0.9658
532.982 0.1704 0.0987 0.9451
533.022 0.1690 0.0972 0.9177
533.062 0.1675 0.0963 0.9663
533.102 0.1663 0.0977 0.9594
533.143 0.1656 0.0961 0.9474
533.183 0.1647 0.0966 0.9559
533.222 0.1637 0.0966 0.9778
533.262 0.1698 0.0973 0.9873
533.302 0.1689 0.0994 0.9750
533.343 0.1699 0.0978 0.9563
533.383 0.1681 0.0988 0.9761
533.423 0.1701 0.0961 0.9846
533.463 0.1707 0.0971 0.9690
533.501 0.1666 0.0958 0.9789
533.544 0.1685 0.0973 0.9993
533.584 0.1699 0.0943 0.9625
533.624 0.1681 0.0926 0.9503
533.665 0.1666 0.0948 0.9401
533.702 0.1637 0.0931 0.9499
533.746 0.1585 0.0969 0.9381
533.785 0.1623 0.0929 0.9358
533.826 0.1607 0.0957 0.9486
533.865 0.1637 0.0914 0.9331
533.905 0.1659 0.0914 0.9295
533.946 0.1668 0.0928 0.9249
533.986 0.1712 0.0958 0.9321
534.026 0.1733 0.0967 0.9637
534.066 0.1728 0.0960 0.9673
534.106 0.1748 0.0953 0.9336
534.145 0.1725 0.0957 0.9292
534.186 0.1756 0.0957 0.9352
534.227 0.1768 0.0962 0.8947
534.267 0.1739 0.0970 0.9217
534.306 0.1719 0.0949 0.8814
534.344 0.1681 0.0963 0.9064
534.388 0.1623 0.0960 0.9031
534.427 0.1562 0.0993 0.9211
534.468 0.1533 0.0965 0.9236
534.507 0.1515 0.0950 0.9472
534.544 0.1513 0.0949 0.9424
534.588 0.1562 0.0958 0.9172
534.628 0.1607 0.0954 0.9411
534.668 0.1605 0.0967 0.9422
534.708 0.1611 0.0956 0.9751
534.749 0.1595 0.0967 0.9702
534.790 0.1605 0.0929 0.9951
534.830 0.1642 0.0949 0.9648
534.870 0.1709 0.0943 0.9805
534.910 0.1801 0.0940 1.0167
534.949 0.1887 0.0944 1.0051
534.989 0.1922 0.0933 0.9582
535.030 0.1956 0.0941 0.9465
535.070 0.1936 0.0941 0.9700
535.110 0.1889 0.0919 0.9888
535.150 0.1918 0.0911 0.9825
535.187 0.1914 0.0902 0.9729
535.231 0.1951 0.0920 0.9709
535.271 0.1957 0.0920 0.9634
535.311 0.1985 0.0931 0.9656
535.351 0.1995 0.0944 0.9771
535.388 0.1950 0.0917 0.9676
535.432 0.1925 0.0905 0.9670
535.472 0.1932 0.0927 0.9381
535.513 0.1957 0.0933 0.9555
535.551 0.1920 0.0932 0.9662
535.591 0.1948 0.0944 0.9187
535.632 0.1936 0.0940 0.9409
535.672 0.1916 0.0943 0.9348
535.712 0.1903 0.0945 0.9408
535.752 0.1894 0.0953 0.9160
535.792 0.1870 0.0938 0.9266
535.832 0.1786 0.0964 0.9267
535.873 0.1741 0.0951 0.9007
535.914 0.1737 0.0926 0.9042
535.954 0.1725 0.0924 0.9366
535.993 0.1646 0.0959 0.9309
536.031 0.1616 0.0984 0.9173
536.075 0.1568 0.0968 0.9038
536.114 0.1551 0.0959 0.9309
536.155 0.1576 0.0947 0.9842
536.194 0.1599 0.0984 0.9696
536.231 0.1601 0.0983 0.9703
536.276 0.1596 0.0978 0.9538
536.315 0.1581 0.0980 0.9386
536.355 0.1602 0.0945 0.9241
536.395 0.1597 0.0971 0.9641
536.434 0.1571 0.0976 0.9521
536.476 0.1567 0.0966 0.9549
536.516 0.1572 0.0977 0.9618
536.557 0.1604 0.0952 0.9546
536.596 0.1606 0.0953 0.9358
536.635 0.1614 0.0963 0.9471
536.675 0.1555 0.0953 0.9913
536.716 0.1497 0.0967 0.9825
536.756 0.1448 0.0961 0.9611
536.797 0.1432 0.0972 0.9450
536.836 0.1437 0.0988 0.9618
536.874 0.1439 0.0996 1.0087
536.918 0.1370 0.0992 0.9618
536.957 0.1338 0.0995 0.9290
536.998 0.1305 0.0975 0.9590
537.038 0.1251 0.0955 0.9675
537.075 0.1232 0.1006 0.9581
537.119 0.1157 0.0993 0.9792
537.159 0.1126 0.0974 0.9879
537.199 0.1128 0.0987 1.0009
537.239 0.1123 0.0951 0.9674
537.279 0.1136 0.0943 0.9488
537.319 0.1165 0.0981 0.9633
537.359 0.1130 0.0974 0.9517
537.400 0.1172 0.0953 0.9466
537.440 0.1219 0.0957 0.9132
537.479 0.1265 0.0929 0.8944
537.518 0.1304 0.0919 0.9324
537.560 0.1347 0.0982 0.9151
537.600 0.1372 0.0962 0.9083
537.640 0.1404 0.0952 0.9221
537.680 0.1438 0.0962 0.8969
537.717 0.1461 0.0929 0.9171
537.762 0.1520 0.0979 0.9524
537.801 0.1522 0.1006 0.9271
537.841 0.1524 0.1001 0.9260
537.881 0.1497 0.0986 0.9070
537.918 0.1483 0.0931 0.9114
537.962 0.1488 0.0994 0.9055
538.001 0.1521 0.0990 0.9250
538.042 0.1463 0.0984 0.9551
538.082 0.1457 0.1012 0.8858
538.121 0.1455 0.0956 0.9302
538.163 0.1435 0.0962 0.9175
538.203 0.1425 0.1009 0.9578
538.243 0.1401 0.1037 0.9274
538.283 0.1393 0.1000 0.9604
538.322 0.1393 0.0971 0.9397
538.362 0.1412 0.0954 0.9249
538.403 0.1404 0.0960 0.9499
538.444 0.1353 0.0981 0.9464
538.484 0.1277 0.0953 0.9608
538.523 0.1271 0.0957 0.9219
538.561 0.1237 0.0940 0.9478
538.605 0.1206 0.0947 0.9778
538.644 0.1171 0.0962 0.9532
538.684 0.1176 0.0962 0.9462
538.724 0.1204 0.0969 0.9478
538.761 0.1203 0.0949 0.9745
538.805 0.1222 0.0943 0.9701
538.845 0.1229 0.0937 0.9439
538.885 0.1222 0.0970 0.9787
538.925 0.1244 0.0947 0.9450
538.965 0.1256 0.0975 0.9419
539.005 0.1274 0.0931 0.9651
539.045 0.1317 0.0921 0.9381
539.086 0.1337 0.0938 0.9803
539.126 0.1411 0.0951 0.9728
539.165 0.1480 0.0944 0.9521
539.206 0.1470 0.0953 0.9748
539.247 0.1476 0.0922 0.9789
539.287 0.1481 0.0932 0.9838
539.328 0.1459 0.0945 0.9849
539.367 0.1485 0.0956 0.9659
539.404 0.1481 0.0963 0.9709
539.449 0.1495 0.0958 0.9561
539.488 0.1489 0.0967 0.9396
539.528 0.1448 0.0965 0.9272
539.568 0.1436 0.0978 0.9311
539.605 0.1402 0.0987 0.9311
539.649 0.1298 0.0987 0.9368
539.688 0.1267 0.0976 0.8910
539.729 0.1230 0.0971 0.8988
539.769 0.1193 0.0994 0.9183
539.808 0.1183 0.0995 0.9481
539.849 0.1129 0.0997 0.9087
539.889 0.1083 0.0976 0.9097
539.929 0.1066 0.0956 0.9109
539.969 0.1064 0.0979 0.9379
540.009 0.1059 0.0972 0.9520
540.048 0.1039 0.0963 0.9171
540.090 0.1006 0.0976 0.9171
540.130 0.1007 0.0950 0.9381
540.170 0.0998 0.0976 0.9577
540.210 0.0986 0.0960 0.9233
540.248 0.0974 0.0978 0.9505
540.291 0.0957 0.0976 0.9342
540.332 0.0937 0.0967 0.9635
540.372 0.0953 0.0935 0.9635
540.411 0.0947 0.0974 0.9635
540.449 0.0906 0.0985 0.9647
540.493 0.0865 0.0998 0.9402
540.532 0.0861 0.0960 0.9402
540.573 0.0863 0.0975 0.9663
540.612 0.0856 0.0980 0.9824
540.651 0.0864 0.0994 0.9534
540.693 0.0858 0.0994 0.9596
540.733 0.0845 0.1017 0.9456
540.773 0.0812 0.0968 0.9693
540.813 0.0835 0.1002 0.9467
540.852 0.0855 0.0972 0.9396
540.892 0.0876 0.1039 0.9467
540.933 0.0878 0.1037 0.9791
540.974 0.0859 0.1022 0.9479
541.014 0.0894 0.1011 0.9479
541.053 0.0913 0.1009 0.9506
541.091 0.0930 0.1022 0.9494
541.135 0.0939 0.1055 0.9980
541.174 0.0976 0.1035 0.9707
541.215 0.0996 0.1001 0.9669
541.254 0.1028 0.1009 0.9860
541.291 0.1019 0.1011 0.9927
541.335 0.1010 0.1049 0.9825
541.375 0.0983 0.1026 0.9553
541.415 0.0956 0.1065 0.9622
541.456 0.0996 0.1008 0.9471
541.496 0.0986 0.1018 0.9471
541.537 0.0976 0.1019 0.9499
541.576 0.0992 0.1052 0.9499
541.617 0.0993 0.1038 0.9707
541.657 0.0994 0.1044 0.9347
541.696 0.1023 0.1034 0.9429
541.736 0.1017 0.1036 0.9516
541.777 0.1007 0.1039 0.9314
541.817 0.0985 0.1064 0.9548
541.857 0.0974 0.1036 0.9548
541.897 0.0971 0.1039 0.9691
541.934 0.0983 0.0988 0.9620
541.978 0.1009 0.1026 0.9777
542.018 0.1052 0.1010 0.9726
542.058 0.1059 0.1035 0.9660
542.098 0.1092 0.1005 0.9636
542.135 0.1140 0.1009 0.9337
542.179 0.1181 0.0974 0.9808
542.219 0.1206 0.0974 0.9645
542.259 0.1245 0.0998 0.9471
542.299 0.1269 0.0981 0.9545
542.338 0.1292 0.0966 0.9987
542.379 0.1378 0.0971 0.9743
542.419 0.1406 0.0966 0.9447
542.459 0.1449 0.0971 1.0003
542.499 0.1451 0.0976 0.9783
542.540 0.1463 0.0957 0.9636
542.579 0.1449 0.0954 0.9715
542.620 0.1441 0.0943 0.9827
542.661 0.1383 0.0971 0.9610
542.701 0.1357 0.0991 0.9701
542.740 0.1342 0.0986 0.9818
542.778 0.1336 0.0921 0.9804
542.821 0.1363 0.0953 0.9848
542.861 0.1340 0.0947 0.9832
542.902 0.1318 0.0953 0.9862
542.941 0.1294 0.0979 0.9832
542.978 0.1270 0.0994 0.9708
543.022 0.1266 0.0994 0.9648
543.062 0.1272 0.0939 0.9857
543.102 0.1283 0.0959 0.9640
543.142 0.1303 0.1031 0.9703
543.182 0.1313 0.1001 0.9693
543.223 0.1298 0.0987 0.9847
543.263 0.1305 0.0988 1.0133
543.303 0.1322 0.0996 0.9331
543.343 0.1345 0.0997 0.9331
543.382 0.1355 0.0996 0.9729
543.422 0.1372 0.1002 0.9740
543.463 0.1388 0.0981 0.9729
543.504 0.1395 0.0992 0.9729
543.544 0.1454 0.1003 0.9729
543.583 0.1487 0.1008 0.9608
543.621 0.1482 0.0988 0.9972
543.665 0.1547 0.1000 0.9750
543.705 0.1574 0.0996 0.9540
543.745 0.1613 0.0985 0.9659
543.785 0.1664 0.1030 0.9828
543.822 0.1664 0.0980 1.0218
543.866 0.1665 0.1027 0.9631
543.906 0.1666 0.1008 0.9661
543.946 0.1667 0.1025 0.9619
543.986 0.1663 0.1040 0.9340
544.026 0.1625 0.1045 0.9353
544.066 0.1563 0.1036 0.9321
544.106 0.1531 0.1034 0.9078
544.146 0.1452 0.1014 0.9286
544.187 0.1406 0.1045 0.9285
544.226 0.1345 0.1057 0.8969
544.266 0.1266 0.1066 0.9272
544.307 0.1209 0.1051 0.9820
544.347 0.1199 0.1035 0.9558
544.387 0.1173 0.1040 0.9543
544.427 0.1187 0.1040 0.9351
544.464 0.1191 0.1048 0.9432
544.508 0.1167 0.1071 0.9386
544.548 0.1133 0.1058 0.9539
544.588 0.1117 0.1052 0.9467
544.627 0.1093 0.1047 0.9614
544.665 0.1091 0.1030 0.9701
544.709 0.1042 0.1060 0.9491
544.749 0.1033 0.1036 0.9836
544.789 0.1022 0.1036 0.9684
544.829 0.0986 0.1028 0.9575
544.869 0.0979 0.1046 0.9979
544.910 0.0957 0.1058 0.9595
544.950 0.0916 0.1054 0.9544
544.990 0.0928 0.1066 0.9594
545.030 0.0942 0.1059 0.9539
545.069 0.0957 0.1022 0.9642
545.109 0.0982 0.1063 0.9585
545.150 0.0941 0.1067 0.9302
545.191 0.0941 0.1042 0.9804
545.231 0.0942 0.1027 0.9468
545.270 0.0945 0.0971 0.9474
545.308 0.0953 0.1004 0.9712
545.352 0.0940 0.0991 0.9831
545.391 0.0903 0.1020 0.9658
545.431 0.0878 0.0976 0.9897
545.471 0.0831 0.0992 0.9856
545.509 0.0822 0.0976 0.9770
545.552 0.0779 0.0968 0.9941
545.592 0.0776 0.0986 0.9941
545.632 0.0813 0.0969 0.9720
545.672 0.0843 0.0958 0.9878
545.712 0.0884 0.0958 0.9827
545.753 0.0928 0.0951 1.0043
545.792 0.0941 0.0952 0.9718
545.833 0.0951 0.0967 0.9720
545.874 0.0987 0.0992 0.9778
545.913 0.1024 0.0964 1.0073
545.953 0.1076 0.0943 0.9790
545.994 0.1130 0.0944 0.9730
546.034 0.1187 0.0988 0.9914
546.075 0.1222 0.0999 1.0008
546.114 0.1225 0.0959 1.0190
546.151 0.1222 0.0967 0.9462
546.196 0.1198 0.0967 0.9596
546.235 0.1208 0.0956 0.9544
546.275 0.1221 0.0971 0.9568
546.315 0.1238 0.0980 0.9928
546.352 0.1244 0.0954 0.9807
546.396 0.1244 0.0954 0.9679
546.435 0.1234 0.0954 0.9655
546.476 0.1226 0.1001 0.9338
546.516 0.1234 0.0978 0.9510
546.556 0.1236 0.0959 0.9618
546.596 0.1247 0.0942 0.9706
546.636 0.1266 0.0953 0.9642
546.677 0.1303 0.0955 0.9670
546.716 0.1304 0.0963 0.9704
546.756 0.1272 0.0958 0.9594
546.795 0.1250 0.0958 0.9680
546.836 0.1255 0.0943 0.9605
546.877 0.1269 0.0976 0.9485
546.917 0.1278 0.1003 0.9789
546.957 0.1275 0.1002 0.9757
546.995 0.1246 0.0990 1.0016
547.039 0.1212 0.0967 0.9741
547.079 0.1192 0.0982 0.9741
547.119 0.1197 0.0974 0.9842
547.159 0.1156 0.1030 0.9991
547.195 0.1164 0.0976 1.0079
547.239 0.1137 0.0967 0.9584
547.279 0.1145 0.0928 0.9714
547.319 0.1119 0.0944 0.9943
547.359 0.1120 0.0995 0.9824
547.399 0.1137 0.1013 0.9650
547.440 0.1156 0.1008 0.9680
547.480 0.1174 0.0965 0.9857
547.520 0.1208 0.0966 0.9507
547.571 0.1269 0.0983 0.9561
547.777 0.1259 0.1007 0.9227
547.800 0.1259 0.1009 0.9227
547.841 0.1214 0.1024 0.9737
547.881 0.1168 0.1020 0.9890
547.921 0.1126 0.1021 0.9437
547.961 0.1116 0.1005 0.9218
547.999 0.1110 0.0989 0.9606
548.042 0.1093 0.1007 0.9445
548.082 0.1090 0.1039 0.9423
548.123 0.1071 0.1006 0.9379
548.162 0.1030 0.0977 0.9172
548.200 0.1005 0.0976 0.9125
548.244 0.1011 0.0957 0.9627
548.283 0.1006 0.1020 0.9551
548.324 0.1014 0.1019 0.9326
548.363 0.1023 0.1016 0.9238
548.403 0.1064 0.1007 0.9088
548.444 0.1088 0.1010 0.9079
548.484 0.1115 0.1038 0.9446
548.524 0.1084 0.1008 0.9589
548.564 0.1063 0.1018 0.9146
548.603 0.1060 0.1014 0.9096
548.643 0.1083 0.0979 0.9152
548.684 0.1106 0.0994 0.9486
548.725 0.1091 0.1005 0.9486
548.765 0.1058 0.0995 0.9506
548.804 0.1070 0.0987 0.9448
548.842 0.1080 0.0966 0.9434
548.886 0.1092 0.0958 0.9458
548.925 0.1085 0.0969 0.9552
548.966 0.1059 0.0970 0.9802
549.005 0.1088 0.0972 0.9802
549.042 0.1095 0.0936 0.9922
549.086 0.1091 0.0935 0.9922
549.126 0.1106 0.0913 0.9478
549.166 0.1136 0.0922 0.9478
549.207 0.1152 0.0923 0.9650
549.247 0.1171 0.0918 0.9476
549.288 0.1158 0.0918 0.9499
549.327 0.1167 0.0906 0.9544
549.368 0.1135 0.0897 0.9769
549.408 0.1091 0.0923 0.9784
549.447 0.1042 0.0919 0.9833
549.487 0.0974 0.0938 0.9725
549.528 0.0955 0.0929 0.9769
549.568 0.0970 0.0911 0.9766
549.609 0.0967 0.0941 0.9251
549.648 0.0885 0.0933 0.9760
549.686 0.0819 0.0906 0.9760
549.730 0.0770 0.0920 0.9810
549.769 0.0763 0.0926 0.9886
549.809 0.0770 0.0920 0.9836
549.849 0.0749 0.0920 0.9664
549.886 0.0769 0.0902 0.9626
549.930 0.0791 0.0920 0.9605
549.970 0.0811 0.0926 0.9521
550.010 0.0809 0.0933 0.9598
550.049 0.0804 0.0933 0.9631
550.089 0.0753 0.0920 0.9631
550.130 0.0770 0.0901 0.9745
550.170 0.0798 0.0933 0.9700
550.210 0.0813 0.0904 0.9778
550.250 0.0866 0.0919 0.9789
550.290 0.0878 0.0935 0.9692
550.330 0.0891 0.0931 0.9696
550.372 0.0907 0.0946 0.9416
550.412 0.0944 0.0898 0.9209
550.452 0.0971 0.0899 0.9468
550.491 0.0975 0.0924 0.9468
550.529 0.0946 0.0928 0.9396
550.573 0.0980 0.0928 0.9396
550.612 0.0998 0.0931 0.9628
550.653 0.1017 0.0900 0.9594
550.692 0.1109 0.0923 0.9498
550.729 0.1155 0.0923 0.9483
550.774 0.1156 0.0941 0.9729
550.813 0.1181 0.0923 0.9667
550.853 0.1192 0.0914 0.9605
550.893 0.1199 0.0919 0.9605
550.933 0.1207 0.0919 0.9508
550.974 0.1199 0.0935 0.9345
551.014 0.1235 0.0916 0.9483
551.054 0.1258 0.0920 0.9401
551.094 0.1303 0.0911 0.9499
551.133 0.1342 0.0930 0.9399
551.173 0.1317 0.0928 0.9516
551.214 0.1260 0.0945 0.9431
551.255 0.1223 0.0923 0.9482
551.295 0.1181 0.0934 0.9722
551.334 0.1169 0.0922 0.9301
551.372 0.1150 0.0953 0.9228
551.416 0.1075 0.0950 0.9389
551.456 0.1070 0.0956 0.9282
551.496 0.1069 0.0948 0.9272
551.536 0.1046 0.0926 0.9246
551.573 0.0995 0.0932 0.8803
551.617 0.0961 0.0949 0.9323
551.657 0.0912 0.0983 0.9438
551.697 0.0894 0.0965 0.9466
551.737 0.0908 0.0950 0.9597
551.776 0.0930 0.0952 0.9564
551.817 0.0941 0.0938 0.9617
551.857 0.0904 0.0964 0.9385
551.898 0.0936 0.0948 0.9089
551.937 0.0935 0.0948 0.9425
551.977 0.0913 0.0938 0.9386
552.016 0.0914 0.0949 0.9474
552.058 0.0945 0.0959 0.9338
552.098 0.0941 0.0946 0.9183
552.138 0.0952 0.0974 0.9173
552.178 0.0975 0.0956 0.9266
552.216 0.0979 0.0912 0.9055
552.259 0.0983 0.0936 0.9129
552.299 0.0992 0.0977 0.9235
552.339 0.1038 0.0970 0.9345
552.379 0.1032 0.0937 0.9368
552.416 0.1027 0.0954 0.9167
552.460 0.0997 0.0935 0.8991
552.499 0.1000 0.0945 0.9595
552.540 0.0952 0.0982 0.9386
552.580 0.0923 0.0965 0.9605
552.620 0.0910 0.0963 0.9128
552.661 0.0901 0.0947 0.9412
552.701 0.0933 0.0953 0.9422
552.741 0.0975 0.0979 0.8977
552.781 0.0972 0.1000 0.8987
552.820 0.0979 0.0938 0.9423
552.860 0.0987 0.0965 0.9261
552.901 0.0992 0.0967 0.9379
552.942 0.1065 0.0949 0.9733
552.982 0.1106 0.0969 0.9584
553.021 0.1139 0.0960 0.9631
553.059 0.1136 0.0945 0.9631
553.103 0.1174 0.0944 0.9351
553.142 0.1215 0.0914 0.9544
553.183 0.1227 0.0936 0.9422
553.222 0.1178 0.0949 0.9285
553.259 0.1180 0.0935 0.9262
553.303 0.1216 0.0920 0.9224
553.343 0.1256 0.0909 0.9306
553.383 0.1299 0.0909 0.9478
553.423 0.1316 0.0937 0.9478
553.463 0.1309 0.0936 0.9466
553.504 0.1305 0.0946 0.9396
553.543 0.1377 0.0928 0.9421
553.584 0.1392 0.0906 0.9745
553.624 0.1400 0.0958 0.9663
553.664 0.1382 0.0973 0.9648
553.704 0.1407 0.0948 0.9873
553.745 0.1419 0.0909 0.9768
553.786 0.1415 0.0907 0.9532
553.826 0.1370 0.0912 0.9422
553.865 0.1359 0.0947 0.9396
553.902 0.1336 0.0946 0.9692
553.947 0.1378 0.0905 0.9799
553.986 0.1397 0.0917 0.9556
554.026 0.1400 0.0916 0.9506
554.066 0.1433 0.0903 0.9692
554.103 0.1445 0.0924 0.9617
554.147 0.1485 0.0883 0.9766
554.187 0.1496 0.0924 0.9782
554.227 0.1538 0.0898 0.9475
554.267 0.1514 0.0910 0.9656
554.306 0.1517 0.0907 0.9606
554.347 0.1487 0.0907 0.9190
554.387 0.1490 0.0899 0.9623
554.428 0.1472 0.0881 0.9656
554.467 0.1419 0.0901 0.9303
554.506 0.1386 0.0919 0.9332
554.546 0.1332 0.0907 0.9399
554.588 0.1269 0.0873 0.9215
554.628 0.1236 0.0885 0.9165
554.668 0.1225 0.0877 0.9439
554.708 0.1205 0.0909 0.9433
554.746 0.1207 0.0931 0.9139
554.790 0.1195 0.0899 0.9246
554.830 0.1231 0.0892 0.9290
554.870 0.1220 0.0840 0.9195
554.909 0.1145 0.0869 0.9193
554.946 0.1112 0.0871 0.9279
554.990 0.1114 0.0881 0.9279
555.030 0.1094 0.0871 0.9243
555.071 0.1098 0.0897 0.9117
555.110 0.1114 0.0852 0.9356
555.150 0.1140 0.0851 0.9367
555.191 0.1083 0.0893 0.9132
555.231 0.1046 0.0884 0.9402
555.271 0.1025 0.0891 0.9214
555.311 0.0990 0.0869 0.9488
555.350 0.0987 0.0861 0.9438
555.390 0.0992 0.0854 0.9203
555.431 0.1044 0.0856 0.9312
555.472 0.1042 0.0861 0.9572
555.512 0.1051 0.0870 0.9159
555.551 0.1078 0.0877 0.9540
555.588 0.1085 0.0872 0.9540
555.633 0.1086 0.0867 0.9558
555.672 0.1076 0.0884 0.9483
555.713 0.1090 0.0863 0.9508
555.752 0.1102 0.0859 0.9463
555.790 0.1107 0.0851 0.9209
555.833 0.1093 0.0876 0.9478
555.874 0.1120 0.0880 0.9488
555.914 0.1120 0.0860 0.9068
555.954 0.1142 0.0884 0.9218
555.994 0.1159 0.0875 0.9290
556.035 0.1157 0.0845 0.9363
556.074 0.1152 0.0876 0.9459
556.115 0.1091 0.0860 0.9399
556.155 0.1071 0.0867 0.9359
556.194 0.1069 0.0853 0.9582
556.233 0.1083 0.0836 0.9409
556.275 0.1091 0.0856 0.9573
556.315 0.1098 0.0859 0.9593
556.355 0.1101 0.0857 0.9323
556.395 0.1119 0.0851 0.9323
556.432 0.1086 0.0846 0.9532
556.477 0.1074 0.0848 0.9396
556.516 0.1040 0.0865 0.9484
556.556 0.1020 0.0862 0.9393
556.596 0.1033 0.0875 0.9393
556.633 0.1088 0.0877 0.9687
556.677 0.1101 0.0839 0.9541
556.716 0.1075 0.0862 0.9577
556.757 0.1058 0.0885 0.9456
556.797 0.1043 0.0863 0.9405
556.837 0.1061 0.0844 0.9391
556.877 0.1073 0.0843 0.9553
556.917 0.1083 0.0846 0.9753
556.957 0.1081 0.0854 0.9787
556.998 0.1090 0.0866 0.9775
557.038 0.1099 0.0890 0.9526
557.077 0.1098 0.0868 0.9339
557.119 0.1065 0.0859 0.9573
557.159 0.1066 0.0864 0.9672
557.199 0.1082 0.0874 0.9585
557.238 0.1111 0.0861 0.9726
557.276 0.1117 0.0862 0.9613
557.320 0.1180 0.0854 0.9270
557.359 0.1142 0.0859 0.9220
557.400 0.1137 0.0862 0.9553
557.439 0.1166 0.0870 0.9270
557.477 0.1209 0.0860 0.9106
557.520 0.1241 0.0865 0.9069
557.560 0.1280 0.0865 0.9101
557.600 0.1334 0.0865 0.9346
557.640 0.1374 0.0901 0.9379
557.680 0.1408 0.0917 0.9256
557.721 0.1418 0.0876 0.9335
557.760 0.1489 0.0873 0.9335
557.801 0.1467 0.0846 0.9351
557.841 0.1459 0.0880 0.9251
557.880 0.1471 0.0901 0.9251
557.920 0.1474 0.0903 0.9259
557.961 0.1437 0.0878 0.9327
558.001 0.1425 0.0878 0.9355
558.042 0.1403 0.0879 0.9378
558.082 0.1392 0.0867 0.9175
558.120 0.1359 0.0906 0.9319
558.164 0.1336 0.0889 0.9702
558.203 0.1338 0.0900 0.9682
558.243 0.1348 0.0888 0.9255
558.283 0.1442 0.0902 0.9229
558.320 0.1534 0.0911 0.9025
558.364 0.1642 0.0903 0.9348
558.404 0.1722 0.0906 0.9113
558.444 0.1745 0.0894 0.9507
558.483 0.1728 0.0908 0.9066
558.524 0.1741 0.0902 0.9492
558.564 0.1723 0.0905 0.9387
558.604 0.1708 0.0903 0.9393
558.645 0.1714 0.0894 0.9491
558.684 0.1705 0.0878 0.9503
558.724 0.1670 0.0900 0.9014
558.764 0.1557 0.0907 0.9235
558.805 0.1452 0.0897 0.9216
558.845 0.1379 0.0889 0.9241
558.885 0.1316 0.0888 0.9379
558.925 0.1304 0.0884 0.9004
558.962 0.1309 0.0872 0.9081
559.006 0.1338 0.0918 0.9148
559.045 0.1340 0.0893 0.8959
559.086 0.1329 0.0931 0.9281
559.126 0.1269 0.0931 0.9560
559.163 0.1233 0.0897 0.9303
559.207 0.1220 0.0899 0.9063
559.247 0.1243 0.0899 0.9313
559.288 0.1243 0.0899 0.9450
559.327 0.1210 0.0882 0.9467
559.367 0.1156 0.0877 0.9154
559.408 0.1069 0.0906 0.8813
559.448 0.1072 0.0906 0.8795
559.488 0.1058 0.0922 0.9055
559.528 0.1065 0.0921 0.8959
559.567 0.1074 0.0907 0.8959
559.607 0.1119 0.0872 0.8761
559.648 0.1193 0.0914 0.9085
559.689 0.1245 0.0881 0.9242
559.729 0.1292 0.0890 0.9192
559.768 0.1307 0.0839 0.9335
559.806 0.1331 0.0848 0.9396
559.850 0.1370 0.0848 0.9396
559.889 0.1443 0.0903 0.9239
559.929 0.1477 0.0881 0.9636
559.969 0.1493 0.0862 0.9076
560.006 0.1521 0.0855 0.9339
560.050 0.1563 0.0846 0.9076
560.090 0.1566 0.0854 0.9285
560.130 0.1568 0.0848 0.9463
560.170 0.1557 0.0851 0.9468
560.210 0.1486 0.0840 0.9216
560.251 0.1442 0.0831 0.9296
560.291 0.1397 0.0839 0.9621
560.331 0.1369 0.0835 0.9627
560.372 0.1325 0.0862 0.9361
560.411 0.1285 0.0865 0.9483
560.451 0.1280 0.0839 0.9433
560.492 0.1210 0.0784 0.9483
560.532 0.1165 0.0797 0.9483
560.572 0.1170 0.0836 0.9346
560.612 0.1150 0.0797 0.9603
560.649 0.1103 0.0812 0.9352
560.694 0.1102 0.0777 0.9357
560.733 0.1066 0.0782 0.9345
560.773 0.1099 0.0782 0.9635
560.813 0.1111 0.0815 0.9615
560.850 0.1122 0.0810 0.9615
560.894 0.1155 0.0790 0.9485
560.934 0.1124 0.0784 0.9460
560.974 0.1140 0.0791 0.9333
561.013 0.1149 0.0804 0.9619
561.053 0.1143 0.0793 0.9566
561.094 0.1119 0.0779 0.9627
561.134 0.1161 0.0749 0.9652
561.175 0.1171 0.0781 0.9561
561.214 0.1227 0.0781 0.9595
561.254 0.1261 0.0805 0.9522
561.293 0.1269 0.0777 0.9523
561.335 0.1251 0.0769 0.9665
561.375 0.1232 0.0756 0.9249
561.415 0.1202 0.0770 0.9566
561.456 0.1236 0.0781 0.9603
561.493 0.1231 0.0795 0.9603
561.537 0.1253 0.0786 0.8902
561.577 0.1289 0.0772 0.9151
561.616 0.1291 0.0770 0.9161
561.656 0.1293 0.0779 0.9156
561.693 0.1296 0.0816 0.9713
561.738 0.1313 0.0806 0.9655
561.777 0.1335 0.0776 0.8983
561.817 0.1377 0.0791 0.9233
561.857 0.1395 0.0777 0.9480
561.897 0.1449 0.0782 0.9685
561.938 0.1455 0.0814 0.9588
561.978 0.1467 0.0786 0.9527
562.018 0.1448 0.0793 0.9561
562.058 0.1440 0.0793 0.9560
562.097 0.1475 0.0813 0.9233
562.137 0.1490 0.0830 0.9258
562.178 0.1490 0.0823 0.9429
562.219 0.1490 0.0842 0.9156
562.259 0.1416 0.0842 0.9404
562.298 0.1368 0.0842 0.9404
562.336 0.1309 0.0830 0.9620
562.380 0.1293 0.0844 0.9454
562.419 0.1299 0.0839 0.9541
562.459 0.1289 0.0810 0.9408
562.499 0.1279 0.0786 0.9216
562.537 0.1251 0.0790 0.9442
562.581 0.1195 0.0842 0.9591
562.621 0.1147 0.0862 0.9691
562.661 0.1123 0.0824 0.9631
562.701 0.1071 0.0806 1.0038
562.741 0.1105 0.0763 0.9978
562.781 0.1139 0.0797 1.0020
562.821 0.1200 0.0865 0.9376
562.862 0.1248 0.0840 0.9636
562.902 0.1247 0.0817 0.9637
562.941 0.1255 0.0768 0.9497
562.980 0.1280 0.0778 0.9967
563.022 0.1342 0.0812 0.9657
563.062 0.1393 0.0823 0.9381
563.102 0.1390 0.0789 0.9309
563.142 0.1393 0.0779 0.9766
563.179 0.1406 0.0775 0.9805
563.223 0.1440 0.0799 0.9508
563.263 0.1467 0.0811 0.9478
563.303 0.1486 0.0807 0.9597
563.343 0.1484 0.0758 0.9846
563.380 0.1457 0.0763 0.9447
563.424 0.1469 0.0767 0.9508
563.463 0.1494 0.0752 0.9701
563.504 0.1503 0.0800 0.9343
563.543 0.1512 0.0773 0.9429
563.583 0.1517 0.0730 0.8962
563.624 0.1525 0.0722 0.9595
563.665 0.1536 0.0745 0.9434
563.705 0.1520 0.0762 0.9458
563.745 0.1479 0.0744 0.9099
563.784 0.1432 0.0763 0.9798
563.824 0.1391 0.0743 0.9679
563.865 0.1403 0.0742 0.9698
563.906 0.1402 0.0757 0.9381
563.946 0.1348 0.0758 0.9829
563.985 0.1334 0.0748 0.9731
564.023 0.1269 0.0751 0.9887
564.067 0.1274 0.0737 0.9650
564.106 0.1302 0.0751 0.9628
564.147 0.1324 0.0751 0.9824
564.186 0.1366 0.0766 0.9887
564.223 0.1390 0.0758 0.9543
564.267 0.1431 0.0765 0.9655
564.307 0.1433 0.0775 0.9610
564.347 0.1461 0.0757 0.9551
564.387 0.1464 0.0757 0.9489
564.427 0.1497 0.0770 0.9809
564.468 0.1460 0.0747 0.9535
564.507 0.1483 0.0761 0.9853
564.548 0.1481 0.0736 0.9618
564.588 0.1445 0.0759 0.9415
564.627 0.1423 0.0810 0.9173
564.667 0.1358 0.0764 0.9165
564.708 0.1365 0.0776 0.9205
564.749 0.1321 0.0768 0.9549
564.789 0.1323 0.0759 0.9409
564.829 0.1278 0.0792 0.9097
564.866 0.1224 0.0830 0.9437
564.911 0.1195 0.0795 0.9748
564.950 0.1203 0.0770 0.9706
564.990 0.1192 0.0766 0.9141
565.030 0.1122 0.0796 0.9467
565.067 0.1080 0.0805 0.9249
565.111 0.1073 0.0810 0.9499
565.151 0.1101 0.0779 0.9450
565.191 0.1062 0.0771 0.9479
565.230 0.1047 0.0802 0.9692
565.270 0.1042 0.0819 0.9378
565.311 0.1027 0.0816 0.9301
565.351 0.1032 0.0805 0.9396
565.391 0.1011 0.0784 0.9181
565.431 0.0998 0.0781 0.9158
565.471 0.0973 0.0781 0.9101
565.510 0.0992 0.0801 0.9433
565.552 0.1038 0.0791 0.9409
565.592 0.1018 0.0778 0.9240
565.632 0.0996 0.0767 0.9153
565.672 0.0981 0.0785 0.9240
565.709 0.0977 0.0791 0.9266
565.753 0.0958 0.0809 0.9341
565.793 0.0952 0.0802 0.8944
565.833 0.0959 0.0795 0.9429
565.873 0.0968 0.0806 0.9467
565.910 0.0953 0.0814 0.9473
565.954 0.0945 0.0843 0.9442
565.994 0.0951 0.0834 0.9497
566.034 0.0944 0.0823 0.9120
566.074 0.0949 0.0817 0.8967
566.114 0.0942 0.0806 0.9390
566.155 0.0919 0.0835 0.9562
566.195 0.0876 0.0837 0.9390
566.235 0.0886 0.0824 0.9390
566.275 0.0884 0.0832 0.9380
566.314 0.0884 0.0837 0.9463
566.354 0.0912 0.0834 0.9336
566.395 0.0927 0.0879 0.9736
566.436 0.0934 0.0842 0.9403
566.476 0.0928 0.0848 0.9327
566.515 0.0903 0.0821 0.8820
566.553 0.0891 0.0827 0.8951
566.597 0.0891 0.0832 0.9089
566.636 0.0919 0.0840 0.9019
566.676 0.0997 0.0837 0.9019
566.716 0.0993 0.0832 0.8782
566.753 0.0987 0.0832 0.8759
566.797 0.0990 0.0855 0.9083
566.837 0.0938 0.0891 0.9383
566.877 0.0906 0.0848 0.9439
566.917 0.0904 0.0857 0.9349
566.957 0.0893 0.0836 0.9192
566.999 0.0907 0.0826 0.9462
567.038 0.0910 0.0869 0.9445
567.079 0.0938 0.0867 0.9286
567.119 0.0947 0.0851 0.9076
567.158 0.0934 0.0842 0.9297
567.197 0.0937 0.0856 0.9181
567.239 0.0938 0.0863 0.9071
567.279 0.0963 0.0885 0.9193
567.319 0.0992 0.0879 0.9523
567.359 0.1023 0.0920 0.9107
567.396 0.1017 0.0912 0.9357
567.440 0.1028 0.0898 0.9184
567.480 0.1023 0.0908 0.9031
567.520 0.1036 0.0916 0.9064
567.560 0.1027 0.0931 0.8805
567.597 0.1021 0.0881 0.9002
567.641 0.1031 0.0869 0.9327
567.680 0.0984 0.0923 0.8753
567.721 0.0979 0.0902 0.9064
567.761 0.0968 0.0929 0.8805
567.800 0.0964 0.0891 0.9136
567.855 0.0937 0.0939 0.9015
567.881 0.0947 0.0938 0.9178
567.921 0.0957 0.0952 0.9042
567.961 0.1002 0.0935 0.8786
568.000 0.1028 0.0918 0.9243
568.040 0.1053 0.0918 0.9088
568.082 0.1098 0.0949 0.8827
568.123 0.1112 0.0942 0.8723
568.163 0.1133 0.0978 0.9267
568.202 0.1166 0.0964 0.9299
568.240 0.1192 0.0945 0.9036
568.284 0.1189 0.0945 0.9106
568.323 0.1192 0.0938 0.9403
568.363 0.1233 0.0945 0.9053
568.403 0.1223 0.0969 0.9053
568.440 0.1192 0.0941 0.9064
568.484 0.1156 0.0972 0.8945
568.524 0.1128 0.0953 0.9224
568.564 0.1110 0.0933 0.9307
568.604 0.1047 0.0935 0.9246
568.644 0.1044 0.0945 0.9163
568.685 0.1057 0.0960 0.9265
568.724 0.1035 0.0978 0.9171
568.765 0.1007 0.0959 0.9052
568.805 0.1058 0.0929 0.9126
568.844 0.1025 0.0999 0.8559
568.884 0.1009 0.0988 0.8559
568.925 0.1004 0.0978 0.9240
568.965 0.0999 0.0981 0.9339
569.005 0.1004 0.0981 0.9339
569.045 0.1016 0.1005 0.9047
569.082 0.1026 0.1037 0.9005
569.126 0.1075 0.1006 0.9091
569.166 0.1096 0.0992 0.9091
569.207 0.1116 0.1020 0.9125
569.247 0.1130 0.1043 0.8866
569.284 0.1111 0.1043 0.9050
569.328 0.1123 0.1030 0.8822
569.367 0.1148 0.1054 0.9160
569.408 0.1196 0.1079 0.8942
569.447 0.1215 0.1062 0.8822
569.486 0.1224 0.1005 0.8922
569.528 0.1212 0.1011 0.9229
569.568 0.1229 0.1030 0.9441
569.608 0.1219 0.1017 0.9149
569.648 0.1217 0.0979 0.9020
569.688 0.1203 0.0980 0.9241
569.727 0.1221 0.0986 0.9224
569.769 0.1281 0.1042 0.9299
569.809 0.1320 0.1002 0.9185
569.849 0.1366 0.0983 0.9172
569.889 0.1354 0.0979 0.9431
569.926 0.1337 0.0971 0.9249
569.970 0.1375 0.0979 0.9298
570.009 0.1374 0.0983 0.9398
570.050 0.1362 0.0954 0.9402
570.089 0.1342 0.0909 0.9584
570.126 0.1282 0.0907 0.9722
570.171 0.1260 0.0978 0.9248
570.210 0.1274 0.0961 0.9083
570.251 0.1229 0.0966 0.9421
570.290 0.1181 0.0966 0.9331
570.330 0.1118 0.0923 0.9377
570.372 0.1117 0.0943 0.9680
570.412 0.1133 0.0996 0.9445
570.452 0.1129 0.0959 0.9584
570.492 0.1134 0.0959 0.9336
570.531 0.1141 0.0994 0.9542
570.571 0.1139 0.0936 0.9255
570.612 0.1196 0.1021 0.9200
570.653 0.1213 0.1016 0.9175
570.693 0.1169 0.1000 0.9283
570.732 0.1162 0.0962 0.9033
570.769 0.1147 0.0940 0.9246
570.814 0.1149 0.0963 0.9062
570.853 0.1130 0.0984 0.9483
570.893 0.1073 0.0996 0.9287
570.933 0.1050 0.1023 0.9221
570.970 0.1033 0.0960 0.9278
571.014 0.0998 0.0959 0.9584
571.054 0.0985 0.0985 0.9369
571.094 0.0965 0.1022 0.9450
571.134 0.0930 0.0991 0.9328
571.173 0.0918 0.1008 0.9579
571.215 0.0916 0.0968 0.9328
571.254 0.0939 0.0928 0.9297
571.295 0.0973 0.0959 0.9544
571.334 0.0978 0.1017 0.9367
571.374 0.1023 0.0946 0.9444
571.414 0.1029 0.0946 0.9534
571.456 0.1062 0.0933 0.9744
571.496 0.1118 0.0955 0.9479
571.536 0.1159 0.1025 0.9419
571.576 0.1213 0.0979 0.9980
571.613 0.1260 0.0958 0.9531
571.657 0.1312 0.0966 0.9443
571.697 0.1348 0.0959 0.9401
571.737 0.1382 0.0969 0.9493
571.776 0.1414 0.1016 0.9493
571.814 0.1409 0.0981 0.9509
571.858 0.1374 0.0986 0.9545
571.897 0.1406 0.0980 0.9385
571.938 0.1420 0.0980 0.9595
571.977 0.1386 0.0995 0.9286
572.016 0.1371 0.1012 0.9537
572.058 0.1318 0.1012 0.9365
572.098 0.1254 0.0973 0.9546
572.138 0.1209 0.0989 0.9538
572.178 0.1250 0.1004 0.9581
572.217 0.1250 0.1010 0.9472
572.257 0.1216 0.1021 0.9690
572.298 0.1231 0.1035 0.9372
572.339 0.1285 0.1011 0.9134
572.379 0.1328 0.1006 0.9134
572.418 0.1339 0.1063 0.9180
572.457 0.1348 0.1015 0.9447
572.500 0.1365 0.1004 0.9307
572.540 0.1384 0.0961 0.9761
572.581 0.1422 0.0978 0.9515
572.620 0.1491 0.1007 0.9177
572.658 0.1461 0.1052 0.9567
572.701 0.1455 0.1010 0.9808
572.741 0.1455 0.1025 0.9178
572.781 0.1461 0.1003 0.9361
572.821 0.1497 0.1014 0.9255
572.861 0.1460 0.1050 0.9464
572.902 0.1385 0.1033 0.9201
572.941 0.1376 0.1010 0.9492
572.982 0.1390 0.0986 0.9269
573.021 0.1436 0.1007 0.9659
573.061 0.1460 0.0960 0.9602
573.100 0.1448 0.1008 0.9836
573.142 0.1510 0.0969 1.0154
573.183 0.1507 0.0939 0.9844
573.222 0.1504 0.0939 0.9782
573.262 0.1497 0.0958 0.9348
573.299 0.1449 0.0960 0.9865
573.344 0.1429 0.0997 0.9858
573.383 0.1467 0.0987 0.9598
573.423 0.1504 0.0955 0.9289
573.463 0.1496 0.0945 0.9366
573.500 0.1468 0.0952 0.9269
573.544 0.1427 0.0997 0.9398
573.583 0.1446 0.0980 0.9335
573.624 0.1418 0.0968 0.9425
573.665 0.1373 0.0970 0.9552
573.705 0.1369 0.0926 0.9416
573.745 0.1332 0.0997 0.9466
573.785 0.1298 0.0970 0.9397
573.825 0.1215 0.0968 0.9549
573.865 0.1125 0.0985 0.9242
573.905 0.1005 0.0935 0.9283
573.944 0.0928 0.0938 0.9446
573.988 0.0804 0.1000 0.9232
574.026 0.0714 0.1010 0.9041
574.066 0.0598 0.0946 0.9467
574.106 0.0463 0.0994 0.8912
574.143 0.0366 0.0976 0.8912
574.187 0.0262 0.0973 0.9297
574.227 0.0204 0.0973 0.9297
574.267 0.0149 0.0956 0.9062
574.306 0.0108 0.0938 0.8944
574.344 0.0090 0.0914 0.9153
574.388 0.0103 0.0933 0.9153
574.427 0.0068 0.0952 0.9153
574.468 0.0057 0.0956 0.9203
574.507 0.0058 0.0912 0.9215
574.547 0.0059 0.0931 0.9317
574.588 0.0052 0.0915 0.8835
574.628 0.0048 0.0929 0.8835
574.668 0.0049 0.0910 0.8815
574.708 0.0041 0.0931 0.8835
574.749 0.0037 0.0916 0.8835
574.788 0.0052 0.0903 0.8835
574.830 0.0063 0.0909 0.9049
574.869 0.0064 0.0925 0.8835
574.910 0.0060 0.0919 0.9045
574.949 0.0039 0.0909 0.9000
574.986 0.0058 0.0953 0.8669
575.031 0.0037 0.0912 0.8721
575.071 0.0038 0.0925 0.8779
575.110 0.0037 0.0928 0.9069
575.151 0.0045 0.0919 0.9015
575.188 0.0069 0.0921 0.8755
575.231 0.0073 0.0938 0.8730
575.271 0.0074 0.0938 0.8730
575.311 0.0080 0.0942 0.8730
575.351 0.0083 0.0937 0.9069
575.391 0.0074 0.0929 0.9044
575.432 0.0069 0.0929 0.9044
575.471 0.0077 0.0900 0.8969
575.512 0.0070 0.0929 0.9044
575.552 0.0059 0.0958 0.8942
575.591 0.0069 0.0939 0.9044
575.631 0.0065 0.0913 0.9000
575.672 0.0059 0.0929 0.9044
575.712 0.0059 0.0919 0.9044
575.752 0.0057 0.0946 0.9000
575.793 0.0044 0.0946 0.9025
575.831 0.0049 0.0932 0.9063
575.874 0.0047 0.0919 0.9044
575.914 0.0043 0.0913 0.8879
575.954 0.0042 0.0952 0.9044
575.994 0.0038 0.0942 0.9063
576.030 0.0058 0.0946 0.9000
576.075 0.0082 0.0936 0.9000
576.114 0.0052 0.0925 0.8835
576.155 0.0078 0.0937 0.9000
576.194 0.0084 0.0952 0.9000
576.234 0.0066 0.0939 0.9049
576.275 0.0076 0.0937 0.9049
576.315 0.0067 0.0928 0.9049
576.355 0.0084 0.0913 0.9049
576.395 0.0088 0.0926 0.9049
576.434 0.0071 0.0966 0.9049
576.474 0.0047 0.0939 0.9049
576.516 0.0067 0.0939 0.8971
576.556 0.0049 0.0936 0.8971
576.596 0.0061 0.0943 0.9035
576.635 0.0083 0.0948 0.8701
576.673 0.0064 0.0954 0.9044
576.717 0.0038 0.0943 0.9113
576.756 0.0061 0.0943 0.9035
576.796 0.0042 0.0948 0.8701
576.836 0.0099 0.0948 0.8701
576.874 0.0144 0.0940 0.9015
576.917 0.0166 0.0941 0.9015
576.957 0.0252 0.0928 0.9015
576.998 0.0313 0.0941 0.8765
577.038 0.0372 0.0928 0.8765
577.078 0.0428 0.0948 0.8793
577.119 0.0465 0.0965 0.8774
577.158 0.0489 0.0949 0.8774
577.199 0.0518 0.0928 0.8963
577.239 0.0579 0.0943 0.8963
577.278 0.0632 0.0956 0.8869
577.319 0.0639 0.0932 0.9058
577.359 0.0635 0.0978 0.9095
577.400 0.0636 0.0982 0.9095
577.439 0.0612 0.0952 0.9158
577.479 0.0606 0.0944 0.9129
577.516 0.0597 0.0982 0.8986
577.561 0.0589 0.0992 0.9038
577.600 0.0619 0.0978 0.8813
577.640 0.0630 0.0942 0.8479
577.680 0.0685 0.0942 0.8749
577.717 0.0717 0.0927 0.9091
577.761 0.0723 0.0935 0.9091
577.801 0.0693 0.0982 0.8805
577.841 0.0710 0.0972 0.8876
577.881 0.0742 0.0938 0.9116
577.920 0.0795 0.0929 0.9141
577.961 0.0850 0.0942 0.9141
578.001 0.0895 0.0960 0.9126
578.041 0.0954 0.0944 0.8895
578.082 0.0975 0.0905 0.9178
578.122 0.0997 0.0916 0.9127
578.162 0.0981 0.0905 0.9165
578.202 0.0952 0.0929 0.8973
578.243 0.0954 0.0964 0.9192
578.283 0.0999 0.0931 0.9133
578.322 0.1007 0.0913 0.9131
578.360 0.1016 0.0884 0.9131
578.404 0.0988 0.0905 0.8870
578.444 0.0947 0.0964 0.8747
578.484 0.0928 0.0918 0.8941
578.523 0.0912 0.0924 0.9389
578.561 0.0890 0.0895 0.9127
578.605 0.0872 0.0915 0.9117
578.644 0.0899 0.0924 0.9166
578.684 0.0929 0.0945 0.9298
578.724 0.0934 0.0932 0.9424
578.764 0.0913 0.0922 0.9326
578.805 0.0925 0.0924 0.9248
578.845 0.0915 0.0927 0.9337
578.885 0.0935 0.0953 0.9277
578.925 0.0931 0.0933 0.8937
578.964 0.0921 0.0927 0.9171
579.004 0.0889 0.0931 0.9075
579.045 0.0882 0.0950 0.9458
579.086 0.0914 0.0965 0.9234
579.126 0.0895 0.0971 0.9417
579.165 0.0899 0.0949 0.9184
579.204 0.0901 0.0945 0.9496
579.249 0.0932 0.0937 0.9434
579.287 0.0911 0.0954 0.9610
579.328 0.0870 0.0959 0.9581
579.367 0.0802 0.0959 0.9579
579.404 0.0774 0.0966 0.9419
579.448 0.0717 0.0963 0.9470
579.488 0.0728 0.0936 0.9696
579.528 0.0726 0.0979 0.9203
579.568 0.0671 0.0990 0.9508
579.608 0.0632 0.0988 0.9236
579.649 0.0564 0.0984 0.9121
579.688 0.0483 0.0943 0.9441
579.729 0.0415 0.0958 0.9146
579.769 0.0385 0.1004 0.9146
579.808 0.0378 0.0991 0.9290
579.848 0.0352 0.1009 0.8981
579.889 0.0308 0.0995 0.9290
579.929 0.0304 0.1002 0.9058
579.969 0.0323 0.0996 0.9290
580.009 0.0308 0.0996 0.9225
580.047 0.0308 0.0981 0.9003
580.091 0.0292 0.0983 0.9020
580.130 0.0272 0.0981 0.9020
580.170 0.0293 0.0987 0.8760
580.210 0.0330 0.1025 0.8827
580.248 0.0321 0.0979 0.8827
580.291 0.0267 0.0979 0.8827
580.331 0.0307 0.1002 0.8827
580.371 0.0369 0.0978 0.8827
580.411 0.0399 0.0997 0.8898
580.452 0.0403 0.1024 0.9111
580.492 0.0421 0.1002 0.9121
580.532 0.0418 0.1006 0.9121
580.572 0.0404 0.0985 0.8861
580.612 0.0407 0.1007 0.9095
580.666 0.0468 0.1029 0.9020
580.693 0.0460 0.1010 0.9323
580.733 0.0498 0.1009 0.9009
580.773 0.0559 0.1000 0.9071
580.813 0.0613 0.1002 0.9071
580.853 0.0640 0.0994 0.9044
580.891 0.0667 0.1002 0.9145
580.934 0.0681 0.1011 0.9165
580.974 0.0677 0.0990 0.9089
581.014 0.0722 0.0938 0.9020
581.053 0.0765 0.0959 0.9033
581.091 0.0818 0.0988 0.8957
581.134 0.0797 0.1012 0.8951
581.174 0.0840 0.0990 0.9171
581.214 0.0850 0.0950 0.8935
581.254 0.0854 0.0953 0.8406
581.294 0.0840 0.0970 0.8822
581.335 0.0808 0.1003 0.9001
581.375 0.0804 0.0965 0.9080
581.415 0.0798 0.0952 0.9218
581.456 0.0809 0.0942 0.8976
581.495 0.0798 0.0967 0.9038
581.535 0.0780 0.0990 0.8834
581.576 0.0786 0.0985 0.8612
581.616 0.0799 0.0969 0.8612
581.656 0.0788 0.0979 0.8645
581.696 0.0765 0.0973 0.8639
581.734 0.0767 0.0988 0.9348
581.777 0.0725 0.1004 0.8912
581.817 0.0717 0.0953 0.8979
581.857 0.0719 0.0970 0.9012
581.897 0.0728 0.0930 0.8922
581.934 0.0753 0.0945 0.8934
581.978 0.0721 0.0990 0.8934
582.018 0.0723 0.0971 0.8922
582.058 0.0699 0.0961 0.8932
582.098 0.0731 0.0960 0.8932
582.138 0.0744 0.0929 0.8973
582.178 0.0767 0.0960 0.9342
582.218 0.0774 0.0958 0.9182
582.259 0.0785 0.0950 0.9172
582.299 0.0774 0.0961 0.9302
582.338 0.0779 0.0919 0.8962
582.377 0.0777 0.0903 0.9229
582.419 0.0755 0.0923 0.9477
582.459 0.0781 0.0975 0.9089
582.499 0.0827 0.0956 0.9206
582.540 0.0855 0.0943 0.9206
582.578 0.0807 0.0937 0.9206
582.621 0.0784 0.0928 0.9195
582.661 0.0811 0.0941 0.9109
582.701 0.0819 0.0959 0.9269
582.741 0.0860 0.0942 0.9351
582.777 0.0920 0.0935 0.9185
582.822 0.0964 0.0917 0.9503
582.861 0.0974 0.0956 0.9335
582.901 0.0973 0.0936 0.9375
582.941 0.1084 0.0934 0.9119
582.981 0.1070 0.0909 0.9025
583.022 0.1049 0.0936 0.9075
583.062 0.1053 0.0914 0.9245
583.102 0.1076 0.0941 0.9165
583.142 0.1087 0.0977 0.9215
583.181 0.1095 0.0966 0.9234
583.221 0.1067 0.0953 0.9575
583.263 0.1048 0.0957 0.8846
583.303 0.1048 0.0974 0.8930
583.343 0.1051 0.0985 0.9555
583.382 0.1077 0.0972 0.9348
583.420 0.1020 0.0961 0.9392
583.464 0.0974 0.0949 0.9362
583.503 0.0925 0.0949 0.9251
583.543 0.0906 0.0964 0.9220
583.583 0.0927 0.0951 0.8828
583.621 0.0903 0.0937 0.9200
583.665 0.0845 0.0938 0.8988
583.705 0.0860 0.0925 0.9002
583.745 0.0865 0.0965 0.9002
583.785 0.0844 0.0945 0.8925
583.825 0.0819 0.0909 0.9052
583.865 0.0840 0.0922 0.8975
583.905 0.0811 0.0897 0.8975
583.946 0.0810 0.0907 0.8905
583.986 0.0829 0.0927 0.8986
584.025 0.0911 0.0928 0.8996
584.065 0.0960 0.0914 0.9195
584.106 0.0961 0.0915 0.9108
584.147 0.0978 0.0930 0.8655
584.186 0.0948 0.0933 0.9042
584.226 0.0949 0.0933 0.9052
584.263 0.0963 0.0933 0.9052
584.308 0.0956 0.0932 0.9075
584.347 0.0922 0.0931 0.8775
584.387 0.0976 0.0931 0.8722
584.427 0.0963 0.0972 0.8562
584.464 0.1009 0.0972 0.8551
584.509 0.0975 0.0966 0.8835
584.548 0.0965 0.0957 0.8772
584.587 0.0929 0.0966 0.9042
584.627 0.0924 0.0968 0.8855
584.668 0.0978 0.0968 0.8971
584.708 0.1000 0.0968 0.9012
584.749 0.0997 0.0969 0.8761
584.789 0.1011 0.0960 0.8887
584.829 0.1034 0.0974 0.8810
584.868 0.1020 0.1005 0.9439
584.908 0.1048 0.0978 0.9063
584.950 0.1018 0.0981 0.9214
584.990 0.1025 0.0989 0.9041
585.030 0.0976 0.0960 0.9172
585.069 0.0967 0.0971 0.8938
585.107 0.1004 0.0996 0.9291
585.151 0.1000 0.0975 0.9069
585.191 0.0996 0.0974 0.8835
585.231 0.0983 0.0974 0.8925
585.270 0.0979 0.0953 0.9198
585.308 0.1007 0.1002 0.9123
585.351 0.1034 0.0979 0.9123
585.391 0.1003 0.0972 0.9266
585.432 0.0965 0.0998 0.8863
585.471 0.0939 0.0988 0.8842
585.511 0.0927 0.1033 0.8720
585.552 0.0954 0.1030 0.8708
585.591 0.0929 0.1024 0.8979
585.632 0.0902 0.1021 0.9168
585.672 0.0840 0.0997 0.8979
585.711 0.0829 0.0994 0.9057
585.751 0.0797 0.1026 0.9287
585.792 0.0812 0.1012 0.9052
585.832 0.0758 0.0980 0.8875
585.873 0.0737 0.0993 0.8875
585.913 0.0755 0.0993 0.8885
585.950 0.0767 0.0989 0.8898
585.995 0.0804 0.0996 0.9015
586.034 0.0813 0.0994 0.9225
586.074 0.0840 0.1001 0.9134
586.114 0.0856 0.0979 0.8795
586.151 0.0865 0.0969 0.8693
586.195 0.0923 0.0992 0.9267
586.235 0.1009 0.0984 0.9282
586.275 0.1020 0.0966 0.9282
586.315 0.1049 0.0963 0.9032
586.354 0.1088 0.0916 0.9169
586.396 0.1090 0.0936 0.8910
586.435 0.1132 0.0969 0.8929
586.476 0.1135 0.0943 0.9030
586.516 0.1142 0.0913 0.8970
586.555 0.1157 0.0901 0.9070
586.594 0.1122 0.0926 0.9507
586.636 0.1167 0.0941 0.9333
586.676 0.1194 0.0942 0.9206
586.716 0.1169 0.0930 0.9082
586.756 0.1134 0.0902 0.9395
586.793 0.1137 0.0900 0.9200
586.837 0.1129 0.0957 0.8962
586.877 0.1145 0.0935 0.9261
586.917 0.1133 0.0951 0.9249
586.957 0.1136 0.0933 0.9248
586.994 0.1126 0.0917 0.9370
587.039 0.1118 0.0911 0.9421
587.078 0.1144 0.0953 0.8988
587.118 0.1172 0.0954 0.9052
587.158 0.1178 0.0950 0.9012
587.198 0.1169 0.0963 0.9617
587.239 0.1185 0.0915 0.9628
587.279 0.1168 0.0924 0.9408
587.319 0.1191 0.0964 0.9512
587.359 0.1191 0.0958 0.9342
587.398 0.1193 0.0942 0.9556
587.438 0.1211 0.0899 0.9500
587.479 0.1242 0.0905 0.9321
587.520 0.1242 0.0912 0.9527
587.560 0.1243 0.0904 0.9582
587.600 0.1258 0.0894 0.9331
587.637 0.1252 0.0895 0.9495
587.681 0.1265 0.0889 0.9765
587.720 0.1290 0.0905 0.9521
587.760 0.1321 0.0922 1.0051
587.800 0.1286 0.0900 0.9782
587.837 0.1339 0.0872 0.9944
587.881 0.1387 0.0885 0.9468
587.921 0.1380 0.0864 1.0025
587.961 0.1365 0.0885 0.9893
588.001 0.1355 0.0880 1.0300
588.041 0.1350 0.0904 0.9659
588.082 0.1350 0.0908 0.9806
588.122 0.1324 0.0891 0.9877
588.163 0.1297 0.0904 0.9345
588.203 0.1267 0.0906 0.9096
588.242 0.1279 0.0921 0.9125
588.282 0.1350 0.0894 0.9348
588.323 0.1313 0.0893 0.9348
588.363 0.1307 0.0917 0.8922
588.404 0.1298 0.0923 0.9475
588.443 0.1294 0.0945 0.9141
588.480 0.1297 0.0929 0.8995
588.524 0.1326 0.0910 0.9321
588.564 0.1298 0.0907 0.9312
588.604 0.1327 0.0930 0.8972
588.644 0.1387 0.0937 0.9334
588.680 0.1426 0.0977 0.9198
588.725 0.1435 0.0960 0.8942
588.765 0.1370 0.0882 0.9102
588.805 0.1363 0.0861 0.8975
588.844 0.1324 0.0919 0.8922
588.884 0.1294 0.0925 0.9181
588.925 0.1293 0.0925 0.9170
588.965 0.1353 0.0874 0.9255
589.005 0.1411 0.0846 0.9023
589.045 0.1487 0.0880 0.9270
589.084 0.1536 0.0891 0.9245
589.124 0.1522 0.0919 0.9354
589.165 0.1523 0.0888 0.9203
589.207 0.1526 0.0906 0.8994
589.247 0.1534 0.0908 0.8994
589.287 0.1567 0.0908 0.8968
589.324 0.1562 0.0923 0.9178
589.368 0.1556 0.0921 0.9072
589.408 0.1580 0.0918 0.8931
589.448 0.1552 0.0920 0.8866
589.487 0.1520 0.0911 0.9289
589.524 0.1484 0.0935 0.9141
589.568 0.1464 0.0917 0.9125
589.608 0.1485 0.0926 0.9141
589.648 0.1499 0.0907 0.9149
589.688 0.1471 0.0907 0.8986
589.728 0.1516 0.0921 0.8849
589.769 0.1525 0.0921 0.9330
589.809 0.1557 0.0907 0.9109
589.849 0.1610 0.0897 0.9368
589.889 0.1698 0.0896 0.9368
589.928 0.1797 0.0895 0.9153
589.968 0.1856 0.0919 0.9164
590.009 0.1918 0.0914 0.8802
590.050 0.1936 0.0896 0.8944
590.090 0.1939 0.0895 0.9128
590.129 0.1918 0.0885 0.9279
590.166 0.1925 0.0868 0.8837
590.211 0.1978 0.0877 0.9345
590.250 0.1968 0.0892 0.9457
590.290 0.1937 0.0866 0.9151
590.331 0.1932 0.0876 0.8682
590.368 0.1867 0.0874 0.9033
590.412 0.1791 0.0901 0.8943
590.452 0.1703 0.0905 0.9239
590.492 0.1596 0.0881 0.9143
590.531 0.1550 0.0884 0.9499
590.572 0.1503 0.0887 0.9137
590.612 0.1434 0.0884 0.8915
590.652 0.1423 0.0902 0.9006
590.693 0.1364 0.0880 0.8918
590.732 0.1377 0.0872 0.8802
590.771 0.1407 0.0862 0.8753
590.811 0.1419 0.0855 0.8693
590.853 0.1435 0.0876 0.9194
590.893 0.1418 0.0876 0.9412
590.933 0.1483 0.0860 0.9095
590.973 0.1563 0.0847 0.9105
591.010 0.1603 0.0855 0.9575
591.055 0.1620 0.0850 0.9389
591.094 0.1689 0.0861 0.9089
591.134 0.1701 0.0865 0.9241
591.173 0.1713 0.0845 0.9455
591.210 0.1656 0.0845 0.9297
591.255 0.1576 0.0856 0.8743
591.294 0.1540 0.0844 0.9483
591.334 0.1518 0.0859 0.9019
591.374 0.1525 0.0855 0.9560
591.415 0.1502 0.0847 0.9278
591.456 0.1441 0.0827 0.9278
591.496 0.1433 0.0852 0.8909
591.536 0.1416 0.0866 0.8909
591.576 0.1389 0.0870 0.9576
591.615 0.1409 0.0885 0.8947
591.655 0.1412 0.0872 0.9259
591.696 0.1423 0.0827 0.8811
591.737 0.1488 0.0867 0.9460
591.777 0.1531 0.0848 0.9146
591.816 0.1590 0.0866 0.9384
591.853 0.1634 0.0872 0.9163
591.898 0.1661 0.0870 0.9154
591.937 0.1699 0.0849 0.8775
591.977 0.1732 0.0856 0.8775
592.017 0.1771 0.0878 0.9415
592.054 0.1833 0.0860 0.8939
592.098 0.1853 0.0816 0.9282
592.138 0.1844 0.0845 0.9001
592.178 0.1876 0.0816 0.9322
592.218 0.1889 0.0824 0.9463
592.258 0.1939 0.0815 0.9130
592.299 0.1898 0.0839 0.9285
592.338 0.1916 0.0801 0.9233
592.379 0.1923 0.0814 0.9264
592.419 0.1857 0.0831 0.9165
592.458 0.1832 0.0824 0.8979
592.499 0.1801 0.0815 0.9139
592.540 0.1757 0.0804 0.9115
592.580 0.1712 0.0781 0.9314
592.620 0.1712 0.0777 0.8963
592.660 0.1710 0.0816 0.9303
592.697 0.1713 0.0812 0.9015
592.742 0.1599 0.0786 0.9301
592.781 0.1567 0.0782 0.9063
592.821 0.1511 0.0775 0.9023
592.861 0.1408 0.0775 0.8973
592.898 0.1388 0.0813 0.9223
592.942 0.1352 0.0791 0.8921
592.982 0.1322 0.0773 0.9328
593.022 0.1263 0.0773 0.9195
593.061 0.1238 0.0775 0.9382
593.100 0.1238 0.0821 0.9382
593.142 0.1173 0.0771 0.9305
593.182 0.1139 0.0765 0.9197
593.222 0.1129 0.0748 0.9035
593.262 0.1106 0.0758 0.9169
593.302 0.1075 0.0778 0.9199
593.341 0.1038 0.0794 0.8988
593.383 0.0990 0.0771 0.9075
593.423 0.0959 0.0786 0.9345
593.463 0.0884 0.0740 0.9136
593.503 0.0870 0.0770 0.9125
593.540 0.0873 0.0807 0.9213
593.584 0.0860 0.0794 0.9213
593.624 0.0890 0.0794 0.9057
593.665 0.0873 0.0792 0.9118
593.704 0.0861 0.0773 0.9372
593.741 0.0866 0.0786 0.9372
593.785 0.0899 0.0812 0.9182
593.825 0.0947 0.0803 0.8959
593.865 0.1038 0.0769 0.8843
593.905 0.1095 0.0782 0.8869
593.945 0.1091 0.0762 0.9083
593.986 0.1128 0.0777 0.9082
594.026 0.1109 0.0805 0.8983
594.066 0.1020 0.0832 0.8877
594.106 0.0963 0.0817 0.8877
594.145 0.0919 0.0800 0.8904
594.185 0.0891 0.0827 0.8891
594.226 0.0954 0.0847 0.8808
594.266 0.1032 0.0841 0.8779
594.307 0.1088 0.0841 0.8779
594.346 0.1113 0.0828 0.8769
594.383 0.1138 0.0827 0.8779
594.428 0.1249 0.0825 0.8779
594.467 0.1309 0.0830 0.8958
594.507 0.1367 0.0839 0.8823
594.547 0.1400 0.0818 0.9326
594.584 0.1432 0.0817 0.9424
594.628 0.1442 0.0802 0.9154
594.668 0.1446 0.0828 0.9285
594.708 0.1420 0.0839 0.9079
594.749 0.1302 0.0799 0.9051
594.789 0.1243 0.0784 0.9139
594.830 0.1206 0.0769 0.9139
594.869 0.1150 0.0833 0.8821
594.909 0.1101 0.0809 0.9261
594.950 0.1052 0.0803 0.9431
594.989 0.1010 0.0795 0.9416
595.028 0.0990 0.0790 0.9315
595.070 0.1015 0.0801 0.9571
595.111 0.1057 0.0821 0.9197
595.151 0.1096 0.0821 0.9259
595.190 0.1114 0.0792 0.9031
595.227 0.1148 0.0766 0.9143
595.272 0.1181 0.0756 0.9235
595.311 0.1183 0.0774 0.9435
595.351 0.1193 0.0774 0.9312
595.391 0.1175 0.0775 0.9236
595.428 0.1187 0.0758 0.9334
595.472 0.1160 0.0799 0.9148
595.511 0.1173 0.0757 0.9584
595.551 0.1170 0.0789 0.9099
595.591 0.1178 0.0834 0.9061
595.631 0.1195 0.0764 0.9055
595.672 0.1174 0.0780 0.9109
595.712 0.1190 0.0776 0.9082
595.752 0.1163 0.0783 0.9197
595.792 0.1118 0.0799 0.8987
595.832 0.1046 0.0775 0.9049
595.872 0.1038 0.0778 0.9159
595.914 0.1000 0.0759 0.9147
595.954 0.0969 0.0757 0.9209
595.994 0.0966 0.0807 0.9025
596.033 0.0969 0.0790 0.9027
596.071 0.0936 0.0798 0.9027
596.115 0.0915 0.0783 0.8965
596.155 0.0924 0.0792 0.9025
596.195 0.0900 0.0785 0.9025
596.234 0.0888 0.0796 0.9277
596.271 0.0875 0.0796 0.9309
596.316 0.0896 0.0770 0.9364
596.355 0.0872 0.0791 0.9151
596.395 0.0867 0.0781 0.8933
596.435 0.0892 0.0793 0.8897
596.475 0.0878 0.0792 0.9129
596.516 0.0842 0.0792 0.9157
596.556 0.0817 0.0775 0.9157
596.596 0.0778 0.0776 0.9129
596.636 0.0705 0.0768 0.9071
596.675 0.0668 0.0807 0.9381
596.715 0.0623 0.0807 0.9304
596.756 0.0609 0.0803 0.9350
596.796 0.0580 0.0803 0.9326
596.837 0.0561 0.0801 0.9157
596.876 0.0600 0.0803 0.9120
596.914 0.0612 0.0824 0.9157
596.957 0.0634 0.0792 0.8886
596.998 0.0695 0.0788 0.9118
597.038 0.0765 0.0793 0.9007
597.078 0.0802 0.0793 0.9217
597.115 0.0898 0.0793 0.9097
597.159 0.0950 0.0780 0.8959
597.199 0.0988 0.0790 0.9128
597.239 0.0986 0.0793 0.9261
597.278 0.1035 0.0792 0.8945
597.317 0.1105 0.0800 0.9108
597.359 0.1108 0.0805 0.9097
597.399 0.1109 0.0797 0.9224
597.439 0.1096 0.0770 0.9097
597.479 0.1067 0.0781 0.8838
597.519 0.1035 0.0799 0.8770
597.558 0.1017 0.0827 0.8802
597.600 0.0945 0.0825 0.9141
597.640 0.0913 0.0786 0.9078
597.680 0.0896 0.0766 0.8950
597.720 0.0912 0.0771 0.8950
597.757 0.0896 0.0809 0.8912
597.801 0.0909 0.0824 0.8974
597.841 0.0919 0.0798 0.9224
597.881 0.0917 0.0803 0.9311
597.920 0.0940 0.0784 0.8925
597.957 0.0968 0.0791 0.8956
598.002 0.0961 0.0821 0.9127
598.041 0.0959 0.0799 0.9117
598.082 0.0964 0.0793 0.8808
598.122 0.0987 0.0804 0.8915
598.162 0.1000 0.0804 0.8925
598.203 0.1010 0.0815 0.9072
598.243 0.1021 0.0828 0.9331
598.283 0.0984 0.0844 0.9232
598.323 0.0929 0.0827 0.9342
598.362 0.0911 0.0845 0.9312
598.402 0.0868 0.0832 0.8871
598.443 0.0820 0.0858 0.8791
598.484 0.0804 0.0847 0.9189
598.524 0.0798 0.0843 0.9099
598.563 0.0805 0.0810 0.9189
598.601 0.0778 0.0830 0.9099
598.645 0.0749 0.0829 0.9151
598.684 0.0755 0.0840 0.9105
598.724 0.0732 0.0830 0.8824
598.764 0.0715 0.0829 0.8823
598.801 0.0713 0.0827 0.8662
598.845 0.0714 0.0820 0.8926
598.885 0.0689 0.0827 0.8978
598.925 0.0658 0.0826 0.8896
598.965 0.0619 0.0830 0.9016
599.005 0.0575 0.0830 0.8509
599.046 0.0541 0.0798 0.8533
599.085 0.0533 0.0811 0.8633
599.126 0.0570 0.0851 0.8891
599.166 0.0561 0.0828 0.8785
599.206 0.0608 0.0821 0.8673
599.246 0.0682 0.0823 0.8887
599.287 0.0802 0.0821 0.8693
599.327 0.0914 0.0839 0.8681
599.367 0.1026 0.0865 0.8756
599.407 0.1124 0.0840 0.8756
599.444 0.1174 0.0820 0.9799
599.489 0.1250 0.0823 0.9186
599.528 0.1301 0.0832 0.9359
599.568 0.1331 0.0883 0.9397
599.608 0.1369 0.0869 0.9022
599.645 0.1411 0.0843 0.8716
599.689 0.1415 0.0820 0.8655
599.728 0.1406 0.0812 0.8925
599.768 NaN 0.0817 0.9577
599.808 NaN 0.0848 0.9063
599.849 NaN 0.0846 0.9497
599.889 NaN 0.0843 0.9089
599.929 NaN 0.0821 0.9349
599.969 NaN 0.0813 0.9321
600.009 NaN 0.0853 0.9011
600.048 NaN 0.0849 0.9011
