7.281 NaN 0.0866 0.9764
7.321 NaN 0.0855 0.9484
7.361 NaN 0.0866 0.9656
7.400 NaN 0.0872 0.9914
7.441 NaN 0.0856 0.9724
7.482 NaN 0.0790 0.9646
7.522 NaN 0.0821 0.9680
7.561 0.1913 0.0826 0.9971
7.599 0.1917 0.0904 0.9814
7.643 0.1963 0.0805 0.9854
7.682 0.2015 0.0772 0.9889
7.722 0.2058 0.0764 0.9561
7.762 0.2100 0.0821 0.9855
7.799 0.2116 0.0851 1.0367
7.843 0.2138 0.0813 0.9964
7.883 0.2228 0.0788 0.9989
7.923 0.2299 0.0772 1.0020
7.963 0.2376 0.0777 1.0111
8.003 0.2393 0.0822 0.9971
8.043 0.2424 0.0774 0.9511
8.084 0.2513 0.0755 0.9821
8.124 0.2582 0.0767 1.0189
8.165 0.2633 0.0764 0.9908
8.204 0.2681 0.0804 1.0136
8.244 0.2685 0.0825 0.9836
8.285 0.2674 0.0808 1.0074
8.326 0.2729 0.0803 1.0219
8.365 0.2775 0.0809 0.9753
8.405 0.2796 0.0844 1.0069
8.443 0.2762 0.0854 1.0047
8.487 0.2768 0.0827 1.0128
8.526 0.2782 0.0808 1.0243
8.566 0.2788 0.0796 0.9706
8.606 0.2736 0.0795 0.9801
8.643 0.2715 0.0817 1.0087
8.687 0.2642 0.0810 0.9970
8.727 0.2602 0.0786 0.9904
8.767 0.2618 0.0776 1.0169
8.807 0.2598 0.0798 0.9597
8.847 0.2544 0.0787 0.9963
8.887 0.2442 0.0814 1.0059
8.927 0.2395 0.0804 0.9842
8.968 0.2352 0.0807 0.9623
9.007 0.2322 0.0802 1.0234
9.047 0.2252 0.0816 0.9902
9.086 0.2200 0.0807 0.9718
9.128 0.2153 0.0824 0.9677
9.168 0.2116 0.0818 0.9844
9.208 0.2105 0.0823 1.0004
9.249 0.2098 0.0823 0.9582
9.287 0.2084 0.0824 0.9958
9.330 0.2073 0.0840 1.0095
9.369 0.2094 0.0853 0.9963
9.410 0.2162 0.0846 0.9975
9.450 0.2180 0.0848 0.9743
9.487 0.2214 0.0829 0.9743
9.531 0.2252 0.0818 0.9816
9.570 0.2280 0.0834 1.0172
9.611 0.2298 0.0844 1.0341
9.650 0.2292 0.0817 0.9988
9.690 0.2351 0.0800 0.9951
9.731 0.2412 0.0822 1.0142
9.771 0.2422 0.0825 1.0102
9.811 0.2432 0.0782 1.0281
9.851 0.2480 0.0783 1.0165
9.891 0.2476 0.0761 0.9899
9.930 0.2502 0.0771 0.9865
9.971 0.2564 0.0805 1.0084
10.012 0.2567 0.0783 1.0096
10.052 0.2606 0.0772 1.0165
10.092 0.2637 0.0767 1.0301
10.129 0.2676 0.0778 0.9623
10.173 0.2722 0.0783 0.9509
10.212 0.2688 0.0797 0.9789
10.253 0.2678 0.0800 0.9718
10.292 0.2695 0.0821 0.9465
10.331 0.2664 0.0817 0.9951
10.374 0.2657 0.0821 0.9252
10.414 0.2653 0.0821 0.9551
10.454 0.2592 0.0832 0.9830
10.494 0.2601 0.0809 0.9507
10.534 0.2583 0.0821 0.9470
10.575 0.2552 0.0804 0.9995
10.615 0.2585 0.0800 0.9493
10.655 0.2573 0.0844 0.9681
10.695 0.2578 0.0860 0.9914
10.734 0.2595 0.0872 0.9984
10.774 0.2576 0.0813 0.9804
10.815 0.2624 0.0816 0.9657
10.855 0.2607 0.0836 1.0251
10.896 0.2616 0.0895 0.9854
10.935 0.2638 0.0884 0.9871
10.973 0.2611 0.0854 1.0306
11.017 0.2621 0.0844 1.0094
11.056 0.2661 0.0849 1.0207
11.096 0.2617 0.0900 0.9986
11.136 0.2582 0.0888 1.0112
11.173 0.2542 0.0877 0.9884
11.217 0.2504 0.0850 1.0352
11.257 0.2497 0.0867 0.9778
11.297 0.2423 0.0896 0.9536
11.337 0.2389 0.0886 1.0370
11.377 0.2334 0.0884 0.9692
11.418 0.2247 0.0869 0.9865
11.457 0.2210 0.0851 0.9775
11.499 0.2114 0.0872 0.9881
11.538 0.2048 0.0847 0.9860
11.578 0.2017 0.0867 0.9746
11.618 0.1955 0.0870 0.9746
11.659 0.1924 0.0850 0.9846
11.699 0.1913 0.0842 1.0025
11.739 0.1901 0.0890 1.0027
11.779 0.1891 0.0882 0.9926
11.817 0.1835 0.0858 1.0207
11.860 0.1894 0.0851 0.9775
11.900 0.1930 0.0839 1.0030
11.940 0.1952 0.0845 0.9935
11.980 0.1978 0.0864 0.9846
12.016 0.1992 0.0869 0.9736
12.061 0.1981 0.0844 1.0182
12.101 0.2037 0.0836 0.9904
12.141 0.2108 0.0829 1.0033
12.180 0.2143 0.0862 1.0074
12.220 0.2163 0.0851 0.9664
12.261 0.2120 0.0862 1.0045
12.301 0.2195 0.0822 1.0104
12.341 0.2166 0.0812 1.0018
12.381 0.2188 0.0851 0.9895
12.421 0.2191 0.0831 0.9985
12.460 0.2183 0.0813 1.0180
12.501 0.2199 0.0793 1.0180
12.542 0.2230 0.0785 0.9969
12.582 0.2261 0.0787 0.9989
12.623 0.2269 0.0816 1.0309
12.660 0.2225 0.0794 1.0259
12.704 0.2175 0.0790 1.0108
12.744 0.2219 0.0784 0.9921
12.784 0.2246 0.0772 1.0231
12.823 0.2241 0.0780 0.9843
12.860 0.2252 0.0816 1.0216
12.904 0.2181 0.0808 1.0324
12.944 0.2192 0.0784 1.0168
12.984 0.2157 0.0778 0.9906
13.024 0.2146 0.0761 1.0136
13.064 0.2164 0.0815 1.0147
13.105 0.2151 0.0789 0.9883
13.145 0.2203 0.0775 1.0192
13.185 0.2251 0.0797 1.0279
13.225 0.2276 0.0744 0.9735
13.264 0.2271 0.0749 0.9795
13.304 0.2350 0.0787 1.0145
13.345 0.2351 0.0792 0.9826
13.386 0.2445 0.0770 1.0293
13.426 0.2542 0.0741 0.9982
13.465 0.2682 0.0756 1.0158
13.507 0.2800 0.0793 1.0092
13.547 0.2856 0.0785 0.9889
13.586 0.2886 0.0785 1.0072
13.626 0.2873 0.0750 1.0263
13.666 0.2922 0.0781 0.9790
13.704 0.2953 0.0769 1.0397
13.748 0.2986 0.0816 1.0034
13.788 0.2959 0.0835 1.0073
13.828 0.2947 0.0796 1.0231
13.868 0.2922 0.0764 1.0269
13.907 0.2830 0.0757 0.9852
13.948 0.2742 0.0789 0.9737
13.988 0.2671 0.0790 1.0235
14.028 0.2613 0.0782 0.9743
14.068 0.2540 0.0766 0.9889
14.108 0.2528 0.0758 0.9467
14.147 0.2467 0.0772 0.9742
14.189 0.2422 0.0792 0.9915
14.229 0.2341 0.0794 1.0038
14.269 0.2307 0.0775 1.0212
14.309 0.2290 0.0769 0.9799
14.346 0.2268 0.0760 0.9888
14.390 0.2286 0.0764 0.9857
14.430 0.2290 0.0801 1.0092
14.470 0.2278 0.0795 0.9718
14.509 0.2255 0.0788 1.0020
14.546 0.2203 0.0798 0.9702
14.591 0.2154 0.0786 1.0006
14.630 0.2126 0.0798 0.9822
14.670 0.2091 0.0803 1.0441
14.710 0.2094 0.0787 0.9978
14.750 0.2099 0.0802 0.9953
14.791 0.2126 0.0820 0.9921
14.832 0.2144 0.0822 0.9743
14.872 0.2176 0.0854 1.0101
14.912 0.2179 0.0855 0.9982
14.951 0.2199 0.0759 0.9967
14.991 0.2184 0.0814 1.0059
15.032 0.2236 0.0827 0.9601
15.073 0.2256 0.0832 0.9855
15.113 0.2283 0.0843 0.9990
15.152 0.2291 0.0834 0.9782
15.190 0.2272 0.0853 0.9842
15.234 0.2312 0.0838 1.0356
15.273 0.2327 0.0836 1.0390
15.313 0.2300 0.0843 1.0208
15.353 0.2289 0.0835 0.9953
15.390 0.2281 0.0847 0.9975
15.434 0.2252 0.0847 1.0147
15.474 0.2277 0.0803 1.0427
15.514 0.2278 0.0823 1.0176
15.554 0.2300 0.0832 0.9968
15.594 0.2311 0.0814 1.0079
15.634 0.2280 0.0823 1.0075
15.674 0.2342 0.0826 0.9702
15.715 0.2371 0.0824 1.0208
15.754 0.2336 0.0825 0.9677
15.794 0.2364 0.0824 1.0039
15.833 0.2376 0.0824 0.9825
15.875 0.2404 0.0827 0.9948
15.915 0.2443 0.0807 0.9770
15.956 0.2457 0.0855 0.9755
15.996 0.2445 0.0870 0.9278
16.034 0.2392 0.0855 1.0004
16.077 0.2373 0.0821 0.9762
16.117 0.2418 0.0823 0.9660
16.157 0.2456 0.0851 1.0059
16.197 0.2415 0.0853 1.0246
16.234 0.2400 0.0846 1.0061
16.278 0.2394 0.0860 0.9809
16.318 0.2407 0.0881 0.9963
16.358 0.2387 0.0872 1.0135
16.397 0.2376 0.0879 1.0504
16.437 0.2335 0.0946 0.9666
16.478 0.2318 0.0868 0.9991
16.518 0.2337 0.0854 1.0140
16.558 0.2362 0.0902 1.0092
16.598 0.2356 0.0880 0.9945
16.637 0.2317 0.0871 0.9748
16.677 0.2290 0.0877 0.9811
16.718 0.2284 0.0874 0.9797
16.759 0.2276 0.0869 0.9511
16.799 0.2223 0.0847 0.9378
16.838 0.2211 0.0845 1.0210
16.876 0.2145 0.0854 0.9862
16.920 0.2115 0.0852 0.9655
16.959 0.2085 0.0841 0.9293
17.000 0.2060 0.0828 0.9407
17.040 0.2057 0.0862 0.9636
17.078 0.2075 0.0857 1.0035
17.121 0.2055 0.0868 0.9648
17.161 0.2020 0.0858 0.9854
17.201 0.2019 0.0820 0.9825
17.241 0.2006 0.0805 0.9595
17.281 0.1993 0.0804 1.0228
17.321 0.1930 0.0821 0.9954
17.362 0.1896 0.0825 0.9945
17.402 0.1955 0.0815 0.9617
17.442 0.1926 0.0821 0.9748
17.481 0.1950 0.0835 0.9825
17.521 0.1941 0.0862 0.9914
17.562 0.1925 0.0894 0.9947
17.615 0.1897 0.0884 1.0146
17.642 0.1924 0.0841 0.9737
17.682 0.1952 0.0836 0.9668
17.720 0.1939 0.0850 0.9898
17.763 0.1961 0.0872 1.0022
17.803 0.1988 0.0844 1.0295
17.843 0.2016 0.0870 1.0147
17.883 0.1998 0.0885 0.9764
17.920 0.1989 0.0858 1.0178
17.964 0.1995 0.0873 1.0061
18.004 0.1990 0.0865 0.9538
18.044 0.1917 0.0870 1.0261
18.084 0.1872 0.0875 0.9628
18.124 0.1857 0.0857 1.0218
18.165 0.1793 0.0874 1.0461
18.205 0.1776 0.0875 0.9677
18.245 0.1718 0.0839 1.0036
18.285 0.1679 0.0832 1.0116
18.325 0.1660 0.0825 1.0146
18.364 0.1612 0.0792 1.0118
18.406 0.1628 0.0839 1.0261
18.446 0.1632 0.0801 1.0515
18.486 0.1608 0.0807 1.0134
18.526 0.1639 0.0813 1.0134
18.563 0.1668 0.0795 1.0315
18.607 0.1680 0.0816 1.0006
18.647 0.1725 0.0861 1.0186
18.687 0.1759 0.0821 1.0426
18.726 0.1795 0.0806 0.9917
18.763 0.1843 0.0807 0.9893
18.806 0.1861 0.0793 0.9744
18.847 0.1920 0.0816 1.0007
18.887 0.1945 0.0830 1.0013
18.927 0.1979 0.0821 0.9866
18.966 0.2012 0.0787 1.0025
19.007 0.2055 0.0811 0.9864
19.048 0.2103 0.0803 0.9992
19.088 0.2173 0.0824 1.0155
19.128 0.2222 0.0838 1.0198
19.167 0.2264 0.0843 0.9997
19.207 0.2325 0.0791 1.0030
19.249 0.2374 0.0824 1.0362
19.289 0.2444 0.0869 1.0355
19.330 0.2516 0.0849 1.0241
19.369 0.2595 0.0847 1.0091
19.406 0.2593 0.0789 0.9795
19.450 0.2608 0.0798 0.9846
19.490 0.2629 0.0792 1.0091
19.530 0.2635 0.0777 0.9492
19.570 0.2635 0.0767 0.9543
19.607 0.2628 0.0774 1.0163
19.650 0.2605 0.0759 0.9942
19.691 0.2563 0.0782 0.9825
19.731 0.2535 0.0791 0.9862
19.771 0.2510 0.0781 1.0051
19.810 0.2477 0.0801 1.0186
19.850 0.2410 0.0754 0.9589
19.891 0.2368 0.0794 1.0351
19.932 0.2345 0.0782 0.9950
19.972 0.2307 0.0842 0.9972
20.011 0.2250 0.0813 0.9963
20.050 0.2189 0.0824 0.9932
20.092 0.2123 0.0800 1.0041
20.132 0.2063 0.0809 1.0268
20.172 0.2047 0.0803 0.9434
20.212 0.2024 0.0810 0.9900
20.249 0.1975 0.0804 1.0116
20.293 0.1946 0.0766 1.0300
20.334 0.1917 0.0740 1.0046
20.374 0.1914 0.0771 1.0144
20.414 0.1957 0.0782 1.0122
20.451 0.1996 0.0800 1.0170
20.495 0.2045 0.0755 1.0212
20.534 0.2109 0.0766 1.0189
20.574 0.2185 0.0795 1.0125
20.615 0.2266 0.0790 0.9862
20.655 0.2288 0.0820 1.0350
20.695 0.2312 0.0821 1.0268
20.735 0.2369 0.0794 1.0156
20.775 0.2412 0.0779 1.0124
20.815 0.2472 0.0800 1.0334
20.854 0.2545 0.0810 1.0358
20.894 0.2552 0.0827 1.0025
20.936 0.2540 0.0821 1.0101
20.976 0.2494 0.0799 1.0270
21.016 0.2511 0.0765 1.0448
21.055 0.2495 0.0794 1.0474
21.093 0.2424 0.0803 1.0071
21.137 0.2369 0.0777 0.9996
21.176 0.2335 0.0782 1.0109
21.217 0.2297 0.0777 0.9914
21.256 0.2241 0.0786 1.0095
21.293 0.2210 0.0793 0.9836
21.338 0.2139 0.0783 0.9799
21.377 0.2091 0.0773 0.9858
21.417 0.2015 0.0781 1.0092
21.457 0.2006 0.0768 1.0278
21.498 0.1983 0.0771 1.0314
21.539 0.1935 0.0784 0.9971
21.578 0.1930 0.0765 1.0205
21.619 0.1917 0.0777 0.9789
21.659 0.1960 0.0758 1.0164
21.698 0.2017 0.0753 1.0350
21.738 0.2047 0.0746 0.9899
21.779 0.2072 0.0760 1.0272
21.819 0.2072 0.0761 1.0423
21.859 0.2118 0.0742 1.0197
21.899 0.2162 0.0739 1.0105
21.937 0.2216 0.0766 1.0141
21.980 0.2240 0.0784 1.0394
22.020 0.2272 0.0784 1.0218
22.060 0.2289 0.0771 1.0280
22.100 0.2344 0.0780 1.0264
22.137 0.2365 0.0760 1.0002
22.181 0.2335 0.0752 1.0010
22.221 0.2359 0.0762 1.0366
22.261 0.2384 0.0743 1.0144
22.301 0.2378 0.0722 0.9680
22.341 0.2378 0.0724 0.9790
22.381 0.2376 0.0749 0.9881
22.421 0.2375 0.0790 0.9618
22.461 0.2390 0.0785 0.9963
22.502 0.2403 0.0759 0.9876
22.541 0.2409 0.0735 1.0059
22.581 0.2413 0.0768 0.9738
22.623 0.2407 0.0760 0.9593
22.663 0.2367 0.0770 0.9677
22.703 0.2326 0.0787 0.9975
22.743 0.2254 0.0769 0.9565
22.781 0.2197 0.0758 0.9557
22.824 0.2124 0.0786 0.9459
22.864 0.2081 0.0814 0.9355
22.904 0.2010 0.0748 0.9737
22.944 0.1961 0.0762 0.9750
22.981 0.1901 0.0752 0.9717
23.025 0.1835 0.0758 0.9787
23.064 0.1769 0.0789 0.9616
23.104 0.1717 0.0790 0.9303
23.144 0.1722 0.0771 0.9896
23.184 0.1735 0.0785 0.9487
23.225 0.1715 0.0799 0.9466
23.265 0.1724 0.0808 0.9594
23.305 0.1750 0.0830 0.9622
23.345 0.1722 0.0834 0.9686
23.385 0.1717 0.0822 0.9707
23.424 0.1678 0.0799 0.9908
23.465 0.1626 0.0825 0.9944
23.506 0.1578 0.0821 1.0033
23.546 0.1512 0.0861 0.9905
23.585 0.1463 0.0841 1.0129
23.624 0.1372 0.0855 1.0004
23.667 0.1293 0.0872 0.9718
23.707 0.1231 0.0854 1.0002
23.747 0.1163 0.0862 1.0002
23.787 0.1086 0.0877 0.9997
23.824 0.1042 0.0892 1.0092
23.868 0.0978 0.0864 1.0116
23.908 0.0965 0.0850 1.0059
23.948 0.0955 0.0864 0.9789
23.988 0.0917 0.0857 0.9846
24.028 0.0931 0.0868 0.9779
24.069 0.0971 0.0858 0.9718
24.108 0.1027 0.0821 1.0102
24.149 0.1051 0.0843 1.0274
24.189 0.1055 0.0893 1.0534
24.228 0.1060 0.0881 1.0035
24.268 0.1058 0.0845 1.0142
24.309 0.1049 0.0845 0.9832
24.349 0.1066 0.0868 0.9952
24.390 0.1072 0.0896 1.0325
24.429 0.1068 0.0884 1.0308
24.467 0.1086 0.0883 0.9908
24.510 0.1087 0.0855 1.0143
24.550 0.1095 0.0861 0.9659
24.590 0.1096 0.0893 1.0050
24.630 0.1075 0.0897 0.9782
24.667 0.1060 0.0911 0.9488
24.711 0.1083 0.0904 0.9858
24.751 0.1132 0.0893 0.9738
24.791 0.1173 0.0906 1.0039
24.831 0.1201 0.0901 0.9839
24.871 0.1206 0.0913 0.9882
24.912 0.1198 0.0899 0.9666
24.952 0.1173 0.0896 0.9604
24.992 0.1258 0.0865 0.9701
25.032 0.1278 0.0913 0.9754
25.072 0.1260 0.0927 0.9983
25.111 0.1255 0.0926 0.9636
25.153 0.1265 0.0948 0.9445
25.193 0.1291 0.0912 0.9541
25.233 0.1308 0.0930 0.9552
25.272 0.1288 0.0912 0.9781
25.310 0.1272 0.0944 0.9593
25.353 0.1263 0.0937 0.9355
25.394 0.1263 0.0900 0.9399
25.434 0.1279 0.0882 0.9596
25.473 0.1267 0.0923 0.9432
25.510 0.1236 0.0937 0.9561
25.555 0.1216 0.0923 0.9522
25.594 0.1232 0.0913 0.9461
25.634 0.1259 0.0893 0.9218
25.674 0.1308 0.0875 0.8974
25.714 0.1315 0.0893 0.9205
25.755 0.1338 0.0925 0.9529
25.795 0.1381 0.0906 0.9367
25.835 0.1416 0.0905 0.9193
25.875 0.1478 0.0931 0.9193
25.915 0.1568 0.0912 0.9346
25.955 0.1623 0.0935 0.9831
25.996 0.1653 0.0909 0.9659
26.036 0.1684 0.0922 0.9782
26.077 0.1720 0.0899 0.9860
26.116 0.1768 0.0918 0.9828
26.154 0.1758 0.0935 0.9860
26.198 0.1760 0.0942 0.9339
26.237 0.1798 0.0940 0.9623
26.277 0.1835 0.0934 0.9485
26.317 0.1850 0.0965 0.9512
26.353 0.1808 0.0986 0.9607
26.398 0.1773 0.0999 0.9542
26.438 0.1769 0.0990 0.9712
26.478 0.1761 0.0981 0.9893
26.518 0.1754 0.0981 0.9662
26.557 0.1756 0.0955 0.9695
26.599 0.1706 0.0962 0.9602
26.638 0.1677 0.0993 0.9405
26.678 0.1641 0.0977 0.9584
26.718 0.1602 0.0947 0.9923
26.758 0.1538 0.0946 0.9982
26.798 0.1474 0.0974 0.9909
26.839 0.1435 0.0974 0.9810
26.879 0.1419 0.0995 0.9792
26.919 0.1370 0.1018 0.9528
26.959 0.1334 0.0971 0.9509
26.997 0.1307 0.0986 0.9665
27.040 0.1260 0.1017 0.9732
27.081 0.1238 0.1017 0.9452
27.121 0.1225 0.0992 0.9468
27.161 0.1208 0.0994 0.9102
27.198 0.1181 0.0983 0.9029
27.242 0.1141 0.0978 0.9044
27.281 0.1124 0.0980 0.9503
27.321 0.1138 0.1024 0.9229
27.361 0.1155 0.0987 0.9393
27.401 0.1144 0.1005 0.9012
27.442 0.1131 0.0991 0.9432
27.482 0.1149 0.1005 0.9043
27.522 0.1148 0.1006 0.9215
27.562 0.1156 0.0994 0.8986
27.602 0.1144 0.0995 0.9031
27.641 0.1165 0.1000 0.8854
27.682 0.1217 0.0973 0.9172
27.723 0.1246 0.0972 0.9422
27.763 0.1246 0.0986 0.9088
27.802 0.1323 0.0970 0.8837
27.840 0.1293 0.0949 0.8935
27.884 0.1288 0.0941 0.9132
27.923 0.1286 0.1038 0.9653
27.963 0.1294 0.1045 0.9286
28.014 0.1327 0.0946 0.9489
28.040 0.1327 0.0933 0.9703
28.085 0.1388 0.0961 0.9181
28.124 0.1420 0.0938 0.8867
28.165 0.1377 0.1002 0.9925
28.205 0.1344 0.0946 0.9943
28.245 0.1343 0.1018 0.9679
28.286 0.1274 0.0956 0.9455
28.325 0.1267 0.0965 0.9435
28.366 0.1281 0.0986 0.9709
28.406 0.1308 0.1025 0.9412
28.445 0.1289 0.1011 0.9721
28.485 0.1220 0.0988 0.9698
28.526 0.1189 0.0977 0.9243
28.567 0.1154 0.0985 0.8950
28.606 0.1113 0.0999 0.9580
28.646 0.1097 0.1011 0.9445
28.684 0.1096 0.0998 0.9441
28.728 0.1081 0.1015 0.9234
28.767 0.1067 0.1004 0.9249
28.807 0.1069 0.0998 0.9578
28.847 0.1074 0.1057 0.9453
28.884 0.1049 0.1014 0.9571
28.928 0.1020 0.1049 0.9607
28.968 0.1060 0.0984 0.9485
29.008 0.1120 0.1017 0.8986
29.048 0.1173 0.0997 0.9799
29.087 0.1197 0.1016 0.9391
29.128 0.1193 0.1026 0.9296
29.168 0.1229 0.1016 0.9152
29.209 0.1255 0.1011 0.9168
29.249 0.1272 0.1030 0.9214
29.289 0.1296 0.1005 0.9334
29.329 0.1289 0.1000 0.9743
29.370 0.1303 0.1001 0.9533
29.410 0.1331 0.0967 0.9588
29.450 0.1348 0.0980 0.9475
29.490 0.1360 0.0992 0.9399
29.528 0.1328 0.0992 0.9831
29.571 0.1279 0.0972 0.9465
29.611 0.1297 0.0951 0.9868
29.651 0.1288 0.0941 0.9705
29.691 0.1275 0.0948 0.9375
29.728 0.1292 0.0959 1.0044
29.772 0.1297 0.0966 0.9834
29.811 0.1297 0.0939 0.9791
29.852 0.1292 0.0939 0.9791
29.891 0.1284 0.0949 0.9774
29.931 0.1267 0.0949 0.9901
29.972 0.1226 0.0983 0.9891
30.012 0.1213 0.0986 0.9808
30.052 0.1208 0.0957 0.9808
30.092 0.1187 0.0951 0.9571
30.131 0.1176 0.0967 0.9628
30.171 0.1136 0.0990 1.0305
30.213 0.1104 0.0956 1.0023
30.253 0.1042 0.0946 1.0182
30.293 0.1016 0.0934 0.9619
30.332 0.0995 0.0944 0.9657
30.371 0.0975 0.0949 0.9221
30.415 0.0979 0.0971 0.9514
30.455 0.0960 0.0985 0.9421
30.495 0.0926 0.0923 0.9211
30.534 0.0897 0.0918 0.9481
30.571 0.0894 0.0925 0.9559
30.615 0.0872 0.0968 0.9526
30.655 0.0869 0.0964 0.9885
30.695 0.0873 0.0961 0.9948
30.735 0.0916 0.0956 0.9701
30.775 0.0963 0.0926 0.9389
30.816 0.1005 0.0950 0.9609
30.855 0.1038 0.0956 0.9695
30.896 0.1053 0.0954 0.9682
30.936 0.1089 0.0949 0.9758
30.975 0.1142 0.0941 0.9205
31.015 0.1211 0.0959 0.9259
31.056 0.1268 0.0983 0.9127
31.096 0.1298 0.1013 0.9182
31.137 0.1348 0.0948 0.9512
31.176 0.1385 0.0976 0.9362
31.214 0.1379 0.0948 0.9724
31.258 0.1354 0.0945 0.9319
31.297 0.1341 0.0953 0.9551
31.337 0.1339 0.0959 0.9365
31.377 0.1326 0.0974 0.9354
31.415 0.1305 0.0944 0.9363
31.458 0.1331 0.0952 0.9172
31.498 0.1329 0.0967 0.9595
31.539 0.1360 0.0958 0.9410
31.578 0.1415 0.0952 0.9162
31.618 0.1453 0.0927 0.9319
31.659 0.1472 0.0940 0.9442
31.699 0.1517 0.0939 0.9346
31.739 0.1568 0.0954 0.9282
31.779 0.1622 0.0978 0.9419
31.819 0.1663 0.0970 0.9234
31.858 0.1702 0.0966 0.9657
31.900 0.1772 0.0951 0.9632
31.940 0.1788 0.0955 0.9682
31.980 0.1826 0.0983 0.9939
32.020 0.1826 0.0980 0.9581
32.057 0.1787 0.0963 0.9424
32.101 0.1755 0.0923 0.9661
32.141 0.1748 0.0941 0.9592
32.181 0.1758 0.0950 0.9850
32.220 0.1748 0.0935 0.9692
32.257 0.1751 0.0939 0.9568
32.302 0.1743 0.0928 0.9181
32.341 0.1756 0.0895 0.9175
32.381 0.1742 0.0911 0.9641
32.421 0.1703 0.0947 0.9655
32.461 0.1665 0.0964 0.9628
32.502 0.1617 0.0963 0.9629
32.542 0.1565 0.0921 0.8988
32.582 0.1509 0.0952 0.9522
32.623 0.1443 0.0956 0.9799
32.663 0.1348 0.0964 0.9799
32.702 0.1302 0.0947 0.9698
32.743 0.1237 0.0954 0.9805
32.784 0.1202 0.0940 0.9406
32.824 0.1161 0.0954 0.9382
32.863 0.1118 0.0938 0.9744
32.901 0.1079 0.0972 0.9886
32.945 0.1061 0.0932 0.9501
32.985 0.1067 0.0927 0.9669
33.024 0.1097 0.0946 0.9575
33.064 0.1111 0.0958 0.9507
33.101 0.1144 0.0970 0.9319
33.145 0.1171 0.0954 0.9563
33.185 0.1160 0.0923 0.9587
33.225 0.1130 0.0937 0.9347
33.265 0.1095 0.0978 0.9721
33.305 0.1077 0.0978 0.9286
33.345 0.1064 0.1002 0.9307
33.385 0.1061 0.1028 0.8922
33.426 0.1054 0.0997 0.8395
33.466 0.1033 0.0990 0.8990
33.505 0.1046 0.1013 0.8622
33.545 0.1000 0.1064 0.9397
33.586 0.1008 0.1046 0.9035
33.626 0.1019 0.1005 0.9165
33.666 0.1033 0.1002 0.9165
33.715 0.1089 0.0995 0.9478
33.744 0.1102 0.1059 0.9415
33.788 0.1118 0.1014 0.8993
33.828 0.1138 0.1121 0.9152
33.868 0.1197 0.1121 0.8986
33.908 0.1266 0.1002 0.9354
33.945 0.1320 0.1152 0.8879
33.989 0.1281 0.1191 0.8983
34.028 0.1342 0.1069 0.9325
34.069 0.1354 0.0985 0.9402
34.108 0.1374 0.1001 0.9559
34.148 0.1414 0.0973 0.9208
34.189 0.1438 0.1018 0.9582
34.229 0.1517 0.1058 0.9625
34.269 0.1585 0.1011 0.9407
34.309 0.1607 0.1019 0.9418
34.348 0.1639 0.1030 0.9485
34.388 0.1608 0.1076 0.9507
34.430 0.1576 0.1114 0.9335
34.470 0.1590 0.1051 0.9241
34.510 0.1612 0.1045 0.9224
34.549 0.1646 0.1047 0.9360
34.586 0.1678 0.1054 0.9192
34.631 0.1672 0.1068 1.0105
34.670 0.1692 0.1069 1.0271
34.710 0.1685 0.1066 0.9475
34.750 0.1669 0.1027 0.9769
34.788 0.1671 0.1030 0.9919
34.832 0.1646 0.1022 0.9559
34.872 0.1672 0.1035 0.9882
34.912 0.1676 0.1038 0.9593
34.952 0.1663 0.1070 0.9541
34.992 0.1670 0.1000 0.9701
35.033 0.1670 0.0999 0.9398
35.072 0.1650 0.1099 0.9406
35.113 0.1639 0.1059 0.9609
35.153 0.1617 0.1044 0.9532
35.192 0.1584 0.1046 0.9512
35.232 0.1553 0.1069 0.9688
35.273 0.1512 0.1023 0.9617
35.313 0.1481 0.1026 0.9837
35.353 0.1447 0.1056 0.9552
35.393 0.1385 0.1050 0.9464
35.430 0.1356 0.1018 0.9584
35.475 0.1300 0.1030 0.9441
35.514 0.1232 0.1015 0.9623
35.554 0.1176 0.1074 0.9364
35.594 0.1139 0.1082 0.9402
35.631 0.1051 0.1017 0.9582
35.675 0.0988 0.1023 0.9548
35.714 0.0947 0.1031 0.9927
35.755 0.0944 0.1090 0.9253
35.794 0.0933 0.1074 0.9233
35.835 0.0921 0.1010 0.9222
35.875 0.0932 0.1015 0.9521
35.915 0.0972 0.0962 0.9602
35.956 0.0973 0.1023 0.9628
35.997 0.0969 0.1061 0.9612
36.036 0.0948 0.1031 0.9372
36.076 0.0904 0.1087 0.9299
36.117 0.0904 0.1008 0.9355
36.157 0.0907 0.1022 0.9494
36.197 0.0908 0.1091 0.9204
36.237 0.0871 0.1034 0.8931
36.274 0.0868 0.1024 0.9329
36.318 0.0846 0.0992 0.9329
36.357 0.0803 0.1012 0.9231
36.398 0.0715 0.1001 0.9443
36.437 0.0673 0.1051 0.9583
36.474 0.0651 0.1043 0.9766
36.519 0.0632 0.1009 0.9681
36.558 0.0610 0.1029 0.9677
36.598 0.0604 0.1043 0.9579
36.638 0.0619 0.1043 0.9617
36.678 0.0616 0.1050 0.9628
36.742 0.0634 0.1027 0.9800
36.799 0.0593 0.1020 0.9800
36.839 0.0588 0.1048 0.9590
36.879 0.0631 0.1051 0.9617
36.918 0.0664 0.1020 0.9555
36.958 0.0702 0.1013 0.9684
36.999 0.0735 0.1027 0.9496
37.040 0.0762 0.1045 0.9485
37.080 0.0803 0.1053 0.9829
37.120 0.0805 0.1024 1.0043
37.158 0.0790 0.1043 1.0058
37.202 0.0820 0.1046 0.9966
37.241 0.0841 0.1021 0.9131
37.281 0.0885 0.1034 0.8938
37.346 0.0910 0.1052 0.9087
37.398 0.0906 0.1024 0.8810
37.442 0.0940 0.1039 0.9213
37.482 0.0945 0.1051 0.9472
37.522 0.0964 0.1043 0.9337
37.562 0.0982 0.1083 0.9122
37.602 0.1016 0.1055 0.9347
37.656 0.1112 0.1057 0.9433
37.682 0.1129 0.1032 0.8911
37.723 0.1125 0.1056 0.8930
37.763 0.1084 0.1107 0.9089
37.802 0.1050 0.1053 0.9322
37.841 0.1060 0.1023 0.9709
37.883 0.1060 0.1006 0.8883
37.923 0.1047 0.1011 0.8835
37.963 0.1029 0.1046 0.8716
38.003 0.1005 0.1062 0.8563
38.040 0.0990 0.1072 0.8328
38.085 0.0958 0.1015 0.8359
38.124 0.0911 0.1042 0.8185
38.165 0.0882 0.1063 0.8488
38.204 0.0863 0.1067 0.8325
38.241 0.0864 0.1066 0.8339
38.286 0.0858 0.1045 0.8502
38.325 0.0842 0.1044 0.8502
38.365 0.0824 0.1054 0.8483
38.405 0.0786 0.1035 0.8785
38.445 0.0713 0.1084 0.8480
38.486 0.0695 0.1026 0.8508
38.526 0.0686 0.1029 0.8508
38.566 0.0658 0.1007 0.8584
38.606 0.0652 0.1050 0.8691
38.645 0.0627 0.1056 0.8641
38.685 0.0575 0.1060 0.8801
38.726 0.0537 0.1060 0.8531
38.767 0.0540 0.1050 0.8531
38.807 0.0522 0.1050 0.8531
38.846 0.0507 0.1063 0.8442
38.884 0.0475 0.1074 0.8668
38.928 0.0480 0.1096 0.8402
38.967 0.0472 0.1123 0.8895
39.007 0.0437 0.1105 0.8808
39.047 0.0440 0.1042 0.8759
39.084 0.0402 0.1074 0.8682
39.128 0.0348 0.1014 0.8945
39.168 0.0325 0.1014 0.8932
39.208 0.0296 0.1013 0.8932
39.249 0.0284 0.1107 0.9116
39.289 0.0263 0.1028 0.9271
39.330 0.0253 0.1129 0.9411
39.369 0.0280 0.1019 0.9291
39.410 0.0318 0.1020 0.9281
39.450 0.0330 0.1038 0.9442
39.489 0.0363 0.1115 0.9411
39.529 0.0404 0.1126 0.9422
39.570 0.0416 0.1117 0.9291
39.610 0.0445 0.1124 0.9291
39.650 0.0513 0.1105 0.9215
39.690 0.0578 0.1038 0.9378
39.727 0.0593 0.1068 0.8978
39.772 0.0611 0.1028 0.8784
39.811 0.0619 0.1051 0.8871
39.851 0.0616 0.1042 0.8959
39.891 0.0594 0.1026 0.9153
39.928 0.0556 0.1043 0.9141
39.972 0.0523 0.1061 0.9013
40.012 0.0458 0.1054 0.9182
40.052 0.0446 0.1031 0.9269
40.092 0.0429 0.1034 0.9182
40.131 0.0409 0.1023 0.9300
40.172 0.0393 0.1079 0.9478
40.212 0.0369 0.1098 0.9494
40.252 0.0371 0.1048 0.9478
40.292 0.0392 0.1048 0.9478
40.332 0.0422 0.1016 0.9002
40.372 0.0446 0.1016 0.9092
40.413 0.0481 0.1016 0.8846
40.454 0.0522 0.1016 0.8846
40.494 0.0551 0.1017 0.8653
40.534 0.0548 0.1016 0.8791
40.571 0.0549 0.1010 0.8927
40.615 0.0555 0.1018 0.9422
40.655 0.0553 0.1018 0.9422
40.695 0.0570 0.0996 0.9091
40.734 0.0592 0.1036 0.8998
40.773 0.0572 0.1027 0.8998
40.816 0.0571 0.1007 0.8832
40.855 0.0550 0.1116 0.8922
40.895 0.0553 0.1008 0.9372
40.935 0.0573 0.1011 0.9548
40.975 0.0595 0.1008 0.9302
41.016 0.0617 0.1001 0.9212
41.056 0.0664 0.1003 0.9072
41.096 0.0735 0.1071 0.8912
41.136 0.0736 0.1069 0.8855
41.175 0.0730 0.1045 0.8699
41.215 0.0730 0.1019 0.8983
41.257 0.0748 0.1040 0.9504
41.297 0.0749 0.1025 0.9070
41.337 0.0763 0.1000 0.9206
41.376 0.0787 0.1021 0.9249
41.414 0.0803 0.0997 0.9161
41.458 0.0778 0.1039 0.8633
41.498 0.0778 0.0986 0.8912
41.539 0.0768 0.1003 0.9508
41.578 0.0723 0.0986 0.9559
41.615 0.0727 0.0978 0.9769
41.659 0.0757 0.0975 0.9344
41.699 0.0754 0.0964 0.9571
41.739 0.0757 0.0970 0.9498
41.779 0.0747 0.0989 0.9576
41.819 0.0759 0.1017 0.9380
41.859 0.0791 0.0949 0.9622
41.899 0.0806 0.0955 0.9552
41.940 0.0837 0.0974 0.9902
41.980 0.0854 0.0990 0.9621
42.019 0.0852 0.0984 0.9382
42.059 0.0823 0.0964 0.9632
42.100 0.0819 0.0968 0.9858
42.140 0.0828 0.0928 0.9466
42.180 0.0855 0.0989 0.9275
42.220 0.0831 0.0965 0.9462
42.257 0.0859 0.1013 0.9267
42.301 0.0869 0.0949 0.9462
42.341 0.0855 0.0949 0.9570
42.381 0.0827 0.0982 0.9423
42.421 0.0790 0.0995 0.9161
42.458 0.0802 0.0980 0.9755
42.502 0.0798 0.0992 0.9552
42.541 0.0850 0.0954 0.9632
42.582 0.0842 0.0934 0.9292
42.623 0.0810 0.0983 0.9171
42.666 0.0749 0.0956 0.9047
42.703 0.0769 0.0977 0.9625
42.743 0.0751 0.0941 0.9549
42.783 0.0757 0.0967 0.9270
42.823 0.0742 0.0976 0.9676
42.862 0.0722 0.0973 0.9573
42.902 0.0684 0.0950 0.9573
42.943 0.0655 0.0952 0.9493
42.984 0.0620 0.0932 0.9395
43.024 0.0603 0.0930 0.9619
43.064 0.0643 0.0960 0.9785
43.101 0.0669 0.0963 0.9632
43.145 0.0732 0.0948 0.9558
43.184 0.0790 0.0917 0.9508
43.224 0.0842 0.0933 0.9432
43.264 0.0861 0.0916 0.9562
43.301 0.0843 0.0976 0.9466
43.345 0.0824 0.0973 0.9632
43.385 0.0880 0.0970 0.9355
43.425 0.0907 0.0994 0.9382
43.465 0.0960 0.0976 0.9366
43.505 0.0992 0.0985 0.9475
43.546 0.0950 0.0957 0.9693
43.585 0.0928 0.0941 0.9483
43.626 0.0912 0.0958 0.9407
43.666 0.0889 0.0988 0.9407
43.706 0.0877 0.0932 0.9331
43.746 0.0851 0.0977 0.9556
43.787 0.0866 0.0951 0.9493
43.827 0.0926 0.0919 0.9696
43.867 0.0921 0.0919 0.9696
43.907 0.0981 0.0906 0.9572
43.944 0.0998 0.0965 0.9616
43.988 0.1028 0.0941 0.9459
44.028 0.1102 0.0920 0.9162
44.068 0.1138 0.0938 0.9255
44.108 0.1197 0.0916 0.8995
44.145 0.1234 0.0961 0.8985
44.189 0.1230 0.0956 0.9133
44.229 0.1234 0.0942 0.9260
44.269 0.1280 0.0929 0.8637
44.309 0.1288 0.0925 0.9002
44.349 0.1316 0.0934 0.8785
44.389 0.1257 0.0926 0.9249
44.429 0.1245 0.0930 0.9039
44.470 0.1231 0.0912 0.9197
44.510 0.1190 0.0922 0.9216
44.549 0.1171 0.0896 0.9245
44.588 0.1162 0.0896 0.9464
44.630 0.1168 0.0914 0.9215
44.670 0.1200 0.0903 0.9238
44.710 0.1264 0.0895 0.9097
44.750 0.1295 0.0884 0.9422
44.788 0.1283 0.0878 0.9400
44.832 0.1283 0.0879 0.9750
44.872 0.1327 0.0880 0.9870
44.912 0.1356 0.0876 0.9686
44.951 0.1379 0.0857 0.9630
44.989 0.1389 0.0849 0.9682
45.033 0.1482 0.0883 0.9775
45.072 0.1508 0.0907 1.0168
45.112 0.1507 0.0892 1.0167
45.152 0.1469 0.0868 0.9618
45.192 0.1460 0.0857 0.9942
45.233 0.1416 0.0850 0.9568
45.273 0.1424 0.0873 0.9405
45.313 0.1423 0.0877 0.9595
45.353 0.1443 0.0879 0.9633
45.393 0.1437 0.0872 0.9646
45.432 0.1396 0.0884 0.9762
45.477 0.1368 0.0895 0.9786
45.514 0.1338 0.0903 0.9797
45.554 0.1324 0.0890 0.9525
45.594 0.1336 0.0903 0.9819
45.631 0.1352 0.0876 0.9738
45.675 0.1335 0.0887 0.9750
45.714 0.1341 0.0907 0.9812
45.755 0.1384 0.0896 0.9845
45.795 0.1389 0.0891 0.9642
45.832 0.1375 0.0867 0.9874
45.875 0.1372 0.0898 0.9348
45.915 0.1392 0.0882 0.9311
45.956 0.1440 0.0875 0.9208
45.996 0.1457 0.0873 0.9285
46.036 0.1469 0.0870 0.9267
46.077 0.1482 0.0905 0.9651
46.117 0.1561 0.0893 0.9512
46.157 0.1606 0.0901 1.0143
46.197 0.1685 0.0899 0.9849
46.236 0.1724 0.0901 0.9686
46.276 0.1714 0.0862 0.9396
46.317 0.1770 0.0843 0.9742
46.357 0.1782 0.0873 0.9639
46.397 0.1815 0.0915 0.9870
46.437 0.1845 0.0926 0.9996
46.474 0.1861 0.0906 0.9646
46.518 0.1902 0.0896 0.9751
46.558 0.1929 0.0888 0.9813
46.598 0.1897 0.0911 0.9467
46.638 0.1868 0.0913 0.9856
46.675 0.1853 0.0898 0.9736
46.719 0.1772 0.0911 0.9664
46.759 0.1748 0.0881 0.9595
46.799 0.1712 0.0909 0.9792
46.839 0.1701 0.0938 0.9431
46.879 0.1706 0.0912 0.9959
46.919 0.1723 0.0912 0.9985
46.959 0.1712 0.0891 0.9495
47.000 0.1688 0.0916 0.9435
47.040 0.1640 0.0923 0.9325
47.080 0.1613 0.0951 0.9689
47.119 0.1593 0.0940 0.9559
47.161 0.1509 0.0920 0.9769
47.201 0.1443 0.0911 0.9376
47.241 0.1442 0.0924 0.9804
47.281 0.1428 0.0964 0.9848
47.318 0.1402 0.0967 0.9705
47.362 0.1341 0.0917 0.9682
47.402 0.1262 0.0914 0.9455
47.442 0.1166 0.0899 0.9359
47.482 0.1053 0.0948 0.9693
47.518 0.0980 0.0948 0.9505
47.563 0.0889 0.0930 0.9953
47.603 0.0845 0.0926 0.9756
47.643 0.0828 0.0916 0.9863
47.682 0.0830 0.0898 0.9504
47.722 0.0814 0.0937 0.9679
47.763 0.0764 0.0913 0.9548
47.803 0.0726 0.0935 0.9640
47.843 0.0654 0.0884 0.9456
47.883 0.0592 0.0897 0.9704
47.922 0.0543 0.0895 0.9867
47.962 0.0521 0.0935 1.0202
48.003 0.0513 0.0899 1.0075
48.044 0.0479 0.0907 0.9755
48.084 0.0414 0.0874 0.9745
48.124 0.0385 0.0915 0.9676
48.162 0.0322 0.0961 0.9828
48.206 0.0239 0.0938 0.9755
48.245 0.0196 0.0878 0.9445
48.285 0.0136 0.0877 0.9665
48.325 0.0117 0.0887 0.9665
48.363 0.0093 0.0926 1.0015
48.406 0.0083 0.0901 0.9676
48.446 0.0080 0.0897 1.0004
48.486 0.0055 0.0882 0.9665
48.526 0.0056 0.0896 1.0004
48.566 0.0057 0.0870 0.9712
48.607 0.0026 0.0904 0.9968
48.646 0.0035 0.0896 1.0197
48.687 0.0036 0.0869 0.9676
48.727 0.0033 0.0864 0.9719
48.766 0.0036 0.0849 0.9719
48.806 0.0075 0.0874 0.9979
48.847 0.0194 0.0899 1.0051
48.887 0.0337 0.0883 1.0144
48.928 0.0415 0.0849 1.0078
48.967 0.0530 0.0850 1.0078
49.005 0.0633 0.0860 1.0057
49.049 0.0640 0.0880 1.0100
49.088 0.0707 0.0894 1.0202
49.128 0.0775 0.0859 0.9936
49.168 0.0801 0.0864 0.9640
49.206 0.0814 0.0840 0.9729
49.249 0.0858 0.0917 0.9789
49.290 0.0887 0.0910 0.9432
49.330 0.0828 0.0897 0.9315
49.369 0.0739 0.0872 0.9312
49.409 0.0659 0.0872 0.9271
49.467 0.0551 0.0880 0.9271
49.490 0.0513 0.0891 0.9647
49.530 0.0511 0.0882 0.9511
49.570 0.0477 0.0875 0.9612
49.609 0.0422 0.0883 0.9649
49.649 0.0417 0.0862 0.9562
49.690 0.0410 0.0872 0.9490
49.731 0.0372 0.0873 0.9562
49.771 0.0316 0.0874 0.9007
49.810 0.0292 0.0890 0.9490
49.848 0.0241 0.0874 0.9292
49.892 0.0224 0.0881 0.9562
49.931 0.0187 0.0885 0.9516
49.972 0.0157 0.0930 0.9710
50.011 0.0122 0.0918 0.9392
50.048 0.0103 0.0888 0.9292
50.092 0.0086 0.0883 0.9657
50.132 0.0070 0.0888 0.9657
50.172 0.0056 0.0943 0.9657
50.212 0.0062 0.0896 0.9333
50.252 0.0064 0.0882 0.9657
50.293 0.0062 0.0890 0.9657
50.333 0.0049 0.0907 0.9412
50.374 0.0081 0.0922 0.9657
50.414 0.0087 0.0902 0.9657
50.453 0.0094 0.0906 0.9476
50.493 0.0084 0.0902 0.9657
50.534 0.0105 0.0868 0.9890
50.574 0.0107 0.0917 0.9476
50.615 0.0087 0.0913 0.9657
50.654 0.0074 0.0913 0.9657
50.692 0.0071 0.0913 0.9657
50.736 0.0065 0.0896 0.9603
50.775 0.0191 0.0916 0.9760
50.815 0.0335 0.0929 0.9657
50.855 0.0495 0.0911 0.9657
50.892 0.0603 0.0913 0.9657
50.936 0.0735 0.0922 0.9726
50.976 0.0822 0.0890 0.9495
51.016 0.0872 0.0920 0.9754
51.056 0.0963 0.0940 0.9633
51.096 0.1015 0.0933 0.9423
51.136 0.1027 0.0909 0.9569
51.176 0.1046 0.0896 0.9647
51.217 0.1055 0.0897 0.9183
51.256 0.0971 0.0908 0.9044
51.296 0.0872 0.0898 0.9649
51.336 0.0798 0.0880 0.9649
51.377 0.0719 0.0873 0.9509
51.417 0.0625 0.0827 0.9590
51.457 0.0592 0.0860 0.9701
51.498 0.0586 0.0894 0.9590
51.535 0.0578 0.0835 0.9627
51.579 0.0580 0.0843 0.9729
51.618 0.0621 0.0843 0.9539
51.659 0.0699 0.0843 0.9539
51.698 0.0714 0.0872 0.9602
51.736 0.0743 0.0870 0.9464
51.780 0.0762 0.0879 0.9019
51.820 0.0767 0.0867 0.9279
51.860 0.0752 0.0848 0.9448
51.899 0.0782 0.0868 0.9301
51.940 0.0766 0.0871 0.9526
51.980 0.0772 0.0864 0.9471
52.020 0.0789 0.0859 0.9631
52.060 0.0836 0.0861 0.9304
52.100 0.0885 0.0855 0.9459
52.139 0.0886 0.0871 0.9252
52.179 0.0865 0.0868 0.9476
52.220 0.0873 0.0881 0.9516
52.261 0.0851 0.0857 0.9516
52.301 0.0854 0.0862 0.9216
52.340 0.0886 0.0869 0.9300
52.378 0.0884 0.0869 0.9352
52.422 0.0908 0.0905 0.9304
52.462 0.0885 0.0871 0.9039
52.502 0.0866 0.0872 0.9464
52.541 0.0815 0.0868 0.9464
52.579 0.0774 0.0885 0.9565
52.623 0.0718 0.0894 0.9478
52.663 0.0706 0.0894 0.9527
52.703 0.0665 0.0859 0.9508
52.743 0.0662 0.0858 0.9464
52.783 0.0655 0.0905 0.9425
52.824 0.0630 0.0906 0.9989
52.863 0.0640 0.0879 0.9689
52.904 0.0626 0.0898 0.9604
52.944 0.0668 0.0881 0.9644
52.983 0.0686 0.0868 0.9482
53.022 0.0679 0.0889 0.9482
53.064 0.0663 0.0907 0.9585
53.104 0.0698 0.0886 0.9410
53.144 0.0720 0.0888 1.0038
53.184 0.0754 0.0820 1.0393
53.222 0.0766 0.0834 1.0012
53.266 0.0774 0.0834 1.0445
53.305 0.0813 0.0857 1.0105
53.345 0.0802 0.0844 0.9999
53.385 0.0763 0.0866 0.9874
53.422 0.0735 0.0837 0.9769
53.466 0.0685 0.0846 1.0106
53.506 0.0720 0.0852 1.0456
53.546 0.0729 0.0823 1.0949
53.586 0.0697 0.0859 1.0720
53.626 0.0678 0.0818 1.0692
53.666 0.0638 0.0812 1.0819
53.707 0.0639 0.0831 1.0605
53.748 0.0682 0.0875 1.0547
53.787 0.0687 0.0797 1.1033
53.827 0.0680 0.0846 1.0695
53.866 0.0732 0.0796 1.0863
53.908 0.0708 0.0801 1.0837
53.948 0.0761 0.0818 1.1132
53.988 0.0879 0.0791 1.1367
54.028 0.0886 0.0783 1.1356
54.065 0.0866 0.0776 1.1138
54.109 0.0861 0.0846 0.9943
54.149 0.0857 0.0788 1.1580
54.189 0.0888 0.0780 1.1196
54.228 0.0869 0.0883 0.9331
54.266 0.0819 0.0889 0.9278
54.309 0.0791 0.0902 0.9278
54.349 0.0762 0.0901 0.9538
54.389 0.0742 0.0903 0.9681
54.429 0.0745 0.0935 0.9548
54.469 0.0616 0.0921 0.9435
54.510 0.0534 0.0917 0.9345
54.550 0.0521 0.0940 0.9615
54.590 0.0501 0.0945 0.9179
54.630 0.0462 0.0909 0.9832
54.669 0.0421 0.0947 0.9522
54.709 0.0354 0.0907 0.9692
54.750 0.0300 0.0903 0.9282
54.791 0.0258 0.0957 0.8877
54.832 0.0212 0.0914 0.9139
54.871 0.0193 0.0913 0.9139
54.909 0.0168 0.0887 0.9337
54.953 0.0135 0.0896 0.9212
54.992 0.0114 0.0906 0.9175
55.032 0.0079 0.0919 0.9175
55.072 0.0056 0.0919 0.9121
55.109 0.0052 0.0918 0.9218
55.153 0.0044 0.0888 0.9218
55.193 0.0038 0.0891 0.9132
55.233 0.0037 0.0921 0.9229
55.273 0.0047 0.0933 0.9532
55.313 0.0042 0.0962 0.9175
55.353 0.0051 0.0874 0.9218
55.394 0.0036 0.0867 0.9132
55.434 0.0042 0.0934 0.9248
55.473 0.0029 0.0917 0.9201
55.513 0.0028 0.0949 0.9175
55.553 0.0043 0.0910 0.9212
55.594 0.0043 0.0876 0.9212
55.634 0.0048 0.0878 0.9119
55.674 0.0042 0.0923 0.8969
55.714 0.0069 0.0930 0.9121
55.752 0.0086 0.0916 0.9218
55.796 0.0111 0.0914 0.9132
55.835 0.0167 0.0897 0.9141
55.875 0.0211 0.0872 0.9142
55.915 0.0258 0.0910 0.9312
55.953 0.0289 0.0905 0.9538
55.997 0.0335 0.0913 0.9532
56.036 0.0389 0.0901 0.9322
56.077 0.0426 0.0890 0.9215
56.116 0.0441 0.0888 0.9424
56.156 0.0485 0.0902 0.9215
56.197 0.0501 0.0906 0.9209
56.237 0.0504 0.0902 0.9195
56.277 0.0529 0.0869 0.9225
56.317 0.0526 0.0887 0.9225
56.357 0.0528 0.0907 0.9245
56.396 0.0520 0.0929 0.9476
56.437 0.0539 0.0919 0.9635
56.478 0.0607 0.0914 0.9520
56.518 0.0648 0.0928 0.9616
56.557 0.0688 0.0940 0.9521
56.595 0.0743 0.0963 0.9661
56.639 0.0725 0.0967 0.9098
56.679 0.0745 0.0940 0.9445
56.718 0.0789 0.0934 0.9186
56.758 0.0804 0.0962 0.9209
56.795 0.0837 0.0952 0.9295
56.840 0.0813 0.0976 0.9075
56.879 0.0785 0.0970 0.9418
56.919 0.0787 0.0980 0.9512
56.959 0.0724 0.0965 0.9693
56.999 0.0665 0.0982 0.9944
57.040 0.0637 0.0966 0.9898
57.080 0.0599 0.0971 0.9552
57.121 0.0601 0.0967 0.9552
57.161 0.0579 0.0962 0.9512
57.200 0.0529 0.0962 0.9172
57.240 0.0492 0.0956 0.9531
57.306 0.0436 0.0965 0.9609
57.361 0.0435 0.0958 0.9781
57.402 0.0419 0.0928 0.9699
57.441 0.0404 0.0942 0.9512
57.479 0.0409 0.0958 0.9668
57.523 0.0387 0.0973 0.9501
57.562 0.0366 0.0942 0.8984
57.602 0.0370 0.0948 0.8998
57.642 0.0365 0.0943 0.9564
57.679 0.0365 0.0942 0.9514
57.723 0.0399 0.0948 0.9689
57.763 0.0406 0.0949 0.9475
57.803 0.0392 0.0956 0.9665
57.843 0.0416 0.0914 0.9693
57.882 0.0428 0.0914 0.9693
57.923 0.0431 0.0938 0.9603
57.963 0.0446 0.0969 0.9603
58.003 0.0443 0.0957 0.9082
58.043 0.0451 0.0924 0.9343
58.083 0.0423 0.0944 0.9033
58.123 0.0439 0.0936 0.9183
58.165 0.0499 0.0969 0.9603
58.205 0.0493 0.0941 0.9626
58.245 0.0531 0.0933 0.9155
58.285 0.0560 0.0945 0.8823
58.322 0.0570 0.0927 0.8992
58.366 0.0568 0.0930 0.9568
58.406 0.0617 0.0949 0.9298
58.446 0.0623 0.0930 0.9216
58.485 0.0647 0.0930 0.9356
58.523 0.0632 0.0945 0.9306
58.566 0.0661 0.0913 0.9413
58.606 0.0668 0.0970 0.9059
58.646 0.0654 0.0928 0.9257
58.686 0.0652 0.0903 0.9227
58.726 0.0615 0.0905 0.9284
58.772 0.0591 0.0906 0.9457
58.807 0.0592 0.0929 0.9596
58.847 0.0579 0.0956 0.9367
58.887 0.0585 0.0959 0.9580
58.926 0.0599 0.0944 0.9139
58.966 0.0607 0.0924 0.8688
59.007 0.0630 0.0929 0.9072
59.048 0.0649 0.0966 0.8904
59.088 0.0657 0.0949 0.8892
59.127 0.0721 0.0949 0.9252
59.165 0.0708 0.0932 0.9277
59.209 0.0755 0.0933 0.9615
59.249 0.0809 0.0959 0.9659
59.289 0.0801 0.0960 0.9581
59.350 0.0772 0.0957 0.9382
59.366 0.0755 0.0936 0.9451
59.410 0.0697 0.0930 0.9294
59.450 0.0627 0.0946 0.9294
59.490 0.0597 0.0939 0.9179
59.530 0.0536 0.0954 0.9258
59.570 0.0522 0.0943 0.9358
59.610 0.0467 0.0939 0.9396
59.650 0.0443 0.0941 0.9215
59.691 0.0419 0.0940 0.9389
59.731 0.0386 0.0935 0.9159
59.770 0.0341 0.0930 0.9118
59.810 0.0334 0.0922 0.9402
59.851 0.0349 0.0916 0.9269
59.891 0.0352 0.0914 0.9386
59.931 0.0406 0.0940 0.9625
59.971 0.0417 0.0949 0.9377
60.009 0.0482 0.0948 0.9544
60.053 0.0536 0.0935 0.9639
60.092 0.0547 0.0934 0.9627
60.132 0.0573 0.0927 0.9627
60.172 0.0623 0.0945 0.9560
60.210 0.0622 0.0943 0.9916
60.253 0.0672 0.0947 0.9445
60.293 0.0716 0.0955 0.9345
60.333 0.0750 0.0960 0.9325
60.373 0.0780 0.0954 0.9248
60.413 0.0803 0.0989 0.9201
60.454 0.0852 0.0961 0.9366
60.494 0.0881 0.0974 0.9551
60.534 0.0865 0.0953 0.9291
60.574 0.0887 0.0963 0.9291
60.614 0.0920 0.0980 0.9499
60.653 0.0896 0.0958 0.9291
60.695 0.0900 0.0958 0.9257
60.735 0.0864 0.0952 0.9367
60.775 0.0858 0.0959 0.9593
60.815 0.0830 0.0974 1.0060
60.851 0.0821 0.0978 0.9433
60.896 0.0812 0.0954 0.9315
60.936 0.0782 0.0954 0.9355
60.976 0.0734 0.0934 0.9475
61.015 0.0711 0.0953 0.9339
61.052 0.0708 0.0971 0.9661
61.096 0.0680 0.0982 0.9032
61.136 0.0671 0.0961 0.9021
61.176 0.0646 0.0970 0.9021
61.216 0.0656 0.0954 0.8996
61.256 0.0663 0.0956 0.9407
61.297 0.0653 0.0999 0.9711
61.337 0.0647 0.0989 0.9369
61.377 0.0650 0.0948 0.9505
61.417 0.0655 0.0933 0.9348
61.457 0.0652 0.0949 0.9045
61.497 0.0637 0.0966 0.9545
61.538 0.0595 0.0936 0.9425
61.579 0.0544 0.0948 0.9425
61.619 0.0481 0.0932 0.9554
61.658 0.0455 0.0935 0.9387
61.695 0.0416 0.0942 0.9673
61.740 0.0364 0.1004 0.9501
61.779 0.0335 0.0961 0.9020
61.819 0.0312 0.0954 0.8624
61.859 0.0302 0.0949 0.8764
61.896 0.0285 0.0945 0.8892
61.940 0.0241 0.0988 0.8979
61.980 0.0241 0.0961 0.8941
62.020 0.0262 0.0947 0.8919
62.060 0.0275 0.0945 0.8909
62.100 0.0311 0.0940 0.9443
62.141 0.0329 0.0938 0.9510
62.180 0.0357 0.0974 0.9603
62.221 0.0416 0.0957 0.9537
62.260 0.0448 0.0965 0.9471
62.300 0.0511 0.0933 0.9518
62.339 0.0549 0.0939 0.9172
62.381 0.0561 0.0968 0.9311
62.421 0.0596 0.0980 0.9285
62.461 0.0647 0.0956 0.9235
62.501 0.0671 0.0966 0.8914
62.539 0.0689 0.0954 0.8976
62.582 0.0724 0.0954 0.8754
62.623 0.0741 0.0995 0.8667
62.663 0.0769 0.0986 0.8873
62.702 0.0779 0.0967 0.8873
62.740 0.0811 0.0948 0.9023
62.784 0.0815 0.0957 0.9045
62.823 0.0795 0.0986 0.8909
62.863 0.0796 0.0998 0.8886
62.903 0.0797 0.0982 0.8696
62.943 0.0799 0.0961 0.8713
62.984 0.0782 0.0966 0.8502
63.024 0.0792 0.0992 0.8675
63.064 0.0825 0.1023 0.8704
63.104 0.0845 0.1023 0.8653
63.143 0.0867 0.1031 0.8692
63.183 0.0897 0.0996 0.8866
63.224 0.0869 0.1001 0.8723
63.265 0.0851 0.1014 0.8736
63.332 0.0849 0.0997 0.9150
63.384 0.0923 0.1007 0.9127
63.422 0.0917 0.1035 0.8222
63.466 0.0905 0.1035 0.8242
63.505 0.0906 0.1017 0.8316
63.545 0.0842 0.0950 0.9148
63.585 0.0858 0.0930 0.9271
63.623 0.0866 0.0991 0.8328
63.666 0.0818 0.0986 0.8392
63.707 0.0809 0.0972 0.8064
63.747 0.0785 0.0960 0.8316
63.787 0.0832 0.0959 0.9228
63.827 0.0788 0.0962 0.8426
63.869 0.0725 0.0955 0.8489
63.907 0.0705 0.0961 0.8162
63.948 0.0739 0.0976 0.8338
63.988 0.0813 0.0972 0.7663
64.027 0.0813 0.0942 0.8012
64.067 0.0698 0.0929 0.8012
64.108 0.0708 0.0926 0.7872
64.149 0.0863 0.0936 0.7796
64.189 0.0894 0.0935 0.7892
64.228 0.0920 0.0923 0.9604
64.265 0.0912 0.0916 0.8259
64.309 0.0930 0.0914 0.8135
64.349 0.1004 0.0954 0.7793
64.389 0.1028 0.0909 0.9798
64.429 0.1043 0.0871 1.0015
64.466 0.0967 0.0847 0.9705
64.510 0.1066 0.0830 0.9485
64.550 0.1147 0.0838 0.9445
64.590 0.1258 0.0871 0.9492
64.630 0.1190 0.0873 0.9692
64.670 0.1168 0.0868 0.9512
64.711 0.1180 0.0878 0.9487
64.750 0.1251 0.0891 0.9893
64.790 0.1340 0.0856 0.9849
64.832 0.1358 0.0914 0.9514
64.871 0.1376 0.0865 0.9789
64.910 0.1403 0.0890 0.9629
64.952 0.1461 0.0856 0.9746
64.992 0.1533 0.0862 0.9796
65.032 0.1591 0.0837 0.9700
65.072 0.1593 0.0892 0.9558
65.109 0.1572 0.0902 0.9304
65.153 0.1534 0.0888 0.9319
65.193 0.1526 0.0875 0.9782
65.233 0.1520 0.0847 0.9793
65.273 0.1521 0.0870 0.9370
65.310 0.1484 0.0866 0.9574
65.354 0.1468 0.0858 0.9566
65.393 0.1465 0.0832 0.9804
65.433 0.1451 0.0819 0.9847
65.474 0.1420 0.0847 0.9987
65.513 0.1381 0.0859 0.9350
65.554 0.1353 0.0877 0.9700
65.594 0.1346 0.0864 0.9963
65.634 0.1386 0.0855 0.9642
65.674 0.1466 0.0833 0.9720
65.714 0.1536 0.0831 0.9709
65.753 0.1536 0.0853 0.9709
65.795 0.1575 0.0854 0.9648
65.835 0.1589 0.0839 0.9556
65.875 0.1646 0.0865 0.9978
65.915 0.1720 0.0832 0.9742
65.953 0.1779 0.0844 1.0102
65.997 0.1843 0.0859 0.9718
66.037 0.1890 0.0848 0.9704
66.077 0.1906 0.0846 0.9696
66.116 0.1930 0.0814 0.9951
66.153 0.1934 0.0801 0.9695
66.197 0.1926 0.0846 0.9604
66.237 0.1988 0.0824 0.9611
66.277 0.2034 0.0824 0.9634
66.317 0.2086 0.0836 0.9489
66.357 0.2133 0.0769 0.9895
66.398 0.2104 0.0793 1.0144
66.438 0.2067 0.0791 1.0129
66.478 0.2049 0.0799 0.9645
66.518 0.1988 0.0793 0.9650
66.557 0.1993 0.0783 0.9546
66.597 0.2028 0.0767 1.0085
66.638 0.2035 0.0820 0.9914
66.678 0.2095 0.0822 0.9920
66.718 0.2108 0.0804 0.9651
66.758 0.2108 0.0795 0.9835
66.796 0.2142 0.0765 0.9789
66.840 0.2152 0.0798 0.9746
66.879 0.2220 0.0840 1.0021
66.919 0.2285 0.0819 0.9740
66.959 0.2348 0.0788 0.9996
66.997 0.2413 0.0793 0.9762
67.040 0.2451 0.0782 0.9872
67.081 0.2401 0.0800 0.9443
67.121 0.2378 0.0805 0.9693
67.161 0.2323 0.0816 1.0350
67.201 0.2191 0.0808 1.0052
67.241 0.2102 0.0744 0.9832
67.281 0.1965 0.0810 1.0014
67.322 0.1862 0.0789 1.0549
67.362 0.1751 0.0799 1.0332
67.401 NaN 0.0780 0.9973
67.440 NaN 0.0775 0.9701
67.482 NaN 0.0762 0.9813
67.522 NaN 0.0788 1.0163
67.562 NaN 0.0791 1.0079
67.602 NaN 0.0797 1.0379
67.639 NaN 0.0772 1.0600
67.683 NaN 0.0754 1.0075
