9.450 NaN 0.0962 1.0326
9.487 NaN 0.0955 1.0424
9.531 NaN 0.0998 0.9854
9.570 NaN 0.0961 1.0150
9.611 NaN 0.0928 1.0467
9.650 NaN 0.0927 1.0328
9.690 NaN 0.1042 0.9431
9.731 0.2344 0.1035 0.9129
9.771 0.2409 0.1055 0.9286
9.811 0.2409 0.1032 0.9184
9.851 0.2414 0.1018 0.9494
9.891 0.2385 0.1016 0.9603
9.930 0.2330 0.1005 0.9130
9.971 0.2266 0.1018 0.9089
10.012 0.2181 0.1019 0.9679
10.052 0.2127 0.1028 0.9698
10.092 0.2061 0.1022 0.9189
10.129 0.2039 0.1025 0.9189
10.173 0.2011 0.1020 0.9107
10.212 0.2030 0.1080 0.9333
10.253 0.1953 0.1048 0.9757
10.292 0.1910 0.1033 0.9198
10.331 0.1852 0.0970 0.9462
10.374 0.1763 0.0998 0.9455
10.414 0.1693 0.1033 0.9334
10.454 0.1632 0.1008 0.9402
10.494 0.1605 0.1012 0.9028
10.534 0.1541 0.0978 0.9208
10.575 0.1497 0.0975 0.9659
10.615 0.1460 0.0987 0.9298
10.655 0.1422 0.1019 0.9048
10.695 0.1362 0.1089 0.8985
10.734 0.1341 0.1053 0.8957
10.774 0.1320 0.1028 0.8957
10.815 0.1338 0.1065 0.8999
10.855 0.1350 0.1091 0.8969
10.896 0.1363 0.1014 0.9235
10.935 0.1348 0.1014 0.9150
10.973 0.1309 0.1022 0.9604
11.017 0.1280 0.1122 0.9617
11.056 0.1288 0.1024 0.9368
11.096 0.1282 0.1058 0.9170
11.136 0.1266 0.1000 0.9479
11.173 0.1250 0.0978 0.9287
11.217 0.1242 0.1037 0.9064
11.257 0.1247 0.0979 0.9241
11.297 0.1240 0.0993 0.9241
11.337 0.1249 0.1091 0.9197
11.377 0.1222 0.1005 0.9459
11.418 0.1236 0.1090 0.9432
11.457 0.1272 0.1067 0.9102
11.499 0.1304 0.1067 0.9153
11.538 0.1311 0.0991 0.9113
11.578 0.1329 0.0996 0.9334
11.618 0.1348 0.1007 0.9439
11.659 0.1373 0.1018 0.9402
11.699 0.1375 0.0932 0.9314
11.739 0.1377 0.1031 0.9588
11.779 0.1411 0.1052 0.9505
11.817 0.1406 0.1034 0.9505
11.860 0.1426 0.0958 0.9274
11.900 0.1443 0.0946 0.9294
11.940 0.1423 0.0998 0.9722
11.980 0.1436 0.0959 0.9808
12.016 0.1475 0.0999 1.0099
12.061 0.1543 0.0934 0.9841
12.101 0.1624 0.0921 1.0100
12.141 0.1701 0.0921 1.0100
12.180 0.1806 0.0906 1.0644
12.220 0.1980 0.0885 1.0559
12.261 0.2128 0.0887 1.0638
12.301 0.2171 0.0880 1.0994
12.341 0.2213 0.0848 1.1413
12.381 0.2248 0.0834 1.1239
12.421 0.2318 0.0893 1.1644
12.460 0.2359 0.0911 1.1244
12.501 0.2423 0.0911 1.0350
12.542 0.2480 0.0891 1.0143
12.582 0.2535 0.0909 1.0071
12.623 0.2678 0.0920 1.0309
12.660 0.2663 0.0943 1.0551
12.704 0.2590 0.0892 1.0334
12.744 0.2417 0.0925 1.0618
12.784 0.2396 0.0867 1.0386
12.823 0.2343 0.0861 1.0615
12.860 0.2338 0.0960 0.8971
12.904 0.2321 0.0982 0.9416
12.944 0.2386 0.0972 0.9522
12.984 0.2345 0.0952 0.8834
13.024 0.2337 0.0961 0.9056
13.064 0.2339 0.0969 0.9026
13.105 0.2240 0.0978 0.9252
13.145 0.2183 0.0961 0.9268
13.185 0.2180 0.0967 0.9080
13.225 0.2231 0.0986 0.9258
13.264 0.2188 0.1005 0.9072
13.304 0.2214 0.1017 0.9609
13.345 0.2170 0.1014 0.9170
13.386 0.2151 0.1051 0.8898
13.426 0.2130 0.1036 0.9152
13.465 0.2185 0.0980 0.9176
13.507 0.2195 0.0982 0.9023
13.547 0.2161 0.1033 0.9141
13.586 0.2074 0.1016 0.8763
13.626 0.2056 0.1002 0.8777
13.666 0.2027 0.0986 0.9240
13.704 0.2087 0.1008 0.9463
13.748 0.2138 0.1047 0.9462
13.788 0.2174 0.1065 0.9789
13.828 0.2151 0.1069 0.9610
13.868 0.2114 0.0982 0.9792
13.907 0.2063 0.0979 0.9654
13.948 0.1956 0.0992 1.0091
13.988 0.1894 0.0986 1.0212
14.028 0.1847 0.0917 0.9622
14.068 0.1819 0.0940 0.9544
14.108 0.1808 0.0953 0.9876
14.147 0.1858 0.0936 0.9634
14.189 0.1779 0.0973 0.9984
14.229 0.1701 0.0977 0.9540
14.269 0.1624 0.0954 0.9730
14.309 0.1666 0.0918 0.9762
14.346 0.1789 0.0929 0.9591
14.390 0.1854 0.0960 0.9414
14.430 0.1895 0.0931 0.9731
14.470 0.1899 0.0924 0.9606
14.509 0.1916 0.0903 0.9820
14.546 0.1926 0.0924 0.9680
14.591 0.1985 0.0897 0.9605
14.630 0.1992 0.0926 1.0012
14.670 0.2014 0.0899 0.9734
14.710 0.2044 0.0884 0.9700
14.750 0.2091 0.0872 0.9740
14.791 0.2115 0.0871 0.9775
14.832 0.2067 0.0856 0.9586
14.872 0.2011 0.0896 0.9455
14.912 0.1990 0.0864 0.9575
14.951 0.1968 0.0867 0.9733
14.991 0.1938 0.0837 0.9659
15.032 0.1894 0.0886 0.9717
15.073 0.1859 0.0902 1.0059
15.113 0.1814 0.0920 0.9737
15.152 0.1785 0.0891 0.9507
15.190 0.1742 0.0869 1.0035
15.234 0.1712 0.0880 0.9960
15.273 0.1681 0.0941 0.9379
15.313 0.1623 0.0953 0.9335
15.353 0.1613 0.0976 0.9618
15.390 0.1604 0.0904 1.0005
15.434 0.1643 0.0944 1.0088
15.474 0.1705 0.0893 0.9863
15.514 0.1809 0.0917 0.9944
15.554 0.1897 0.0915 0.9906
15.594 0.1969 0.0914 0.9512
15.634 0.1954 0.0889 0.9425
15.674 0.2015 0.0869 0.9578
15.715 0.2029 0.0890 0.9626
15.754 0.2027 0.0929 0.9704
15.794 0.2080 0.0931 0.9873
15.833 0.2127 0.0899 0.9611
15.875 0.2148 0.0905 0.9576
15.915 0.2185 0.0874 0.9234
15.956 0.2236 0.0948 0.9314
15.996 0.2274 0.0917 0.9313
16.034 0.2245 0.0912 0.9219
16.077 0.2204 0.0881 0.8722
16.117 0.2230 0.0920 0.8969
16.157 0.2228 0.0915 0.8900
16.197 0.2214 0.0921 0.8759
16.234 0.2223 0.0929 0.9348
16.278 0.2214 0.0924 0.9854
16.318 0.2203 0.0918 0.9577
16.358 0.2216 0.0923 1.0081
16.397 0.2208 0.0916 1.0244
16.437 0.2150 0.0951 1.0160
16.478 0.2079 0.0916 1.0124
16.518 0.2103 0.0882 1.0123
16.558 0.2065 0.0891 1.0196
16.598 0.2060 0.0906 1.0153
16.637 0.2046 0.0906 1.0329
16.677 0.2037 0.0891 1.0671
16.718 0.2065 0.0886 1.0825
16.759 0.2109 0.0908 0.9556
16.799 0.2127 0.0902 0.9390
16.838 0.2177 0.0900 0.9603
16.876 0.2158 0.0935 1.0006
16.920 0.2196 0.0913 0.9582
16.959 0.2222 0.0884 0.9595
17.000 0.2154 0.0852 0.9246
17.040 0.2129 0.0903 0.9811
17.078 0.2114 0.0918 0.9766
17.121 0.2082 0.0897 0.9540
17.161 0.2070 0.0864 0.9510
17.201 0.1995 0.0907 0.9524
17.241 0.1923 0.0906 0.8851
17.281 0.1858 0.0966 0.8939
17.321 0.1763 0.0932 0.9527
17.362 0.1730 0.0903 0.9362
17.402 0.1719 0.0910 0.9173
17.442 0.1649 0.0914 0.9205
17.481 0.1616 0.0985 0.9125
17.521 0.1583 0.0934 0.9292
17.562 0.1575 0.0889 0.9669
17.615 0.1502 0.0900 0.8219
17.642 0.1491 0.0860 0.9003
17.682 0.1553 0.0856 0.9173
17.720 0.1555 0.0871 0.8895
17.763 0.1555 0.0920 0.9335
17.803 0.1525 0.0896 0.9161
17.843 0.1520 0.0889 0.9259
17.883 0.1486 0.0910 0.9042
17.920 0.1485 0.0887 0.9268
17.964 0.1416 0.0932 0.9312
18.004 0.1403 0.0900 0.9042
18.044 0.1366 0.0909 0.9288
18.084 0.1402 0.0877 0.9055
18.124 0.1455 0.0882 0.9348
18.165 0.1431 0.0908 0.9258
18.205 0.1378 0.0893 0.9499
18.245 0.1346 0.0916 0.9306
18.285 0.1370 0.0901 0.9301
18.325 0.1391 0.0897 0.9445
18.364 0.1414 0.0902 0.9766
18.406 0.1394 0.0914 0.9442
18.446 0.1431 0.0913 0.9313
18.486 0.1479 0.0909 0.9473
18.526 0.1558 0.0846 0.9633
18.563 0.1583 0.0852 0.9857
18.607 0.1662 0.0857 0.9688
18.647 0.1708 0.0858 0.9367
18.687 0.1807 0.0836 0.9876
18.726 0.1894 0.0843 0.9824
18.763 0.1975 0.0799 1.0078
18.806 0.2101 0.0828 0.9901
18.847 0.2194 0.0824 1.0210
18.887 0.2315 0.0812 1.0447
18.927 0.2432 0.0806 1.0288
18.966 0.2519 0.0804 1.0536
19.007 0.2541 0.0805 1.0206
19.048 0.2616 0.0808 1.0424
19.088 0.2682 0.0806 1.0527
19.128 0.2709 0.0813 0.9656
19.167 0.2715 0.0805 0.9468
19.207 0.2754 0.0798 0.9374
19.249 0.2746 0.0814 0.9035
19.289 0.2736 0.0802 0.9488
19.330 0.2661 0.0821 0.9813
19.369 0.2565 0.0787 0.9509
19.406 0.2436 0.0791 0.9776
19.450 0.2345 0.0799 0.9941
19.490 0.2292 0.0794 1.0216
19.530 0.2236 0.0795 1.0096
19.570 0.2116 0.0821 0.9193
19.607 0.2040 0.0796 0.9491
19.650 0.1991 0.0815 0.9341
19.691 0.1899 0.0832 0.9508
19.731 0.1896 0.0886 0.9552
19.771 0.1852 0.0898 0.9295
19.810 0.1829 0.0927 0.9015
19.850 0.1802 0.0884 0.9288
19.891 0.1873 0.0904 0.9095
19.932 0.1911 0.0938 0.9107
19.972 0.1954 0.0925 0.9562
20.011 0.1989 0.0893 0.8985
20.050 0.2009 0.0907 0.8852
20.092 0.1980 0.0923 0.8943
20.132 0.1968 0.0899 0.9378
20.172 0.2003 0.0905 0.9457
20.212 0.1993 0.0897 0.9642
20.249 0.1932 0.0907 0.9483
20.293 0.1879 0.0881 0.9505
20.334 0.1879 0.0846 0.9160
20.374 0.1854 0.0865 0.9033
20.414 0.1844 0.0875 0.9331
20.451 0.1801 0.0867 0.9025
20.495 0.1775 0.0853 0.9210
20.534 0.1810 0.0820 0.8960
20.574 0.1898 0.0873 0.8519
20.615 0.1925 0.0856 0.8572
20.655 0.1901 0.0854 0.8790
20.695 0.1884 0.0863 0.8604
20.735 0.1878 0.0848 0.8951
20.775 0.1944 0.0823 0.9015
20.815 0.2011 0.0818 0.9489
20.854 0.2077 0.0866 0.9321
20.894 0.2083 0.0838 0.9312
20.936 0.2084 0.0774 0.9342
20.976 0.2059 0.0778 0.9294
21.016 0.2044 0.0800 0.9718
21.055 0.2026 0.0837 0.9243
21.093 0.1975 0.0863 0.9374
21.137 0.1984 0.0789 0.9203
21.176 0.1980 0.0812 0.9692
21.217 0.2041 0.0794 0.9514
21.256 0.2072 0.0813 0.9527
21.293 0.2064 0.0855 0.9493
21.338 0.2034 0.0849 0.9584
21.377 0.2066 0.0824 0.9779
21.417 0.2137 0.0836 0.9415
21.457 0.2254 0.0808 0.9375
21.498 0.2366 0.0837 0.9555
21.539 0.2412 0.0822 0.9339
21.578 0.2523 0.0823 0.9510
21.619 0.2649 0.0791 0.9297
21.659 0.2756 0.0760 0.8967
21.698 0.2866 0.0783 0.9196
21.738 0.2933 0.0812 0.9631
21.779 0.2961 0.0808 0.9396
21.819 0.2940 0.0803 0.9446
21.859 0.2901 0.0784 0.9412
21.899 0.2876 0.0770 0.9334
21.937 0.2854 0.0800 0.9811
21.980 0.2796 0.0815 0.9527
22.020 0.2725 0.0759 0.9953
22.060 0.2649 0.0740 0.9564
22.100 0.2522 0.0737 0.9522
22.137 0.2391 0.0781 0.9646
22.181 0.2245 0.0803 0.9639
22.221 0.2172 0.0808 0.9639
22.261 0.2123 0.0773 0.9448
22.301 0.2122 0.0741 0.9183
22.341 0.2100 0.0771 0.9185
22.381 0.2047 0.0796 0.9442
22.421 0.1974 0.0842 0.9344
22.461 0.1878 0.0815 0.9555
22.502 0.1822 0.0798 0.9605
22.541 0.1793 0.0815 0.9714
22.581 0.1745 0.0817 0.9934
22.623 0.1776 0.0809 0.9578
22.663 0.1803 0.0856 0.9328
22.703 0.1805 0.0832 0.9372
22.743 0.1775 0.0825 0.9492
22.781 0.1714 0.0805 0.9692
22.824 0.1727 0.0835 0.9943
22.864 0.1758 0.0852 0.9458
22.904 0.1812 0.0824 0.9537
22.944 0.1922 0.0849 0.9495
22.981 0.1985 0.0821 0.9844
23.025 0.1984 0.0806 0.9915
23.064 0.2022 0.0826 0.9535
23.104 0.2004 0.0838 0.9618
23.144 0.2045 0.0838 0.9494
23.184 0.2035 0.0836 0.9927
23.225 0.1984 0.0795 0.9336
23.265 0.2007 0.0824 0.9738
23.305 0.1970 0.0815 1.0096
23.345 0.1973 0.0820 0.9738
23.385 0.1937 0.0802 0.9628
23.424 0.1845 0.0776 0.9902
23.465 0.1774 0.0789 0.9477
23.506 0.1731 0.0795 0.9210
23.546 0.1681 0.0812 0.9117
23.585 0.1674 0.0782 0.9284
23.624 0.1619 0.0767 0.9545
23.667 0.1575 0.0788 0.9326
23.707 0.1572 0.0812 0.9232
23.747 0.1526 0.0816 0.9294
23.787 0.1505 0.0804 0.9132
23.824 0.1484 0.0808 0.9166
23.868 0.1507 0.0787 0.9121
23.908 0.1498 0.0783 0.9157
23.948 0.1544 0.0823 0.9149
23.988 0.1611 0.0840 0.9084
24.028 0.1680 0.0806 0.9254
24.069 0.1739 0.0830 0.9298
24.108 0.1779 0.0815 0.9443
24.149 0.1785 0.0793 0.9335
24.189 0.1793 0.0844 0.9413
24.228 0.1813 0.0826 0.9291
24.268 0.1892 0.0814 0.9468
24.309 0.1984 0.0801 0.9431
24.349 0.2015 0.0836 0.9458
24.390 0.2079 0.0876 0.9468
24.429 0.2097 0.0875 0.9555
24.467 0.2068 0.0835 0.9693
24.510 0.2050 0.0865 0.9406
24.550 0.2045 0.0819 0.9529
24.590 0.2034 0.0851 0.9467
24.630 0.2058 0.0843 0.9023
24.667 0.2066 0.0846 0.9401
24.711 0.2131 0.0861 0.9183
24.751 0.2153 0.0829 0.9687
24.791 0.2113 0.0837 0.9606
24.831 0.2076 0.0849 0.9430
24.871 0.2046 0.0880 0.9581
24.912 0.2029 0.0846 0.9742
24.952 0.2074 0.0852 0.9332
24.992 0.2125 0.0855 0.9259
25.032 0.2093 0.0871 0.9487
25.072 0.2072 0.0886 0.9302
25.111 0.2050 0.0870 0.9179
25.153 0.2103 0.0871 0.9181
25.193 0.2093 0.0827 0.8959
25.233 0.2055 0.0834 0.9276
25.272 0.2081 0.0880 0.9496
25.310 0.2078 0.0875 0.9376
25.353 0.2121 0.0868 0.9322
25.394 0.2187 0.0871 0.9357
25.434 0.2155 0.0852 0.9206
25.473 0.2106 0.0858 0.9495
25.510 0.2116 0.0866 0.9455
25.555 0.2146 0.0841 0.9293
25.594 0.2210 0.0854 0.9391
25.634 0.2256 0.0791 0.9347
25.674 0.2271 0.0811 0.9548
25.714 0.2350 0.0834 0.9357
25.755 0.2397 0.0804 0.9492
25.795 0.2524 0.0817 0.9137
25.835 0.2589 0.0829 0.9377
25.875 0.2599 0.0806 0.9483
25.915 0.2660 0.0766 0.9554
25.955 0.2707 0.0810 0.9195
25.996 0.2734 0.0774 0.9285
26.036 0.2762 0.0769 0.9686
26.077 0.2782 0.0786 0.9519
26.116 0.2736 0.0786 0.9454
26.154 0.2678 0.0807 0.9434
26.198 0.2577 0.0810 0.9784
26.237 0.2533 0.0789 0.9618
26.277 0.2423 0.0805 0.9794
26.317 0.2309 0.0814 0.9438
26.353 0.2196 0.0815 0.9642
26.398 0.2008 0.0822 0.9465
26.438 0.1900 0.0830 0.9699
26.478 0.1789 0.0808 0.9475
26.518 0.1668 0.0770 0.9347
26.557 0.1619 0.0804 0.9441
26.599 0.1548 0.0765 0.9479
26.638 0.1498 0.0811 0.9436
26.678 0.1502 0.0805 0.9572
26.718 0.1526 0.0805 0.9648
26.758 0.1561 0.0812 0.9336
26.798 0.1627 0.0784 0.9798
26.839 0.1694 0.0816 0.9132
26.879 0.1807 0.0801 0.9477
26.919 0.1938 0.0796 0.9418
26.959 0.2058 0.0802 0.9560
26.997 0.2193 0.0780 0.9186
27.040 0.2298 0.0779 0.9672
27.081 0.2391 0.0778 0.9736
27.121 0.2501 0.0757 0.9432
27.161 0.2637 0.0750 0.9895
27.198 0.2691 0.0746 0.9556
27.242 0.2775 0.0762 0.9540
27.281 0.2806 0.0762 0.9708
27.321 0.2857 0.0765 0.9183
27.361 0.2902 0.0774 0.9355
27.401 0.2875 0.0748 0.9355
27.442 0.2851 0.0743 0.9380
27.482 0.2828 0.0778 0.9869
27.522 0.2751 0.0787 0.9365
27.562 0.2674 0.0795 0.9480
27.602 0.2606 0.0788 0.9058
27.641 0.2494 0.0776 0.9297
27.682 0.2483 0.0760 0.9495
27.723 0.2454 0.0766 0.9753
27.763 0.2389 0.0770 0.9711
27.802 0.2344 0.0754 0.9289
27.840 0.2239 0.0767 0.9410
27.884 0.2220 0.0763 0.8848
27.923 0.2188 0.0771 0.9389
27.963 0.2137 0.0795 0.9531
28.014 0.2120 0.0785 0.9950
28.040 0.2084 0.0781 0.9512
28.085 0.2062 0.0779 0.9564
28.124 0.2114 0.0767 0.9561
28.165 0.2103 0.0771 0.9532
28.205 0.2073 0.0787 0.9252
28.245 0.2053 0.0797 0.9882
28.286 0.2012 0.0790 0.9661
28.325 0.2084 0.0764 0.9383
28.366 0.2120 0.0790 0.9293
28.406 0.2159 0.0784 0.9459
28.445 0.2199 0.0790 0.9219
28.485 0.2226 0.0783 0.9593
28.526 0.2302 0.0791 0.9543
28.567 0.2357 0.0792 1.0003
28.606 0.2433 0.0799 0.9947
28.646 0.2501 0.0801 0.9574
28.684 0.2514 0.0781 0.9769
28.728 0.2469 0.0779 0.9596
28.767 0.2464 0.0746 0.9347
28.807 0.2464 0.0753 0.9390
28.847 0.2411 0.0780 0.9546
28.884 0.2338 0.0759 0.9492
28.928 0.2254 0.0734 0.9462
28.968 0.2209 0.0742 0.9262
29.008 0.2156 0.0745 0.9372
29.048 0.2168 0.0749 0.9424
29.087 0.2131 0.0765 0.9273
29.128 0.2055 0.0762 0.9801
29.168 0.2043 0.0754 0.9429
29.209 0.2049 0.0777 0.8964
29.249 0.2087 0.0778 0.8965
29.289 0.2077 0.0776 0.9125
29.329 0.2085 0.0807 0.9241
29.370 0.2149 0.0789 0.9266
29.410 0.2250 0.0784 0.9136
29.450 0.2345 0.0754 0.9411
29.490 0.2433 0.0780 0.9297
29.528 0.2474 0.0789 0.9364
29.571 0.2514 0.0798 0.9688
29.611 0.2592 0.0819 0.8929
29.651 0.2606 0.0813 0.9636
29.691 0.2639 0.0797 0.9023
29.728 0.2636 0.0843 0.9152
29.772 0.2664 0.0869 0.9055
29.811 0.2676 0.0816 0.9001
29.852 0.2649 0.0791 0.9129
29.891 0.2620 0.0786 0.9212
29.931 0.2572 0.0764 0.9325
29.972 0.2491 0.0780 0.9289
30.012 0.2461 0.0777 0.9268
30.052 0.2450 0.0772 0.8946
30.092 0.2420 0.0750 0.9277
30.131 0.2384 0.0762 0.9401
30.171 0.2345 0.0765 0.9725
30.213 0.2295 0.0790 0.9804
30.253 0.2200 0.0792 0.9781
30.293 0.2114 0.0786 0.9651
30.332 0.2098 0.0777 0.9720
30.371 0.2086 0.0777 0.9402
30.415 0.2075 0.0817 0.9652
30.455 0.2071 0.0824 0.9655
30.495 0.2085 0.0827 0.9293
30.534 0.2058 0.0758 0.9571
30.571 0.2036 0.0784 0.9455
30.615 0.2027 0.0827 0.9788
30.655 0.2032 0.0844 0.9799
30.695 0.2117 0.0834 0.9519
30.735 0.2215 0.0814 0.9568
30.775 0.2323 0.0797 0.9519
30.816 0.2402 0.0819 0.9729
30.855 0.2459 0.0812 0.9361
30.896 0.2467 0.0849 0.9028
30.936 0.2530 0.0833 0.9133
30.975 0.2562 0.0818 0.9465
31.015 0.2563 0.0831 0.9396
31.056 0.2582 0.0839 0.9443
31.096 0.2624 0.0806 0.9383
31.137 0.2687 0.0811 0.9542
31.176 0.2651 0.0775 0.9165
31.214 0.2608 0.0763 0.9078
31.258 0.2523 0.0784 0.9516
31.297 0.2460 0.0787 0.9613
31.337 0.2370 0.0788 1.0335
31.377 0.2349 0.0792 0.9238
31.415 0.2299 0.0766 0.9312
31.458 0.2234 0.0772 0.9367
31.498 0.2265 0.0811 0.9728
31.539 0.2282 0.0780 0.9665
31.578 0.2232 0.0776 0.9324
31.618 0.2183 0.0788 0.9032
31.659 0.2174 0.0771 0.9097
31.699 0.2206 0.0782 0.9278
31.739 0.2235 0.0790 0.8919
31.779 0.2283 0.0835 0.9503
31.819 0.2377 0.0784 0.9562
31.858 0.2410 0.0734 0.9227
31.900 0.2477 0.0740 0.9154
31.940 0.2531 0.0751 0.9553
31.980 0.2505 0.0770 0.9366
32.020 0.2452 0.0766 0.9252
32.057 0.2433 0.0783 0.9627
32.101 0.2396 0.0758 0.9669
32.141 0.2355 0.0797 0.9174
32.181 0.2268 0.0810 0.9338
32.220 0.2215 0.0833 0.9498
32.257 0.2148 0.0822 0.9572
32.302 0.2076 0.0808 0.9265
32.341 0.2023 0.0809 0.9258
32.381 0.1920 0.0827 0.9483
32.421 0.1831 0.0813 0.9432
32.461 0.1786 0.0836 0.9229
32.502 0.1784 0.0839 0.9843
32.542 0.1802 0.0793 0.9617
32.582 0.1821 0.0790 0.9549
32.623 0.1807 0.0810 0.9738
32.663 0.1813 0.0811 0.9180
32.702 0.1792 0.0839 0.9558
32.743 0.1794 0.0784 0.9512
32.784 0.1769 0.0808 0.9312
32.824 0.1777 0.0808 0.9328
32.863 0.1754 0.0807 0.9768
32.901 0.1730 0.0795 0.9584
32.945 0.1744 0.0786 0.9381
32.985 0.1734 0.0770 0.9453
33.024 0.1749 0.0762 0.9724
33.064 0.1742 0.0815 0.9722
33.101 0.1782 0.0779 0.9552
33.145 0.1844 0.0783 0.9472
33.185 0.1923 0.0769 0.9618
33.225 0.2008 0.0745 0.9178
33.265 0.2093 0.0736 0.9465
33.305 0.2149 0.0735 0.9585
33.345 0.2227 0.0766 0.9722
33.385 0.2344 0.0751 0.9478
33.426 0.2415 0.0730 0.9569
33.466 0.2448 0.0763 0.9456
33.505 0.2554 0.0776 0.9424
33.545 0.2590 0.0790 0.9532
33.586 0.2623 0.0798 0.9476
33.626 0.2620 0.0769 0.9222
33.666 0.2567 0.0771 0.9170
33.715 0.2496 0.0742 0.9376
33.744 0.2469 0.0797 0.9577
33.788 0.2413 0.0782 0.9424
33.828 0.2408 0.0757 0.9387
33.868 0.2361 0.0748 0.9377
33.908 0.2348 0.0770 0.9326
33.945 0.2362 0.0786 0.9383
33.989 0.2313 0.0791 0.9102
34.028 0.2268 0.0799 0.9400
34.069 0.2246 0.0797 0.9213
34.108 0.2273 0.0801 0.9179
34.148 0.2292 0.0795 0.9391
34.189 0.2317 0.0796 0.9131
34.229 0.2370 0.0820 0.9201
34.269 0.2388 0.0808 0.9257
34.309 0.2397 0.0806 0.9411
34.348 0.2441 0.0819 0.9126
34.388 0.2432 0.0834 0.9605
34.430 0.2448 0.0816 0.9310
34.470 0.2446 0.0809 0.9776
34.510 0.2516 0.0797 0.9132
34.549 0.2532 0.0813 0.9106
34.586 0.2443 0.0800 0.9072
34.631 0.2379 0.0800 0.9204
34.670 0.2380 0.0807 0.8945
34.710 0.2386 0.0801 0.9178
34.750 0.2371 0.0795 0.9305
34.788 0.2349 0.0766 0.9466
34.832 0.2274 0.0764 0.9560
34.872 0.2261 0.0803 0.9325
34.912 0.2202 0.0748 0.9117
34.952 0.2202 0.0772 0.9553
34.992 0.2105 0.0779 0.9414
35.033 0.1989 0.0774 0.9095
35.072 0.1945 0.0782 0.9382
35.113 0.1947 0.0814 0.9753
35.153 0.1948 0.0821 0.9575
35.192 0.1907 0.0821 0.9367
35.232 0.1861 0.0778 0.9632
35.273 0.1843 0.0843 0.9372
35.313 0.1853 0.0859 0.9333
35.353 0.1837 0.0810 0.9441
35.393 0.1823 0.0820 0.9253
35.430 0.1779 0.0830 0.9292
35.475 0.1738 0.0808 0.8892
35.514 0.1736 0.0822 0.8987
35.554 0.1772 0.0853 0.9078
35.594 0.1784 0.0831 0.9161
35.631 0.1764 0.0834 0.9275
35.675 0.1718 0.0815 0.8866
35.714 0.1760 0.0848 0.9497
35.755 0.1784 0.0853 0.9560
35.794 0.1830 0.0852 0.9472
35.835 0.1844 0.0803 0.9348
35.875 0.1857 0.0821 0.9522
35.915 0.1905 0.0837 0.9479
35.956 0.1934 0.0840 0.9013
35.997 0.2010 0.0854 0.9617
36.036 0.2053 0.0834 0.9339
36.076 0.2082 0.0827 0.9508
36.117 0.2119 0.0814 0.9421
36.157 0.2150 0.0813 0.9410
36.197 0.2133 0.0857 0.9552
36.237 0.2138 0.0837 0.9534
36.274 0.2075 0.0848 0.9385
36.318 0.2064 0.0804 0.9421
36.357 0.2071 0.0823 0.9375
36.398 0.2041 0.0841 0.9256
36.437 0.2050 0.0835 0.9437
36.474 0.2085 0.0827 0.9272
36.519 0.2040 0.0833 0.9426
36.558 0.1978 0.0826 0.9178
36.598 0.1974 0.0793 0.9223
36.638 0.1992 0.0839 0.9061
36.678 0.2008 0.0855 0.9312
36.742 0.1977 0.0821 0.9405
36.799 0.1999 0.0803 0.9424
36.839 0.2034 0.0813 0.9082
36.879 0.2073 0.0827 0.9233
36.918 0.2130 0.0807 0.9233
36.958 0.2079 0.0792 0.9388
36.999 0.2095 0.0803 0.9520
37.040 0.2207 0.0803 0.9015
37.080 0.2309 0.0805 0.9614
37.120 0.2311 0.0811 0.9403
37.158 0.2288 0.0810 0.9393
37.202 0.2364 0.0798 0.9575
37.241 0.2400 0.0785 0.9345
37.281 0.2432 0.0800 0.9510
37.346 0.2377 0.0806 0.9408
37.398 0.2294 0.0865 0.8829
37.442 0.2286 0.0824 0.8993
37.482 0.2195 0.0837 0.9099
37.522 0.2106 0.0874 0.8898
37.562 0.1998 0.0892 0.9283
37.602 0.1898 0.0879 0.9240
37.656 0.1868 0.0864 0.9297
37.682 0.1820 0.0864 0.9245
37.723 0.1774 0.0891 0.9379
37.763 0.1694 0.0899 0.9414
37.802 0.1631 0.0874 0.9057
37.841 0.1596 0.0888 0.9388
37.883 0.1575 0.0858 0.9229
37.923 0.1554 0.0854 0.9142
37.963 0.1558 0.0874 0.9532
38.003 0.1568 0.0854 0.9355
38.040 0.1531 0.0873 0.9135
38.085 0.1501 0.0891 0.9448
38.124 0.1476 0.0840 0.9770
38.165 0.1485 0.0918 0.9585
38.204 0.1466 0.0950 0.9444
38.241 0.1463 0.0927 0.9405
38.286 0.1480 0.0899 0.9531
38.325 0.1519 0.0899 0.9665
38.365 0.1557 0.0911 0.9595
38.405 0.1590 0.0920 0.9550
38.445 0.1588 0.0916 0.9431
38.486 0.1610 0.0942 0.9748
38.526 0.1695 0.0918 0.9358
38.566 0.1753 0.0898 0.9534
38.606 0.1799 0.0897 0.9405
38.645 0.1868 0.0944 0.9696
38.685 0.1896 0.0945 0.9480
38.726 0.1951 0.0926 0.9793
38.767 0.1968 0.0883 0.9688
38.807 0.1982 0.0887 0.9661
38.846 0.1996 0.0943 0.9576
38.884 0.1994 0.0924 0.9689
38.928 0.2034 0.0924 0.9510
38.967 0.2061 0.0944 0.9578
39.007 0.2026 0.0951 0.9480
39.047 0.1982 0.0969 0.9182
39.084 0.1969 0.0959 0.9221
39.128 0.1918 0.0987 0.9402
39.168 0.1899 0.0965 0.9231
39.208 0.1826 0.0944 0.9162
39.249 0.1801 0.0936 0.9688
39.289 0.1765 0.0962 0.9893
39.330 0.1722 0.0956 0.9766
39.369 0.1691 0.0957 0.9999
39.410 0.1641 0.0929 0.9761
39.450 0.1631 0.0929 0.9372
39.489 0.1666 0.0946 0.9339
39.529 0.1715 0.0948 0.9159
39.570 0.1771 0.0957 0.9614
39.610 0.1828 0.0928 0.8862
39.650 0.1888 0.0906 0.8802
39.690 0.1950 0.0930 0.9286
39.727 0.2011 0.0998 0.9092
39.772 0.2127 0.0953 0.9092
39.811 0.2231 0.0952 0.9032
39.851 0.2291 0.0924 0.9146
39.891 0.2384 0.0901 0.8747
39.928 0.2430 0.0918 0.9343
39.972 0.2417 0.0944 0.9058
40.012 0.2389 0.0963 0.9352
40.052 0.2329 0.0903 0.8892
40.092 0.2282 0.0905 0.9108
40.131 0.2212 0.0901 0.9119
40.172 0.2180 0.0920 0.9359
40.212 0.2117 0.0922 0.9248
40.252 0.2043 0.0939 0.9415
40.292 0.1999 0.0936 0.9193
40.332 0.1954 0.0911 0.9542
40.372 0.1891 0.0900 0.9342
40.413 0.1838 0.0925 0.9335
40.454 0.1790 0.0882 0.9335
40.494 0.1775 0.0901 0.9330
40.534 0.1817 0.0925 0.9238
40.571 0.1837 0.0892 0.9655
40.615 0.1840 0.0941 0.9385
40.655 0.1813 0.0887 0.9371
40.695 0.1837 0.0908 0.9748
40.734 0.1885 0.0881 0.9968
40.773 0.1868 0.0860 0.9511
40.816 0.1853 0.0887 0.9445
40.855 0.1863 0.0915 0.9472
40.895 0.1840 0.0898 0.9588
40.935 0.1836 0.0865 0.9402
40.975 0.1824 0.0882 0.9594
41.016 0.1770 0.0918 0.9681
41.056 0.1727 0.0932 0.9616
41.096 0.1681 0.0911 0.9701
41.136 0.1659 0.0891 0.9762
41.175 0.1633 0.0886 0.9788
41.215 0.1596 0.0874 0.9730
41.257 0.1570 0.0866 0.9667
41.297 0.1544 0.0901 0.9286
41.337 0.1562 0.0889 0.9601
41.376 0.1596 0.0893 0.9392
41.414 0.1620 0.0890 0.9272
41.458 0.1645 0.0815 0.9934
41.498 0.1712 0.0881 0.9542
41.539 0.1770 0.0874 0.9422
41.578 0.1833 0.0870 0.9544
41.615 0.1872 0.0847 0.9749
41.659 0.1953 0.0824 0.9594
41.699 0.1988 0.0834 0.9627
41.739 0.2027 0.0831 0.9996
41.779 0.2048 0.0820 0.9641
41.819 0.2008 0.0820 0.9734
41.859 0.2038 0.0819 0.9582
41.899 0.2035 0.0795 0.9841
41.940 0.2070 0.0805 0.9849
41.980 0.2079 0.0821 0.9389
42.019 0.2053 0.0816 0.9659
42.059 0.2023 0.0800 0.9998
42.100 0.2057 0.0812 0.9885
42.140 0.2042 0.0789 0.9737
42.180 0.2055 0.0806 0.9656
42.220 0.2048 0.0809 0.9678
42.257 0.2062 0.0828 0.9704
42.301 0.2203 0.0810 0.9954
42.341 0.2205 0.0825 1.0074
42.381 0.2192 0.0855 0.9882
42.421 0.2184 0.0856 0.9963
42.458 0.2208 0.0839 0.9582
42.502 0.2234 0.0877 0.9657
42.541 0.2273 0.0822 0.9549
42.582 0.2308 0.0846 0.9702
42.623 0.2361 0.0866 0.9453
42.666 0.2390 0.0865 0.9432
42.703 0.2387 0.0855 0.9432
42.743 0.2394 0.0857 0.9306
42.783 0.2320 0.0842 0.9721
42.823 0.2256 0.0894 0.9423
42.862 0.2224 0.0882 0.9639
42.902 0.2214 0.0872 0.9314
42.943 0.2158 0.0893 0.9391
42.984 0.2106 0.0893 0.9463
43.024 0.2071 0.0900 0.9568
43.064 0.1984 0.0899 0.9390
43.101 0.1898 0.0898 0.9459
43.145 0.1863 0.0898 0.9279
43.184 0.1841 0.0881 0.9518
43.224 0.1798 0.0875 0.9258
43.264 0.1797 0.0880 0.9297
43.301 0.1782 0.0886 0.9622
43.345 0.1791 0.0889 0.9693
43.385 0.1771 0.0885 0.9655
43.425 0.1774 0.0860 0.9406
43.465 0.1790 0.0873 0.9482
43.505 0.1780 0.0908 0.9656
43.546 0.1787 0.0935 0.9657
43.585 0.1821 0.0908 0.9915
43.626 0.1764 0.0908 0.9600
43.666 0.1736 0.0873 0.9400
43.706 0.1734 0.0897 0.9606
43.746 0.1703 0.0932 0.9597
43.787 0.1674 0.0921 0.9732
43.827 0.1695 0.0879 0.9750
43.867 0.1746 0.0904 0.9272
43.907 0.1809 0.0866 0.9285
43.944 0.1831 0.0887 0.9466
43.988 0.1848 0.0882 0.9555
44.028 0.1903 0.0887 0.9285
44.068 0.1871 0.0879 0.9155
44.108 0.1888 0.0882 0.9622
44.145 0.1908 0.0916 0.9457
44.189 0.1921 0.0899 0.9667
44.229 0.1953 0.0911 0.9372
44.269 0.2000 0.0898 0.9704
44.309 0.2069 0.0860 0.9684
44.349 0.2094 0.0841 0.9464
44.389 0.2105 0.0902 0.9169
44.429 0.2113 0.0889 0.9734
44.470 0.2148 0.0881 0.9515
44.510 0.2161 0.0870 0.9219
44.549 0.2252 0.0859 0.9168
44.588 0.2307 0.0859 0.9875
44.630 0.2331 0.0883 0.9989
44.670 0.2324 0.0898 0.9705
44.710 0.2307 0.0864 0.9655
44.750 0.2270 0.0867 0.9517
44.788 0.2192 0.0856 0.9939
44.832 0.2077 0.0874 0.9633
44.872 0.1985 0.0877 0.9424
44.912 0.1937 0.0842 1.0059
44.951 0.1891 0.0851 0.9305
44.989 0.1863 0.0842 0.9338
45.033 0.1775 0.0873 0.9321
45.072 0.1726 0.0871 0.9277
45.112 0.1673 0.0874 0.9663
45.152 0.1668 0.0851 0.9652
45.192 0.1687 0.0861 0.9369
45.233 0.1707 0.0862 0.9429
45.273 0.1766 0.0861 0.9422
45.313 0.1820 0.0883 0.9284
45.353 0.1895 0.0847 0.9280
45.393 0.1918 0.0857 0.9053
45.432 0.1934 0.0878 0.9319
45.477 0.1961 0.0851 0.9203
45.514 0.1999 0.0875 0.9241
45.554 0.2041 0.0893 0.9241
45.594 0.2074 0.0860 0.8889
45.631 0.2120 0.0876 0.8936
45.675 0.2156 0.0883 0.8936
45.714 0.2212 0.0895 0.9295
45.755 0.2195 0.0884 0.9372
45.795 0.2220 0.0880 0.9105
45.832 0.2197 0.0864 0.9431
45.875 0.2159 0.0866 0.9544
45.915 0.2166 0.0872 0.9517
45.956 0.2169 0.0881 0.9517
45.996 0.2159 0.0882 0.9166
46.036 0.2118 0.0864 0.9263
46.077 0.2121 0.0849 0.9361
46.117 0.2138 0.0857 0.9361
46.157 0.2110 0.0880 0.9585
46.197 0.2072 0.0915 0.9542
46.236 0.2057 0.0908 0.9527
46.276 0.2001 0.0898 0.9501
46.317 0.1982 0.0915 0.9512
46.357 0.1979 0.0893 0.9484
46.397 0.1959 0.0939 0.9475
46.437 0.1904 0.0922 0.9439
46.474 0.1844 0.0910 0.9433
46.518 0.1841 0.0876 0.9459
46.558 0.1793 0.0911 0.9448
46.598 0.1754 0.0905 0.9283
46.638 0.1742 0.0908 0.9854
46.675 0.1746 0.0904 0.9652
46.719 0.1774 0.0888 0.9406
46.759 0.1829 0.0890 0.9453
46.799 0.1895 0.0884 0.9682
46.839 0.1928 0.0926 0.9699
46.879 0.1951 0.0920 0.9682
46.919 0.1973 0.0907 0.9645
46.959 0.2017 0.0904 0.9693
47.000 0.2060 0.0916 0.9367
47.040 0.2098 0.0924 0.9652
47.080 0.2099 0.0910 0.9637
47.119 0.2119 0.0903 0.9657
47.161 0.2136 0.0905 0.9693
47.201 0.2117 0.0893 0.9729
47.241 0.2093 0.0895 0.9573
47.281 0.2058 0.0926 0.9794
47.318 0.2058 0.0915 0.9642
47.362 0.2032 0.0917 1.0009
47.402 0.2024 0.0882 0.9540
47.442 0.2026 0.0874 0.9529
47.482 0.1967 0.0905 0.9493
47.518 0.1948 0.0937 1.0252
47.563 0.2002 0.0908 0.9935
47.603 0.1991 0.0902 0.9663
47.643 0.1914 0.0909 0.9673
47.682 0.1856 0.0928 0.9425
47.722 0.1837 0.0980 0.9262
47.763 0.1797 0.0953 0.9529
47.803 0.1720 0.0938 0.9795
47.843 0.1678 0.0952 0.9482
47.883 0.1671 0.0940 0.9802
47.922 0.1696 0.0939 0.9793
47.962 0.1692 0.0952 0.9795
48.003 0.1718 0.0942 0.9466
48.044 0.1708 0.0947 0.9190
48.084 0.1729 0.0931 0.9475
48.124 0.1792 0.0947 0.9495
48.162 0.1797 0.0962 0.9382
48.206 0.1807 0.0962 0.9575
48.245 0.1773 0.0915 0.9350
48.285 0.1699 0.0944 0.9238
48.325 0.1617 0.0925 0.9274
48.363 0.1545 0.0945 0.9269
48.406 0.1421 0.0956 0.9279
48.446 0.1425 0.0931 0.9330
48.486 0.1398 0.0918 0.9250
48.526 0.1405 0.0911 0.9200
48.566 0.1366 0.0929 0.9286
48.607 0.1303 0.0954 0.9139
48.646 0.1324 0.0931 0.9236
48.687 0.1345 0.0896 0.8991
48.727 0.1419 0.0922 0.8943
48.766 0.1529 0.0932 0.8893
48.806 0.1653 0.0946 0.9235
48.847 0.1768 0.0956 0.8896
48.887 0.1866 0.0922 0.8939
48.928 0.1938 0.0927 0.9033
48.967 0.1982 0.0922 0.9097
49.005 0.1979 0.0948 0.9033
49.049 0.1957 0.0975 0.9009
49.088 0.1979 0.0963 0.9295
49.128 0.2014 0.0919 0.9197
49.168 0.2028 0.0919 0.9126
49.206 0.1965 0.0915 0.9145
49.249 0.2017 0.0969 0.9227
49.290 0.2044 0.0979 0.9527
49.330 0.2050 0.0949 0.9551
49.369 0.2085 0.0941 0.9013
49.409 0.2049 0.0951 0.9347
49.467 0.2041 0.0931 0.9431
49.490 0.2034 0.0930 0.9483
49.530 0.2043 0.0943 0.9421
49.570 0.2062 0.0941 0.9548
49.609 0.2045 0.0938 0.9769
49.649 0.1989 0.0947 0.9519
49.690 0.2002 0.0957 0.9364
49.731 0.1958 0.0965 0.9746
49.771 0.1877 0.0953 0.9741
49.810 0.1875 0.0932 0.9730
49.848 0.1826 0.0931 0.9507
49.892 0.1745 0.0960 0.9622
49.931 0.1683 0.0958 0.9195
49.972 0.1624 0.0977 0.9467
50.011 0.1587 0.0963 0.9125
50.048 0.1544 0.0968 0.9423
50.092 0.1520 0.0964 0.9645
50.132 0.1619 0.0976 0.9672
50.172 0.1671 0.0983 0.9454
50.212 0.1733 0.0971 0.9365
50.252 0.1851 0.0981 0.9472
50.293 0.1925 0.0956 0.9472
50.333 0.1995 0.0981 0.9374
50.374 0.2072 0.0980 0.9099
50.414 0.2110 0.1013 0.9104
50.453 0.2151 0.1009 0.9312
50.493 0.2168 0.0981 0.9208
50.534 0.2189 0.0982 0.9238
50.574 0.2206 0.1018 0.9488
50.615 0.2122 0.1023 0.9468
50.654 0.2113 0.1010 0.9512
50.692 0.2096 0.1018 0.9372
50.736 0.2042 0.1004 0.9029
50.775 0.1974 0.1016 0.9312
50.815 0.1933 0.1034 0.9161
50.855 0.1922 0.1034 0.9270
50.892 0.1977 0.1002 0.8932
50.936 0.2012 0.1027 0.9152
50.976 0.2067 0.0981 0.9409
51.016 0.2098 0.1000 0.9595
51.056 0.2094 0.1023 0.9048
51.096 0.2122 0.0993 0.9172
51.136 0.2108 0.1018 0.9338
51.176 0.2111 0.0986 0.9375
51.217 0.2116 0.0948 0.9413
51.256 0.2116 0.1022 0.9440
51.296 0.2098 0.1055 0.9451
51.336 0.2079 0.1040 0.9242
51.377 0.2038 0.1036 0.9015
51.417 0.2035 0.1025 0.9135
51.457 0.2028 0.1027 0.9085
51.498 0.2054 0.1010 0.9156
51.535 0.2067 0.0980 0.9227
51.579 0.2093 0.0994 0.9241
51.618 0.2098 0.0972 0.9327
51.659 0.2122 0.1002 0.9268
51.698 0.2115 0.1013 0.8987
51.736 0.2091 0.1026 0.8979
51.780 0.2043 0.1006 0.9068
51.820 0.2042 0.1006 0.9173
51.860 0.2060 0.0989 0.9229
51.899 0.2039 0.1001 0.9301
51.940 0.2023 0.0993 0.9489
51.980 0.1943 0.0993 0.9587
52.020 0.1915 0.0973 0.9111
52.060 0.1904 0.0977 0.9361
52.100 0.1906 0.0959 0.9597
52.139 0.1877 0.0962 0.9517
52.179 0.1834 0.0984 0.9456
52.220 0.1818 0.0983 0.9456
52.261 0.1787 0.0924 0.9361
52.301 0.1803 0.0956 0.9583
52.340 0.1833 0.0989 0.9530
52.378 0.1812 0.1038 0.9703
52.422 0.1773 0.1015 0.9518
52.462 0.1783 0.1004 0.9456
52.502 0.1790 0.0982 0.9772
52.541 0.1808 0.0986 0.9801
52.579 0.1821 0.0991 0.9811
52.623 0.1810 0.0997 0.9410
52.663 0.1793 0.0992 0.9443
52.703 0.1793 0.0990 0.9480
52.743 0.1868 0.0972 0.9259
52.783 0.1911 0.0986 0.9418
52.824 0.1885 0.0979 0.9480
52.863 0.1923 0.0972 0.9416
52.904 0.1924 0.1000 0.9259
52.944 0.1934 0.0975 0.9370
52.983 0.1961 0.0979 0.9517
53.022 0.1969 0.1015 0.9585
53.064 0.1977 0.0998 0.9435
53.104 0.1959 0.0990 0.9444
53.144 0.1976 0.0985 0.9411
53.184 0.2063 0.0993 0.9365
53.222 0.2096 0.0982 0.9418
53.266 0.2093 0.1016 0.9276
53.305 0.2084 0.1010 0.9852
53.345 0.2030 0.0993 0.9791
53.385 0.2016 0.0970 0.9643
53.422 0.2044 0.0978 0.9348
53.466 0.2031 0.1007 0.9532
53.506 0.1996 0.0996 0.9574
53.546 0.1978 0.0987 0.9257
53.586 0.1976 0.0959 0.9604
53.626 0.2036 0.0965 0.9596
53.666 0.1999 0.0991 0.9472
53.707 0.1952 0.0973 0.9251
53.748 0.1907 0.0981 0.9343
53.787 0.1919 0.0964 0.9442
53.827 0.1953 0.0966 0.9278
53.866 0.1982 0.0935 0.9051
53.908 0.1969 0.0958 0.9314
53.948 0.1997 0.0962 0.9164
53.988 0.2071 0.0933 0.8981
54.028 0.2138 0.0937 0.9478
54.065 0.2150 0.0922 0.9149
54.109 0.2118 0.0905 0.9193
54.149 0.2107 0.0953 0.9129
54.189 0.2081 0.0934 0.9455
54.228 0.2095 0.0951 0.9382
54.266 0.2110 0.0933 0.9459
54.309 0.2109 0.0938 0.9204
54.349 0.2134 0.0948 0.9354
54.389 0.2169 0.0916 0.9443
54.429 0.2161 0.0917 0.8846
54.469 0.2177 0.0911 0.8958
54.510 0.2134 0.0942 0.8939
54.550 0.2131 0.0939 0.9485
54.590 0.2149 0.0935 0.9186
54.630 0.2166 0.0958 0.8913
54.669 0.2169 0.0929 0.8930
54.709 0.2178 0.0959 0.9165
54.750 0.2180 0.1008 0.9303
54.791 0.2165 0.0983 0.9234
54.832 0.2138 0.1012 0.9605
54.871 0.2109 0.0984 0.9519
54.909 0.2119 0.0964 0.9235
54.953 0.2076 0.0967 0.9249
54.992 0.2042 0.1004 0.9386
55.032 0.2043 0.1096 0.9366
55.072 0.2016 0.1081 0.9208
55.109 0.1982 0.1078 0.9370
55.153 0.1961 0.1040 0.9448
55.193 0.1969 0.1024 0.9026
55.233 0.1964 0.1041 0.9236
55.273 0.1932 0.1066 0.9363
55.313 0.1918 0.1037 0.9597
55.353 0.1916 0.1016 0.9519
55.394 0.1890 0.1033 0.9472
55.434 0.1926 0.1020 0.9568
55.473 0.1945 0.1016 0.9283
55.513 0.1925 0.1027 0.9542
55.553 0.1916 0.1017 0.9345
55.594 0.1921 0.0999 0.9410
55.634 0.1929 0.0982 0.9698
55.674 0.1925 0.0958 0.9495
55.714 0.1909 0.0962 0.9520
55.752 0.1931 0.0958 0.9455
55.796 0.1975 0.0947 0.9344
55.835 0.1979 0.0962 0.9439
55.875 0.2003 0.0970 0.9444
55.915 0.2012 0.0999 0.9294
55.953 0.2016 0.0999 0.9294
55.997 0.2023 0.0960 0.9389
56.036 0.2013 0.0964 0.9304
56.077 0.1991 0.0955 0.9324
56.116 0.2014 0.0969 0.9698
56.156 0.2066 0.1020 0.9609
56.197 0.2135 0.1032 0.9468
56.237 0.2179 0.0975 0.9627
56.277 0.2231 0.1024 0.9721
56.317 0.2242 0.1000 0.9755
56.357 0.2261 0.0990 0.9714
56.396 0.2256 0.1039 0.9438
56.437 0.2259 0.1013 0.9186
56.478 0.2290 0.1008 0.9650
56.518 0.2320 0.0992 0.9399
56.557 0.2368 0.0977 0.9391
56.595 0.2398 0.1029 0.9807
56.639 0.2378 0.1012 0.9139
56.679 0.2355 0.1030 0.9262
56.718 0.2342 0.1031 0.9249
56.758 0.2284 0.1002 0.9253
56.795 0.2255 0.1031 0.9028
56.840 0.2262 0.1048 0.9145
56.879 0.2250 0.1026 0.9151
56.919 0.2225 0.0993 0.9638
56.959 0.2215 0.0989 0.9036
56.999 0.2189 0.0981 0.9216
57.040 0.2241 0.1058 0.8572
57.080 0.2207 0.1000 0.9345
57.121 0.2158 0.1000 0.8791
57.161 0.2135 0.0965 0.9147
57.200 0.2127 0.1006 0.8593
57.240 0.2086 0.1012 0.9166
57.306 0.2036 0.1024 0.8992
57.361 0.2060 0.0991 0.9385
57.402 0.2144 0.0977 0.8957
57.441 0.2155 0.0978 0.8919
57.479 0.2166 0.1001 0.9216
57.523 0.2129 0.1041 0.9216
57.562 0.2110 0.1001 0.9381
57.602 0.2195 0.0953 0.9359
57.642 0.2204 0.0953 0.9443
57.679 0.2170 0.0956 0.9443
57.723 0.2166 0.0988 0.9487
57.763 0.2195 0.0998 0.9382
57.803 0.2193 0.0989 0.9075
57.843 0.2148 0.0993 0.9330
57.882 0.2044 0.0996 0.9637
57.923 0.1957 0.1020 0.9899
57.963 0.1941 0.1005 0.9542
58.003 0.1910 0.1012 0.9332
58.043 0.1848 0.0987 0.9355
58.083 0.1805 0.0976 0.9618
58.123 0.1803 0.0979 0.9693
58.165 0.1780 0.1008 0.9454
58.205 0.1781 0.1009 0.9363
58.245 0.1809 0.0942 0.9601
58.285 0.1804 0.0967 0.9523
58.322 0.1821 0.0991 0.9867
58.366 0.1871 0.1008 0.9305
58.406 0.1933 0.1015 0.8982
58.446 0.1943 0.0996 0.9123
58.485 0.1920 0.0956 0.9462
58.523 0.1917 0.0950 0.9327
58.566 0.1945 0.0968 0.9228
58.606 0.1926 0.0999 0.9252
58.646 0.1948 0.1001 0.9402
58.686 0.1940 0.0946 0.9603
58.726 0.1916 0.0990 0.9525
58.772 0.1918 0.0952 0.9486
58.807 0.1912 0.0964 0.9743
58.847 0.1933 0.0990 0.9560
58.887 0.1892 0.0963 0.9411
58.926 0.1876 0.0928 0.9560
58.966 0.1924 0.0954 0.9383
59.007 0.1947 0.0978 0.9328
59.048 0.1972 0.0985 0.9658
59.088 0.1926 0.0972 0.9291
59.127 0.1995 0.1004 0.9432
59.165 0.2050 0.0975 0.9745
59.209 0.2107 0.0986 0.9963
59.249 0.2134 0.0986 0.9883
59.289 0.2180 0.0983 0.9993
59.350 0.2187 0.0977 0.9576
59.366 0.2204 0.0964 0.9465
59.410 0.2251 0.0980 0.9652
59.450 0.2225 0.0967 0.9576
59.490 0.2292 0.1020 0.9156
59.530 0.2343 0.1023 0.9615
59.570 0.2407 0.0987 0.9343
59.610 0.2416 0.0985 0.9002
59.650 0.2390 0.0994 0.9129
59.691 0.2383 0.0979 0.9381
59.731 0.2403 0.0966 0.9004
59.770 0.2440 0.0992 0.9088
59.810 0.2437 0.1019 0.9507
59.851 0.2468 0.0991 0.8865
59.891 0.2488 0.0978 0.9465
59.931 0.2541 0.0996 0.8845
59.971 0.2564 0.1006 0.8924
60.009 0.2500 0.1012 0.9008
60.053 0.2461 0.0980 0.9159
60.092 0.2477 0.0984 0.9613
60.132 0.2434 0.0987 0.9225
60.172 0.2395 0.0995 0.9433
60.210 0.2331 0.0977 0.9277
60.253 0.2270 0.0996 0.9148
60.293 0.2256 0.0944 0.9174
60.333 0.2213 0.0928 0.9019
60.373 0.2215 0.0976 0.9722
60.413 0.2187 0.0980 0.9645
60.454 0.2085 0.0948 0.9603
60.494 0.2036 0.0978 0.9109
60.534 0.2031 0.0985 0.9424
60.574 0.2026 0.0976 0.9295
60.614 0.2010 0.1025 0.9342
60.653 0.1976 0.0996 0.9472
60.695 0.2006 0.1003 0.9863
60.735 0.2002 0.0971 0.9521
60.775 0.1995 0.0979 0.9218
60.815 0.2005 0.0994 0.9822
60.851 0.1956 0.1005 0.9540
60.896 0.1906 0.0993 0.9296
60.936 0.1899 0.0982 0.9638
60.976 0.1920 0.0954 0.9468
61.015 0.1940 0.0976 0.9826
61.052 0.1916 0.0966 0.9502
61.096 0.1855 0.0928 0.9045
61.136 0.1879 0.0948 0.9393
61.176 0.1878 0.0949 0.9563
61.216 0.1904 0.0930 0.9503
61.256 0.1915 0.0938 0.9325
61.297 0.1888 0.0955 0.9717
61.337 0.1877 0.0922 0.9749
61.377 0.1873 0.0920 0.9208
61.417 0.1867 0.0922 0.9368
61.457 0.1889 0.0936 0.9662
61.497 0.1898 0.0947 0.9192
61.538 0.1879 0.0970 0.9437
61.579 0.1927 0.0946 0.9663
61.619 0.1989 0.0926 0.9575
61.658 0.2020 0.0930 0.9204
61.695 0.2041 0.0973 0.9619
61.740 0.2040 0.0959 0.9511
61.779 0.2044 0.0948 0.9014
61.819 0.2120 0.0916 0.9595
61.859 0.2209 0.0934 0.9241
61.896 0.2273 0.0978 0.9466
61.940 0.2359 0.0961 0.9347
61.980 0.2403 0.0980 0.9332
62.020 0.2480 0.0976 0.9354
62.060 0.2534 0.0959 0.9491
62.100 0.2552 0.0938 0.9216
62.141 0.2566 0.0992 0.9403
62.180 0.2546 0.0983 0.8988
62.221 0.2545 0.0956 0.9033
62.260 0.2546 0.0974 0.9412
62.300 0.2534 0.0974 0.8689
62.339 0.2461 0.0963 0.8875
62.381 0.2381 0.0992 0.9317
62.421 0.2277 0.0969 0.9272
62.461 0.2201 0.0939 0.8946
62.501 0.2132 0.0947 0.8853
62.539 0.2103 0.0947 0.9318
62.582 0.2083 0.0955 0.8865
62.623 0.2073 0.0955 0.9124
62.663 0.2107 0.0925 0.9025
62.702 0.2117 0.0908 0.9036
62.740 0.2129 0.0918 0.9056
62.784 0.2105 0.0917 0.8826
62.823 0.2100 0.0925 0.9301
62.863 0.2132 0.0931 0.9132
62.903 0.2191 0.0932 0.9077
62.943 0.2207 0.0912 0.9095
62.984 0.2205 0.0916 0.8979
63.024 0.2181 0.0928 0.9139
63.064 0.2178 0.1002 0.9725
63.104 0.2109 0.0991 0.9565
63.143 0.2012 0.0947 0.9228
63.183 0.1962 0.0959 0.9473
63.224 0.1891 0.0954 0.9165
63.265 0.1865 0.0978 0.9246
63.332 0.1830 0.0959 0.9560
63.384 0.1754 0.0953 0.9173
63.422 0.1701 0.0922 0.8936
63.466 0.1682 0.0959 0.8590
63.505 0.1658 0.0971 0.9278
63.545 0.1583 0.0964 0.9071
63.585 0.1546 0.0927 0.9130
63.623 0.1552 0.0965 0.9273
63.666 0.1509 0.0911 0.9380
63.707 0.1506 0.0950 0.9068
63.747 0.1470 0.1025 0.9091
63.787 0.1389 0.0956 0.9342
63.827 0.1328 0.0894 0.8785
63.869 0.1253 0.0894 0.9335
63.907 0.1261 0.0953 0.8927
63.948 0.1265 0.1001 0.9257
63.988 0.1240 0.0963 0.9221
64.027 0.1252 0.0953 0.9161
64.067 0.1213 0.0941 0.9123
64.108 0.1227 0.0950 0.9179
64.149 0.1233 0.0974 0.9258
64.189 0.1212 0.0968 0.9204
64.228 0.1162 0.0993 0.9204
64.265 0.1163 0.0907 0.9099
64.309 0.1159 0.0889 0.9257
64.349 0.1237 0.0904 0.9162
64.389 0.1243 0.0920 0.8985
64.429 0.1201 0.0993 0.8790
64.466 0.1170 0.0889 0.8733
64.510 0.1126 0.0873 0.9038
64.550 0.1140 0.0923 0.8733
64.590 0.1105 0.0954 0.8499
64.630 0.1076 0.0901 0.8523
64.670 0.1030 0.0913 0.8756
64.711 0.1049 0.0925 0.8805
64.750 0.1043 0.0912 0.8443
64.790 0.1103 0.0939 0.8621
64.832 0.1132 0.0969 0.8663
64.871 0.1123 0.0963 0.8554
64.910 0.1124 0.0974 0.8584
64.952 0.1181 0.0887 0.8731
64.992 0.1262 0.0897 0.8825
65.032 0.1348 0.0885 0.9113
65.072 0.1451 0.0959 0.8682
65.109 0.1519 0.0963 0.8994
65.153 0.1657 0.0949 0.8642
65.193 0.1758 0.0888 0.8782
65.233 0.1921 0.0966 0.9031
65.273 0.2026 0.0910 0.9022
65.310 0.2090 0.0923 0.8916
65.354 0.2129 0.0877 0.8912
65.393 0.2206 0.0880 0.8849
65.433 0.2265 0.0880 0.8829
65.474 0.2308 0.0880 0.8523
65.513 0.2307 0.0904 0.8620
65.554 0.2284 0.0940 0.9099
65.594 0.2328 0.0901 0.8459
65.634 0.2367 0.0912 0.8924
65.674 0.2433 0.0866 0.8739
65.714 0.2414 0.0901 0.8775
65.753 0.2389 0.0910 0.8567
65.795 0.2336 0.0918 0.8769
65.835 0.2296 0.0885 0.8819
65.875 0.2298 0.0897 0.8816
65.915 0.2301 0.0894 0.8813
65.953 0.2260 0.0919 0.8582
65.997 0.2247 0.0914 0.8641
66.037 0.2236 0.0903 0.8323
66.077 0.2183 0.0900 0.8161
66.116 0.2129 0.0916 0.8589
66.153 0.2018 0.0919 0.8353
66.197 0.1937 0.0918 0.8626
66.237 0.1853 0.0954 0.8721
66.277 0.1800 0.0904 0.8489
66.317 0.1798 0.0898 0.8499
66.357 0.1761 0.0912 0.9031
66.398 0.1697 0.0932 0.9117
66.438 0.1656 0.0964 0.8807
66.478 0.1637 0.0906 0.8950
66.518 0.1606 0.0926 0.8948
66.557 0.1598 0.0899 0.9047
66.597 0.1546 0.0917 0.9226
66.638 0.1601 0.0939 0.9135
66.678 0.1593 0.0926 0.9241
66.718 0.1612 0.0934 0.8979
66.758 0.1654 0.0924 0.9253
66.796 0.1653 0.0921 0.9033
66.840 0.1683 0.0952 0.9255
66.879 0.1705 0.0922 0.9282
66.919 0.1742 0.0946 0.9191
66.959 0.1765 0.0919 0.9443
66.997 0.1790 0.0869 0.9451
67.040 0.1796 0.0916 0.9023
67.081 0.1842 0.0901 0.9153
67.121 0.1825 0.0922 0.8646
67.161 0.1824 0.0926 0.9027
67.201 0.1883 0.0848 0.9260
67.241 0.1874 0.0884 0.9335
67.281 0.1894 0.0913 0.8737
67.322 0.1889 0.0928 0.9175
67.362 0.1880 0.0870 0.8758
67.401 0.1888 0.0901 0.9239
67.440 0.1887 0.0875 0.8989
67.482 0.1890 0.0896 0.8989
67.522 0.1914 0.0862 0.9195
67.562 0.1895 0.0862 0.9353
67.602 0.1848 0.0863 0.9063
67.639 0.1858 0.0864 0.9291
67.683 0.1808 0.0862 0.9458
67.723 0.1802 0.0871 0.9311
67.787 0.1786 0.0812 0.9464
67.843 0.1739 0.0811 0.9288
67.880 0.1697 0.0814 0.9349
67.924 0.1738 0.0861 0.9518
67.964 0.1758 0.0840 0.9281
68.004 0.1780 0.0834 0.9266
68.043 0.1781 0.0868 0.9242
68.083 0.1829 0.0821 0.9316
68.124 0.1895 0.0810 0.9472
68.165 0.1902 0.0794 0.9380
68.205 0.1955 0.0789 0.9476
68.245 0.2025 0.0773 0.9229
68.285 0.2070 0.0773 0.9406
68.324 0.2134 0.0763 0.9482
68.365 0.2220 0.0794 0.9110
68.406 0.2255 0.0812 0.9131
68.446 0.2297 0.0808 0.9663
68.485 0.2362 0.0787 0.9416
68.523 0.2408 0.0766 0.9487
68.567 0.2533 0.0742 0.9257
68.607 0.2603 0.0763 0.9202
68.647 0.2719 0.0778 0.9707
68.686 0.2822 0.0777 0.9429
68.723 0.2837 0.0777 0.9335
68.768 0.2834 0.0770 0.9237
68.807 0.2904 0.0772 0.9584
68.847 0.2984 0.0805 1.0104
68.887 0.3049 0.0803 0.9684
68.927 0.3101 0.0805 0.9454
68.968 0.3052 0.0768 0.9640
69.008 0.2990 0.0761 0.9209
69.048 0.2916 0.0771 0.9351
69.088 0.2774 0.0803 0.9845
69.127 0.2667 0.0820 0.9502
69.167 0.2464 0.0815 0.9497
69.208 0.2339 0.0814 0.9471
69.249 0.2277 0.0810 0.9399
69.290 0.2121 0.0811 0.9386
69.329 0.1968 0.0838 0.9450
69.366 0.1826 0.0820 0.9049
69.411 0.1702 0.0832 0.8889
69.450 0.1647 0.0812 0.9331
69.490 0.1584 0.0844 0.9102
69.530 0.1559 0.0865 0.9037
69.567 0.1594 0.0823 0.9163
69.611 0.1591 0.0829 0.9710
69.651 0.1634 0.0814 0.9354
69.691 0.1663 0.0793 0.9371
69.731 0.1670 0.0805 0.9388
69.771 0.1724 0.0819 0.9561
69.812 0.1816 0.0827 0.9273
69.851 0.1926 0.0782 0.9273
69.892 0.2016 0.0781 0.9089
69.931 0.2084 0.0813 0.9199
69.971 0.2192 0.0804 0.9007
70.010 0.2226 0.0800 0.9312
70.052 0.2225 0.0839 0.9102
70.092 0.2235 0.0797 0.9215
70.132 0.2254 0.0817 0.9189
70.172 0.2234 0.0817 0.9544
70.209 0.2225 0.0832 0.9572
70.253 0.2192 0.0839 0.9481
70.293 0.2137 0.0838 0.9478
70.333 0.2026 0.0826 0.9514
70.373 0.1912 0.0828 0.9282
70.411 0.1801 0.0836 0.8892
70.455 0.1640 0.0854 0.9209
70.494 0.1589 0.0837 0.9529
70.535 0.1546 0.0803 0.8822
70.574 0.1521 0.0821 0.9355
70.614 0.1453 0.0809 0.9241
70.655 0.1474 0.0822 0.9241
70.695 0.1483 0.0829 0.9413
70.735 0.1473 0.0811 0.9153
70.775 0.1436 0.0807 0.9301
70.814 0.1555 0.0795 0.9214
70.861 0.1617 0.0836 0.9214
70.895 0.1664 0.0859 0.9475
70.936 0.1749 0.0837 0.9374
70.976 0.1836 0.0847 0.9042
71.036 0.1934 0.0842 0.9064
71.052 0.1946 0.0851 0.9391
71.096 0.2034 0.0866 0.9283
71.136 0.2090 0.0845 0.8949
71.176 0.2172 0.0840 0.9184
71.216 0.2239 0.0841 0.9229
71.253 0.2321 0.0848 0.9145
71.297 0.2361 0.0838 0.9137
71.337 0.2389 0.0849 0.9051
71.377 0.2437 0.0837 0.9344
71.417 0.2465 0.0815 0.9019
71.457 0.2470 0.0823 0.8961
71.498 0.2453 0.0839 0.9095
71.538 0.2508 0.0829 0.9069
71.579 0.2521 0.0819 0.9419
71.618 0.2514 0.0819 0.9383
71.658 0.2463 0.0808 0.9241
71.698 0.2394 0.0791 0.8923
71.739 0.2369 0.0789 0.8899
71.779 0.2310 0.0814 0.9403
71.819 0.2238 0.0816 0.9159
71.859 0.2206 0.0779 0.9083
71.896 0.2156 0.0766 0.9083
71.940 0.2132 0.0790 0.9201
71.980 0.2120 0.0792 0.8823
72.020 0.2067 0.0797 0.9106
72.060 0.1971 0.0803 0.9162
72.096 0.1923 0.0791 0.9012
72.141 0.1871 0.0809 0.9167
72.181 0.1851 0.0811 0.9378
72.221 0.1797 0.0853 0.9458
72.261 0.1735 0.0896 0.8956
72.300 0.1738 0.0890 0.9107
72.341 0.1695 0.0819 0.9257
72.381 0.1665 0.0839 0.9169
72.421 0.1644 0.0849 0.9325
72.461 0.1598 0.0910 0.9167
72.501 0.1569 0.0866 0.9154
72.540 0.1588 0.0877 0.9036
72.582 0.1655 0.0866 0.9296
72.623 0.1712 0.0875 0.9220
72.663 0.1768 0.0856 0.9454
72.702 0.1828 0.0858 0.8997
72.740 0.1902 0.0858 0.8726
72.784 0.1918 0.0848 0.9155
72.824 0.1943 0.0857 0.8887
72.863 0.1982 0.0853 0.9048
72.903 0.1965 0.0855 0.9424
72.941 0.2005 0.0851 0.9200
72.984 0.2021 0.0799 0.9597
73.024 0.2031 0.0810 0.9477
73.064 0.2009 0.0797 0.9212
73.104 0.1940 0.0826 0.9167
73.144 0.1878 0.0798 0.9100
73.185 0.1795 0.0798 0.9437
73.225 0.1754 0.0804 0.9217
73.265 0.1770 0.0786 0.9162
73.305 0.1776 0.0820 0.9065
73.344 0.1748 0.0830 0.9218
73.384 0.1736 0.0816 0.9184
73.425 0.1741 0.0779 0.9241
73.466 0.1750 0.0774 0.8887
73.505 0.1791 0.0776 0.9165
73.545 0.1827 0.0820 0.9386
73.582 0.1854 0.0822 0.9140
73.627 0.1939 0.0807 0.9052
73.666 0.2030 0.0798 0.9153
73.707 0.2111 0.0793 0.9267
73.747 0.2213 0.0793 0.9143
73.784 0.2280 0.0795 0.9101
73.828 0.2388 0.0818 0.9629
73.868 0.2505 0.0761 0.9311
73.908 0.2580 0.0788 0.9505
73.948 0.2674 0.0780 0.9185
73.988 0.2764 0.0790 0.9240
74.028 0.2772 0.0798 0.9345
74.068 0.2823 0.0783 0.9202
74.109 0.2855 0.0755 0.8901
74.148 0.2884 0.0759 0.9489
74.188 0.2933 0.0751 0.9317
74.227 0.2865 0.0792 0.9649
74.269 0.2782 0.0765 0.9393
74.309 0.2682 0.0783 0.9693
74.349 0.2606 0.0746 0.9592
74.389 0.2550 0.0758 0.9257
74.426 0.2468 0.0805 0.8980
74.470 0.2331 0.0805 0.9425
74.510 0.2267 0.0795 0.8960
74.550 0.2212 0.0819 0.8960
74.589 0.2159 0.0792 0.9386
74.626 0.2103 0.0769 0.9456
74.671 0.1964 0.0821 0.9526
74.710 0.1919 0.0829 0.9017
74.750 0.1870 0.0805 0.9089
74.790 0.1846 0.0804 0.9270
74.831 0.1829 0.0812 0.9310
74.872 0.1773 0.0826 0.9412
74.912 0.1716 0.0837 0.9305
74.952 0.1702 0.0833 0.9265
74.992 0.1703 0.0788 0.9166
75.031 0.1702 0.0809 0.8837
75.071 0.1704 0.0804 0.9146
75.112 0.1715 0.0805 0.9306
75.153 0.1779 0.0810 0.9427
75.193 0.1822 0.0797 0.9082
75.232 0.1907 0.0805 0.9215
75.270 0.1965 0.0794 0.9459
75.314 0.2076 0.0801 0.9043
75.353 0.2115 0.0810 0.9043
75.393 0.2205 0.0810 0.8936
75.433 0.2236 0.0792 0.9067
75.470 0.2210 0.0787 0.9182
75.514 0.2205 0.0802 0.9114
75.553 0.2180 0.0818 0.9360
75.594 0.2121 0.0838 0.9341
75.634 0.2081 0.0787 0.9152
75.674 0.2058 0.0761 0.9314
75.715 0.2001 0.0778 0.9056
75.754 0.2026 0.0799 0.9514
75.795 0.1949 0.0812 0.9474
75.835 0.1964 0.0786 0.9625
75.874 0.1929 0.0788 0.9406
75.915 0.1895 0.0789 0.9162
75.956 0.1922 0.0785 0.9356
75.996 0.1931 0.0800 0.9203
76.036 0.1948 0.0790 0.9365
76.076 0.2021 0.0805 0.9407
76.113 0.2059 0.0790 0.9464
76.157 0.2119 0.0791 0.9207
76.197 0.2222 0.0787 0.9076
76.237 0.2264 0.0802 0.9360
76.277 0.2306 0.0810 0.8851
76.314 0.2343 0.0796 0.8893
76.358 0.2375 0.0779 0.9261
76.397 0.2452 0.0770 0.9492
76.438 0.2532 0.0803 0.9283
76.477 0.2551 0.0818 0.9448
76.517 0.2571 0.0797 0.9111
76.558 0.2603 0.0781 0.9248
76.598 0.2661 0.0781 0.9222
76.638 0.2699 0.0793 0.9412
76.678 0.2704 0.0803 0.9210
76.718 0.2623 0.0807 0.9339
76.757 0.2622 0.0787 0.9539
76.799 0.2614 0.0804 0.9335
76.839 0.2573 0.0787 0.9432
76.879 0.2507 0.0830 0.9378
76.918 0.2396 0.0834 0.9700
76.957 0.2285 0.0840 0.9429
77.000 0.2205 0.0825 0.9261
77.040 0.2111 0.0802 0.9582
77.081 0.2006 0.0815 0.9537
77.120 0.1880 0.0797 0.9354
77.157 0.1725 0.0819 0.9512
77.202 0.1652 0.0818 0.9442
77.241 0.1596 0.0819 0.9376
77.281 0.1522 0.0807 0.9274
77.321 0.1488 0.0850 0.9245
77.361 0.1486 0.0870 0.9146
77.402 0.1477 0.0858 0.8982
77.442 0.1534 0.0816 0.9153
77.482 0.1578 0.0817 0.9190
77.522 0.1631 0.0833 0.9197
77.561 0.1682 0.0849 0.8875
77.601 0.1730 0.0843 0.8979
77.642 0.1816 0.0856 0.9352
77.683 0.1882 0.0845 0.9029
77.723 0.1952 0.0839 0.9414
77.762 0.2003 0.0851 0.9238
77.799 0.2026 0.0821 0.9131
77.844 0.2044 0.0801 0.9031
77.883 0.2067 0.0819 0.8811
77.923 0.2109 0.0821 0.8912
77.963 0.2145 0.0842 0.8979
78.000 0.2162 0.0871 0.9427
78.044 0.2192 0.0824 0.8798
78.084 0.2229 0.0828 0.8967
78.124 0.2267 0.0819 0.9401
78.165 0.2293 0.0809 0.8909
78.205 0.2256 0.0829 0.9127
78.245 0.2197 0.0837 0.9309
78.285 0.2178 0.0813 0.9663
78.326 0.2152 0.0817 0.9380
78.365 0.2137 0.0823 0.8959
78.405 0.2134 0.0814 0.9494
78.444 0.2065 0.0838 0.9404
78.486 0.2056 0.0824 0.9224
78.526 0.1998 0.0825 0.9369
78.566 0.1964 0.0824 0.9326
78.606 0.1936 0.0838 0.9036
78.644 0.1902 0.0806 0.9069
78.687 0.1947 0.0806 0.9221
78.727 0.2005 0.0820 0.9008
78.767 0.2055 0.0812 0.9279
78.806 0.2149 0.0818 0.9053
78.843 0.2249 0.0819 0.9117
78.888 0.2260 0.0859 0.9235
78.927 0.2307 0.0799 0.9561
78.968 0.2335 0.0808 0.9298
79.007 0.2350 0.0805 0.9546
79.047 0.2387 0.0859 0.9225
79.088 0.2348 0.0879 0.9389
79.128 0.2328 0.0894 0.9612
79.168 0.2303 0.0853 0.9102
79.208 0.2262 0.0839 0.9375
79.249 0.2275 0.0826 0.9204
79.288 0.2244 0.0837 0.9432
79.330 0.2172 0.0863 0.9048
79.370 0.2097 0.0864 0.9311
79.410 0.2061 0.0869 0.9355
79.449 0.2058 0.0817 0.9056
79.487 0.2068 0.0809 0.8898
79.531 0.2038 0.0882 0.9178
79.570 0.2037 0.0878 0.8895
79.610 0.2032 0.0879 0.8785
79.650 0.2022 0.0874 0.9244
79.687 0.1986 0.0858 0.9057
79.732 0.1953 0.0896 0.9501
79.771 0.1913 0.0898 0.9401
79.811 0.1856 0.0926 0.9515
79.851 0.1881 0.0863 0.9427
79.891 0.1904 0.0851 0.9354
79.932 0.1856 0.0845 0.9671
79.972 0.1835 0.0873 0.9434
80.012 0.1815 0.0911 0.9528
80.052 0.1796 0.0867 0.9463
80.091 0.1846 0.0887 0.9862
80.131 0.1822 0.0831 0.9442
80.172 0.1851 0.0864 0.9517
80.212 0.1861 0.0936 0.9238
80.253 0.1867 0.0885 0.9561
80.292 0.1927 0.0881 0.9454
80.330 0.1947 0.0880 0.9569
80.374 0.1992 0.0856 0.9819
80.414 0.2055 0.0859 0.9507
80.454 0.2084 0.0874 0.9416
80.494 0.2086 0.0880 0.9587
80.531 0.2150 0.0817 0.9159
80.575 0.2167 0.0847 0.9639
80.614 0.2245 0.0863 0.9443
80.655 0.2326 0.0889 0.9439
80.695 0.2388 0.0896 0.9406
80.735 0.2435 0.0840 0.9395
80.775 0.2455 0.0885 0.9555
80.815 0.2493 0.0848 0.9488
80.855 0.2547 0.0896 0.9582
80.895 0.2590 0.0883 0.9890
80.935 0.2658 0.0876 0.9802
80.974 0.2723 0.0860 0.9565
81.016 0.2733 0.0837 0.9452
81.056 0.2722 0.0858 0.9566
81.096 0.2671 0.0891 0.9728
81.136 0.2561 0.0880 0.9728
81.173 0.2476 0.0930 0.9229
81.217 0.2435 0.0878 0.9189
81.257 0.2402 0.0891 0.9191
81.297 0.2375 0.0933 0.8895
81.336 0.2297 0.0931 0.8723
81.374 0.2193 0.0940 0.8825
81.418 0.2068 0.0951 0.9340
81.457 0.2023 0.0886 0.9277
81.498 0.2030 0.0935 0.9186
81.538 0.2095 0.0950 0.9281
81.578 0.2169 0.0943 0.9255
81.619 0.2264 0.0928 0.9145
81.659 0.2323 0.0901 0.9381
81.699 0.2371 0.0887 0.9298
81.739 0.2423 0.0921 0.9239
81.778 0.2454 0.0887 0.9154
81.818 0.2446 0.0893 0.8979
81.859 0.2489 0.0891 0.9249
81.899 0.2540 0.0885 0.9139
81.940 0.2565 0.0833 0.9065
81.979 0.2510 0.0880 0.9139
82.016 0.2407 0.0871 0.9058
82.061 0.2325 0.0882 0.8869
82.100 0.2232 0.0848 0.9049
82.141 0.2167 0.0844 0.9149
82.180 0.2139 0.0907 0.9122
82.217 0.2095 0.0898 0.9122
82.261 0.2014 0.0892 0.9185
82.301 0.1997 0.0881 0.9233
82.341 0.1976 0.0862 0.9293
82.381 0.1928 0.0875 0.9172
82.421 0.1901 0.0903 0.9249
82.462 0.1913 0.0890 0.9470
82.501 0.1939 0.0887 0.9173
82.542 0.1943 0.0904 0.9805
82.582 0.1939 0.0882 0.9451
82.622 0.1961 0.0880 0.9629
82.662 0.1931 0.0913 0.9935
82.703 0.1868 0.0920 0.9589
82.743 0.1844 0.0920 0.9540
82.783 0.1805 0.0878 0.9540
82.823 0.1779 0.0884 0.9615
82.860 0.1776 0.0902 0.9668
82.904 0.1749 0.0900 0.9121
82.944 0.1724 0.0909 0.9688
82.984 0.1763 0.0875 0.9516
83.024 0.1747 0.0919 0.9676
83.060 0.1748 0.0917 0.9588
83.105 0.1756 0.0933 0.9639
83.145 0.1799 0.0942 0.9705
83.185 0.1867 0.0958 0.9405
83.224 0.1887 0.0929 0.9668
83.265 0.1915 0.0943 0.9220
83.305 0.1937 0.0957 0.9549
83.345 0.1947 0.0957 0.9606
83.385 0.1995 0.0947 0.9909
83.425 0.2052 0.0953 0.9766
83.465 0.2019 0.0944 0.9762
83.504 0.2017 0.0934 0.9818
83.545 0.2027 0.0946 0.9958
83.586 0.2023 0.0936 1.0202
83.626 0.2030 0.0938 1.0304
83.665 0.2015 0.0936 0.9772
83.704 0.2013 0.0932 1.0023
83.748 0.2070 0.0982 1.0210
83.788 0.2093 0.0950 1.0327
83.828 0.2156 0.0975 0.9794
83.867 0.2181 0.0971 0.9524
83.904 0.2165 0.0956 0.9458
83.948 0.2171 0.0939 1.0062
83.988 0.2207 0.0946 0.9894
84.028 0.2214 0.1026 0.9597
84.068 0.2207 0.1030 0.9713
84.108 0.2197 0.0995 0.9294
84.149 0.2148 0.0998 0.9685
84.188 0.2136 0.1016 0.9542
84.229 0.2116 0.1071 0.8894
84.269 0.2146 0.1003 0.9159
84.313 0.2151 0.1003 0.9123
84.348 0.2157 0.0998 0.9235
84.389 0.2159 0.0998 0.9285
84.429 0.2193 0.1038 0.9541
84.469 0.2187 0.1028 0.9508
84.509 0.2204 0.0995 0.9894
84.546 0.2242 0.0977 0.9583
84.591 0.2302 0.0987 0.9357
84.630 0.2381 0.0966 0.9425
84.670 0.2409 0.1032 0.9419
84.710 0.2416 0.0996 0.9475
84.748 0.2407 0.0980 0.9303
84.791 0.2406 0.0994 0.9269
84.832 0.2415 0.0980 0.9600
84.872 0.2411 0.0967 0.9574
84.912 0.2419 0.0984 0.9510
84.952 0.2414 0.0971 0.9025
84.992 0.2400 0.0943 0.9517
85.032 0.2382 0.0942 0.9707
85.073 0.2339 0.0960 0.9238
85.113 0.2288 0.0979 0.9376
85.152 0.2264 0.0968 0.9507
85.191 0.2252 0.0978 0.9207
85.233 0.2261 0.0952 0.9328
85.273 0.2214 0.0950 0.9474
85.313 0.2152 0.1008 0.9672
85.353 0.2145 0.0975 0.9633
85.390 0.2066 0.0979 0.9765
85.434 0.2032 0.0959 0.9438
85.474 0.2009 0.0933 0.9326
85.514 0.2003 0.0991 0.9560
85.554 0.1993 0.0987 0.9497
85.590 0.1989 0.0985 0.9869
85.635 0.1964 0.0963 0.9949
85.674 0.1981 0.0962 0.9598
85.714 0.1952 0.0955 0.9424
85.754 0.1936 0.0923 0.9624
85.794 0.1940 0.0944 0.9586
85.835 0.1889 0.0925 0.9579
85.875 0.1910 0.0907 0.9647
85.915 0.1933 0.0907 0.9301
85.956 0.1982 0.0912 0.9889
85.995 0.1988 0.0934 0.9614
86.035 0.1981 0.0924 0.9956
86.076 0.1958 0.0926 0.9198
86.117 0.1970 0.0936 0.9254
86.157 0.2011 0.0936 0.9376
86.196 0.2049 0.0942 0.9488
86.234 0.2063 0.0946 0.9475
86.278 0.2104 0.0951 0.9335
86.317 0.2159 0.0936 0.9276
86.357 0.2193 0.0952 0.9042
86.397 0.2234 0.0975 0.9344
86.434 0.2212 0.0975 0.9382
86.478 0.2179 0.0966 0.9395
86.518 0.2179 0.0959 0.9674
86.558 0.2175 0.0969 0.9791
86.598 0.2177 0.0954 0.9618
86.638 0.2159 0.0961 0.9778
86.679 0.2091 0.0954 1.0009
86.718 0.2082 0.0954 0.9775
86.759 0.2094 0.0946 0.9812
86.799 0.2067 0.0941 0.9951
86.838 0.2102 0.0937 1.0075
86.878 0.2103 0.0953 0.9753
86.919 0.2182 0.0955 0.9765
86.959 0.2257 0.0952 1.0340
86.999 0.2304 0.0944 0.9836
87.040 0.2356 0.0934 0.9996
87.078 0.2370 0.0932 1.0337
87.121 0.2352 0.0940 1.0342
87.161 0.2395 0.0919 1.0036
87.201 0.2448 0.0925 0.9862
87.241 0.2449 0.0921 0.9562
87.278 0.2469 0.0936 0.9456
87.322 0.2398 0.0948 0.9316
87.362 0.2370 0.0946 0.9550
87.402 0.2292 0.0943 0.9116
87.441 0.2217 0.0958 0.9295
87.481 0.2166 0.0970 0.9428
87.522 0.2141 0.0966 0.9101
87.562 0.2171 0.0966 0.9324
87.602 0.2224 0.0967 0.9498
87.642 0.2265 0.0951 0.9342
87.682 0.2274 0.0983 0.9478
87.721 0.2260 0.0978 0.9252
87.763 0.2228 0.0956 0.9215
87.803 0.2280 0.0973 0.9237
87.843 0.2309 0.0989 0.8951
87.882 0.2314 0.0982 0.9183
87.920 0.2300 0.0948 0.9592
87.964 0.2294 0.0968 0.9628
88.004 0.2299 0.0942 0.9594
88.044 0.2271 0.0947 0.9439
88.083 0.2224 0.0927 0.9626
88.121 0.2175 0.0950 0.9552
88.165 0.2097 0.0955 0.9959
88.205 0.2055 0.0997 1.0089
88.245 0.1972 0.0963 0.9879
88.285 0.1869 0.0901 1.0167
88.325 0.1798 0.0903 1.0051
88.366 0.1756 0.0930 0.9770
88.406 0.1721 0.0940 0.9364
88.446 0.1700 0.0930 0.9658
88.486 0.1755 0.0937 0.9649
88.525 0.1724 0.0924 0.9664
88.565 0.1702 0.0924 0.9414
88.606 0.1713 0.0922 0.9449
88.647 0.1745 0.0942 0.9396
88.687 0.1766 0.0930 0.9412
88.726 0.1848 0.0889 0.9396
88.763 0.1921 0.0943 0.9609
88.808 0.2060 0.0938 0.9636
88.847 0.2157 0.0946 0.9434
88.887 0.2207 0.0942 0.9421
88.927 0.2266 0.0932 0.9202
88.964 0.2212 0.0897 0.9302
89.008 0.2192 0.0888 0.9222
89.048 0.2235 0.0909 0.9985
89.087 0.2330 0.0933 0.9836
89.128 0.2347 0.0944 0.9464
89.168 0.2378 0.0906 0.9415
89.208 0.2404 0.0919 0.9604
89.250 0.2502 0.0914 0.9734
89.290 0.2495 0.0936 1.0012
89.329 0.2480 0.0941 0.9734
89.369 0.2508 0.0951 0.9720
89.408 0.2548 0.0925 0.9951
89.450 0.2602 0.0950 0.9880
89.490 0.2675 0.0926 1.0177
89.530 0.2734 0.0900 1.0343
89.570 0.2744 0.0916 1.0078
89.607 0.2747 0.0930 0.9648
89.651 0.2800 0.0932 0.9353
89.691 0.2807 0.0908 0.9262
89.731 0.2769 0.0922 0.9377
89.771 0.2800 0.0937 0.9377
89.808 0.2763 0.0961 0.9472
89.852 0.2697 0.0940 0.9341
89.891 0.2620 0.0929 0.9144
89.932 0.2603 0.0958 0.9294
89.971 0.2591 0.0980 0.8835
90.011 0.2581 0.0967 0.9432
90.052 0.2535 0.0965 0.9266
90.092 0.2495 0.0959 0.9315
90.132 0.2438 0.0961 0.8713
90.172 0.2393 0.0961 0.8790
90.211 0.2363 0.0987 0.8839
90.251 0.2256 0.0978 0.9320
90.292 0.2222 0.0980 0.9266
90.333 0.2166 0.0995 0.9303
90.374 0.2188 0.0993 0.9199
90.413 0.2171 0.0978 0.9419
90.451 0.2068 0.0962 0.9161
90.495 0.2018 0.0961 0.9299
90.534 0.1972 0.0961 0.9372
90.575 0.1949 0.0929 0.9637
90.614 0.1935 0.0983 0.9636
90.652 0.1909 0.0973 0.9207
90.695 0.1897 0.0967 0.9637
90.735 0.1921 0.0934 0.9669
90.775 0.1914 0.0920 0.9377
90.815 0.1927 0.0931 0.9497
90.855 0.1912 0.0925 0.9627
90.896 0.1892 0.0913 0.9826
90.935 0.1952 0.0914 0.9954
90.976 0.1949 0.0915 0.9955
91.016 0.1976 0.0926 1.0188
91.055 0.2035 0.0899 0.9579
91.095 0.2040 0.0905 0.9281
91.136 0.2090 0.0943 0.9759
91.176 0.2152 0.0918 0.9597
91.216 0.2198 0.0926 0.9519
91.256 0.2227 0.0931 0.9714
91.294 0.2243 0.0950 0.9781
91.337 0.2250 0.0939 0.9569
91.377 0.2308 0.0982 0.9419
91.417 0.2324 0.0951 0.9704
91.457 0.2373 0.0945 0.9758
91.495 0.2361 0.0969 0.9716
91.539 0.2293 0.0971 0.9836
91.579 0.2288 0.0975 0.9554
91.619 0.2275 0.0950 0.9620
91.659 0.2215 0.0923 0.9395
91.699 0.2149 0.0938 0.9251
91.739 0.2097 0.0951 0.9378
91.779 0.2050 0.0937 0.9372
91.819 0.2028 0.0909 0.9571
91.859 0.1983 0.0943 0.9514
91.898 0.1958 0.0890 0.9379
91.938 0.1931 0.0949 0.9555
91.979 0.1961 0.0962 0.9832
92.020 0.1997 0.0936 0.9877
92.060 0.2046 0.0942 0.9701
92.100 0.2084 0.0975 0.9874
92.137 0.2135 0.0986 0.9546
92.181 0.2166 0.0977 1.0095
92.221 0.2163 0.1001 0.9825
92.261 0.2181 0.0963 0.9574
92.300 0.2194 0.0909 0.9674
92.337 0.2237 0.0934 0.9679
92.381 0.2284 0.0955 0.9555
92.421 0.2262 0.0925 0.9289
92.462 0.2205 0.0922 0.9737
92.501 0.2133 0.0925 0.9350
92.541 0.2064 0.0925 0.9448
92.582 0.2031 0.0964 0.9530
92.623 0.1974 0.0989 0.9174
92.663 0.1942 0.0958 0.9660
92.703 0.1946 0.0965 0.9147
92.742 0.1988 0.0920 0.9472
92.782 0.2015 0.0937 0.9385
92.823 0.2005 0.0947 0.9106
92.863 0.1968 0.0963 0.9667
92.904 0.2003 0.0942 0.9407
92.943 0.2025 0.0952 0.9257
92.980 0.2035 0.0934 0.9321
93.025 0.2080 0.0926 0.9365
93.064 0.2075 0.0948 0.9594
93.104 0.2074 0.0943 0.9294
93.144 0.2037 0.0925 0.9638
93.181 0.2038 0.0929 0.9477
93.225 0.1970 0.0927 0.9463
93.265 0.1952 0.0946 0.9769
93.305 0.1949 0.0931 0.9592
93.345 0.1936 0.0929 1.0029
93.385 0.1890 0.0903 0.9491
93.426 0.1877 0.0890 0.9455
93.465 0.1885 0.0881 0.9455
93.506 0.1874 0.0903 0.9709
93.546 0.1854 0.0866 0.9466
93.585 0.1781 0.0874 0.9593
93.624 0.1765 0.0876 0.9898
93.666 0.1739 0.0863 0.9895
93.707 0.1758 0.0868 1.0156
93.747 0.1753 0.0906 0.9754
93.787 0.1753 0.0907 0.9775
93.824 0.1752 0.0894 0.9589
93.868 0.1829 0.0898 0.9593
93.908 0.1826 0.0876 0.9764
93.948 0.1854 0.0925 0.9846
93.988 0.1850 0.0901 0.9808
94.025 0.1827 0.0867 0.9257
94.069 0.1848 0.0875 0.9388
94.108 0.1850 0.0858 0.9441
94.149 0.1855 0.0901 0.9881
94.188 0.1845 0.0891 0.9638
94.228 0.1869 0.0857 0.9720
94.269 0.1834 0.0862 0.9647
94.309 0.1831 0.0869 0.9526
94.349 0.1798 0.0861 0.9285
94.389 0.1784 0.0874 0.9784
94.428 0.1749 0.0884 0.9492
94.468 0.1717 0.0868 0.9544
94.509 0.1737 0.0885 0.9470
94.550 0.1759 0.0865 0.9398
94.589 0.1807 0.0865 0.9407
94.629 0.1838 0.0874 0.9237
94.667 0.1849 0.0838 0.9365
94.711 0.1779 0.0873 0.9838
94.750 0.1790 0.0899 0.9655
94.791 0.1806 0.0896 1.0061
94.831 0.1804 0.0896 0.9858
94.868 0.1832 0.0908 0.9868
94.912 0.1891 0.0910 0.9938
94.952 0.1896 0.0903 1.0010
94.992 0.1912 0.0881 1.0295
95.032 0.1967 0.0895 1.0072
95.072 0.1963 0.0879 1.0002
95.113 0.1964 0.0892 1.0121
95.153 0.2008 0.0872 0.9734
95.193 0.2090 0.0915 0.9944
95.233 0.2139 0.0906 1.0127
95.272 0.2179 0.0947 1.0140
95.312 0.2171 0.0947 0.9598
95.353 0.2193 0.0954 0.9303
95.393 0.2194 0.0968 0.9588
95.433 0.2201 0.0964 0.9512
95.473 0.2224 0.0975 0.9724
95.510 0.2170 0.0966 0.9604
95.554 0.2161 0.0974 0.9119
95.594 0.2145 0.0959 0.9490
95.634 0.2115 0.0946 0.9514
95.674 0.2081 0.0963 0.9302
95.711 0.2014 0.0963 0.9523
95.755 0.1941 0.0965 0.9363
95.794 0.1942 0.0962 0.9205
95.835 0.1909 0.0959 0.9105
95.875 0.1815 0.0960 0.9455
95.915 0.1785 0.0964 0.9252
95.956 0.1746 0.0959 0.9456
95.996 0.1742 0.0952 0.9413
96.036 0.1688 0.0944 0.9430
96.076 0.1706 0.0945 0.9318
96.116 0.1720 0.0956 0.9198
96.156 0.1658 0.0975 0.9369
96.197 0.1663 0.0982 0.9786
96.237 0.1667 0.0970 0.9598
96.277 0.1699 0.0969 0.9886
96.317 0.1741 0.0973 0.9809
96.354 0.1747 0.0949 0.9057
96.398 0.1780 0.0968 0.9403
96.438 0.1790 0.0950 0.9751
96.478 0.1763 0.0957 0.9686
96.517 0.1779 0.0959 0.9638
96.554 0.1781 0.0949 0.9764
96.599 0.1723 0.0987 0.9510
96.638 0.1754 0.0982 0.9702
96.679 0.1756 0.0976 0.9609
96.718 0.1785 0.0979 0.9727
96.758 0.1807 0.0977 0.9572
96.799 0.1748 0.1017 0.9804
96.839 0.1725 0.1004 0.9674
96.879 0.1684 0.0997 0.9455
96.919 0.1679 0.0974 0.9409
96.958 0.1659 0.0943 0.9700
96.999 0.1692 0.0969 0.9376
97.040 0.1712 0.0984 0.9800
97.081 0.1710 0.0960 0.9766
97.121 0.1716 0.0954 0.9642
97.160 0.1778 0.0906 0.9803
97.198 0.1769 0.0952 0.9380
97.242 0.1730 0.0965 0.9732
97.281 0.1714 0.0977 0.9852
97.322 0.1709 0.0940 0.9680
97.361 0.1733 0.0937 0.9976
97.398 0.1692 0.0934 0.9820
97.442 0.1772 0.0946 0.9535
97.482 0.1757 0.0938 0.9597
97.522 0.1708 0.0945 0.9520
97.562 0.1725 0.0930 0.9680
97.602 0.1756 0.0907 0.9864
97.643 0.1787 0.0917 0.9592
97.682 0.1828 0.0949 0.9939
97.723 0.1837 0.0987 0.9888
97.763 0.1894 0.0925 0.9824
97.802 0.1983 0.0905 1.0173
97.842 0.2047 0.0925 0.9974
97.883 0.2114 0.0922 1.0279
97.924 0.2104 0.0942 1.0020
97.963 0.2127 0.0907 0.9682
98.003 0.2165 0.0899 0.9655
98.040 0.2159 0.0904 1.0080
98.085 0.2191 0.0922 0.9872
98.124 0.2166 0.0937 0.9923
98.165 0.2133 0.0946 1.0222
98.204 0.2151 0.0921 0.9934
98.241 0.2146 0.0932 0.9696
98.286 0.2112 0.0925 0.9663
98.326 0.2097 0.0925 0.9434
98.366 0.2078 0.0946 0.9686
98.406 0.2080 0.0950 0.9424
98.446 0.2110 0.0942 0.9375
98.486 0.2103 0.0938 0.9351
98.526 0.2156 0.0973 0.9407
98.566 0.2178 0.0991 0.9306
98.606 0.2162 0.0997 0.9366
98.646 0.2167 0.0973 0.9245
98.685 0.2144 0.0970 0.9666
98.726 0.2100 0.0945 0.9027
98.767 0.2052 0.0966 0.9463
98.807 0.2004 0.0977 0.9316
98.846 0.1951 0.0978 0.9291
98.884 0.1962 0.0944 0.9115
98.928 0.1914 0.0967 0.9221
98.968 0.1884 0.0944 0.9387
99.008 0.1814 0.0947 0.9642
99.047 0.1697 0.0988 0.9612
99.085 0.1644 0.0971 0.9380
99.128 0.1555 0.0979 0.9362
99.168 0.1541 0.0975 0.9932
99.208 0.1513 0.0990 0.9759
99.249 0.1541 0.1030 0.9679
99.289 0.1525 0.0973 0.9990
99.330 0.1516 0.1002 1.0112
99.369 0.1491 0.0964 0.9972
99.410 0.1460 0.1004 0.9643
99.450 0.1507 0.0957 1.0174
99.489 0.1555 0.0988 1.0144
99.529 0.1623 0.1005 1.0301
99.570 0.1657 0.0972 1.0034
99.611 0.1698 0.0965 1.0087
99.651 0.1694 0.0975 0.9845
99.690 0.1726 0.0985 1.0579
99.727 0.1699 0.0983 0.9733
99.772 0.1713 0.0968 0.9886
99.811 0.1766 0.0950 1.0107
99.851 0.1834 0.0958 0.9760
99.891 0.1887 0.0958 0.9587
99.928 0.1915 0.0973 0.9919
99.972 0.1936 0.0954 0.9718
100.012 0.1992 0.0971 0.9536
100.052 0.2027 0.0975 0.9428
100.092 0.2086 0.0964 0.9803
100.131 0.2136 0.0970 0.9886
100.173 0.2152 0.0932 0.9624
100.212 0.2207 0.0963 0.9651
100.253 0.2245 0.0941 0.9472
100.293 0.2279 0.0917 0.9654
100.332 0.2312 0.0980 0.9725
100.372 0.2311 0.0959 0.9775
100.414 0.2327 0.0937 0.9579
100.454 0.2295 0.0928 0.9637
100.494 0.2260 0.0911 0.9420
100.534 0.2268 0.0928 0.9475
100.572 0.2219 0.0940 0.9545
100.615 0.2209 0.0942 0.9464
100.655 0.2227 0.0967 0.9519
100.695 0.2291 0.0917 0.9897
100.735 0.2297 0.0938 0.9515
100.771 0.2264 0.0992 0.9689
100.816 0.2222 0.0992 0.9725
100.855 0.2226 0.0949 1.0069
100.896 0.2199 0.0928 0.9960
100.935 0.2175 0.0957 0.9760
100.975 0.2179 0.0941 0.9942
101.016 0.2177 0.0962 0.9916
101.056 0.2221 0.0941 0.9785
101.096 0.2223 0.0932 0.9617
101.136 0.2237 0.0866 0.9466
101.175 0.2222 0.0904 0.9153
101.215 0.2204 0.0937 0.9551
101.256 0.2263 0.0909 0.9416
101.297 0.2278 0.0907 0.9382
101.337 0.2271 0.0869 0.8917
101.376 0.2259 0.0923 0.9303
101.415 0.2252 0.0911 0.9278
101.458 0.2240 0.0941 0.9550
101.498 0.2222 0.0929 0.9480
101.538 0.2215 0.0938 0.9190
101.578 0.2229 0.0940 0.9285
101.615 0.2221 0.0959 0.9380
101.659 0.2184 0.0948 0.9372
101.699 0.2152 0.0956 0.9424
101.739 0.2099 0.0969 0.9620
101.778 0.2111 0.0959 0.9858
101.819 0.2117 0.0950 1.0212
101.859 0.2148 0.0950 1.0212
101.899 0.2251 0.0967 0.9642
101.940 0.2344 0.0939 0.9985
101.980 0.2423 0.0947 0.9322
102.019 0.2428 0.0951 0.9431
102.059 0.2407 0.0965 0.9635
102.100 0.2407 0.0959 0.9059
102.140 0.2381 0.0950 0.9590
102.180 0.2362 0.0971 0.9598
102.220 0.2344 0.0959 0.9093
102.257 0.2280 0.0939 0.8774
102.301 0.2231 0.0961 0.8860
102.341 0.2223 0.1051 0.8826
102.381 0.2107 0.1007 0.9087
102.421 0.2001 0.0970 0.8769
102.458 0.1850 0.0955 0.9238
102.502 0.1770 0.0935 0.9298
102.542 0.1729 0.0960 0.9079
102.582 0.1696 0.0958 0.9298
102.622 0.1710 0.0914 0.9406
102.662 0.1719 0.0888 0.9565
102.703 0.1737 0.0898 0.9445
102.743 0.1779 0.0896 0.9079
102.783 0.1783 0.0919 0.9207
102.823 0.1744 0.0887 0.9347
102.862 0.1734 0.0916 0.9389
102.902 0.1735 0.0879 0.9403
102.944 0.1822 0.0853 0.9261
102.984 0.1812 0.0902 0.9229
103.024 0.1842 0.0863 0.9434
103.064 0.1808 0.0880 0.9443
103.101 0.1772 0.0843 0.9426
103.145 0.1753 0.0854 0.9638
103.184 0.1762 0.0862 0.9355
103.225 0.1717 0.0904 0.9582
103.264 0.1728 0.0856 0.9914
103.302 0.1698 0.0851 0.9854
103.345 0.1683 0.0837 0.9593
103.385 0.1681 0.0865 0.9464
103.425 0.1620 0.0854 0.9734
103.465 0.1611 0.0852 1.0071
103.505 0.1596 0.0856 0.9867
103.546 0.1568 0.0842 0.9540
103.586 0.1585 0.0821 0.9644
103.626 0.1613 0.0842 0.9984
103.666 0.1577 0.0847 1.0011
103.706 0.1576 0.0833 0.9905
103.746 0.1522 0.0816 0.9941
103.787 0.1494 0.0826 0.9810
103.828 0.1553 0.0846 0.9496
103.868 0.1535 0.0889 0.9623
103.907 0.1515 0.0875 0.9546
103.944 0.1517 0.0866 0.9544
103.989 0.1435 0.0871 0.9489
104.028 0.1428 0.0829 0.9715
104.068 0.1421 0.0877 0.9572
104.108 0.1332 0.0893 0.9425
104.145 0.1301 0.0881 0.9612
104.189 0.1253 0.0866 0.9347
104.229 0.1240 0.0803 0.9175
104.269 0.1296 0.0860 0.9102
104.309 0.1230 0.0859 0.9151
104.349 0.1188 0.0874 0.9119
104.389 0.1157 0.0826 0.9231
104.429 0.1140 0.0846 0.9347
104.470 0.1124 0.0816 0.9367
104.509 0.1136 0.0833 0.9845
104.549 0.1154 0.0837 0.9386
104.589 0.1150 0.0792 0.9691
104.630 0.1160 0.0785 0.9655
104.670 0.1163 0.0786 0.9691
104.710 0.1207 0.0772 0.9655
104.750 0.1207 0.0792 0.9597
104.788 0.1231 0.0771 0.9236
104.832 0.1240 0.0778 0.9215
104.872 0.1278 0.0774 0.9313
104.912 0.1330 0.0758 0.9278
104.952 0.1403 0.0791 0.8988
104.988 0.1439 0.0779 0.9660
105.033 0.1472 0.0821 0.9708
105.072 0.1527 0.0784 0.9866
105.113 0.1558 0.0783 0.9528
105.152 0.1600 0.0800 0.9368
105.193 0.1619 0.0793 0.9661
105.233 0.1628 0.0803 0.9724
105.273 0.1648 0.0775 0.9677
105.313 0.1715 0.0754 0.9585
105.353 0.1777 0.0766 0.9852
105.392 0.1797 0.0789 0.9584
105.432 0.1853 0.0785 0.9653
105.473 0.1915 0.0797 0.9672
105.514 0.1923 0.0750 1.0201
105.554 0.1907 0.0766 0.9713
105.593 0.1931 0.0771 0.9168
105.631 0.1943 0.0792 0.9541
105.675 0.1963 0.0788 0.9634
105.714 0.2003 0.0788 0.9679
105.755 0.2018 0.0777 0.9679
105.794 0.1967 0.0786 0.9669
105.832 0.1913 0.0803 0.9443
105.875 0.1915 0.0809 0.9540
105.915 0.1825 0.0802 0.9271
105.956 0.1755 0.0840 0.9164
105.996 0.1729 0.0820 0.9019
106.036 0.1750 0.0861 0.8761
106.077 0.1762 0.0831 0.9413
106.117 0.1800 0.0831 0.9253
106.157 0.1775 0.0823 0.8786
106.197 0.1753 0.0827 0.9335
106.236 0.1716 0.0820 0.9566
106.276 0.1702 0.0819 0.9464
106.317 0.1699 0.0826 0.9036
106.357 0.1679 0.0836 0.9325
106.397 0.1678 0.0825 0.9650
106.437 0.1682 0.0846 0.9259
106.474 0.1656 0.0810 0.9324
106.518 0.1638 0.0861 0.9104
106.558 0.1643 0.0820 0.9182
106.598 0.1571 0.0804 0.9133
106.638 0.1535 0.0816 0.9492
106.675 0.1504 0.0799 0.9229
106.719 0.1523 0.0857 0.9229
106.759 0.1529 0.0802 0.9129
106.799 0.1524 0.0828 0.9409
106.839 0.1553 0.0791 0.9594
106.878 0.1536 0.0807 0.9314
106.919 0.1502 0.0799 0.9214
106.959 0.1495 0.0825 0.9574
106.999 0.1442 0.0815 0.9353
107.040 0.1365 0.0788 0.8782
107.079 0.1318 0.0789 0.9442
107.119 0.1281 0.0788 0.8898
107.161 0.1287 0.0778 0.9229
107.201 0.1270 0.0804 0.9389
107.241 0.1194 0.0784 0.9575
107.281 0.1167 0.0804 0.9575
107.318 0.1102 0.0768 0.9175
107.362 0.1032 0.0771 0.9304
107.402 0.1010 0.0774 0.9704
107.442 0.0995 0.0791 0.9746
107.481 0.1018 0.0771 0.9102
107.518 0.1021 0.0763 0.9089
107.562 0.1020 0.0781 0.8999
107.602 0.1024 0.0782 0.8749
107.642 0.0998 0.0794 0.8717
107.682 0.0918 0.0777 0.8532
107.722 0.0920 0.0794 0.8604
107.763 0.0925 0.0784 0.8536
107.803 0.0902 0.0807 0.8686
107.843 0.0930 0.0821 0.7766
107.883 0.0939 0.0836 0.8230
107.922 0.0940 0.0821 0.8115
107.962 0.0891 0.0806 0.7984
108.003 0.0884 0.0819 0.7936
108.044 0.0850 0.0818 0.8496
108.084 0.0800 0.0843 0.8236
108.124 0.0799 0.0822 0.8366
108.161 0.0818 0.0815 0.7902
108.206 0.0822 0.0817 0.7962
108.245 0.0801 0.0823 0.7872
108.285 0.0804 0.0816 0.8026
108.325 0.0789 0.0813 0.7942
108.362 0.0810 0.0797 0.7730
108.406 0.0793 0.0797 0.7710
108.446 0.0816 0.0814 0.7500
108.486 0.0811 0.0796 0.7696
108.526 0.0857 0.0822 0.7210
108.566 0.0923 0.0806 0.7460
108.606 0.0953 0.0812 0.7396
108.646 0.0948 0.0812 0.7396
108.687 0.0941 0.0814 0.7396
108.727 0.0957 0.0828 0.7210
108.766 0.0996 0.0821 0.6868
108.806 0.1038 0.0806 0.6868
108.847 0.1046 0.0884 0.6598
108.887 0.1058 0.0885 0.6618
108.927 0.1053 0.0880 0.6462
108.967 0.1106 0.0869 0.6602
109.004 0.1108 0.0850 0.6462
109.048 0.1088 0.0871 0.6533
109.087 0.1085 0.0841 0.6486
109.128 0.1076 0.0809 0.6400
109.168 0.1058 0.0806 0.6101
109.206 0.1051 0.0812 0.6065
109.249 0.1018 0.0771 0.5843
109.289 0.0949 0.0769 0.5891
109.330 0.0887 0.0772 0.5573
109.369 0.0820 0.0792 0.5433
109.409 0.0796 0.0851 0.5227
109.450 0.0731 0.0858 0.5207
109.490 0.0679 0.0850 0.5339
109.530 0.0665 0.0853 0.5021
109.570 0.0648 0.0853 0.4893
109.610 0.0666 0.0854 0.5163
109.649 0.0698 0.0909 0.5165
109.691 0.0742 0.0899 0.4941
109.731 0.0763 0.0866 0.4847
109.771 0.0807 0.0879 0.5165
109.810 0.0832 0.0905 0.5275
109.847 0.1246 0.0942 0.4937
109.892 NaN 0.0832 0.4910
109.931 NaN 0.0847 0.4783
109.972 NaN 0.0805 0.4671
110.011 NaN 0.0850 0.4577
110.048 NaN 0.0822 0.4513
110.092 NaN 0.0875 0.4291
110.132 NaN 0.0682 0.9325
110.172 NaN 0.0686 0.9372
