122.788 NaN 0.0845 0.8329
122.832 NaN 0.0841 0.8296
122.872 NaN 0.0848 0.8310
122.912 NaN 0.0845 0.8177
122.952 NaN 0.0850 0.8177
122.992 NaN 0.0845 0.8177
123.032 NaN 0.0845 0.8329
123.072 0.0143 0.0843 0.8329
123.112 0.0123 0.0870 0.8329
123.153 0.0086 0.0858 0.8460
123.192 0.0057 0.0835 0.8502
123.232 0.0052 0.0816 0.8483
123.273 0.0044 0.0805 0.8539
123.313 0.0060 0.0848 0.8695
123.353 0.0063 0.0844 0.8510
123.393 0.0059 0.0845 0.8510
123.430 0.0061 0.0860 0.8695
123.474 0.0049 0.0846 0.8276
123.514 0.0048 0.0849 0.8319
123.554 0.0034 0.0835 0.8733
123.593 0.0035 0.0823 0.8719
123.632 0.0037 0.0839 0.8340
123.675 0.0034 0.0840 0.8310
123.715 0.0033 0.0844 0.8319
123.756 0.0029 0.0830 0.8340
123.795 0.0033 0.0839 0.8340
123.835 0.0034 0.0839 0.8340
123.876 0.0049 0.0848 0.8329
123.916 0.0038 0.0844 0.8319
123.956 0.0050 0.0830 0.8254
123.996 0.0049 0.0858 0.8254
124.035 0.0060 0.0843 0.8254
124.075 0.0055 0.0840 0.8310
124.116 0.0046 0.0848 0.8329
124.157 0.0048 0.0840 0.8310
124.197 0.0075 0.0839 0.8340
124.236 0.0044 0.0839 0.8340
124.274 0.0049 0.0862 0.8339
124.318 0.0052 0.0836 0.8329
124.358 0.0059 0.0827 0.8340
124.398 0.0038 0.0848 0.8329
124.437 0.0052 0.0820 0.8350
124.474 0.0037 0.0820 0.8350
124.518 0.0050 0.0824 0.8146
124.558 0.0065 0.0841 0.8350
124.598 0.0091 0.0848 0.8329
124.638 0.0095 0.0820 0.8146
124.678 0.0124 0.0848 0.8284
124.719 0.0133 0.0854 0.8310
124.759 0.0127 0.0862 0.8304
124.800 0.0128 0.0862 0.8304
124.840 0.0112 0.0862 0.8190
124.879 0.0113 0.0844 0.8266
124.919 0.0090 0.0859 0.8266
124.960 0.0105 0.0845 0.8329
125.000 0.0081 0.0900 0.8246
125.040 0.0061 0.0831 0.8210
125.080 0.0045 0.0838 0.8246
125.117 0.0033 0.0878 0.8296
125.163 0.0047 0.0923 0.8246
125.201 0.0054 0.0894 0.8246
125.241 0.0061 0.0850 0.8190
125.281 0.0074 0.0847 0.8190
125.318 0.0102 0.0845 0.8329
125.362 0.0090 0.0856 0.8222
125.402 0.0085 0.0822 0.8252
125.442 0.0106 0.0856 0.8286
125.482 0.0100 0.0834 0.8240
125.522 0.0118 0.0848 0.8240
125.563 0.0120 0.0856 0.8374
125.602 0.0130 0.0848 0.8596
125.643 0.0132 0.0816 0.8502
125.683 0.0122 0.0849 0.8596
125.722 0.0137 0.0815 0.8502
125.762 0.0154 0.0818 0.8502
125.803 0.0101 0.0829 0.8492
125.843 0.0092 0.0799 0.8492
125.883 0.0094 0.0812 0.8786
125.924 0.0068 0.0841 0.9166
125.961 0.0071 0.0828 0.9106
126.005 0.0049 0.0847 0.8795
126.045 0.0042 0.0828 0.8807
126.085 0.0053 0.0840 0.8826
126.125 0.0085 0.0826 0.8936
126.162 0.0098 0.0848 0.8661
126.207 0.0098 0.0856 0.9142
126.245 0.0134 0.0831 0.8652
126.285 0.0139 0.0901 0.8776
126.325 0.0132 0.0840 0.8967
126.365 0.0151 0.0826 0.8947
126.406 0.0132 0.0844 0.8696
126.446 0.0124 0.0848 0.8926
126.486 0.0082 0.0839 0.8936
126.526 0.0064 0.0839 0.8936
126.565 0.0051 0.0810 0.8770
126.605 0.0065 0.0847 0.8967
126.646 0.0092 0.0847 0.8967
126.687 0.0110 0.0810 0.8806
126.727 0.0078 0.0833 0.8967
126.766 0.0092 0.0799 0.8716
126.803 0.0105 0.0836 0.8795
126.848 0.0163 0.0854 0.8855
126.887 0.0200 0.0821 0.8536
126.927 0.0223 0.0844 0.8855
126.967 0.0256 0.0824 0.8686
127.006 0.0293 0.0847 0.8335
127.049 0.0327 0.0871 0.8697
127.089 0.0318 0.0853 0.8152
127.129 0.0329 0.0866 0.8599
127.169 0.0333 0.0805 0.8599
127.209 0.0285 0.0813 0.8599
127.250 0.0270 0.0826 0.8574
127.290 0.0281 0.0850 0.8618
127.330 0.0260 0.0823 0.8759
127.370 0.0240 0.0848 0.8672
127.409 0.0242 0.0804 0.8672
127.449 0.0257 0.0831 0.8523
127.490 0.0280 0.0850 0.8771
127.531 0.0259 0.0848 0.8898
127.570 0.0231 0.0857 0.8652
127.610 0.0206 0.0852 0.8575
127.647 0.0199 0.0815 0.8784
127.691 0.0172 0.0882 0.8672
127.731 0.0142 0.0853 0.9162
127.771 0.0088 0.0803 0.9094
127.811 0.0064 0.0822 0.8745
127.848 0.0068 0.0821 0.8574
127.892 0.0088 0.0798 0.8990
127.931 0.0110 0.0837 0.9253
127.972 0.0126 0.0838 0.8554
128.011 0.0126 0.0811 0.8652
128.051 0.0118 0.0799 0.8574
128.092 0.0092 0.0821 0.8398
128.133 0.0068 0.0836 0.8882
128.173 0.0154 0.0809 0.8358
128.213 0.0217 0.0835 0.8486
128.253 0.0275 0.0811 0.8436
128.292 0.0310 0.0820 0.8672
128.334 0.0360 0.0821 0.8574
128.416 0.0421 0.0854 0.8541
128.454 0.0453 0.0820 0.8572
128.493 0.0439 0.0799 0.8712
128.531 0.0408 0.0855 0.8619
128.575 0.0377 0.0843 0.8942
128.615 0.0355 0.0850 0.8839
128.655 0.0330 0.0843 0.9005
128.694 0.0309 0.0872 0.8248
128.731 0.0292 0.0831 0.8530
128.775 0.0256 0.0855 0.8530
128.815 0.0222 0.0865 0.8895
128.855 0.0195 0.0838 0.8601
128.895 0.0205 0.0816 0.8661
128.935 0.0183 0.0829 0.8661
128.976 0.0158 0.0832 0.8563
129.016 0.0183 0.0886 0.8416
129.056 0.0181 0.0860 0.8462
129.096 0.0168 0.0838 0.8416
129.135 0.0172 0.0908 0.8935
129.175 0.0161 0.0910 0.8770
129.217 0.0124 0.0921 0.8646
129.258 0.0132 0.0931 0.8780
129.298 0.0176 0.0847 0.8853
129.337 0.0200 0.0903 0.8655
129.375 0.0182 0.0884 0.8770
129.419 0.0256 0.0900 0.8800
129.458 0.0321 0.0890 0.8959
129.498 0.0326 0.0916 0.8800
129.538 0.0368 0.0908 0.8826
129.575 0.0423 0.0887 0.8826
129.619 0.0421 0.0915 0.8848
129.659 0.0456 0.0895 0.8812
129.699 0.0499 0.0899 0.8866
129.739 0.0527 0.0908 0.8639
129.779 0.0538 0.0905 0.8810
129.820 0.0543 0.0797 0.9226
129.859 0.0551 0.0938 0.8565
129.900 0.0600 0.0921 0.8473
129.939 0.0585 0.0920 0.8812
129.979 0.0583 0.0867 0.8685
130.019 0.0551 0.0902 0.8606
130.060 0.0556 0.0858 0.9119
130.100 0.0574 0.0884 0.9139
130.140 0.0573 0.0906 0.9119
130.180 0.0581 0.0856 0.8589
130.218 0.0572 0.0847 0.8589
130.262 0.0540 0.0847 0.8876
130.301 0.0505 0.0839 0.8728
130.342 0.0476 0.0865 0.8659
130.381 0.0424 0.0873 0.8571
130.419 0.0368 0.0836 0.8748
130.463 0.0303 0.0859 0.8922
130.502 0.0308 0.0836 0.8710
130.543 0.0233 0.0836 0.8650
130.583 0.0205 0.0828 0.8692
130.622 0.0186 0.0844 0.8710
130.663 0.0133 0.0828 0.8632
130.703 0.0116 0.0802 0.8478
130.743 0.0113 0.0854 0.8692
130.783 0.0151 0.0887 0.9180
130.823 0.0170 0.0854 0.8692
130.875 0.0161 0.0851 0.9214
130.903 0.0178 0.0837 0.8910
130.944 0.0208 0.0849 0.9214
130.984 0.0246 0.0851 0.9301
131.024 0.0307 0.0851 0.9291
131.061 0.0361 0.0820 0.8979
131.105 0.0411 0.0857 0.9014
131.144 0.0420 0.0850 0.9318
131.184 0.0425 0.0853 0.8620
131.224 0.0418 0.0840 0.8759
131.261 0.0366 0.0833 0.8829
131.305 0.0348 0.0850 0.8672
131.345 0.0379 0.0827 0.8565
131.385 0.0368 0.0861 0.8943
131.425 0.0340 0.0867 0.8829
131.465 0.0338 0.0856 0.8829
131.507 0.0295 0.0859 0.8879
131.547 0.0269 0.0856 0.8620
131.587 0.0216 0.0852 0.8193
131.627 0.0230 0.0856 0.8653
131.666 0.0227 0.0859 0.8653
131.706 0.0269 0.0879 0.8854
131.747 0.0301 0.0863 0.8653
131.788 0.0309 0.0856 0.8767
131.828 0.0284 0.0865 0.8933
131.867 0.0294 0.0857 0.8944
131.905 0.0300 0.0836 0.8944
131.949 0.0282 0.0835 0.8813
131.988 0.0304 0.0831 0.9297
132.028 0.0255 0.0841 0.9417
132.068 0.0247 0.0854 0.9417
132.105 0.0185 0.0853 0.9251
132.149 0.0178 0.0833 0.9251
132.189 0.0127 0.0826 0.9234
132.229 0.0090 0.0832 0.9338
132.269 0.0077 0.0841 0.9234
132.308 0.0098 0.0854 0.8903
132.349 0.0073 0.0850 0.8414
132.389 0.0072 0.0836 0.8664
132.430 0.0070 0.0840 0.8414
132.469 0.0069 0.0839 0.9063
132.509 0.0109 0.0865 0.9041
132.550 0.0095 0.0846 0.9131
132.591 0.0125 0.0864 0.8923
132.631 0.0102 0.0834 0.8421
132.671 0.0109 0.0847 0.8494
132.711 0.0113 0.0864 0.8959
132.748 0.0065 0.0884 0.8700
132.792 0.0047 0.0864 0.8720
132.832 0.0054 0.0863 0.8720
132.872 0.0046 0.0845 0.8720
132.911 0.0063 0.0863 0.8720
132.948 0.0070 0.0884 0.8700
132.993 0.0063 0.0864 0.8610
133.032 0.0068 0.0868 0.8610
133.072 0.0064 0.0872 0.8432
133.112 0.0075 0.0874 0.8610
133.151 0.0046 0.0870 0.8583
133.193 0.0040 0.0891 0.8506
133.233 0.0041 0.0877 0.8506
133.273 0.0035 0.0855 0.8610
133.313 0.0041 0.0818 0.9192
133.352 0.0046 0.0827 0.9391
133.392 0.0039 0.0859 0.9413
133.433 0.0045 0.0825 0.8927
133.474 0.0033 0.0831 0.8945
133.514 0.0042 0.0827 0.9026
133.553 0.0043 0.0827 0.9192
133.592 0.0058 0.0848 0.8908
133.635 0.0064 0.0864 0.8506
133.675 0.0058 0.0842 0.8563
133.715 0.0060 0.0856 0.8506
133.755 0.0067 0.0836 0.8570
133.792 0.0047 0.0836 0.8927
133.836 0.0055 0.0847 0.8983
133.876 0.0057 0.0835 0.9032
133.916 0.0059 0.0827 0.8983
133.956 0.0048 0.0826 0.9192
133.995 0.0086 0.0823 0.8961
134.037 0.0086 0.0840 0.9143
134.077 0.0095 0.0857 0.8983
134.117 0.0134 0.0846 0.9143
134.157 0.0168 0.0842 0.8438
134.196 0.0211 0.0840 0.9143
134.236 0.0258 0.0864 0.8983
134.277 0.0297 0.0854 0.8983
134.318 0.0337 0.0845 0.8867
134.357 0.0374 0.0844 0.8867
134.397 0.0378 0.0835 0.8756
134.434 0.0366 0.0857 0.8629
134.479 0.0349 0.0851 0.8706
134.518 0.0332 0.0867 0.8912
134.558 0.0312 0.0831 0.8746
134.598 0.0232 0.0828 0.8746
134.635 0.0196 0.0841 0.8834
134.679 0.0153 0.0848 0.8834
134.719 0.0117 0.0827 0.8706
134.759 0.0090 0.0827 0.8882
134.799 0.0062 0.0810 0.8706
134.839 0.0077 0.0810 0.8656
134.880 0.0084 0.0827 0.8706
134.920 0.0093 0.0838 0.8549
134.960 0.0105 0.0825 0.8635
135.000 0.0089 0.0831 0.8895
135.040 0.0069 0.0810 0.8745
135.079 0.0075 0.0831 0.8629
135.121 0.0087 0.0839 0.8769
135.161 0.0063 0.0818 0.8876
135.201 0.0083 0.0843 0.9404
135.241 0.0084 0.0844 0.8963
135.278 0.0061 0.0856 0.8592
135.322 0.0048 0.0823 0.8658
135.362 0.0052 0.0835 0.8535
135.402 0.0051 0.0853 0.8680
135.441 0.0037 0.0853 0.8808
135.478 0.0029 0.0844 0.8797
135.523 0.0035 0.0853 0.8797
135.562 0.0034 0.0872 0.8404
135.602 0.0033 0.0842 0.8404
135.642 0.0031 0.0824 0.8658
135.681 0.0036 0.0855 0.8797
135.723 0.0032 0.0843 0.8404
135.763 0.0035 0.0851 0.8404
135.803 0.0054 0.0835 0.8647
135.843 0.0053 0.0848 0.8974
135.883 0.0047 0.0844 0.8808
135.923 0.0061 0.0844 0.8808
135.964 0.0068 0.0805 0.9248
136.005 0.0098 0.0838 0.9244
136.045 0.0100 0.0854 0.8342
136.084 0.0118 0.0841 0.8759
136.122 0.0161 0.0853 0.8759
136.166 0.0149 0.0853 0.8593
136.205 0.0157 0.0829 0.8585
136.245 0.0165 0.0844 0.8821
136.285 0.0169 0.0840 0.8143
136.322 0.0193 0.0853 0.8143
136.366 0.0212 0.0809 0.8585
136.406 0.0229 0.0797 0.9095
136.446 0.0245 0.0810 0.9095
136.486 0.0236 0.0799 0.9081
136.526 0.0245 0.0809 0.8885
136.567 0.0230 0.0788 0.8885
136.606 0.0222 0.0820 0.8885
136.647 0.0206 0.0833 0.8821
136.687 0.0198 0.0816 0.8961
136.726 0.0186 0.0807 0.8575
136.766 0.0156 0.0813 0.8821
136.807 0.0129 0.0807 0.8653
136.847 0.0105 0.0820 0.8653
136.887 0.0092 0.0814 0.8653
136.927 0.0101 0.0799 0.8659
136.965 0.0124 0.0811 0.8659
137.008 0.0123 0.0797 0.8683
137.049 0.0151 0.0799 0.8767
137.089 0.0156 0.0828 0.8789
137.129 0.0187 0.0808 0.8659
137.166 0.0240 0.0823 0.8422
137.209 0.0281 0.0824 0.8297
137.250 0.0349 0.0793 0.8764
137.290 0.0406 0.0803 0.8999
137.329 0.0414 0.0814 0.8999
137.368 0.0451 0.0791 0.8973
137.410 0.0452 0.0823 0.8818
137.450 0.0411 0.0800 0.8575
137.490 0.0397 0.0826 0.8713
137.530 0.0401 0.0811 0.8949
137.569 0.0389 0.0800 0.8783
137.609 0.0379 0.0783 0.8573
137.651 0.0318 0.0770 0.8998
137.691 0.0304 0.0783 0.8998
137.731 0.0234 0.0800 0.8998
137.770 0.0179 0.0782 0.8623
137.808 0.0176 0.0767 0.8623
137.852 0.0127 0.0770 0.8623
137.892 0.0109 0.0759 0.8623
137.931 0.0080 0.0781 0.8623
137.971 0.0035 0.0804 0.8789
138.008 0.0052 0.0767 0.8623
138.053 0.0079 0.0788 0.8623
138.092 0.0125 0.0748 0.8623
138.133 0.0147 0.0793 0.8741
138.173 0.0163 0.0786 0.8336
138.213 0.0151 0.0789 0.8595
138.254 0.0185 0.0772 0.8452
138.294 0.0242 0.0781 0.8416
138.334 0.0266 0.0786 0.8622
138.374 0.0254 0.0771 0.8452
138.413 0.0214 0.0785 0.8452
138.453 0.0193 0.0776 0.8592
138.494 0.0200 0.0793 0.8592
138.535 0.0190 0.0771 0.8529
138.575 0.0164 0.0771 0.8413
138.614 0.0189 0.0773 0.8413
138.651 0.0198 0.0781 0.8413
138.696 0.0198 0.0772 0.8609
138.735 0.0192 0.0761 0.8143
138.775 0.0161 0.0750 0.8353
138.815 0.0134 0.0822 0.8463
138.852 0.0143 0.0823 0.8016
138.896 0.0173 0.0817 0.8016
138.936 0.0168 0.0857 0.8016
138.976 0.0137 0.0816 0.8016
139.016 0.0126 0.0842 0.7926
139.055 0.0125 0.0856 0.8016
139.096 0.0096 0.0856 0.7926
139.136 0.0088 0.0867 0.8016
139.176 0.0083 0.0856 0.8016
139.217 0.0059 0.0872 0.7940
139.257 0.0058 0.0868 0.8016
139.297 0.0084 0.0872 0.7940
139.338 0.0075 0.0864 0.7926
139.378 0.0057 0.0822 0.8143
139.418 0.0064 0.0859 0.7940
139.458 0.0061 0.0881 0.7850
139.495 0.0057 0.0900 0.7940
139.539 0.0048 0.0825 0.7686
139.579 0.0043 0.0845 0.8039
139.619 0.0035 0.0810 0.7724
139.658 0.0075 0.0830 0.7724
139.695 0.0070 0.0787 0.8503
139.740 0.0040 0.0788 0.8323
139.779 0.0048 0.0804 0.7923
139.820 0.0065 0.0804 0.7983
139.859 0.0065 0.0830 0.8110
139.898 0.0076 0.0795 0.8323
139.940 0.0057 0.0780 0.8503
139.980 0.0057 0.0807 0.8279
140.020 0.0048 0.0855 0.7940
140.060 0.0038 0.0802 0.7983
140.100 0.0054 0.0826 0.7636
140.139 0.0034 0.0837 0.7724
140.180 0.0056 0.0810 0.7724
140.221 0.0063 0.0848 0.8050
140.261 0.0045 0.0810 0.7974
140.300 0.0072 0.0830 0.8050
140.339 0.0057 0.0860 0.8016
140.383 0.0040 0.0870 0.8016
140.422 0.0061 0.0841 0.8353
140.462 0.0058 0.0825 0.8483
140.502 0.0088 0.0797 0.8039
140.539 0.0075 0.0838 0.8483
140.584 0.0057 0.0825 0.8483
140.623 0.0076 0.0825 0.8413
140.663 0.0062 0.0802 0.8353
140.703 0.0044 0.0812 0.8353
140.743 0.0049 0.0815 0.8483
140.784 0.0054 0.0825 0.8483
140.824 0.0051 0.0848 0.8483
140.864 0.0075 0.0815 0.8483
140.904 0.0057 0.0816 0.8353
140.943 0.0048 0.0817 0.8413
140.983 0.0055 0.0812 0.8483
141.024 0.0042 0.0832 0.8483
141.064 0.0046 0.0848 0.8443
141.104 0.0051 0.0825 0.8483
141.144 0.0047 0.0812 0.8413
141.182 0.0044 0.0803 0.8483
141.226 0.0040 0.0832 0.8483
141.265 0.0085 0.0822 0.8578
141.305 0.0054 0.0851 0.8483
141.345 0.0051 0.0819 0.8272
141.383 0.0084 0.0790 0.8193
141.426 0.0077 0.0800 0.8614
141.467 0.0102 0.0822 0.8578
141.507 0.0087 0.0832 0.8443
141.547 0.0082 0.0798 0.8353
141.585 0.0083 0.0786 0.8497
141.627 0.0092 0.0781 0.8563
141.667 0.0100 0.0815 0.8443
141.707 0.0141 0.0837 0.8483
141.747 0.0112 0.0816 0.8423
141.787 0.0109 0.0771 0.8483
141.826 0.0088 0.0787 0.8563
141.868 0.0075 0.0830 0.8483
141.908 0.0067 0.0839 0.8483
141.948 0.0067 0.0816 0.8483
141.988 0.0051 0.0812 0.8473
142.025 0.0073 0.0788 0.8382
142.069 0.0067 0.0823 0.8483
142.109 0.0075 0.0829 0.8443
142.149 0.0070 0.0817 0.8473
142.188 0.0057 0.0800 0.8463
142.226 0.0067 0.0792 0.8463
142.270 0.0049 0.0792 0.8473
142.309 0.0052 0.0817 0.8915
142.349 0.0060 0.0787 0.8743
142.389 0.0069 0.0820 0.8697
142.428 0.0119 0.0775 0.8563
142.470 0.0091 0.0789 0.8473
142.510 0.0094 0.0800 0.8743
142.550 0.0086 0.0810 0.8743
142.591 0.0086 0.0795 0.8743
142.630 0.0090 0.0787 0.8743
142.670 0.0088 0.0787 0.8743
142.711 0.0096 0.0787 0.8743
142.752 0.0124 0.0812 0.8837
142.792 0.0154 0.0805 0.8693
142.831 0.0171 0.0796 0.8743
142.869 0.0197 0.0788 0.8743
142.913 0.0172 0.0787 0.8693
142.952 0.0194 0.0817 0.8707
142.993 0.0263 0.0805 0.8473
143.032 0.0307 0.0805 0.8473
143.069 0.0300 0.0805 0.8432
143.113 0.0296 0.0790 0.8473
143.153 0.0315 0.0805 0.8432
143.193 0.0338 0.0813 0.8548
143.233 0.0320 0.0825 0.8493
143.272 0.0318 0.0836 0.8283
143.314 0.0323 0.0818 0.8533
143.353 0.0269 0.0851 0.8573
143.394 0.0262 0.0849 0.8298
143.434 0.0227 0.0844 0.8445
143.473 0.0200 0.0837 0.8596
143.513 0.0157 0.0823 0.8672
143.554 0.0159 0.0805 0.8636
143.594 0.0138 0.0819 0.8406
143.634 0.0121 0.0828 0.8590
143.675 0.0109 0.0850 0.8672
143.712 0.0106 0.0796 0.8734
143.756 0.0102 0.0807 0.8451
143.796 0.0079 0.0820 0.8676
143.836 0.0078 0.0848 0.8602
143.876 0.0091 0.0812 0.8347
143.913 0.0125 0.0838 0.8400
143.957 0.0103 0.0804 0.8658
143.997 0.0126 0.0810 0.8658
144.037 0.0135 0.0804 0.8498
144.076 0.0202 0.0829 0.8605
144.115 0.0239 0.0849 0.8698
144.157 0.0229 0.0832 0.8697
144.197 0.0236 0.0792 0.8658
144.237 0.0239 0.0817 0.8610
144.277 0.0262 0.0838 0.8868
144.316 0.0279 0.0818 0.8702
144.356 0.0284 0.0828 0.9369
144.398 0.0268 0.0802 0.9369
144.438 0.0269 0.0804 0.8779
144.478 0.0226 0.0837 0.9369
144.518 0.0205 0.0858 0.8906
144.555 0.0174 0.0839 0.8691
144.599 0.0105 0.0842 0.8637
144.638 0.0086 0.0829 0.8575
144.679 0.0043 0.0829 0.8779
144.718 0.0031 0.0868 0.8939
144.757 0.0050 0.0829 0.8779
144.800 0.0063 0.0815 0.8939
144.840 0.0051 0.0823 0.8575
144.880 0.0059 0.0805 0.8585
144.920 0.0063 0.0829 0.8779
144.960 0.0063 0.0851 0.8689
145.001 0.0078 0.0852 0.8939
145.041 0.0076 0.0836 0.8775
145.081 0.0089 0.0819 0.8492
145.121 0.0066 0.0842 0.8696
145.160 0.0059 0.0849 0.8805
145.200 0.0062 0.0852 0.8805
145.241 0.0051 0.0841 0.8580
145.281 0.0053 0.0811 0.8595
145.322 0.0068 0.0837 0.8805
145.361 0.0070 0.0837 0.8895
145.398 0.0058 0.0854 0.8982
145.443 0.0063 0.0847 0.8867
145.482 0.0091 0.0827 0.8805
145.522 0.0109 0.0811 0.8805
145.562 0.0093 0.0843 0.8805
145.599 0.0111 0.0853 0.8755
145.643 0.0120 0.0853 0.8945
145.683 0.0091 0.0831 0.8755
145.723 0.0066 0.0799 0.8814
145.762 0.0072 0.0811 0.8805
145.802 0.0080 0.0842 0.8729
145.843 0.0101 0.0829 0.8805
145.883 0.0116 0.0829 0.8867
145.924 0.0086 0.0789 0.8764
145.964 0.0092 0.0817 0.8814
146.003 0.0080 0.0848 0.8857
146.043 0.0096 0.0853 0.8805
146.085 0.0089 0.0836 0.8857
146.125 0.0110 0.0803 0.8796
146.165 0.0134 0.0827 0.8817
146.205 0.0143 0.0842 0.8764
146.242 0.0174 0.0838 0.8817
146.286 0.0203 0.0828 0.8770
146.326 0.0228 0.0826 0.8430
146.366 0.0247 0.0807 0.8270
146.405 0.0253 0.0803 0.8848
146.443 0.0274 0.0810 0.8861
146.486 0.0328 0.0812 0.8708
146.526 0.0325 0.0814 0.8629
146.567 0.0358 0.0807 0.8629
146.606 0.0317 0.0800 0.8706
146.645 0.0306 0.0808 0.8579
146.687 0.0294 0.0830 0.8729
146.727 0.0264 0.0843 0.9005
146.767 0.0237 0.0821 0.9005
146.807 0.0188 0.0821 0.8994
146.847 0.0137 0.0812 0.9005
146.886 0.0109 0.0835 0.8706
146.927 0.0097 0.0835 0.9005
146.968 0.0052 0.0810 0.8656
147.008 0.0039 0.0788 0.8656
147.048 0.0054 0.0804 0.8656
147.086 0.0043 0.0810 0.8706
147.130 0.0052 0.0819 0.8706
147.170 0.0065 0.0816 0.8822
147.209 0.0050 0.0819 0.8822
147.249 0.0075 0.0805 0.8822
147.286 0.0106 0.0797 0.8656
147.330 0.0162 0.0815 0.8397
147.370 0.0180 0.0803 0.9095
147.410 0.0189 0.0769 0.9055
147.450 0.0204 0.0775 0.9005
147.489 0.0218 0.0782 0.9135
147.531 0.0229 0.0805 0.8795
147.571 0.0256 0.0800 0.8783
147.611 0.0232 0.0805 0.8735
147.651 0.0252 0.0805 0.8945
147.690 0.0289 0.0779 0.8733
147.730 0.0274 0.0801 0.8955
147.771 0.0263 0.0808 0.8607
147.811 0.0254 0.0764 0.8767
147.851 0.0272 0.0812 0.8525
147.891 0.0294 0.0758 0.8516
147.928 0.0334 0.0774 0.8607
147.973 0.0323 0.0786 0.8767
148.012 0.0323 0.0799 0.8735
148.052 0.0321 0.0782 0.8483
148.092 0.0340 0.0761 0.8583
148.130 0.0302 0.0770 0.8583
148.174 0.0277 0.0770 0.8884
148.213 0.0270 0.0828 0.8717
148.254 0.0287 0.0785 0.8539
148.293 0.0321 0.0798 0.8410
148.332 0.0368 0.0785 0.8399
148.374 0.0390 0.0787 0.8399
148.414 0.0379 0.0836 0.8613
148.454 0.0381 0.0821 0.8530
148.494 0.0430 0.0816 0.8418
148.534 0.0459 0.0747 0.8499
148.573 0.0528 0.0767 0.8589
148.615 0.0605 0.0787 0.8344
148.655 0.0627 0.0782 0.8693
148.695 0.0634 0.0737 0.8180
148.735 0.0617 0.0805 0.8228
148.772 0.0585 0.0789 0.8575
148.816 0.0523 0.0772 0.8473
148.856 0.0469 0.0824 0.8669
148.896 0.0423 0.0814 0.8407
148.935 0.0416 0.0797 0.8409
148.972 0.0401 0.0772 0.8636
149.017 0.0331 0.0764 0.8414
149.056 0.0282 0.0834 0.8923
149.096 0.0227 0.0825 0.8260
149.136 0.0177 0.0786 0.8359
149.175 0.0175 0.0756 0.8489
149.217 0.0154 0.0781 0.8414
149.258 0.0159 0.0817 0.8621
149.298 0.0123 0.0832 0.8474
149.338 0.0104 0.0777 0.8414
149.377 0.0107 0.0755 0.8354
149.417 0.0116 0.0791 0.8414
149.458 0.0119 0.0780 0.8502
149.499 0.0160 0.0782 0.8385
149.539 0.0164 0.0813 0.8414
149.578 0.0149 0.0803 0.8422
149.616 0.0142 0.0747 0.8534
149.660 0.0163 0.0755 0.8534
149.699 0.0174 0.0767 0.8322
149.739 0.0157 0.0818 0.8156
149.779 0.0185 0.0783 0.8422
149.816 0.0210 0.0767 0.8588
149.860 0.0213 0.0764 0.8414
149.900 0.0210 0.0758 0.8362
149.939 0.0206 0.0811 0.8525
149.980 0.0157 0.0774 0.8419
150.019 0.0142 0.0786 0.8487
150.060 0.0181 0.0752 0.8527
150.100 0.0179 0.0765 0.8565
150.141 0.0145 0.0784 0.8515
150.180 0.0121 0.0792 0.8681
150.220 0.0123 0.0788 0.8320
150.260 0.0077 0.0771 0.8406
150.301 0.0050 0.0743 0.8745
150.342 0.0043 0.0785 0.8528
150.382 0.0027 0.0820 0.8528
150.422 0.0043 0.0816 0.8688
150.459 0.0069 0.0774 0.8528
150.503 0.0083 0.0744 0.8425
150.543 0.0060 0.0774 0.8580
150.583 0.0060 0.0766 0.8579
150.622 0.0054 0.0776 0.8711
150.660 0.0075 0.0774 0.8422
150.704 0.0085 0.0763 0.8711
150.744 0.0094 0.0742 0.8876
150.784 0.0084 0.0766 0.8622
150.823 0.0092 0.0789 0.8382
150.862 0.0089 0.0791 0.8544
150.904 0.0085 0.0789 0.8316
150.944 0.0073 0.0769 0.8496
150.984 0.0075 0.0769 0.8472
151.024 0.0090 0.0799 0.8524
151.063 0.0084 0.0776 0.8419
151.103 0.0078 0.0751 0.8472
151.144 0.0089 0.0751 0.8472
151.185 0.0064 0.0762 0.8472
151.225 0.0075 0.0799 0.8586
151.264 0.0068 0.0790 0.8516
151.302 0.0071 0.0773 0.8565
151.346 0.0070 0.0772 0.8528
151.385 0.0059 0.0758 0.8528
151.426 0.0081 0.0801 0.8540
151.466 0.0064 0.0811 0.8540
151.503 0.0075 0.0789 0.8382
151.547 0.0067 0.0771 0.8565
151.587 0.0053 0.0772 0.8615
151.627 0.0045 0.0764 0.8580
151.667 0.0052 0.0790 0.8612
151.706 0.0055 0.0799 0.8635
151.748 0.0047 0.0780 0.8696
151.788 0.0064 0.0777 0.8409
151.828 0.0063 0.0754 0.8472
151.868 0.0066 0.0790 0.8524
151.907 0.0054 0.0789 0.8382
151.947 0.0053 0.0799 0.8496
151.988 0.0078 0.0758 0.8615
152.028 0.0100 0.0784 0.8458
152.069 0.0146 0.0784 0.8370
152.108 0.0175 0.0772 0.8635
152.146 0.0194 0.0801 0.8532
152.190 0.0190 0.0775 0.8696
152.229 0.0203 0.0784 0.8534
152.269 0.0244 0.0760 0.8478
152.309 0.0285 0.0780 0.8554
152.346 0.0269 0.0810 0.8519
152.390 0.0287 0.0810 0.8459
152.430 0.0262 0.0789 0.8589
152.470 0.0270 0.0789 0.8589
152.509 0.0264 0.0804 0.8679
152.550 0.0238 0.0832 0.8390
152.591 0.0227 0.0834 0.8390
152.631 0.0205 0.0834 0.8390
152.671 0.0205 0.0779 0.8382
152.711 0.0206 0.0817 0.8260
152.751 0.0205 0.0818 0.8312
152.790 0.0181 0.0821 0.8589
152.832 0.0184 0.0827 0.8440
152.872 0.0204 0.0804 0.8332
152.912 0.0219 0.0817 0.8216
152.952 0.0235 0.0834 0.8309
152.989 0.0249 0.0807 0.8885
153.033 0.0266 0.0834 0.8719
153.072 0.0272 0.0821 0.8510
153.113 0.0284 0.0817 0.8676
153.153 0.0286 0.0765 0.9074
153.190 0.0293 0.0843 0.8676
153.234 0.0264 0.0800 0.8804
153.273 0.0265 0.0811 0.8676
153.313 0.0284 0.0821 0.8685
153.353 0.0236 0.0799 0.8953
153.392 0.0219 0.0817 0.8725
153.434 0.0180 0.0855 0.8693
153.474 0.0146 0.0835 0.8693
153.514 0.0125 0.0836 0.8903
153.554 0.0112 0.0777 0.8813
153.593 0.0110 0.0806 0.8592
153.633 0.0095 0.0823 0.8763
153.675 0.0107 0.0837 0.8763
153.716 0.0100 0.0827 0.8543
153.756 0.0081 0.0803 0.8543
153.795 0.0079 0.0785 0.8813
153.833 0.0094 0.0817 0.8592
153.877 0.0085 0.0837 0.8822
153.916 0.0102 0.0808 0.8100
153.957 0.0126 0.0814 0.8383
153.996 0.0170 0.0792 0.8383
154.033 0.0193 0.0793 0.8392
154.077 0.0201 0.0828 0.8392
154.117 0.0280 0.0813 0.8189
154.157 0.0300 0.0806 0.8149
154.197 0.0334 0.0791 0.8100
154.237 0.0368 0.0767 0.8100
154.278 0.0403 0.0830 0.8516
154.318 0.0424 0.0823 0.8763
154.357 0.0432 0.0833 0.8380
154.398 0.0456 0.0801 0.8792
154.437 0.0467 0.0788 0.8620
154.477 0.0431 0.0790 0.8728
154.518 0.0387 0.0802 0.8894
154.558 0.0403 0.0834 0.8766
154.598 0.0377 0.0813 0.8676
154.638 0.0306 0.0783 0.9023
154.676 0.0327 0.0794 0.8903
154.720 0.0268 0.0803 0.8633
154.759 0.0222 0.0818 0.8813
154.800 0.0218 0.0815 0.9123
154.840 0.0200 0.0781 0.8872
154.877 0.0157 0.0787 0.8973
154.921 0.0137 0.0805 0.9123
154.961 0.0139 0.0809 0.8973
155.001 0.0138 0.0804 0.8763
155.040 0.0083 0.0816 0.8673
155.079 0.0070 0.0794 0.8763
155.121 0.0075 0.0784 0.8763
155.161 0.0074 0.0825 0.9023
155.201 0.0093 0.0813 0.8783
155.241 0.0102 0.0809 0.8973
155.281 0.0088 0.0800 0.9023
155.320 0.0117 0.0773 0.8853
155.362 0.0131 0.0790 0.9142
155.402 0.0139 0.0815 0.9334
155.442 0.0150 0.0809 0.9399
155.482 0.0162 0.0792 0.9117
155.519 0.0170 0.0765 0.8935
155.563 0.0155 0.0793 0.8935
155.603 0.0165 0.0853 0.8935
155.643 0.0165 0.0794 0.8935
155.682 0.0141 0.0801 0.8955
155.719 0.0128 0.0806 0.8883
155.764 0.0118 0.0793 0.8883
155.803 0.0082 0.0782 0.9025
155.843 0.0063 0.0806 0.8935
155.883 0.0065 0.0806 0.8935
155.923 0.0045 0.0793 0.8883
155.965 0.0058 0.0782 0.9025
156.005 0.0060 0.0782 0.8883
156.045 0.0067 0.0820 0.8935
156.085 0.0058 0.0789 0.8853
156.124 0.0061 0.0785 0.8935
156.164 0.0051 0.0756 0.8813
156.205 0.0061 0.0754 0.9025
156.245 0.0096 0.0785 0.8935
156.286 0.0159 0.0802 0.8935
156.325 0.0219 0.0785 0.8935
156.363 0.0251 0.0766 0.8907
156.407 0.0303 0.0744 0.8907
156.446 0.0317 0.0766 0.8839
156.486 0.0330 0.0805 0.9101
156.526 0.0350 0.0792 0.9101
156.563 0.0387 0.0785 0.9023
156.607 0.0383 0.0783 0.9055
156.647 0.0357 0.0770 0.9055
156.687 0.0365 0.0809 0.9064
156.727 0.0349 0.0797 0.9055
156.766 0.0314 0.0783 0.8793
156.808 0.0264 0.0788 0.8793
156.847 0.0228 0.0788 0.8793
156.887 0.0202 0.0754 0.8793
156.927 0.0177 0.0800 0.8965
156.967 0.0173 0.0787 0.8965
157.008 0.0161 0.0769 0.8965
157.049 0.0127 0.0759 0.8965
157.089 0.0110 0.0765 0.8985
157.129 0.0080 0.0811 0.9003
157.169 0.0036 0.0794 0.8793
157.206 0.0049 0.0801 0.8793
157.250 0.0034 0.0769 0.8793
157.290 0.0046 0.0767 0.8793
157.330 0.0060 0.0785 0.8793
157.369 0.0068 0.0787 0.8813
157.407 0.0081 0.0785 0.8793
157.451 0.0067 0.0792 0.8842
157.491 0.0053 0.0758 0.8793
157.531 0.0048 0.0784 0.8813
157.570 0.0043 0.0792 0.8842
157.610 0.0055 0.0812 0.8793
157.651 0.0065 0.0781 0.8583
157.691 0.0087 0.0728 0.8793
157.731 0.0091 0.0774 0.8883
157.771 0.0127 0.0780 0.8842
157.810 0.0153 0.0801 0.9076
157.850 0.0154 0.0777 0.9052
157.891 0.0177 0.0780 0.8793
157.931 0.0195 0.0733 0.8629
157.971 0.0206 0.0754 0.8863
158.011 0.0235 0.0784 0.8883
158.050 0.0217 0.0783 0.8883
158.093 0.0231 0.0757 0.8697
158.133 0.0278 0.0747 0.8705
158.174 0.0273 0.0736 0.8705
158.213 0.0251 0.0753 0.8705
158.250 0.0232 0.0775 0.8645
158.294 0.0216 0.0757 0.8793
158.334 0.0199 0.0769 0.8793
158.374 0.0205 0.0739 0.8583
158.414 0.0184 0.0758 0.8793
158.453 0.0197 0.0790 0.8592
158.542 0.0205 0.0783 0.8583
158.575 0.0168 0.0755 0.8539
158.614 0.0159 0.0761 0.8702
158.654 0.0164 0.0819 0.8702
158.694 0.0156 0.0781 0.9002
158.734 0.0155 0.0789 0.8974
158.775 0.0154 0.0776 0.9110
158.815 0.0180 0.0748 0.8965
158.855 0.0153 0.0752 0.8583
158.895 0.0113 0.0776 0.8843
158.933 0.0083 0.0751 0.8583
158.976 0.0119 0.0761 0.9211
159.016 0.0087 0.0767 0.8583
159.056 0.0057 0.0758 0.8642
159.096 0.0064 0.0797 0.9131
159.133 0.0078 0.0778 0.8979
159.177 0.0096 0.0792 0.8829
159.217 0.0118 0.0752 0.8633
159.258 0.0114 0.0741 0.8543
159.297 0.0141 0.0762 0.8583
159.337 0.0112 0.0774 0.8583
159.378 0.0065 0.0755 0.8642
159.418 0.0144 0.0732 0.8633
159.458 0.0184 0.0720 0.8642
159.498 0.0241 0.0743 0.8539
159.538 0.0271 0.0769 0.8583
159.578 0.0313 0.0773 0.8319
159.619 0.0349 0.0752 0.8491
159.659 0.0364 0.0760 0.8705
159.699 0.0392 0.0761 0.8705
159.739 0.0408 0.0819 0.8705
159.777 0.0392 0.0812 0.8705
159.820 0.0349 0.0784 0.9087
159.860 0.0326 0.0789 0.9175
159.900 0.0267 0.0773 0.9175
159.939 0.0239 0.0789 0.9087
159.976 0.0198 0.0821 0.9175
160.021 0.0173 0.0810 0.9175
160.060 0.0158 0.0780 0.9175
160.101 0.0129 0.0771 0.9175
160.141 0.0114 0.0768 0.9175
160.180 0.0096 0.0796 0.9131
160.221 0.0093 0.0802 0.9131
160.261 0.0083 0.0766 0.8921
160.301 0.0101 0.0791 0.8921
160.342 0.0075 0.0773 0.8959
160.382 0.0074 0.0778 0.8921
160.421 0.0057 0.0785 0.8959
160.462 0.0063 0.0769 0.9003
160.503 0.0067 0.0769 0.9175
160.543 0.0071 0.0738 0.9175
160.582 0.0076 0.0767 0.9195
160.620 0.0068 0.0797 0.9303
160.664 0.0096 0.0799 0.9243
160.703 0.0136 0.0762 0.9003
160.743 0.0147 0.0747 0.9175
160.783 0.0135 0.0748 0.9003
160.820 0.0135 0.0802 0.9285
160.864 0.0171 0.0802 0.9023
160.904 0.0197 0.0800 0.9285
160.944 0.0217 0.0799 0.9165
160.984 0.0199 0.0787 0.9113
161.024 0.0207 0.0773 0.9113
161.064 0.0201 0.0809 0.9113
161.105 0.0228 0.0797 0.9113
161.144 0.0223 0.0785 0.9113
161.185 0.0227 0.0768 0.9113
161.224 0.0197 0.0733 0.9052
161.264 0.0217 0.0812 0.9093
161.305 0.0240 0.0824 0.9093
161.345 0.0238 0.0789 0.8962
161.385 0.0215 0.0766 0.8802
161.425 0.0206 0.0775 0.8870
161.463 0.0203 0.0793 0.8925
161.508 0.0216 0.0791 0.8973
161.547 0.0237 0.0856 0.8710
161.587 0.0221 0.0789 0.8766
161.627 0.0218 0.0784 0.8620
161.664 0.0201 0.0776 0.8620
161.708 0.0209 0.0795 0.8764
161.748 0.0224 0.0829 0.8457
161.788 0.0233 0.0807 0.8420
161.828 0.0205 0.0798 0.8510
161.867 0.0208 0.0762 0.8715
161.908 0.0173 0.0812 0.8420
161.948 0.0175 0.0829 0.8592
161.988 0.0208 0.0803 0.8592
162.028 0.0217 0.0790 0.8420
162.068 0.0228 0.0753 0.8875
162.108 0.0242 0.0753 0.8875
162.149 0.0239 0.0799 0.8711
162.189 0.0289 0.0811 0.8711
162.229 0.0294 0.0788 0.8761
162.269 0.0277 0.0754 0.8589
162.306 0.0287 0.0750 0.8589
162.350 0.0288 0.0774 0.8551
162.390 0.0278 0.0792 0.8779
162.430 0.0302 0.0812 0.8551
162.469 0.0280 0.0760 0.8551
162.507 0.0242 0.0727 0.8642
162.551 0.0208 0.0781 0.8677
162.591 0.0176 0.0833 0.8677
162.632 0.0183 0.0854 0.8677
162.671 0.0140 0.0807 0.8677
162.711 0.0130 0.0822 0.8555
162.752 0.0112 0.0772 0.8677
162.792 0.0130 0.0810 0.8677
162.832 0.0093 0.0821 0.8677
162.872 0.0092 0.0825 0.8677
162.911 0.0078 0.0755 0.8823
162.951 0.0067 0.0735 0.8177
162.992 0.0079 0.0820 0.8467
163.033 0.0053 0.0844 0.8677
163.073 0.0042 0.0829 0.8633
163.112 0.0053 0.0835 0.8677
163.150 0.0067 0.0836 0.8322
163.194 0.0046 0.0767 0.8633
163.233 0.0092 0.0834 0.8677
163.273 0.0051 0.0824 0.8677
163.313 0.0086 0.0781 0.8805
163.351 0.0091 0.0802 0.8333
163.394 0.0049 0.0754 0.8257
163.434 0.0082 0.0810 0.8677
163.474 0.0051 0.0828 0.8805
163.514 0.0075 0.0824 0.8467
163.554 0.0062 0.0781 0.8633
163.594 0.0066 0.0802 0.8555
163.634 0.0056 0.0774 0.8805
163.675 0.0056 0.0833 0.8677
163.715 0.0055 0.0833 0.8677
163.755 0.0049 0.0807 0.8467
163.795 0.0045 0.0837 0.8595
163.836 0.0057 0.0752 0.8633
163.876 0.0063 0.0796 0.8467
163.917 0.0050 0.0846 0.8677
163.956 0.0047 0.0809 0.8467
163.993 0.0059 0.0781 0.8633
164.038 0.0037 0.0829 0.8333
164.077 0.0053 0.0781 0.8467
164.117 0.0065 0.0829 0.8467
164.157 0.0038 0.0802 0.8807
164.194 0.0046 0.0810 0.8333
164.238 0.0053 0.0829 0.8333
164.278 0.0033 0.0735 0.8516
164.317 0.0056 0.0807 0.8467
164.357 0.0053 0.0835 0.8467
164.397 0.0098 0.0785 0.8677
164.438 0.0071 0.0839 0.8555
164.478 0.0059 0.0782 0.8345
164.518 0.0071 0.0810 0.8467
164.558 0.0050 0.0805 0.8677
164.598 0.0062 0.0847 0.8555
164.637 0.0043 0.0854 0.8555
164.679 0.0047 0.0767 0.8467
164.719 0.0078 0.0813 0.8555
164.759 0.0061 0.0791 0.8686
164.800 0.0042 0.0816 0.8677
164.838 0.0061 0.0823 0.8467
164.881 0.0060 0.0863 0.8373
164.921 0.0032 0.0811 0.8373
164.961 0.0059 0.0784 0.8467
165.000 0.0055 0.0845 0.8467
165.037 0.0082 0.0826 0.8467
165.081 0.0119 0.0832 0.8333
165.121 0.0131 0.0742 0.8467
165.161 0.0139 0.0783 0.8217
165.201 0.0165 0.0786 0.8633
165.241 0.0209 0.0844 0.8321
165.282 0.0236 0.0782 0.8467
165.322 0.0250 0.0795 0.8217
165.362 0.0233 0.0770 0.8347
165.402 0.0252 0.0785 0.8566
165.441 0.0234 0.0904 0.8567
165.481 0.0217 0.0817 0.8313
165.522 0.0207 0.0748 0.8412
165.562 0.0160 0.0770 0.8313
165.603 0.0136 0.0770 0.8273
165.642 0.0090 0.0805 0.8933
165.679 0.0080 0.0813 0.8383
165.723 0.0070 0.0792 0.8313
165.763 0.0033 0.0775 0.8583
165.803 0.0033 0.0795 0.8453
165.843 0.0047 0.0786 0.8313
165.881 0.0024 0.0793 0.9142
165.925 0.0047 0.0850 0.8411
165.965 0.0048 0.0766 0.8543
166.005 0.0038 0.0818 0.8413
166.044 0.0055 0.0762 0.8583
166.085 0.0075 0.0774 0.9117
166.125 0.0041 0.0797 0.8883
166.165 0.0059 0.0810 0.8943
166.205 0.0077 0.0821 0.8529
166.245 0.0093 0.0761 0.8363
166.285 0.0105 0.0775 0.9023
166.325 0.0089 0.0774 0.9023
166.365 0.0096 0.0775 0.8933
166.406 0.0132 0.0787 0.8363
166.446 0.0075 0.0774 0.8266
166.486 0.0090 0.0768 0.8883
166.523 0.0115 0.0818 0.8721
166.567 0.0102 0.0815 0.8733
166.607 0.0101 0.0806 0.8733
166.647 0.0078 0.0833 0.8361
166.686 0.0080 0.0768 0.8933
166.723 0.0088 0.0815 0.9029
166.768 0.0081 0.0768 0.8997
166.807 0.0070 0.0810 0.8733
166.848 0.0111 0.0748 0.8412
166.887 0.0105 0.0815 0.8609
166.927 0.0077 0.0832 0.8361
166.968 0.0088 0.0866 0.8413
167.008 0.0097 0.0820 0.8471
167.049 0.0119 0.0815 0.8609
167.089 0.0124 0.0831 0.8649
167.128 0.0133 0.0784 0.8500
167.168 0.0159 0.0814 0.8943
167.209 0.0155 0.0787 0.9140
167.250 0.0125 0.0829 0.8673
167.290 0.0119 0.0789 0.8519
167.329 0.0084 0.0778 0.8439
167.367 0.0099 0.0814 0.8566
167.411 0.0096 0.0851 0.8661
167.450 0.0110 0.0763 0.8611
167.490 0.0083 0.0799 0.8439
167.530 0.0067 0.0813 0.8439
167.567 0.0054 0.0789 0.8526
167.611 0.0106 0.0824 0.8479
167.651 0.0053 0.0836 0.8760
167.691 0.0084 0.0814 0.8566
167.731 0.0085 0.0802 0.8566
167.771 0.0097 0.0809 0.8526
167.811 0.0115 0.0845 0.8451
167.851 0.0139 0.0862 0.8483
167.892 0.0164 0.0809 0.8526
167.931 0.0189 0.0806 0.8476
167.971 0.0188 0.0789 0.8177
168.011 0.0262 0.0819 0.8189
168.052 0.0265 0.0834 0.8177
168.092 0.0314 0.0839 0.8177
168.133 0.0259 0.0823 0.8177
168.173 0.0235 0.0799 0.8357
168.210 0.0223 0.0789 0.8357
168.254 0.0217 0.0830 0.8319
168.294 0.0204 0.0839 0.8267
168.334 0.0203 0.0831 0.8319
168.374 0.0228 0.0799 0.8307
168.411 0.0174 0.0815 0.8177
168.455 0.0151 0.0801 0.8217
168.494 0.0164 0.0840 0.8369
168.535 0.0217 0.0837 0.8229
168.574 0.0223 0.0807 0.8319
168.614 0.0234 0.0757 0.8217
168.655 0.0229 0.0765 0.8257
168.695 0.0224 0.0790 0.8257
168.735 0.0228 0.0816 0.8257
168.775 0.0244 0.0829 0.8003
168.815 0.0225 0.0815 0.8053
168.854 0.0177 0.0783 0.8053
168.896 0.0175 0.0823 0.8013
168.936 0.0164 0.0859 0.8013
168.976 0.0191 0.0854 0.7893
169.016 0.0160 0.0796 0.7963
169.053 0.0140 0.0783 0.7963
169.097 0.0100 0.0783 0.7963
169.136 0.0112 0.0810 0.8173
169.177 0.0115 0.0836 0.8013
169.217 0.0141 0.0804 0.7983
169.254 0.0136 0.0797 0.7963
169.298 0.0126 0.0783 0.7983
169.338 0.0143 0.0808 0.8023
169.378 0.0126 0.0814 0.7963
169.418 0.0168 0.0810 0.7983
169.458 0.0153 0.0790 0.8299
169.498 0.0135 0.0817 0.7593
169.539 0.0124 0.0823 0.7983
169.579 0.0115 0.0823 0.8023
169.619 0.0125 0.0841 0.7803
169.658 0.0136 0.0813 0.7983
169.698 0.0153 0.0821 0.8023
169.739 0.0145 0.0785 0.7573
169.779 0.0151 0.0817 0.7573
169.819 0.0131 0.0851 0.7963
169.859 0.0165 0.0829 0.7593
169.897 0.0133 0.0797 0.7573
169.940 0.0123 0.0776 0.7573
169.980 0.0125 0.0792 0.7573
170.020 0.0132 0.0828 0.7684
170.060 0.0105 0.0826 0.7605
170.097 0.0121 0.0791 0.7573
170.141 0.0128 0.0816 0.7433
170.181 0.0092 0.0783 0.7605
170.221 0.0124 0.0802 0.7593
170.260 0.0113 0.0845 0.7593
170.301 0.0107 0.0845 0.7593
170.342 0.0081 0.0799 0.7661
170.382 0.0069 0.0774 0.7593
170.423 0.0089 0.0804 0.7684
170.462 0.0085 0.0831 0.7684
170.502 0.0100 0.0822 0.7815
170.542 0.0083 0.0791 0.7680
170.583 0.0071 0.0765 0.7593
170.623 0.0064 0.0797 0.7593
170.663 0.0079 0.0812 0.7684
170.702 0.0070 0.0842 0.7599
170.740 0.0079 0.0806 0.7843
170.784 0.0094 0.0805 0.7605
170.824 0.0094 0.0819 0.7843
170.864 0.0120 0.0791 0.7803
170.903 0.0165 0.0827 0.7565
170.941 0.0195 0.0827 0.7605
170.985 0.0197 0.0800 0.7605
171.024 0.0210 0.0793 0.7542
171.065 0.0207 0.0838 0.7643
171.104 0.0235 0.0800 0.8013
171.143 0.0250 0.0831 0.8013
171.185 0.0259 0.0795 0.8263
171.225 0.0243 0.0786 0.7993
171.265 0.0219 0.0757 0.8033
171.305 0.0177 0.0803 0.7993
171.345 0.0137 0.0815 0.7993
171.455 0.0130 0.0769 0.8033
171.506 0.0103 0.0784 0.8033
171.546 0.0092 0.0814 0.8033
171.586 0.0104 0.0818 0.8053
171.626 0.0082 0.0791 0.8313
171.664 0.0093 0.0804 0.7949
171.707 0.0076 0.0775 0.7739
171.747 0.0095 0.0804 0.7999
171.788 0.0092 0.0824 0.7949
171.827 0.0108 0.0811 0.7873
171.864 0.0101 0.0813 0.7999
171.907 0.0102 0.0813 0.7999
171.948 0.0088 0.0804 0.7999
171.988 0.0085 0.0812 0.8353
172.028 0.0113 0.0829 0.8303
172.067 0.0133 0.0827 0.7623
172.108 0.0157 0.0813 0.7739
172.149 0.0151 0.0811 0.7739
172.189 0.0158 0.0823 0.7817
172.229 0.0169 0.0850 0.7917
172.268 0.0197 0.0814 0.8123
172.308 0.0176 0.0806 0.8224
172.349 0.0131 0.0789 0.8224
172.389 0.0149 0.0837 0.8051
172.429 0.0125 0.0891 0.8673
172.469 0.0137 0.0902 0.8184
172.507 0.0100 0.0880 0.8124
172.550 0.0096 0.0805 0.8303
172.591 0.0066 0.0866 0.8450
172.631 0.0067 0.0879 0.8228
172.671 0.0063 0.0881 0.8228
172.708 0.0051 0.0881 0.8168
172.751 0.0048 0.0885 0.8136
172.792 0.0050 0.0881 0.8211
172.832 0.0054 0.0854 0.8076
172.871 0.0061 0.0883 0.8168
172.911 0.0071 0.0902 0.8076
172.953 0.0082 0.0873 0.8211
172.992 0.0089 0.0846 0.8076
173.033 0.0087 0.0860 0.8355
173.072 0.0102 0.0843 0.8617
173.111 0.0085 0.0860 0.8393
173.151 0.0076 0.0852 0.8413
173.193 0.0089 0.0854 0.8393
173.233 0.0085 0.0867 0.8096
173.273 0.0086 0.0859 0.8096
173.313 0.0087 0.0876 0.8395
173.350 0.0082 0.0910 0.8785
173.393 0.0089 0.0879 0.8168
173.434 0.0089 0.0815 0.8361
173.474 0.0082 0.0832 0.8393
173.513 0.0127 0.0848 0.8429
173.550 0.0158 0.0848 0.8393
173.594 0.0181 0.0844 0.8429
173.634 0.0204 0.0856 0.8343
173.675 0.0155 0.0820 0.8643
173.715 0.0169 0.0822 0.8643
173.754 0.0160 0.0815 0.8931
173.795 0.0233 0.0827 0.9010
173.836 0.0266 0.0822 0.8862
173.876 0.0265 0.0822 0.9020
173.916 0.0234 0.0823 0.8876
173.955 0.0219 0.0826 0.8895
173.995 0.0248 0.0825 0.8920
174.037 0.0231 0.0845 0.8381
174.077 0.0220 0.0836 0.8431
174.117 0.0212 0.0835 0.8431
174.156 0.0207 0.0856 0.8431
174.194 0.0200 0.0845 0.8431
174.238 0.0197 0.0857 0.8431
174.278 0.0120 0.0836 0.8431
174.318 0.0088 0.0836 0.8431
174.357 0.0096 0.0836 0.8431
174.394 0.0061 0.0862 0.8509
174.438 0.0082 0.0845 0.8431
174.478 0.0065 0.0849 0.8223
174.520 0.0051 0.0862 0.8299
174.650 0.0038 0.0862 0.8299
174.741 0.0026 0.0850 0.8499
174.799 0.0028 0.0848 0.8423
174.839 0.0028 0.0837 0.8259
174.880 0.0042 0.0850 0.8499
174.919 0.0054 0.0861 0.8147
174.959 0.0054 0.0837 0.8383
174.999 0.0040 0.0863 0.8161
175.040 0.0040 0.0861 0.8147
175.081 0.0047 0.0868 0.8509
175.121 0.0052 0.0861 0.8509
175.160 0.0072 0.0861 0.8175
175.197 0.0097 0.0863 0.8161
175.242 0.0084 0.0850 0.8499
175.281 0.0094 0.0886 0.8287
175.322 0.0110 0.0862 0.8234
175.361 0.0090 0.0858 0.8459
175.398 0.0091 0.0825 0.8285
175.443 0.0063 0.0836 0.8209
175.482 0.0061 0.0837 0.8431
175.522 0.0049 0.0858 0.8459
175.562 0.0027 0.0858 0.8459
175.602 0.0052 0.0871 0.8604
175.643 0.0044 0.0848 0.8423
175.682 0.0033 0.0870 0.8187
175.723 0.0025 0.0850 0.8499
175.763 0.0033 0.0871 0.8423
175.802 0.0054 0.0862 0.8263
175.842 0.0077 0.0861 0.8187
175.883 0.0078 0.0850 0.8499
175.924 0.0102 0.0861 0.8187
175.965 0.0094 0.0861 0.8187
176.004 0.0083 0.0855 0.8645
176.041 0.0095 0.0847 0.8473
176.086 0.0083 0.0836 0.8249
176.125 0.0085 0.0845 0.8249
176.165 0.0054 0.0868 0.8249
176.205 0.0046 0.0862 0.8249
176.242 0.0051 0.0862 0.8391
176.286 0.0077 0.0858 0.8718
176.326 0.0070 0.0836 0.8209
176.366 0.0081 0.0836 0.8209
176.405 0.0076 0.0872 0.8249
176.446 0.0087 0.0862 0.8234
176.486 0.0082 0.0851 0.8209
176.527 0.0063 0.0861 0.8183
176.567 0.0032 0.0845 0.8249
176.606 0.0055 0.0872 0.8234
176.646 0.0051 0.0845 0.8274
176.685 0.0099 0.0836 0.8209
176.727 0.0112 0.0848 0.8473
176.767 0.0111 0.0871 0.8604
176.807 0.0139 0.0862 0.8249
176.847 0.0129 0.0861 0.8509
176.884 0.0168 0.0871 0.8645
176.928 0.0184 0.0873 0.8589
176.969 0.0192 0.0855 0.8584
177.008 0.0201 0.0864 0.8473
177.048 0.0194 0.0871 0.8645
177.085 0.0238 0.0862 0.8249
177.130 0.0213 0.0862 0.8180
177.169 0.0182 0.0848 0.8578
177.209 0.0169 0.0848 0.8553
177.249 0.0176 0.0863 0.8501
177.290 0.0192 0.0863 0.8501
177.330 0.0196 0.0860 0.8229
177.370 0.0178 0.0874 0.8217
177.410 0.0149 0.0854 0.8257
177.450 0.0181 0.0863 0.8501
177.489 0.0149 0.0863 0.8501
177.529 0.0123 0.0805 0.8916
177.570 0.0118 0.0812 0.8718
177.610 0.0070 0.0826 0.8758
177.651 0.0093 0.0838 0.8758
177.690 0.0069 0.0840 0.8816
177.728 0.0077 0.0825 0.8718
177.772 0.0056 0.0858 0.8557
177.811 0.0071 0.0833 0.8566
177.852 0.0074 0.0847 0.8573
177.891 0.0061 0.0896 0.8573
177.929 0.0155 0.0833 0.8566
177.972 0.0183 0.0900 0.8226
178.011 0.0197 0.0900 0.8226
178.052 0.0217 0.0900 0.8226
178.092 0.0253 0.0866 0.8479
178.133 0.0283 0.0874 0.8243
178.174 0.0304 0.0894 0.8523
178.213 0.0338 0.0871 0.8316
178.253 0.0343 0.0871 0.8353
178.294 0.0302 0.0848 0.8277
178.340 0.0269 0.0871 0.8353
178.372 0.0291 0.0870 0.8603
178.414 0.0214 0.0862 0.8399
178.454 0.0180 0.0840 0.8397
178.494 0.0145 0.0850 0.8187
178.533 0.0109 0.0818 0.9039
178.571 0.0097 0.0863 0.9233
178.615 0.0084 0.0831 0.9126
178.655 0.0050 0.0818 0.9193
178.695 0.0049 0.0807 0.9193
178.734 0.0044 0.0804 0.8987
178.772 0.0039 0.0818 0.9076
178.816 0.0043 0.0813 0.9126
178.855 0.0054 0.0804 0.8987
178.896 0.0062 0.0795 0.9039
178.935 0.0054 0.0830 0.8717
178.975 0.0056 0.0836 0.8686
179.016 0.0083 0.0818 0.9213
179.056 0.0096 0.0854 0.8717
179.096 0.0082 0.0834 0.8686
179.136 0.0054 0.0815 0.8369
179.175 0.0048 0.0803 0.9115
179.216 0.0068 0.0797 0.9115
179.257 0.0076 0.0838 0.9074
179.298 0.0103 0.0827 0.8686
179.338 0.0112 0.0851 0.8517
179.377 0.0158 0.0836 0.8447
179.415 0.0171 0.0815 0.8517
179.459 0.0220 0.0823 0.9019
179.498 0.0268 0.0847 0.8517
179.539 0.0291 0.0788 0.8870
179.578 0.0331 0.0800 0.8421
179.615 0.0366 0.0818 0.8879
179.659 0.0340 0.0830 0.8701
179.699 0.0353 0.0828 0.9159
179.754 0.0379 0.0809 0.8683
179.779 0.0378 0.0781 0.8812
179.819 0.0372 0.0799 0.8983
179.859 0.0338 0.0827 0.8879
179.899 0.0271 0.0858 0.8843
179.939 0.0228 0.0807 0.8877
179.979 0.0204 0.0797 0.8877
180.019 0.0161 0.0792 0.9105
180.059 0.0088 0.0802 0.9096
180.100 0.0057 0.0821 0.8993
180.140 0.0062 0.0827 0.8877
180.180 0.0105 0.0810 0.8912
180.220 0.0124 0.0783 0.9105
180.258 0.0131 0.0778 0.9037
180.301 0.0114 0.0802 0.8903
180.342 0.0103 0.0815 0.9056
180.382 0.0080 0.0790 0.9046
180.422 0.0087 0.0807 0.8753
180.459 0.0062 0.0798 0.8761
180.503 0.0040 0.0823 0.8761
180.543 0.0047 0.0830 0.8709
180.583 0.0054 0.0814 0.8712
180.622 0.0101 0.0827 0.8383
180.662 0.0170 0.0814 0.8383
180.703 0.0190 0.0813 0.8766
180.743 0.0198 0.0802 0.9056
180.783 0.0230 0.0841 0.8843
180.823 0.0285 0.0794 0.8513
180.862 0.0294 0.0810 0.8713
180.902 0.0313 0.0789 0.8525
180.943 0.0325 0.0824 0.8677
180.984 0.0336 0.0815 0.8793
181.024 0.0356 0.0814 0.8795
181.064 0.0378 0.0825 0.8688
181.101 0.0343 0.0806 0.8893
181.144 0.0295 0.0818 0.8688
181.184 0.0244 0.0832 0.8648
181.225 0.0249 0.0829 0.8729
181.264 0.0240 0.0813 0.8812
181.301 0.0208 0.0796 0.8272
181.344 0.0183 0.0796 0.8272
181.385 0.0158 0.0822 0.8661
181.425 0.0123 0.0825 0.8804
181.466 0.0079 0.0825 0.8804
181.505 0.0085 0.0808 0.8648
181.546 0.0060 0.0791 0.8763
181.586 0.0052 0.0826 0.8529
181.627 0.0062 0.0848 0.8688
181.667 0.0098 0.0813 0.8685
181.706 0.0104 0.0813 0.8812
181.746 0.0112 0.0826 0.8751
181.787 0.0109 0.0793 0.8631
181.827 0.0152 0.0817 0.8922
181.867 0.0173 0.0825 0.8845
181.907 0.0220 0.0825 0.8922
181.944 0.0251 0.0801 0.8845
181.988 0.0277 0.0827 0.8488
182.028 0.0265 0.0812 0.8661
182.069 0.0266 0.0883 0.8529
182.109 0.0283 0.0821 0.8661
182.145 0.0291 0.0861 0.8722
182.188 0.0303 0.0793 0.8916
182.229 0.0303 0.0793 0.8916
182.269 0.0318 0.0812 0.8866
182.309 0.0301 0.0836 0.8700
182.348 0.0254 0.0827 0.8540
182.388 0.0229 0.0813 0.8833
182.429 0.0213 0.0793 0.8684
182.469 0.0181 0.0798 0.8596
182.509 0.0156 0.0796 0.8596
182.550 0.0143 0.0806 0.8926
182.590 0.0102 0.0806 0.8926
182.631 0.0058 0.0800 0.8826
182.671 0.0071 0.0838 0.8891
182.711 0.0052 0.0827 0.8540
182.751 0.0075 0.0821 0.8702
182.788 0.0065 0.0815 0.8702
182.832 0.0099 0.0830 0.8648
182.872 0.0126 0.0814 0.8555
182.914 0.0134 0.0809 0.8389
182.952 0.0204 0.0808 0.8702
182.989 0.0192 0.0821 0.8308
183.033 0.0243 0.0811 0.8682
183.073 0.0258 0.0837 0.8702
183.113 0.0275 0.0835 0.8644
183.152 0.0255 0.0848 0.8644
183.193 0.0252 0.0848 0.8604
183.233 0.0250 0.0838 0.8826
183.273 0.0249 0.0815 0.8393
183.313 0.0187 0.0791 0.8523
183.353 0.0145 0.0804 0.8494
183.393 0.0128 0.0819 0.8494
183.432 0.0103 0.0819 0.8494
183.474 0.0093 0.0818 0.8453
183.514 0.0078 0.0807 0.8489
183.554 0.0079 0.0785 0.8399
183.593 0.0059 0.0809 0.8494
183.632 0.0061 0.0835 0.8097
183.675 0.0057 0.0790 0.8230
183.716 0.0075 0.0798 0.8530
183.756 0.0081 0.0815 0.8429
183.797 0.0071 0.0843 0.8319
183.832 0.0040 0.0839 0.8097
183.877 0.0041 0.0805 0.8275
183.916 0.0045 0.0833 0.8281
183.956 0.0041 0.0833 0.8283
183.996 0.0035 0.0827 0.8097
184.036 0.0047 0.0822 0.8153
184.077 0.0068 0.0833 0.8470
184.117 0.0065 0.0803 0.8439
184.157 0.0085 0.0822 0.8331
184.197 0.0077 0.0804 0.8391
184.236 0.0105 0.0813 0.8341
184.276 0.0160 0.0856 0.8491
184.317 0.0180 0.0816 0.8573
184.357 0.0225 0.0802 0.8391
184.397 0.0242 0.0796 0.8117
184.437 0.0245 0.0821 0.8339
184.475 0.0290 0.0802 0.8605
184.519 0.0288 0.0848 0.8589
184.569 0.0266 0.0840 0.8383
184.598 0.0262 0.0797 0.8095
184.638 0.0251 0.0809 0.8181
184.675 0.0290 0.0842 0.8339
184.719 0.0266 0.0831 0.8459
184.759 0.0210 0.0821 0.8459
184.800 0.0159 0.0834 0.8319
184.840 0.0150 0.0821 0.8319
184.880 0.0117 0.0848 0.8319
184.920 0.0090 0.0857 0.8319
184.960 0.0058 0.0847 0.8319
185.000 0.0046 0.0835 0.8319
185.040 0.0035 0.0826 0.8319
185.079 0.0076 0.0826 0.8339
185.119 0.0089 0.0836 0.8319
185.161 0.0078 0.0830 0.8589
185.201 0.0074 0.0838 0.8319
185.308 0.0070 0.0838 0.8319
185.360 0.0047 0.0861 0.8319
185.397 0.0040 0.0828 0.8319
185.442 0.0054 0.0838 0.8319
185.482 0.0104 0.0828 0.8319
185.522 0.0161 0.0820 0.8319
185.561 0.0169 0.0828 0.8319
185.599 0.0181 0.0842 0.8319
185.643 0.0203 0.0828 0.8319
185.682 0.0242 0.0827 0.8319
185.722 0.0279 0.0817 0.8339
185.762 0.0325 0.0817 0.8339
185.802 0.0301 0.0840 0.8339
185.843 0.0337 0.0868 0.8479
185.883 0.0361 0.0791 0.8509
185.924 0.0339 0.0824 0.8289
185.964 0.0357 0.0796 0.8356
186.003 0.0307 0.0808 0.8432
186.043 0.0320 0.0818 0.8432
186.084 0.0280 0.0811 0.8461
186.125 0.0269 0.0812 0.8162
186.165 0.0273 0.0805 0.8481
186.204 0.0247 0.0830 0.8187
186.242 0.0217 0.0801 0.8715
186.286 0.0209 0.0807 0.8365
186.325 0.0187 0.0797 0.8315
186.365 0.0197 0.0795 0.8702
186.405 0.0217 0.0810 0.8315
186.442 0.0209 0.0824 0.8388
186.486 0.0196 0.0820 0.8403
186.526 0.0176 0.0805 0.8426
186.566 0.0179 0.0830 0.8368
186.606 0.0204 0.0817 0.8406
186.646 0.0197 0.0814 0.8406
186.687 0.0211 0.0808 0.8406
186.726 0.0232 0.0836 0.8406
186.767 0.0295 0.0807 0.8368
186.807 0.0315 0.0813 0.8256
186.846 0.0292 0.0817 0.8426
186.885 0.0317 0.0840 0.8306
186.927 0.0298 0.0884 0.8633
186.967 0.0315 0.0840 0.8494
187.008 0.0320 0.0842 0.8432
187.048 0.0310 0.0836 0.8845
187.086 0.0294 0.0842 0.8641
187.129 0.0256 0.0842 0.8641
187.169 0.0232 0.0842 0.8641
187.209 0.0218 0.0834 0.8609
187.249 0.0171 0.0821 0.8609
187.286 0.0136 0.0835 0.8609
187.330 0.0104 0.0840 0.8458
187.369 0.0097 0.0849 0.8795
187.410 0.0071 0.0804 0.8295
187.449 0.0079 0.0786 0.8593
187.489 0.0050 0.0818 0.8486
187.530 0.0070 0.0823 0.8585
187.570 0.0089 0.0814 0.8385
187.610 0.0106 0.0823 0.8585
187.650 0.0105 0.0823 0.8585
187.690 0.0076 0.0822 0.8498
187.729 0.0082 0.0807 0.8505
187.771 0.0080 0.0814 0.8385
187.811 0.0074 0.0823 0.8315
187.851 0.0074 0.0787 0.8629
187.890 0.0070 0.0813 0.8355
187.928 0.0046 0.0794 0.8539
187.972 0.0049 0.0812 0.8479
188.012 0.0086 0.0822 0.8478
188.052 0.0086 0.0822 0.8509
188.092 0.0085 0.0824 0.8276
188.130 0.0122 0.0818 0.8625
188.174 0.0111 0.0826 0.8193
188.213 0.0112 0.0818 0.8576
188.253 0.0084 0.0812 0.8479
188.293 0.0072 0.0801 0.8479
188.333 0.0073 0.0832 0.8500
188.374 0.0101 0.0787 0.8569
188.414 0.0128 0.0801 0.8569
188.454 0.0112 0.0867 0.8410
188.494 0.0147 0.0813 0.8585
188.533 0.0176 0.0807 0.8365
188.573 0.0176 0.0813 0.8355
188.614 0.0170 0.0802 0.8426
188.654 0.0145 0.0867 0.8152
188.694 0.0107 0.0839 0.8208
188.734 0.0110 0.0813 0.8355
188.772 0.0239 0.0802 0.8295
188.816 0.0419 0.0779 0.8275
188.855 0.0545 0.0827 0.8239
188.895 0.0686 0.0861 0.8239
188.935 0.0783 0.0838 0.8355
188.972 0.0874 0.0811 0.8399
189.016 0.0982 0.0820 0.8160
189.056 0.1054 0.0809 0.8219
189.096 0.1145 0.0846 0.8240
189.136 0.1211 0.0819 0.8187
189.176 0.1189 0.0803 0.8432
189.217 0.1137 0.0739 0.8309
189.257 0.1095 0.0804 0.8391
189.298 0.1019 0.0861 0.8441
189.337 0.0949 0.0838 0.8432
189.377 0.0859 0.0765 0.8365
189.417 0.0782 0.0753 0.8099
189.458 0.0704 0.0742 0.8348
189.498 0.0635 0.0765 0.8050
189.538 0.0552 0.0797 0.8749
189.578 0.0479 0.0764 0.8657
189.615 0.0363 0.0775 0.8523
189.659 0.0288 0.0750 0.8936
189.699 0.0250 0.0818 0.8731
189.739 0.0201 0.0840 0.8731
189.778 0.0141 0.0821 0.8379
189.816 0.0099 0.0818 0.8695
189.860 0.0066 0.0784 0.8726
189.899 0.0069 0.0785 0.8735
189.939 0.0074 0.0794 0.8735
189.979 0.0073 0.0794 0.8735
190.019 0.0078 0.0797 0.8821
190.060 0.0096 0.0805 0.8785
190.100 0.0062 0.0797 0.8821
190.140 0.0053 0.0792 0.8781
190.180 0.0049 0.0844 0.8785
190.219 0.0055 0.0833 0.8731
190.259 0.0068 0.0825 0.8439
190.300 0.0043 0.0775 0.8771
190.342 0.0050 0.0807 0.8596
190.382 0.0049 0.0799 0.8611
190.421 0.0054 0.0807 0.8611
190.459 0.0066 0.0832 0.8821
190.503 0.0075 0.0775 0.8771
190.542 0.0074 0.0809 0.8771
190.583 0.0078 0.0796 0.8771
190.622 0.0056 0.0821 0.8735
190.659 0.0054 0.0809 0.8735
190.703 0.0050 0.0808 0.8485
190.743 0.0034 0.0787 0.8521
190.783 0.0030 0.0777 0.8521
190.823 0.0023 0.0813 0.8379
190.863 0.0041 0.0819 0.8379
190.904 0.0072 0.0802 0.8379
190.943 0.0072 0.0803 0.8781
190.984 0.0074 0.0818 0.8521
191.024 0.0073 0.0783 0.8731
191.063 0.0069 0.0822 0.8735
191.103 0.0067 0.0788 0.8771
191.144 0.0060 0.0788 0.8711
191.184 0.0060 0.0808 0.8821
191.224 0.0056 0.0777 0.8821
191.264 0.0064 0.0796 0.8711
191.302 0.0053 0.0820 0.8821
191.345 0.0042 0.0796 0.8761
191.385 0.0042 0.0775 0.8571
191.425 0.0040 0.0800 0.8571
191.466 0.0115 0.0775 0.8571
191.503 0.0127 0.0822 0.8611
191.547 0.0136 0.0783 0.8611
191.586 0.0107 0.0788 0.8571
191.627 0.0099 0.0776 0.8523
191.666 0.0118 0.0790 0.8313
191.706 0.0111 0.0835 0.8289
191.747 0.0113 0.0810 0.8559
191.787 0.0138 0.0824 0.8269
191.827 0.0144 0.0800 0.8349
191.867 0.0160 0.0793 0.8671
191.907 0.0152 0.0842 0.8210
191.946 0.0097 0.0806 0.8495
191.988 0.0110 0.0806 0.8149
192.028 0.0106 0.0757 0.8443
192.068 0.0097 0.0749 0.8379
192.108 0.0092 0.0757 0.8443
192.145 0.0076 0.0823 0.8499
192.190 0.0071 0.0831 0.8079
192.229 0.0041 0.0816 0.8301
192.269 0.0055 0.0824 0.8169
192.308 0.0044 0.0804 0.8553
192.346 0.0040 0.0768 0.8113
192.390 0.0043 0.0791 0.8559
192.429 0.0033 0.0753 0.8443
192.469 0.0028 0.0761 0.8443
192.509 0.0048 0.0812 0.8011
192.550 0.0034 0.0772 0.8319
192.591 0.0033 0.0777 0.8559
192.631 0.0027 0.0788 0.8407
192.671 0.0020 0.0825 0.8269
192.711 0.0040 0.0788 0.8281
192.750 0.0033 0.0768 0.8249
192.790 0.0032 0.0773 0.8443
192.831 0.0025 0.0837 0.8499
192.872 0.0044 0.0811 0.8561
192.912 0.0037 0.0760 0.8407
192.951 0.0039 0.0764 0.8523
192.989 0.0058 0.0785 0.8523
193.033 0.0046 0.0789 0.8443
193.072 0.0058 0.0775 0.8523
193.112 0.0037 0.0795 0.8025
193.152 0.0041 0.0770 0.8313
193.189 0.0041 0.0732 0.8103
193.233 0.0050 0.0826 0.8499
193.273 0.0059 0.0780 0.8443
193.313 0.0049 0.0814 0.8499
193.353 0.0037 0.0760 0.8499
193.393 0.0041 0.0769 0.8559
193.433 0.0054 0.0766 0.8379
193.473 0.0051 0.0800 0.8443
193.513 0.0061 0.0788 0.8443
193.554 0.0160 0.0775 0.8559
193.593 0.0192 0.0810 0.8511
193.633 0.0295 0.0775 0.8523
193.675 0.0359 0.0788 0.8559
193.715 0.0431 0.0784 0.8559
193.755 0.0467 0.0814 0.8511
193.795 0.0530 0.0783 0.8499
193.833 0.0560 0.0796 0.8771
193.876 0.0585 0.0786 0.8735
193.916 0.0594 0.0822 0.8695
193.956 0.0625 0.0821 0.8523
193.995 0.0637 0.0838 0.8725
194.032 0.0629 0.0814 0.8645
194.076 0.0603 0.0812 0.8655
194.116 0.0582 0.0794 0.8771
194.157 0.0590 0.0813 0.8655
194.196 0.0593 0.0804 0.8793
194.235 0.0599 0.0816 0.8731
194.277 0.0593 0.0810 0.8683
194.317 0.0590 0.0805 0.8767
194.357 0.0601 0.0836 0.8713
194.397 0.0606 0.0836 0.8710
194.436 0.0599 0.0792 0.9054
194.476 0.0602 0.0819 0.8372
194.517 0.0547 0.0858 0.8516
194.558 0.0531 0.0879 0.8223
194.598 0.0507 0.0865 0.8307
194.637 0.0459 0.0858 0.8427
194.675 0.0398 0.0829 0.8925
194.718 0.0364 0.0823 0.8642
194.759 0.0374 0.0843 0.8307
194.800 0.0360 0.0837 0.8447
194.839 0.0323 0.0825 0.8841
194.876 0.0311 0.0844 0.8517
194.919 0.0343 0.0843 0.8359
194.960 0.0391 0.0843 0.8517
195.000 0.0391 0.0845 0.8566
195.040 0.0409 0.0857 0.8541
195.079 0.0436 0.0845 0.8541
195.119 0.0455 0.0845 0.8566
195.161 0.0520 0.0835 0.8616
195.201 0.0546 0.0844 0.8791
195.241 0.0530 0.0844 0.8791
195.280 0.0536 0.0844 0.8671
195.320 0.0542 0.0859 0.8543
195.361 0.0555 0.0851 0.8592
195.402 0.0595 0.0852 0.8726
195.441 0.0557 0.0841 0.8665
195.481 0.0535 0.0880 0.8665
195.518 0.0551 0.0839 0.8726
195.561 0.0507 0.0876 0.8685
195.602 0.0508 0.0840 0.8726
195.642 0.0473 0.0850 0.8776
195.682 0.0416 0.0879 0.8841
195.719 0.0420 0.0844 0.9100
195.763 0.0378 0.0844 0.9130
195.803 0.0344 0.0832 0.9130
195.843 0.0350 0.0844 0.9130
195.883 0.0310 0.0852 0.9078
195.923 0.0254 0.0856 0.8406
195.963 0.0281 0.0849 0.8566
196.004 0.0265 0.0856 0.8616
196.044 0.0252 0.0845 0.8617
196.084 0.0243 0.0849 0.8706
196.124 0.0193 0.0858 0.8706
196.163 0.0200 0.0868 0.8616
196.205 0.0195 0.0861 0.8523
196.245 0.0201 0.0869 0.8319
196.289 0.0241 0.0868 0.8706
196.324 0.0250 0.0864 0.8572
196.362 0.0233 0.0889 0.8445
196.406 0.0224 0.0870 0.8319
196.446 0.0159 0.0882 0.8319
196.486 0.0150 0.0850 0.8451
196.526 0.0170 0.0890 0.8495
196.562 0.0177 0.0877 0.8425
196.605 0.0185 0.0877 0.8425
196.646 0.0168 0.0867 0.8699
196.687 0.0134 0.0866 0.8713
196.726 0.0133 0.0867 0.8699
196.765 0.0124 0.0872 0.8585
196.806 0.0093 0.0879 0.8809
196.847 0.0109 0.0872 0.8565
196.887 0.0139 0.0872 0.8565
196.927 0.0168 0.0855 0.8599
196.967 0.0162 0.0879 0.8335
197.007 0.0136 0.0859 0.8625
197.048 0.0122 0.0870 0.8399
197.089 0.0127 0.0855 0.8363
197.129 0.0144 0.0869 0.8363
197.168 0.0170 0.0869 0.8479
197.205 0.0149 0.0870 0.8479
197.249 0.0129 0.0879 0.8227
197.290 0.0126 0.0870 0.8479
197.330 0.0125 0.0870 0.8479
197.369 0.0120 0.0856 0.8479
197.406 0.0102 0.0879 0.8129
197.449 0.0123 0.0873 0.8036
197.490 0.0161 0.0876 0.8036
197.530 0.0139 0.0863 0.8036
197.570 0.0123 0.0862 0.8016
197.609 0.0114 0.0875 0.8016
197.651 0.0110 0.0888 0.7996
197.691 0.0135 0.0886 0.8156
197.731 0.0160 0.0867 0.8272
197.770 0.0173 0.0862 0.8175
197.810 0.0186 0.0839 0.8175
197.850 0.0178 0.0864 0.8016
197.891 0.0195 0.0868 0.8175
197.931 0.0141 0.0839 0.8175
197.972 0.0162 0.0869 0.7182
198.011 0.0145 0.0877 0.7332
198.049 0.0129 0.0860 0.8200
198.093 0.0138 0.0879 0.8080
198.133 0.0126 0.0894 0.7134
198.173 0.0116 0.0927 0.7236
198.213 0.0077 0.0890 0.7332
198.250 0.0045 0.0904 0.7602
198.294 0.0059 0.0927 0.7506
198.334 0.0049 0.0882 0.8248
198.374 0.0041 0.0903 0.7542
198.413 0.0047 0.0859 0.7396
198.454 0.0063 0.0869 0.7182
198.494 0.0048 0.0884 0.8037
198.534 0.0047 0.0913 0.7602
198.574 0.0044 0.0870 0.7476
198.614 0.0077 0.0896 0.7602
198.654 0.0063 0.0859 0.7396
198.693 0.0079 0.0866 0.7456
198.735 0.0089 0.0897 0.7476
198.775 0.0062 0.0927 0.7506
198.815 0.0074 0.0859 0.7436
198.855 0.0048 0.0874 0.7476
198.892 0.0040 0.0874 0.7476
198.936 0.0034 0.0917 0.7646
198.976 0.0037 0.0902 0.7666
199.016 0.0039 0.0904 0.7666
199.055 0.0047 0.0859 0.7456
199.092 0.0022 0.0885 0.7602
199.136 0.0033 0.0883 0.7666
199.176 0.0034 0.0949 0.7570
199.217 0.0047 0.0903 0.7570
199.257 0.0044 0.0896 0.7476
199.297 0.0042 0.0881 0.7666
199.338 0.0081 0.0880 0.7476
199.378 0.0058 0.0900 0.7666
199.418 0.0062 0.0901 0.7602
199.458 0.0065 0.0861 0.7566
199.497 0.0069 0.0876 0.7372
199.537 0.0073 0.0856 0.7566
199.578 0.0067 0.0876 0.7316
199.619 0.0058 0.0903 0.8447
199.659 0.0074 0.0933 0.7412
199.698 0.0064 0.0876 0.7412
199.736 0.0050 0.0898 0.7856
199.780 0.0068 0.0887 0.7916
199.819 0.0048 0.0842 0.8899
199.859 0.0043 0.0897 0.7856
199.899 0.0050 0.0875 0.7936
199.936 0.0045 0.0885 0.7916
199.979 0.0031 0.0894 0.7626
200.020 0.0062 0.0889 0.8126
200.060 0.0056 0.0897 0.8295
200.100 0.0053 0.0915 0.7635
200.139 0.0062 0.0875 0.8206
200.180 0.0046 0.0885 0.7916
200.220 0.0075 0.0884 0.7916
200.260 0.0059 0.0910 0.7615
200.300 0.0052 0.0900 0.8296
200.341 0.0085 0.0888 0.8126
200.380 0.0061 0.0884 0.8052
200.422 0.0039 0.0869 0.7373
200.462 0.0051 0.0875 0.7936
200.502 0.0048 0.0882 0.8219
200.542 0.0030 0.0889 0.8126
200.579 0.0037 0.0889 0.8126
200.622 0.0039 0.0886 0.8159
200.663 0.0040 0.0879 0.8159
200.703 0.0053 0.0893 0.8219
200.742 0.0053 0.0885 0.8159
200.780 0.0046 0.0885 0.8159
200.823 0.0045 0.0885 0.8159
200.863 0.0047 0.0885 0.8159
200.903 0.0065 0.0895 0.8159
200.943 0.0072 0.0881 0.8387
200.982 0.0086 0.0896 0.8355
201.024 0.0085 0.0875 0.8215
201.064 0.0084 0.0866 0.8275
201.104 0.0097 0.0891 0.8275
201.144 0.0102 0.0876 0.8215
201.183 0.0100 0.0873 0.8327
201.223 0.0084 0.0866 0.8275
201.264 0.0080 0.0839 0.8605
201.305 0.0062 0.0864 0.8275
201.345 0.0104 0.0869 0.8327
201.384 0.0091 0.0876 0.8215
201.423 0.0079 0.0846 0.8215
201.466 0.0046 0.0855 0.8171
201.507 0.0056 0.0834 0.8283
201.547 0.0037 0.0871 0.8275
201.586 0.0044 0.0870 0.8327
201.623 0.0043 0.0877 0.8215
201.668 0.0057 0.0845 0.8569
201.707 0.0078 0.0834 0.8171
201.747 0.0056 0.0834 0.8283
201.787 0.0071 0.0849 0.8232
201.826 0.0091 0.0846 0.8215
201.867 0.0151 0.0834 0.8171
201.908 0.0128 0.0846 0.8215
201.948 0.0151 0.0834 0.8171
201.988 0.0151 0.0846 0.8215
202.027 0.0160 0.0845 0.8549
202.067 0.0145 0.0850 0.8232
202.108 0.0128 0.0850 0.8211
202.148 0.0115 0.0852 0.8295
202.189 0.0109 0.0853 0.8235
202.228 0.0079 0.0871 0.8295
202.265 0.0076 0.0882 0.8295
202.310 0.0074 0.0845 0.8125
202.349 0.0050 0.0829 0.8009
202.389 0.0067 0.0902 0.7906
202.429 0.0066 0.0890 0.7906
202.467 0.0039 0.0896 0.7845
202.510 0.0069 0.0890 0.7906
202.550 0.0067 0.0877 0.8037
202.591 0.0049 0.0877 0.8037
202.630 0.0069 0.0875 0.8037
202.669 0.0047 0.0892 0.8080
202.710 0.0082 0.0929 0.7926
202.751 0.0079 0.0877 0.8037
202.791 0.0065 0.0877 0.8037
202.831 0.0082 0.0875 0.8037
202.871 0.0085 0.0890 0.7906
202.910 0.0131 0.0890 0.7906
202.952 0.0169 0.0885 0.8025
202.992 0.0186 0.0835 0.8235
203.032 0.0214 0.0868 0.7976
203.072 0.0263 0.0872 0.8255
203.109 0.0290 0.0885 0.8315
203.153 0.0315 0.0885 0.8355
203.193 0.0330 0.0850 0.8379
203.233 0.0280 0.0841 0.8638
203.272 0.0337 0.0842 0.8379
203.309 0.0296 0.0841 0.8638
203.353 0.0313 0.0869 0.8602
203.393 0.0338 0.0842 0.8359
203.433 0.0359 0.0842 0.8659
203.473 0.0333 0.0841 0.8659
203.512 0.0322 0.0841 0.8599
203.554 0.0353 0.0842 0.8599
203.594 0.0359 0.0851 0.8599
203.634 0.0358 0.0846 0.8339
203.675 0.0340 0.0846 0.8117
203.714 0.0336 0.0846 0.8117
203.754 0.0294 0.0857 0.8117
203.795 0.0327 0.0850 0.8327
203.836 0.0331 0.0840 0.8066
203.875 0.0306 0.0861 0.8137
203.915 0.0240 0.0835 0.8109
203.952 0.0229 0.0822 0.8219
203.997 0.0233 0.0838 0.8451
204.036 0.0218 0.0822 0.8219
204.076 0.0214 0.0833 0.8247
204.116 0.0249 0.0821 0.8656
204.153 0.0225 0.0819 0.8071
204.197 0.0244 0.0812 0.8292
204.237 0.0253 0.0836 0.8456
204.277 0.0251 0.0801 0.8292
204.317 0.0244 0.0823 0.8234
204.356 0.0252 0.0805 0.8666
204.398 0.0277 0.0813 0.8666
204.437 0.0284 0.0857 0.8406
204.478 0.0322 0.0816 0.8223
204.518 0.0333 0.0831 0.8406
204.557 0.0319 0.0804 0.8406
204.597 0.0304 0.0842 0.8604
204.638 0.0291 0.0866 0.8447
204.678 0.0305 0.0843 0.8447
204.719 0.0326 0.0847 0.8262
204.758 0.0343 0.0841 0.8435
204.796 0.0355 0.0848 0.8316
204.839 0.0314 0.0864 0.8376
204.880 0.0331 0.0843 0.8415
204.920 0.0314 0.0858 0.8607
204.960 0.0327 0.0846 0.8519
204.997 0.0311 0.0846 0.8519
205.040 0.0319 0.0835 0.8359
205.080 0.0278 0.0848 0.7964
205.120 0.0289 0.0889 0.8315
205.160 0.0284 0.0869 0.8147
205.199 0.0278 0.0818 0.8223
205.240 0.0250 0.0841 0.8359
205.281 0.0222 0.0820 0.8566
205.321 0.0229 0.0834 0.8615
205.361 0.0230 0.0849 0.8697
205.400 0.0242 0.0855 0.8359
205.440 0.0208 0.0826 0.8359
205.481 0.0181 0.0810 0.8353
205.522 0.0183 0.0841 0.8353
205.562 0.0216 0.0819 0.8353
205.601 0.0230 0.0836 0.8487
205.639 0.0258 0.0828 0.8566
205.682 0.0283 0.0823 0.8331
205.722 0.0316 0.0839 0.8566
205.763 0.0366 0.0839 0.8566
205.802 0.0409 0.0832 0.8331
205.840 0.0421 0.0833 0.8387
205.883 0.0449 0.0837 0.8359
205.924 0.0483 0.0839 0.8541
205.964 0.0515 0.0842 0.8501
206.004 0.0543 0.0832 0.8677
206.043 0.0525 0.0851 0.7983
206.084 0.0542 0.0823 0.8147
206.125 0.0545 0.0827 0.8643
206.165 0.0532 0.0830 0.8547
206.204 0.0513 0.0850 0.8473
206.244 0.0445 0.0840 0.8547
206.284 0.0413 0.0846 0.8547
206.325 0.0422 0.0808 0.8453
206.365 0.0393 0.0839 0.8357
206.405 0.0394 0.0835 0.8731
206.445 0.0382 0.0829 0.8407
206.482 0.0377 0.0830 0.8087
206.525 0.0396 0.0827 0.8235
206.566 0.0363 0.0826 0.8260
206.606 0.0368 0.0827 0.8363
206.646 0.0356 0.0795 0.8363
206.683 0.0349 0.0798 0.8260
206.727 0.0402 0.0796 0.8363
206.767 0.0381 0.0758 0.8444
206.807 0.0372 0.0784 0.8444
206.846 0.0344 0.0805 0.8444
206.886 0.0310 0.0780 0.8444
206.927 0.0313 0.0769 0.8431
206.967 0.0299 0.0776 0.8171
207.008 0.0264 0.0785 0.8421
207.048 0.0277 0.0777 0.8431
207.088 0.0246 0.0802 0.8369
207.127 0.0232 0.0800 0.8430
207.169 0.0210 0.0800 0.8208
207.209 0.0182 0.0788 0.8185
207.249 0.0190 0.0798 0.8185
207.288 0.0148 0.0811 0.8333
207.326 0.0149 0.0801 0.8208
207.369 0.0149 0.0788 0.8185
207.410 0.0140 0.0781 0.8185
207.450 0.0132 0.0781 0.8185
207.489 0.0119 0.0810 0.8263
207.527 0.0132 0.0788 0.8185
207.570 0.0148 0.0781 0.8185
207.610 0.0168 0.0781 0.8185
207.650 0.0196 0.0770 0.8210
207.690 0.0201 0.0801 0.8210
207.729 0.0214 0.0784 0.8208
207.770 0.0263 0.0773 0.8210
207.811 0.0273 0.0781 0.8210
207.851 0.0297 0.0777 0.8444
207.891 0.0295 0.0788 0.8551
207.930 0.0294 0.0806 0.8488
207.970 0.0343 0.0795 0.8491
208.011 0.0302 0.0792 0.8241
208.051 0.0315 0.0795 0.8229
208.092 0.0308 0.0803 0.8289
208.132 0.0262 0.0797 0.8389
208.169 0.0251 0.0799 0.8379
208.214 0.0240 0.0799 0.8289
208.253 0.0226 0.0796 0.8389
208.293 0.0205 0.0799 0.8432
208.333 0.0191 0.0807 0.8432
208.370 0.0174 0.0800 0.8491
208.413 0.0174 0.0779 0.8660
208.454 0.0150 0.0790 0.8591
208.494 0.0154 0.0765 0.8557
208.534 0.0118 0.0777 0.8599
208.573 0.0106 0.0789 0.8432
208.613 0.0106 0.0829 0.8617
208.655 0.0083 0.0807 0.8432
208.695 0.0078 0.0796 0.8432
208.735 0.0047 0.0797 0.8432
208.774 0.0044 0.0816 0.8617
208.813 0.0027 0.0798 0.9027
208.855 0.0031 0.0832 0.8617
208.895 0.0036 0.0823 0.8617
208.935 0.0034 0.0797 0.8391
208.975 0.0044 0.0812 0.8617
209.012 0.0047 0.0812 0.8617
209.057 0.0046 0.0817 0.8617
209.096 0.0082 0.0807 0.8617
209.136 0.0061 0.0802 0.8617
209.176 0.0069 0.0760 0.8569
209.213 0.0078 0.0810 0.8617
209.258 0.0055 0.0814 0.8617
209.298 0.0042 0.0803 0.8617
209.338 0.0034 0.0817 0.8617
209.377 0.0045 0.0810 0.8391
209.416 0.0044 0.0800 0.8617
209.458 0.0048 0.0777 0.8247
209.498 0.0065 0.0812 0.8617
209.538 0.0060 0.0800 0.8432
209.578 0.0031 0.0764 0.8423
209.617 0.0045 0.0759 0.8307
209.657 0.0070 0.0817 0.8617
209.698 0.0085 0.0829 0.8617
209.739 0.0101 0.0803 0.8617
209.779 0.0105 0.0780 0.8655
209.818 0.0123 0.0800 0.8617
209.856 0.0118 0.0814 0.8292
209.899 0.0132 0.0795 0.8655
209.939 0.0116 0.0829 0.8353
209.980 0.0107 0.0789 0.8416
210.019 0.0106 0.0790 0.8376
210.056 0.0087 0.0775 0.8399
210.099 0.0064 0.0815 0.8429
210.140 0.0046 0.0832 0.8691
210.180 0.0037 0.0793 0.8429
210.220 0.0030 0.0797 0.8827
210.259 0.0033 0.0808 0.8408
210.300 0.0035 0.0818 0.8481
210.341 0.0025 0.0831 0.8437
210.382 0.0032 0.0847 0.8393
210.422 0.0062 0.0822 0.8143
210.461 0.0063 0.0818 0.8827
210.501 0.0059 0.0796 0.8388
210.542 0.0058 0.0820 0.8751
210.582 0.0068 0.0818 0.8481
210.642 0.0069 0.0805 0.8272
210.662 0.0073 0.0800 0.8143
210.699 0.0073 0.0803 0.8408
210.742 0.0052 0.0834 0.8617
210.783 0.0042 0.0812 0.8678
210.823 0.0051 0.0798 0.8562
210.863 0.0075 0.0798 0.8678
210.900 0.0073 0.0803 0.8408
210.943 0.0081 0.0807 0.8320
210.983 0.0068 0.0831 0.8466
211.024 0.0077 0.0820 0.8422
211.063 0.0078 0.0820 0.8637
211.103 0.0061 0.0807 0.8498
211.144 0.0035 0.0794 0.8602
211.184 0.0035 0.0808 0.8320
211.224 0.0044 0.0840 0.8663
211.264 0.0060 0.0818 0.8751
211.304 0.0054 0.0800 0.8143
211.343 0.0066 0.0791 0.8477
211.384 0.0128 0.0806 0.8623
211.425 0.0196 0.0815 0.8277
211.466 0.0265 0.0829 0.8613
211.505 0.0288 0.0826 0.8653
211.543 0.0305 0.0836 0.8213
211.586 0.0335 0.0824 0.8595
211.626 0.0402 0.0813 0.8653
211.667 0.0428 0.0831 0.8653
211.706 0.0463 0.0853 0.8575
211.743 0.0491 0.0822 0.8204
211.786 0.0565 0.0822 0.8413
211.827 0.0569 0.0811 0.8463
211.867 0.0581 0.0844 0.8193
211.907 0.0591 0.0821 0.8461
211.946 0.0599 0.0850 0.7893
211.987 0.0605 0.0873 0.7966
212.028 0.0570 0.0873 0.8216
212.068 0.0601 0.0855 0.8096
212.108 0.0585 0.0864 0.8390
212.147 0.0569 0.0862 0.8415
212.187 0.0532 0.0822 0.8598
212.228 0.0498 0.0843 0.8388
212.269 0.0440 0.0865 0.8497
212.309 0.0397 0.0874 0.8300
212.348 0.0356 0.0844 0.8300
212.385 0.0327 0.0844 0.8300
212.428 0.0242 0.0845 0.8365
212.469 0.0195 0.0828 0.8415
212.509 0.0193 0.0832 0.8310
212.550 0.0147 0.0857 0.8475
212.587 0.0126 0.0836 0.8289
212.630 0.0089 0.0811 0.8459
212.671 0.0085 0.0836 0.8745
212.711 0.0088 0.0826 0.8429
212.751 0.0076 0.0831 0.8797
212.790 0.0091 0.0853 0.8470
212.830 0.0132 0.0843 0.8469
212.871 0.0107 0.0839 0.8459
212.911 0.0093 0.0823 0.8745
212.951 0.0121 0.0825 0.8590
212.991 0.0074 0.0864 0.8459
213.030 0.0081 0.0839 0.8459
213.072 0.0045 0.0851 0.8459
213.112 0.0057 0.0843 0.8745
213.152 0.0082 0.0841 0.8745
213.192 0.0095 0.0846 0.8310
213.229 0.0090 0.0836 0.8430
213.273 0.0103 0.0830 0.8300
213.313 0.0053 0.0790 0.8590
213.353 0.0060 0.0800 0.8459
213.392 0.0067 0.0808 0.8310
213.429 0.0099 0.0838 0.8598
213.473 0.0099 0.0814 0.8613
213.513 0.0107 0.0790 0.8624
213.553 0.0096 0.0819 0.8598
213.593 0.0104 0.0840 0.8530
213.633 0.0104 0.0835 0.8407
213.675 0.0112 0.0843 0.9005
213.715 0.0090 0.0833 0.8530
213.755 0.0073 0.0807 0.8739
213.795 0.0066 0.0805 0.8800
213.834 0.0069 0.0818 0.8787
213.874 0.0079 0.0844 0.8629
213.915 0.0083 0.0819 0.8749
213.956 0.0085 0.0822 0.8800
213.996 0.0090 0.0761 0.8629
214.035 0.0056 0.0826 0.9005
214.072 0.0044 0.0844 0.8629
214.117 0.0040 0.0829 0.8669
214.157 0.0047 0.0804 0.8781
214.197 0.0049 0.0826 0.8712
214.236 0.0055 0.0835 0.8764
214.273 0.0045 0.0823 0.8669
214.318 0.0052 0.0836 0.8897
214.357 0.0036 0.0776 0.8800
214.397 0.0042 0.0814 0.8532
214.437 0.0037 0.0800 0.8647
214.476 0.0038 0.0785 0.8509
214.517 0.0046 0.0833 0.8778
214.557 0.0046 0.0830 0.8572
214.598 0.0037 0.0799 0.8509
214.638 0.0050 0.0825 0.8609
214.677 0.0052 0.0795 0.8917
214.717 0.0062 0.0840 0.9005
214.758 0.0075 0.0835 0.8802
214.799 0.0100 0.0815 0.8532
214.839 0.0103 0.0808 0.8582
214.930 0.0145 0.0848 0.8636
214.956 0.0145 0.0803 0.8616
215.000 0.0180 0.0859 0.8609
215.040 0.0169 0.0858 0.8521
215.081 0.0175 0.0824 0.8669
215.120 0.0175 0.0804 0.8410
215.157 0.0178 0.0843 0.8502
215.201 0.0192 0.0843 0.8502
215.241 0.0190 0.0840 0.8242
215.281 0.0200 0.0839 0.8336
215.321 0.0195 0.0841 0.8302
215.360 0.0197 0.0844 0.8512
215.402 0.0189 0.0829 0.8815
215.441 0.0217 0.0829 0.9025
215.481 0.0159 0.0812 0.9025
215.521 0.0124 0.0813 0.8722
215.561 0.0109 0.0808 0.8782
215.600 0.0104 0.0846 0.8722
215.642 0.0106 0.0841 0.8772
215.682 0.0081 0.0817 0.8879
215.722 0.0074 0.0794 0.8460
215.762 0.0049 0.0802 0.8346
215.800 0.0056 0.0846 0.8722
215.844 0.0061 0.0827 0.9035
215.883 0.0040 0.0834 0.8432
215.924 0.0047 0.0827 0.8722
215.964 0.0047 0.0828 0.8772
216.000 0.0051 0.0821 0.8782
216.045 0.0051 0.0850 0.8772
216.084 0.0071 0.0834 0.8772
216.125 0.0075 0.0795 0.8402
216.164 0.0118 0.0814 0.8460
216.204 0.0141 0.0801 0.8433
216.245 0.0176 0.0842 0.8772
216.285 0.0161 0.0836 0.8422
216.325 0.0145 0.0783 0.8619
216.365 0.0136 0.0800 0.8414
216.407 0.0177 0.0796 0.8888
216.444 0.0161 0.0818 0.8923
216.485 0.0152 0.0841 0.8852
216.526 0.0126 0.0839 0.8402
216.566 0.0095 0.0836 0.8402
216.605 0.0089 0.0814 0.8791
216.643 0.0064 0.0835 0.8672
216.687 0.0038 0.0840 0.8852
216.726 0.0054 0.0848 0.8852
216.766 0.0063 0.0835 0.8422
216.806 0.0084 0.0815 0.8565
216.843 0.0104 0.0833 0.8585
216.888 0.0108 0.0805 0.8786
216.927 0.0092 0.0826 0.8472
216.967 0.0078 0.0833 0.8736
217.008 0.0101 0.0812 0.8352
217.048 0.0098 0.0815 0.8422
217.089 0.0076 0.0812 0.8342
217.129 0.0052 0.0830 0.8602
217.169 0.0046 0.0826 0.8791
217.209 0.0045 0.0812 0.8352
217.248 0.0050 0.0768 0.8647
217.288 0.0050 0.0819 0.8422
217.329 0.0102 0.0828 0.8402
217.369 0.0136 0.0822 0.8652
217.410 0.0138 0.0835 0.8352
217.449 0.0166 0.0791 0.8500
217.487 0.0207 0.0811 0.8402
217.531 0.0198 0.0797 0.8689
217.570 0.0186 0.0833 0.8672
217.610 0.0190 0.0822 0.8652
217.650 0.0212 0.0819 0.8422
217.688 0.0174 0.0777 0.8899
217.731 0.0186 0.0811 0.8692
217.771 0.0169 0.0821 0.8526
217.811 0.0084 0.0846 0.9064
217.851 0.0068 0.0806 0.8602
217.891 0.0043 0.0826 0.8779
217.931 0.0071 0.0827 0.8814
217.971 0.0104 0.0793 0.9146
218.012 0.0109 0.0793 0.8907
218.051 0.0129 0.0791 0.8689
218.092 0.0142 0.0792 0.9070
218.131 0.0133 0.0767 0.8565
218.173 0.0130 0.0792 0.9046
218.213 0.0096 0.0817 0.8536
218.253 0.0040 0.0822 0.8815
218.293 0.0100 0.0803 0.8509
218.331 0.0139 0.0775 0.8489
218.375 0.0197 0.0797 0.8509
218.414 0.0230 0.0808 0.8509
218.454 0.0258 0.0806 0.8613
218.494 0.0258 0.0808 0.8509
218.530 0.0252 0.0776 0.8613
218.575 0.0251 0.0768 0.8363
218.614 0.0233 0.0780 0.8134
218.655 0.0194 0.0832 0.8565
218.694 0.0173 0.0807 0.8633
218.734 0.0149 0.0818 0.8633
218.775 0.0159 0.0791 0.8673
218.815 0.0162 0.0814 0.8585
218.855 0.0161 0.0816 0.8449
218.895 0.0119 0.0816 0.8489
218.934 0.0116 0.0819 0.8613
218.974 0.0121 0.0804 0.8449
219.015 0.0123 0.0801 0.8682
219.056 0.0139 0.0768 0.8432
219.096 0.0123 0.0864 0.8342
219.135 0.0103 0.0809 0.8449
219.174 0.0095 0.0812 0.8509
219.217 0.0071 0.0757 0.8372
219.257 0.0071 0.0757 0.8372
219.298 0.0031 0.0812 0.8912
219.337 0.0038 0.0812 0.8499
219.375 0.0055 0.0809 0.8449
219.419 0.0054 0.0808 0.8449
219.458 0.0081 0.0798 0.8509
219.498 0.0096 0.0812 0.8509
219.538 0.0071 0.0788 0.8532
219.578 0.0071 0.0808 0.8633
219.619 0.0049 0.0816 0.8499
219.659 0.0052 0.0804 0.8449
219.699 0.0055 0.0788 0.8613
219.739 0.0068 0.0797 0.8432
219.778 0.0095 0.0804 0.8719
219.818 0.0094 0.0799 0.8432
219.859 0.0120 0.0804 0.8469
219.900 0.0141 0.0808 0.8719
219.939 0.0143 0.0808 0.8469
219.979 0.0138 0.0809 0.8372
220.016 0.0132 0.0801 0.8372
220.061 0.0133 0.0808 0.8847
220.100 0.0141 0.0795 0.8847
220.140 0.0138 0.0788 0.8719
220.180 0.0168 0.0799 0.8372
220.217 0.0161 0.0808 0.8847
220.261 0.0155 0.0799 0.8352
220.301 0.0193 0.0805 0.8346
220.342 0.0245 0.0802 0.8352
220.381 0.0228 0.0768 0.8616
220.422 0.0217 0.0842 0.8759
220.462 0.0206 0.0817 0.8576
220.502 0.0196 0.0804 0.8775
220.543 0.0188 0.0769 0.8581
220.582 0.0186 0.0788 0.8405
220.622 0.0173 0.0811 0.8826
220.661 0.0152 0.0814 0.9122
220.703 0.0132 0.0796 0.8856
220.743 0.0084 0.0776 0.8856
220.783 0.0034 0.0785 0.8856
220.823 0.0043 0.0775 0.9020
220.860 0.0094 0.0797 0.9105
220.903 0.0125 0.0780 0.9105
220.944 0.0160 0.0801 0.9270
220.984 0.0147 0.0784 0.9200
221.024 0.0170 0.0797 0.9369
221.061 0.0161 0.0807 0.9446
221.105 0.0130 0.0813 0.9122
221.144 0.0104 0.0750 0.8636
221.184 0.0072 0.0764 0.8426
221.224 0.0056 0.0781 0.8652
221.263 0.0054 0.0825 0.8863
221.305 0.0076 0.0833 0.8863
221.345 0.0076 0.0811 0.8888
221.385 0.0107 0.0829 0.8759
221.425 0.0146 0.0744 0.8425
221.465 0.0166 0.0764 0.8425
221.505 0.0138 0.0823 0.8405
221.547 0.0139 0.0797 0.8348
221.587 0.0133 0.0781 0.8425
221.627 0.0152 0.0764 0.8405
221.666 0.0150 0.0778 0.8405
221.703 0.0173 0.0821 0.8723
221.748 0.0182 0.0829 0.8596
221.787 0.0171 0.0829 0.8596
221.827 0.0161 0.0821 0.8723
221.867 0.0162 0.0764 0.8385
221.904 0.0165 0.0764 0.8385
221.947 0.0153 0.0832 0.8854
221.988 0.0149 0.0815 0.8854
222.028 0.0145 0.0775 0.8856
222.068 0.0136 0.0788 0.8714
222.107 0.0147 0.0742 0.8778
222.149 0.0121 0.0809 0.8726
222.189 0.0104 0.0818 0.8814
222.229 0.0097 0.0788 0.8714
222.269 0.0095 0.0751 0.8758
222.308 0.0089 0.0794 0.8977
222.348 0.0063 0.0794 0.8957
222.389 0.0047 0.0784 0.8758
222.429 0.0044 0.0784 0.8977
222.469 0.0037 0.0784 0.8957
222.509 0.0038 0.0763 0.8758
222.547 0.0039 0.0786 0.8957
222.591 0.0034 0.0774 0.8910
222.631 0.0035 0.0810 0.9064
222.671 0.0035 0.0751 0.8846
222.711 0.0038 0.0751 0.8846
222.748 0.0041 0.0774 0.8846
222.792 0.0037 0.0797 0.9128
222.831 0.0032 0.0797 0.8794
222.872 0.0057 0.0799 0.9128
222.911 0.0068 0.0774 0.8846
222.950 0.0054 0.0752 0.8846
222.992 0.0037 0.0764 0.8846
223.032 0.0062 0.0810 0.9064
223.072 0.0055 0.0810 0.8794
223.112 0.0060 0.0787 0.8924
223.152 0.0070 0.0777 0.8814
223.191 0.0037 0.0767 0.8935
223.233 0.0046 0.0810 0.8794
223.273 0.0048 0.0797 0.8785
223.313 0.0059 0.0774 0.8846
223.353 0.0064 0.0797 0.8794
223.390 0.0076 0.0767 0.8846
223.434 0.0048 0.0797 0.9128
223.474 0.0055 0.0777 0.9041
223.514 0.0081 0.0797 0.9128
223.553 0.0042 0.0797 0.9064
223.592 0.0038 0.0784 0.8977
223.635 0.0039 0.0764 0.8846
223.675 0.0040 0.0810 0.9064
223.715 0.0051 0.0804 0.9367
223.755 0.0039 0.0810 0.9128
223.794 0.0036 0.0783 0.9169
223.835 0.0057 0.0781 0.9194
223.876 0.0040 0.0803 0.9367
223.916 0.0062 0.0781 0.9169
223.956 0.0068 0.0810 0.8858
223.995 0.0063 0.0797 0.8794
224.035 0.0061 0.0791 0.8794
224.076 0.0055 0.0810 0.8858
224.116 0.0082 0.0810 0.8858
224.156 0.0106 0.0810 0.8850
224.196 0.0145 0.0810 0.9128
224.234 0.0195 0.0777 0.8782
224.278 0.0215 0.0801 0.8819
224.317 0.0262 0.0810 0.8858
224.357 0.0301 0.0810 0.8936
224.397 0.0357 0.0797 0.8936
224.434 0.0423 0.0789 0.8882
224.478 0.0444 0.0777 0.8892
224.518 0.0455 0.0751 0.8969
224.558 0.0478 0.0816 0.9262
224.598 0.0481 0.0814 0.9174
224.637 0.0473 0.0812 0.9122
224.678 0.0443 0.0800 0.9172
224.718 0.0415 0.0794 0.8922
224.759 0.0435 0.0814 0.9172
224.800 0.0427 0.0825 0.9425
224.839 0.0442 0.0789 0.8830
224.878 0.0410 0.0821 0.8872
224.920 0.0420 0.0820 0.8896
224.960 0.0399 0.0799 0.8915
225.000 0.0396 0.0825 0.8887
225.040 0.0403 0.0833 0.8863
225.077 0.0399 0.0824 0.9122
225.122 0.0415 0.0796 0.8759
225.161 0.0378 0.0818 0.8962
225.200 0.0327 0.0810 0.8912
225.241 0.0325 0.0776 0.8763
225.278 0.0328 0.0823 0.8719
225.322 0.0332 0.0817 0.8912
225.361 0.0385 0.0787 0.8912
225.402 0.0413 0.0840 0.8912
225.441 0.0483 0.0844 0.8846
225.480 0.0555 0.0833 0.8846
225.522 0.0602 0.0773 0.8851
225.562 0.0612 0.0795 0.8787
225.602 0.0628 0.0783 0.8754
225.642 0.0668 0.0839 0.8493
225.681 0.0703 0.0839 0.8912
225.721 0.0717 0.0796 0.8973
225.763 0.0714 0.0808 0.8973
225.803 0.0682 0.0799 0.8836
225.843 0.0598 0.0812 0.8836
225.883 0.0536 0.0829 0.8883
225.921 0.0470 0.0808 0.8306
225.965 0.0401 0.0859 0.8443
226.004 0.0387 0.0813 0.8443
226.045 0.0372 0.0850 0.8703
226.084 0.0373 0.0867 0.8686
226.121 0.0388 0.0809 0.8142
226.164 0.0406 0.0825 0.8778
226.205 0.0409 0.0802 0.8669
226.245 0.0407 0.0799 0.8725
226.285 0.0387 0.0814 0.8295
226.324 0.0424 0.0861 0.8499
226.364 0.0469 0.0854 0.8190
226.405 0.0470 0.0838 0.8120
226.446 0.0481 0.0786 0.8359
226.486 0.0419 0.0808 0.8359
226.525 0.0393 0.0830 0.8504
226.565 0.0351 0.0841 0.8413
226.606 0.0324 0.0841 0.8413
226.646 0.0294 0.0841 0.8413
226.686 0.0286 0.0841 0.8463
226.726 0.0249 0.0841 0.8463
226.763 0.0248 0.0841 0.8463
226.806 0.0251 0.0841 0.8463
226.847 0.0207 0.0841 0.8463
226.887 0.0209 0.0841 0.8463
226.927 0.0159 0.0841 0.8463
226.965 0.0165 0.0783 0.8435
227.008 0.0165 0.0782 0.8511
227.049 0.0170 0.0839 0.8461
227.089 0.0171 0.0782 0.8435
227.128 0.0161 0.0845 0.8143
227.168 0.0136 0.0850 0.8413
227.210 0.0136 0.0842 0.8403
227.249 0.0133 0.0845 0.8413
227.289 0.0143 0.0846 0.8413
227.329 0.0155 0.0845 0.8413
227.369 0.0147 0.0846 0.8413
227.408 0.0126 0.0845 0.8413
227.449 0.0114 0.0846 0.8413
227.490 0.0119 0.0841 0.8393
227.530 0.0161 0.0845 0.8413
227.569 0.0160 0.0838 0.8413
227.607 0.0154 0.0825 0.8143
227.650 0.0184 0.0846 0.8413
227.691 0.0206 0.0842 0.8663
227.731 0.0211 0.0825 0.8413
227.770 0.0173 0.0846 0.8454
227.807 0.0180 0.0825 0.8377
227.851 0.0173 0.0861 0.8447
227.891 0.0167 0.0825 0.8418
227.931 0.0182 0.0825 0.8393
227.971 0.0169 0.0825 0.8393
228.010 0.0127 0.0825 0.8393
228.052 0.0114 0.0825 0.8393
228.092 0.0102 0.0825 0.8377
228.133 0.0096 0.0813 0.8469
228.173 0.0105 0.0825 0.8393
228.213 0.0116 0.0825 0.8393
228.252 0.0118 0.0831 0.8413
228.293 0.0157 0.0831 0.8413
228.333 0.0133 0.0845 0.8575
228.374 0.0117 0.0813 0.8469
228.413 0.0075 0.0845 0.8447
228.450 0.0064 0.0825 0.8393
228.494 0.0082 0.0825 0.8393
228.534 0.0074 0.0840 0.8413
228.574 0.0073 0.0831 0.8413
228.614 0.0063 0.0766 0.8383
228.651 0.0046 0.0831 0.8413
228.694 0.0121 0.0777 0.8238
228.735 0.0120 0.0785 0.8238
228.775 0.0142 0.0825 0.8393
228.815 0.0168 0.0825 0.8393
228.854 0.0206 0.0785 0.8238
228.895 0.0252 0.0831 0.8413
228.936 0.0214 0.0825 0.8418
228.976 0.0242 0.0825 0.8377
229.015 0.0238 0.0825 0.8377
229.054 0.0233 0.0825 0.8377
229.094 0.0227 0.0819 0.8413
229.136 0.0143 0.0812 0.8143
229.176 0.0117 0.0830 0.8143
229.217 0.0098 0.0830 0.8143
229.257 0.0107 0.0820 0.8143
229.294 0.0069 0.0820 0.8143
229.338 0.0069 0.0825 0.8377
229.378 0.0066 0.0830 0.8413
229.418 0.0059 0.0815 0.8143
229.458 0.0061 0.0820 0.8413
229.494 0.0074 0.0810 0.8377
229.539 0.0169 0.0802 0.8377
229.579 0.0240 0.0830 0.8143
229.619 0.0283 0.0830 0.8413
229.658 0.0282 0.0802 0.8143
229.697 0.0330 0.0810 0.8143
229.739 0.0416 0.0800 0.8143
229.779 0.0425 0.0811 0.8688
229.819 0.0421 0.0845 0.8857
229.859 0.0489 0.0811 0.8494
229.898 0.0501 0.0808 0.8413
229.938 0.0510 0.0808 0.8413
229.980 0.0507 0.0816 0.8168
230.020 0.0430 0.0820 0.8539
230.060 0.0424 0.0820 0.8572
230.099 0.0414 0.0820 0.8739
230.137 0.0421 0.0820 0.8773
230.180 0.0419 0.0774 0.8792
230.221 0.0398 0.0796 0.8792
230.261 0.0391 0.0830 0.8749
230.300 0.0385 0.0831 0.8792
230.338 0.0357 0.0789 0.8784
230.382 0.0352 0.0787 0.8741
230.422 0.0335 0.0802 0.8519
230.462 0.0329 0.0785 0.8186
230.502 0.0360 0.0791 0.8250
230.541 0.0330 0.0817 0.8547
230.583 0.0291 0.0788 0.8663
230.623 0.0252 0.0767 0.8939
230.663 0.0252 0.0765 0.8747
230.702 0.0220 0.0798 0.8500
230.742 0.0191 0.0798 0.8669
230.782 0.0197 0.0826 0.8945
230.823 0.0169 0.0768 0.8530
230.863 0.0154 0.0762 0.8813
230.903 0.0150 0.0766 0.8872
230.943 0.0119 0.0772 0.8759
230.980 0.0104 0.0773 0.8854
231.025 0.0089 0.0754 0.8836
231.064 0.0108 0.0773 0.8609
231.104 0.0101 0.0760 0.8887
231.144 0.0077 0.0762 0.8643
231.181 0.0084 0.0780 0.9016
231.225 0.0083 0.0767 0.9032
231.265 0.0072 0.0780 0.9007
231.305 0.0046 0.0764 0.9016
231.345 0.0049 0.0762 0.8456
231.384 0.0031 0.0789 0.9016
231.425 0.0041 0.0772 0.8888
231.466 0.0056 0.0741 0.8847
231.506 0.0064 0.0794 0.8940
231.546 0.0062 0.0763 0.8579
231.586 0.0073 0.0791 0.8719
231.625 0.0069 0.0790 0.9016
231.667 0.0087 0.0783 0.9016
231.707 0.0060 0.0769 0.8613
231.747 0.0045 0.0774 0.8753
231.787 0.0047 0.0790 0.8390
231.824 0.0049 0.0791 0.8540
231.868 0.0055 0.0791 0.8427
231.908 0.0047 0.0785 0.8637
231.948 0.0049 0.0779 0.8563
231.987 0.0074 0.0819 0.8637
232.024 0.0197 0.0768 0.8718
232.068 0.0344 0.0802 0.8613
232.109 0.0481 0.0780 0.8637
232.148 0.0581 0.0779 0.8587
232.188 0.0645 0.0787 0.8637
232.227 0.0780 0.0795 0.8599
232.269 0.0971 0.0808 0.8653
232.309 0.1063 0.0800 0.8708
232.349 0.1162 0.0793 0.8625
232.389 0.1231 0.0808 0.8543
232.428 0.1273 0.0863 0.8463
232.468 0.1309 0.0841 0.8463
232.509 0.1292 0.0846 0.8413
232.550 0.1200 0.0825 0.8377
232.590 0.1103 0.0845 0.8563
232.630 0.0995 0.0845 0.8563
232.667 0.0928 0.0806 0.8523
232.712 0.0840 0.0847 0.8551
232.751 0.0717 0.0847 0.8531
232.791 0.0619 0.0826 0.8531
232.831 0.0524 0.0838 0.8531
232.868 0.0407 0.0838 0.8551
232.912 0.0334 0.0832 0.8423
232.952 0.0277 0.0828 0.8523
232.992 0.0208 0.0835 0.8403
233.032 0.0129 0.0827 0.8423
233.071 0.0095 0.0831 0.8551
233.112 0.0103 0.0842 0.8403
233.152 0.0090 0.0829 0.8551
233.193 0.0081 0.0824 0.8551
233.232 0.0041 0.0821 0.8551
233.272 0.0047 0.0816 0.8573
233.312 0.0051 0.0831 0.8811
233.353 0.0060 0.0809 0.8631
233.393 0.0068 0.0809 0.8631
233.433 0.0035 0.0798 0.8753
233.473 0.0056 0.0800 0.8423
233.510 0.0064 0.0788 0.8705
233.555 0.0115 0.0789 0.8705
233.594 0.0077 0.0803 0.8483
233.634 0.0072 0.0788 0.8483
233.674 0.0108 0.0781 0.8483
233.711 0.0122 0.0781 0.8483
233.756 0.0109 0.0788 0.8705
233.796 0.0146 0.0802 0.8483
233.836 0.0173 0.0778 0.8669
233.875 0.0182 0.0767 0.8669
233.914 0.0176 0.0781 0.8483
233.955 0.0171 0.0778 0.8705
233.996 0.0190 0.0792 0.8669
234.036 0.0159 0.0784 0.8669
234.076 0.0155 0.0769 0.8329
234.116 0.0172 0.0770 0.8329
234.155 0.0175 0.0779 0.8486
234.197 0.0177 0.0858 0.8611
234.237 0.0174 0.0823 0.8515
234.277 0.0152 0.0769 0.8264
234.316 0.0132 0.0784 0.8293
234.354 0.0114 0.0769 0.8264
234.398 0.0105 0.0765 0.8534
234.437 0.0084 0.0809 0.8554
234.478 0.0049 0.0765 0.8534
234.517 0.0050 0.0765 0.8534
234.554 0.0079 0.0750 0.8515
234.598 0.0066 0.0819 0.8363
234.638 0.0067 0.0819 0.8400
234.678 0.0066 0.0832 0.8487
234.718 0.0069 0.0814 0.8293
234.758 0.0082 0.0799 0.8497
234.799 0.0090 0.0765 0.8551
234.840 0.0104 0.0796 0.8756
234.880 0.0118 0.0765 0.8756
234.920 0.0091 0.0775 0.8776
234.959 0.0115 0.0763 0.8551
234.999 0.0090 0.0763 0.8551
235.040 0.0042 0.0763 0.8551
235.081 0.0050 0.0781 0.9006
235.121 0.0043 0.0792 0.8729
235.160 0.0043 0.0800 0.8495
235.197 0.0039 0.0764 0.8801
235.242 0.0036 0.0779 0.8785
235.281 0.0067 0.0762 0.8801
235.321 0.0065 0.0794 0.8408
235.361 0.0043 0.0781 0.8765
235.397 0.0041 0.0796 0.8495
235.441 0.0060 0.0759 0.8921
235.482 0.0054 0.0807 0.8657
235.522 0.0051 0.0760 0.8987
235.562 0.0049 0.0768 0.8802
235.600 0.0070 0.0756 0.9151
235.641 0.0074 0.0756 0.9151
235.682 0.0055 0.0782 0.8315
235.723 0.0101 0.0766 0.9279
235.762 0.0152 0.0756 0.9355
235.802 0.0195 0.0766 0.9385
235.842 0.0197 0.0759 0.8921
235.883 0.0223 0.0760 0.8941
235.924 0.0239 0.0788 0.8885
235.964 0.0249 0.0780 0.8515
236.004 0.0245 0.0825 0.8363
236.041 0.0319 0.0782 0.8789
236.084 0.0310 0.0806 0.8865
236.124 0.0320 0.0807 0.8742
236.165 0.0285 0.0807 0.8789
236.205 0.0272 0.0784 0.8789
236.241 0.0246 0.0771 0.8789
236.286 0.0215 0.0768 0.8789
236.325 0.0199 0.0768 0.8789
236.365 0.0191 0.0796 0.8829
236.405 0.0233 0.0819 0.8742
236.444 0.0213 0.0788 0.8829
236.486 0.0203 0.0826 0.8407
236.526 0.0196 0.0778 0.8339
236.566 0.0181 0.0826 0.8407
236.606 0.0222 0.0810 0.8269
236.645 0.0210 0.0805 0.8617
236.685 0.0200 0.0805 0.8617
236.726 0.0216 0.0777 0.8617
236.767 0.0226 0.0762 0.8817
236.807 0.0262 0.0769 0.8817
236.846 0.0282 0.0776 0.9063
236.884 0.0248 0.0789 0.9063
236.927 0.0244 0.0748 0.9132
236.967 0.0262 0.0770 0.9092
237.008 0.0342 0.0814 0.8800
237.048 0.0352 0.0785 0.8898
237.085 0.0324 0.0772 0.8898
237.129 0.0300 0.0761 0.8898
237.169 0.0302 0.0764 0.8898
237.209 0.0330 0.0763 0.8898
237.249 0.0326 0.0772 0.8898
237.288 0.0296 0.0804 0.8898
237.330 0.0291 0.0784 0.9132
237.370 0.0284 0.0767 0.8701
237.410 0.0282 0.0752 0.8701
237.449 0.0308 0.0754 0.8701
237.489 0.0260 0.0789 0.8701
237.529 0.0242 0.0789 0.8701
237.570 0.0220 0.0779 0.8741
237.610 0.0259 0.0777 0.8701
237.650 0.0240 0.0767 0.8741
237.690 0.0204 0.0762 0.9014
237.727 0.0159 0.0770 0.8838
237.771 0.0137 0.0752 0.8854
237.811 0.0117 0.0730 0.8874
237.851 0.0137 0.0761 0.8682
237.891 0.0153 0.0760 0.8937
237.927 0.0092 0.0768 0.8886
237.971 0.0086 0.0778 0.8854
238.012 0.0071 0.0742 0.8874
238.052 0.0068 0.0741 0.8904
238.092 0.0072 0.0754 0.8854
238.131 0.0078 0.0768 0.8854
238.172 0.0056 0.0800 0.9004
238.213 0.0079 0.0753 0.9034
238.253 0.0084 0.0744 0.9034
238.293 0.0082 0.0744 0.9034
238.332 0.0071 0.0744 0.9034
238.372 0.0077 0.0767 0.9034
238.414 0.0120 0.0770 0.8864
238.454 0.0187 0.0744 0.9034
238.494 0.0247 0.0744 0.9034
238.534 0.0283 0.0744 0.9034
238.571 0.0327 0.0744 0.9034
238.614 0.0360 0.0769 0.9105
238.655 0.0387 0.0729 0.9014
238.695 0.0430 0.0739 0.8842
238.734 0.0445 0.0748 0.8998
238.771 0.0483 0.0783 0.9014
238.816 0.0525 0.0766 0.8814
238.855 0.0513 0.0780 0.9019
238.895 0.0512 0.0774 0.8702
238.935 0.0481 0.0753 0.8682
238.974 0.0448 0.0798 0.8323
239.016 0.0375 0.0802 0.8530
239.056 0.0315 0.0815 0.8637
239.096 0.0254 0.0789 0.8673
239.136 0.0227 0.0804 0.8637
239.175 0.0183 0.0745 0.8699
239.216 0.0155 0.0803 0.8739
239.257 0.0144 0.0820 0.8699
239.297 0.0096 0.0791 0.8637
239.338 0.0071 0.0773 0.8673
239.377 0.0051 0.0755 0.8838
239.414 0.0053 0.0744 0.8699
239.458 0.0075 0.0772 0.8907
239.498 0.0054 0.0809 0.8637
239.538 0.0070 0.0741 0.8709
239.578 0.0063 0.0744 0.8699
239.615 0.0075 0.0757 0.8739
239.659 0.0079 0.0776 0.8673
239.699 0.0099 0.0791 0.8800
239.739 0.0111 0.0809 0.8764
239.779 0.0119 0.0774 0.8439
239.818 0.0178 0.0759 0.8439
239.859 0.0245 0.0765 0.8780
239.900 0.0252 0.0803 0.8673
239.940 0.0277 0.0767 0.8800
239.979 0.0308 0.0767 0.8780
240.019 0.0325 0.0789 0.8736
240.059 0.0390 0.0778 0.8595
240.100 0.0436 0.0761 0.9014
240.140 0.0455 0.0793 0.8649
240.180 0.0434 0.0784 0.8867
240.220 0.0414 0.0797 0.8805
240.258 0.0401 0.0784 0.8845
240.300 0.0376 0.0799 0.8959
240.342 0.0329 0.0815 0.8863
240.382 0.0306 0.0797 0.8943
240.421 0.0275 0.0803 0.8759
240.459 0.0258 0.0818 0.8605
240.502 0.0282 0.0777 0.8813
240.542 0.0240 0.0798 0.8467
240.583 0.0169 0.0818 0.8807
240.650 0.0122 0.0819 0.8861
240.701 0.0126 0.0793 0.8581
240.742 0.0131 0.0798 0.8885
240.783 0.0121 0.0831 0.8745
240.823 0.0103 0.0797 0.8645
240.863 0.0104 0.0802 0.8765
240.902 0.0122 0.0770 0.8852
240.942 0.0130 0.0758 0.8887
240.983 0.0129 0.0844 0.9011
241.024 0.0109 0.0782 0.9118
241.064 0.0119 0.0829 0.9011
241.103 0.0096 0.0813 0.9011
241.141 0.0083 0.0771 0.9186
241.184 0.0085 0.0779 0.8895
241.224 0.0070 0.0826 0.8745
241.264 0.0091 0.0829 0.8863
241.304 0.0112 0.0789 0.9093
241.342 0.0137 0.0786 0.8513
241.384 0.0116 0.0797 0.8895
241.425 0.0101 0.0825 0.8959
241.466 0.0109 0.0779 0.9043
241.506 0.0109 0.0819 0.8799
241.545 0.0115 0.0791 0.9162
241.587 0.0114 0.0764 0.9009
241.626 0.0121 0.0807 0.8686
241.667 0.0089 0.0823 0.8686
241.706 0.0095 0.0809 0.8686
241.746 0.0084 0.0794 0.8965
241.786 0.0056 0.0816 0.8935
241.827 0.0046 0.0799 0.8686
241.867 0.0093 0.0833 0.8686
241.907 0.0134 0.0826 0.8686
241.947 0.0151 0.0796 0.9043
241.984 0.0166 0.0769 0.9061
242.027 0.0159 0.0807 0.8895
242.068 0.0173 0.0840 0.8935
242.108 0.0188 0.0804 0.8845
242.148 0.0208 0.0821 0.8935
242.185 0.0228 0.0802 0.8852
242.229 0.0244 0.0778 0.8776
242.269 0.0291 0.0800 0.8872
242.309 0.0305 0.0836 0.8491
242.349 0.0271 0.0830 0.8645
242.388 0.0243 0.0782 0.8906
242.429 0.0223 0.0798 0.8906
242.469 0.0240 0.0791 0.8707
242.509 0.0247 0.0760 0.8956
242.550 0.0254 0.0793 0.8983
242.589 0.0256 0.0771 0.8956
242.630 0.0220 0.0758 0.8956
242.671 0.0228 0.0748 0.8956
242.711 0.0202 0.0809 0.8841
242.751 0.0135 0.0809 0.8816
242.790 0.0099 0.0803 0.8816
242.828 0.0072 0.0795 0.8816
242.872 0.0061 0.0780 0.8866
242.912 0.0053 0.0802 0.8816
242.952 0.0046 0.0834 0.9015
242.991 0.0039 0.0782 0.8866
243.028 0.0052 0.0793 0.8816
243.073 0.0052 0.0760 0.8746
243.112 0.0073 0.0794 0.8791
243.152 0.0061 0.0760 0.9385
243.192 0.0055 0.0803 0.8816
243.231 0.0059 0.0800 0.8957
243.273 0.0070 0.0800 0.8841
243.313 0.0076 0.0797 0.8785
243.353 0.0084 0.0813 0.8845
243.393 0.0112 0.0817 0.8688
243.432 0.0112 0.0827 0.8559
243.472 0.0147 0.0816 0.8540
243.513 0.0172 0.0807 0.8559
243.554 0.0162 0.0803 0.8851
243.594 0.0187 0.0818 0.8559
243.633 0.0137 0.0830 0.9218
243.672 0.0150 0.0818 0.9160
243.715 0.0171 0.0814 0.9160
243.755 0.0139 0.0796 0.9024
243.795 0.0175 0.0815 0.8841
243.835 0.0180 0.0816 0.8890
243.872 NaN 0.0827 0.8890
243.916 NaN 0.0816 0.9020
243.956 NaN 0.0818 0.8951
243.996 NaN 0.0790 0.9131
244.036 NaN 0.0797 0.9011
244.075 NaN 0.0837 0.8841
244.115 NaN 0.0798 0.9011
244.157 NaN 0.0815 0.8841
