52.148 NaN 0.0720 0.9601
52.188 NaN 0.0719 0.9348
52.227 NaN 0.0739 0.9197
52.269 NaN 0.0717 0.9205
52.311 NaN 0.0703 0.9607
52.349 NaN 0.0737 0.9058
52.389 NaN 0.0759 0.9434
52.427 0.1463 0.0741 0.9316
52.470 0.1501 0.0709 0.9036
52.510 0.1520 0.0732 0.9520
52.550 0.1547 0.0733 0.9399
52.591 0.1577 0.0751 0.9303
52.628 0.1548 0.0747 0.9734
52.672 0.1570 0.0737 0.9344
52.711 0.1607 0.0740 0.9841
52.752 0.1587 0.0740 0.9376
52.791 0.1552 0.0735 0.9603
52.831 0.1516 0.0744 0.9734
52.872 0.1469 0.0751 0.9463
52.912 0.1508 0.0729 0.9443
52.952 0.1565 0.0716 0.9058
52.992 0.1624 0.0737 0.9807
53.032 0.1657 0.0731 0.9163
53.071 0.1608 0.0745 0.9222
53.112 0.1594 0.0751 0.9475
53.153 0.1544 0.0738 0.9268
53.193 0.1566 0.0749 0.9179
53.232 0.1573 0.0749 0.9166
53.270 0.1527 0.0769 0.9546
53.315 0.1517 0.0787 0.9396
53.354 0.1517 0.0785 0.9166
53.394 0.1515 0.0766 0.9501
53.433 0.1478 0.0772 0.9253
53.470 0.1410 0.0794 0.9436
53.515 0.1381 0.0793 0.9179
53.554 0.1397 0.0759 0.9454
53.594 0.1422 0.0753 0.9084
53.634 0.1445 0.0742 0.9175
53.675 0.1439 0.0791 0.9211
53.716 0.1400 0.0775 0.9061
53.756 0.1403 0.0775 0.8745
53.796 0.1383 0.0766 0.9428
53.836 0.1408 0.0750 0.8997
53.875 0.1396 0.0769 0.9007
53.915 0.1383 0.0780 0.9026
53.956 0.1406 0.0787 0.9725
53.997 0.1369 0.0749 0.9561
54.037 0.1385 0.0736 0.9253
54.076 0.1401 0.0742 0.9615
54.113 0.1390 0.0767 0.9228
54.158 0.1394 0.0747 0.9178
54.197 0.1393 0.0751 0.9341
54.237 0.1425 0.0735 0.9052
54.277 0.1470 0.0753 0.9219
54.314 0.1446 0.0748 0.9310
54.358 0.1440 0.0748 0.9217
54.398 0.1451 0.0768 0.9315
54.438 0.1432 0.0723 0.9133
54.478 0.1446 0.0752 0.9445
54.517 0.1458 0.0786 0.8790
54.559 0.1402 0.0740 0.9289
54.598 0.1403 0.0759 0.9461
54.639 0.1363 0.0763 0.9308
54.678 0.1326 0.0760 0.8874
54.718 0.1305 0.0736 0.9218
54.758 0.1253 0.0764 0.9145
54.800 0.1242 0.0768 0.9242
54.840 0.1236 0.0762 0.9102
54.880 0.1249 0.0745 0.9568
54.920 0.1301 0.0754 0.9403
54.958 0.1299 0.0749 0.9463
55.001 0.1259 0.0794 0.9372
55.041 0.1243 0.0799 0.8869
55.081 0.1230 0.0797 0.9498
55.121 0.1292 0.0776 0.9496
55.157 0.1344 0.0773 0.9223
55.202 0.1370 0.0817 0.9431
55.241 0.1400 0.0816 0.9404
55.282 0.1417 0.0803 0.9174
55.322 0.1411 0.0784 0.9197
55.361 0.1400 0.0808 0.8753
55.402 0.1363 0.0829 0.8996
55.442 0.1356 0.0812 0.9525
55.482 0.1392 0.0806 0.9352
55.522 0.1417 0.0794 0.9033
55.562 0.1462 0.0796 0.9302
55.601 0.1479 0.0796 0.9193
55.643 0.1473 0.0817 0.8777
55.683 0.1450 0.0793 0.9407
55.723 0.1466 0.0804 0.9171
55.763 0.1469 0.0790 0.9233
55.800 0.1468 0.0779 0.9270
55.844 0.1467 0.0787 0.9577
55.884 0.1440 0.0827 0.9433
55.925 0.1470 0.0803 0.9345
55.965 0.1452 0.0780 0.9680
56.001 0.1408 0.0776 0.9143
56.046 0.1380 0.0778 0.9056
56.085 0.1341 0.0781 0.9333
56.125 0.1279 0.0771 0.9734
56.165 0.1244 0.0751 0.9396
56.205 0.1222 0.0745 0.9472
56.246 0.1182 0.0750 0.9438
56.286 0.1174 0.0795 0.9090
56.326 0.1144 0.0762 0.9380
56.366 0.1119 0.0749 0.9380
56.405 0.1058 0.0744 0.9121
56.445 0.1017 0.0746 0.9274
56.486 0.1012 0.0734 0.9352
56.527 0.0984 0.0753 0.9289
56.567 0.0958 0.0748 0.9208
56.645 0.1038 0.0726 0.9143
56.684 0.1056 0.0727 0.9038
56.728 0.1130 0.0741 0.9319
56.767 0.1180 0.0741 0.9319
56.807 0.1245 0.0738 0.9632
56.847 0.1319 0.0705 0.9049
56.884 0.1379 0.0729 0.9603
56.928 0.1448 0.0726 0.9483
56.968 0.1469 0.0742 0.9472
57.008 0.1518 0.0745 0.9209
57.049 0.1574 0.0746 0.9139
57.089 0.1607 0.0746 0.9312
57.130 0.1603 0.0759 0.9288
57.169 0.1587 0.0787 0.9254
57.210 0.1516 0.0765 0.9366
57.250 0.1478 0.0739 0.9538
57.289 0.1475 0.0737 0.9489
57.329 0.1431 0.0718 0.9367
57.370 0.1470 0.0750 0.9367
57.410 0.1468 0.0763 0.9747
57.450 0.1470 0.0758 0.9205
57.490 0.1496 0.0750 0.9039
57.527 0.1492 0.0723 0.9270
57.572 0.1530 0.0737 0.9402
57.611 0.1510 0.0789 0.9020
57.651 0.1483 0.0790 0.9410
57.690 0.1507 0.0767 0.9489
57.727 0.1501 0.0776 0.9438
57.772 0.1471 0.0795 0.9223
57.811 0.1523 0.0778 0.9185
57.851 0.1503 0.0768 0.9171
57.891 0.1468 0.0786 0.9468
57.931 0.1476 0.0783 0.9381
57.972 0.1478 0.0790 0.9229
58.012 0.1486 0.0776 0.9499
58.052 0.1465 0.0785 0.9467
58.092 0.1447 0.0785 0.9453
58.132 0.1483 0.0806 0.9376
58.172 0.1468 0.0795 0.8969
58.213 0.1488 0.0813 0.8930
58.254 0.1519 0.0786 0.9661
58.294 0.1505 0.0794 0.9385
58.333 0.1491 0.0773 0.9191
58.371 0.1465 0.0744 0.8933
58.415 0.1446 0.0749 0.8893
58.454 0.1447 0.0752 0.9499
58.495 0.1436 0.0741 0.9322
58.534 0.1461 0.0791 0.9119
58.571 0.1461 0.0778 0.8815
58.615 0.1481 0.0794 0.8815
58.655 0.1559 0.0802 0.9112
58.695 0.1559 0.0786 0.9164
58.735 0.1571 0.0796 0.9006
58.775 0.1552 0.0785 0.9036
58.816 0.1555 0.0755 0.8960
58.855 0.1586 0.0783 0.9445
58.896 0.1637 0.0817 0.9390
58.936 0.1621 0.0819 0.9390
58.975 0.1607 0.0823 0.9248
59.015 0.1581 0.0788 0.9355
59.056 0.1573 0.0801 0.9039
59.096 0.1572 0.0786 0.9284
59.136 0.1488 0.0850 0.9704
59.176 0.1531 0.0797 0.9679
59.214 0.1507 0.0795 0.9064
59.258 0.1528 0.0795 0.8991
59.298 0.1547 0.0770 0.9272
59.338 0.1550 0.0767 0.9031
59.378 0.1501 0.0782 0.9441
59.415 0.1479 0.0792 0.9550
59.459 0.1473 0.0767 0.9434
59.499 0.1478 0.0765 0.9326
59.539 0.1507 0.0793 0.9406
59.579 0.1494 0.0797 0.9315
59.618 0.1500 0.0824 0.9373
59.659 0.1457 0.0811 0.9175
59.699 0.1481 0.0781 0.9129
59.739 0.1491 0.0789 0.8847
59.779 0.1500 0.0806 0.8853
59.819 0.1503 0.0817 0.9042
59.858 0.1486 0.0813 0.8895
59.900 0.1468 0.0777 0.9035
59.940 0.1493 0.0791 0.9690
59.980 0.1561 0.0812 0.9216
60.020 0.1568 0.0787 0.9096
60.057 0.1569 0.0767 0.9439
60.101 0.1620 0.0769 0.9220
60.141 0.1661 0.0770 0.9167
60.181 0.1674 0.0808 0.8953
60.220 0.1691 0.0825 0.9311
60.258 0.1676 0.0830 0.9636
60.301 0.1696 0.0799 0.9341
60.342 0.1756 0.0779 0.9465
60.382 0.1796 0.0771 0.9477
60.422 0.1816 0.0761 0.9312
60.461 0.1782 0.0778 0.9298
60.503 0.1724 0.0787 0.9407
60.543 0.1700 0.0753 0.9468
60.583 0.1688 0.0770 0.9209
60.623 0.1689 0.0743 0.9481
60.662 0.1692 0.0779 0.9881
60.702 0.1633 0.0727 1.0048
60.743 0.1582 0.0750 0.9698
60.784 0.1529 0.0720 0.9525
60.824 0.1454 0.0712 0.9605
60.863 0.1413 0.0757 0.9227
60.901 0.1384 0.0750 0.9514
60.945 0.1388 0.0733 0.9321
60.984 0.1411 0.0743 0.9099
61.024 0.1433 0.0742 0.8812
61.064 0.1430 0.0725 0.8827
61.102 0.1397 0.0801 0.9117
61.145 0.1313 0.0795 0.9334
61.185 0.1277 0.0805 0.9047
61.225 0.1248 0.0782 0.9057
61.265 0.1211 0.0802 0.8966
61.305 0.1176 0.0813 0.9346
61.346 0.1129 0.0802 0.9704
61.385 0.1141 0.0792 0.9519
61.425 0.1098 0.0783 0.9467
61.467 0.1064 0.0772 0.9261
61.506 0.1075 0.0796 0.9467
61.546 0.1052 0.0811 0.9395
61.587 0.1050 0.0791 0.9159
61.627 0.1103 0.0761 0.9515
61.667 0.1166 0.0758 0.9496
61.707 0.1276 0.0769 0.9529
61.745 0.1360 0.0825 0.9214
61.789 0.1407 0.0791 0.9742
61.828 0.1484 0.0809 0.9160
61.868 0.1494 0.0784 0.9159
61.908 0.1547 0.0797 0.9228
61.945 0.1585 0.0832 0.9427
61.989 0.1604 0.0876 0.9259
62.028 0.1648 0.0836 0.9638
62.069 0.1661 0.0840 0.9701
62.108 0.1680 0.0796 0.9615
62.148 0.1659 0.0876 0.9665
62.189 0.1611 0.0859 0.9521
62.229 0.1563 0.0896 0.9252
62.269 0.1547 0.0836 0.9462
62.309 0.1507 0.0798 0.9498
62.348 0.1488 0.0833 0.8956
62.388 0.1425 0.0819 0.9078
62.429 0.1352 0.0845 0.8982
62.470 0.1256 0.0826 0.9397
62.510 0.1141 0.0809 0.9139
62.550 0.1096 0.0790 0.9399
62.588 0.0998 0.0779 0.9113
62.632 0.0916 0.0876 0.9099
62.672 0.0831 0.0838 0.9183
62.711 0.0743 0.0803 0.9376
62.751 0.0696 0.0769 0.9326
62.788 0.0654 0.0791 0.9350
62.833 0.0620 0.0828 0.9387
62.872 0.0578 0.0817 0.9824
62.912 0.0574 0.0782 0.9186
62.952 0.0571 0.0758 0.9039
62.992 0.0559 0.0770 0.9115
63.033 0.0516 0.0784 0.9293
63.072 0.0500 0.0783 0.9263
63.113 0.0446 0.0783 0.9263
63.153 0.0414 0.0761 0.9263
63.192 0.0397 0.0776 0.9325
63.232 0.0381 0.0767 0.9238
63.273 0.0345 0.0793 0.9571
63.313 0.0300 0.0821 0.9642
63.353 0.0299 0.0804 0.9089
63.393 0.0312 0.0775 0.9493
63.430 0.0351 0.0768 0.9622
63.475 0.0418 0.0783 0.9113
63.514 0.0499 0.0798 0.9508
63.554 0.0575 0.0775 0.9141
63.594 0.0692 0.0791 0.9089
63.632 0.0828 0.0770 0.9089
63.675 0.1012 0.0749 0.9063
63.716 0.1112 0.0766 0.9218
63.756 0.1180 0.0771 0.9378
63.796 0.1261 0.0761 0.9209
63.835 0.1366 0.0743 0.9082
63.876 0.1435 0.0752 0.9255
63.916 0.1426 0.0802 0.9142
63.956 0.1414 0.0806 0.9414
63.996 0.1381 0.0782 0.8759
64.036 0.1365 0.0795 0.9121
64.076 0.1373 0.0779 0.9108
64.117 0.1382 0.0795 0.8827
64.157 0.1349 0.0801 0.8903
64.197 0.1299 0.0787 0.9251
64.237 0.1296 0.0791 0.9463
64.274 0.1286 0.0783 0.9156
64.318 0.1268 0.0766 0.9214
64.358 0.1228 0.0809 0.9041
64.398 0.1195 0.0805 0.9269
64.438 0.1214 0.0789 0.9068
64.474 0.1201 0.0778 0.9072
64.519 0.1192 0.0790 0.9178
64.559 0.1115 0.0803 0.9312
64.598 0.1036 0.0811 0.9124
64.638 0.0936 0.0795 0.9071
64.678 0.0864 0.0794 0.8979
64.719 0.0828 0.0774 0.9086
64.759 0.0815 0.0794 0.9136
64.800 0.0769 0.0787 0.9228
64.840 0.0731 0.0785 0.9527
64.879 0.0725 0.0784 0.9257
64.919 0.0691 0.0777 0.8955
64.960 0.0686 0.0779 0.9229
65.001 0.0669 0.0798 0.9007
65.041 0.0682 0.0783 0.9435
65.080 0.0656 0.0781 0.9435
65.117 0.0629 0.0770 0.9345
65.162 0.0627 0.0781 0.9198
65.201 0.0613 0.0792 0.8953
65.241 0.0558 0.0810 0.9025
65.281 0.0499 0.0782 0.9025
65.318 0.0436 0.0788 0.9049
65.362 0.0419 0.0759 0.9309
65.402 0.0412 0.0774 0.9236
65.442 0.0383 0.0797 0.9500
65.482 0.0334 0.0797 0.9402
65.522 0.0296 0.0793 0.9236
65.563 0.0291 0.0774 0.9496
65.602 0.0302 0.0793 0.9274
65.643 0.0331 0.0777 0.9402
65.683 0.0320 0.0790 0.9402
65.722 0.0319 0.0805 0.9335
65.762 0.0332 0.0822 0.8998
65.803 0.0325 0.0793 0.8775
65.843 0.0333 0.0787 0.9152
65.883 0.0343 0.0798 0.9084
65.924 0.0391 0.0808 0.9492
65.962 0.0431 0.0790 0.9160
66.006 0.0508 0.0790 0.9098
66.045 0.0521 0.0769 0.9257
66.085 0.0553 0.0775 0.9181
66.124 0.0545 0.0826 0.9121
66.162 0.0508 0.0799 0.8770
66.206 0.0518 0.0795 0.8967
66.245 0.0557 0.0784 0.8978
66.286 0.0575 0.0795 0.8933
66.325 0.0570 0.0807 0.8933
66.365 0.0538 0.0800 0.8620
66.406 0.0481 0.0798 0.8770
66.446 0.0427 0.0798 0.8460
66.486 0.0333 0.0784 0.8556
66.526 0.0299 0.0798 0.9087
66.566 0.0238 0.0788 0.8996
66.605 0.0211 0.0788 0.9016
66.646 0.0235 0.0752 0.9117
66.687 0.0231 0.0761 0.9016
66.727 0.0235 0.0777 0.8951
66.767 0.0246 0.0796 0.9372
66.804 0.0224 0.0799 0.9075
66.848 0.0236 0.0769 0.9398
66.888 0.0269 0.0753 0.9291
66.928 0.0289 0.0756 0.9398
66.968 0.0331 0.0794 0.9291
67.005 0.0331 0.0811 0.8891
67.050 0.0337 0.0774 0.9131
67.089 0.0317 0.0760 0.9131
67.129 0.0330 0.0752 0.9141
67.169 0.0361 0.0745 0.9287
67.208 0.0370 0.0792 0.9305
67.250 0.0354 0.0812 0.9095
67.290 0.0398 0.0784 0.9396
67.330 0.0434 0.0784 0.9396
67.370 0.0464 0.0784 0.9236
67.409 0.0501 0.0811 0.9163
67.449 0.0555 0.0811 0.9163
67.490 0.0618 0.0800 0.9072
67.531 0.0688 0.0789 0.9152
67.571 0.0790 0.0774 0.9423
67.610 0.0809 0.0785 0.9756
67.648 0.0814 0.0795 0.9752
67.692 0.0816 0.0786 0.9345
67.731 0.0837 0.0764 0.9584
67.771 0.0849 0.0792 0.9583
67.811 0.0917 0.0774 0.9450
67.848 0.0941 0.0799 0.9443
67.892 0.0931 0.0796 0.9483
67.932 0.0946 0.0814 0.9291
67.972 0.0945 0.0771 0.9011
68.012 0.0923 0.0790 0.9301
68.052 0.0874 0.0794 0.9195
68.093 0.0900 0.0793 0.9300
68.133 0.0924 0.0783 0.9250
68.174 0.0911 0.0759 0.9300
68.214 0.0932 0.0767 0.8989
68.253 0.0951 0.0773 0.9163
68.293 0.0901 0.0759 0.9106
68.334 0.0849 0.0773 0.9076
68.374 0.0849 0.0747 0.9350
68.414 0.0838 0.0751 0.8933
68.454 0.0842 0.0731 0.9035
68.491 0.0867 0.0743 0.9093
68.535 0.0884 0.0774 0.9139
68.575 0.0876 0.0740 0.9253
68.615 0.0841 0.0712 0.9253
68.655 0.0870 0.0712 0.9399
68.692 0.0917 0.0707 0.9305
68.736 0.0893 0.0743 0.9441
68.776 0.0924 0.0724 0.9181
68.816 0.0927 0.0766 0.8973
68.855 0.0932 0.0742 0.8973
68.895 0.0887 0.0705 0.9095
68.936 0.0866 0.0750 0.9416
68.976 0.0812 0.0785 0.9220
69.016 0.0783 0.0751 0.9363
69.056 0.0751 0.0710 0.9285
69.095 0.0756 0.0769 0.9207
69.147 0.0763 0.0782 0.9283
69.176 0.0707 0.0813 0.9285
69.217 0.0686 0.0816 0.9126
69.258 0.0676 0.0776 0.9221
69.297 0.0698 0.0741 0.8904
69.335 0.0691 0.0769 0.9305
69.379 0.0710 0.0788 0.9127
69.419 0.0688 0.0803 0.8783
69.458 0.0694 0.0794 0.8735
69.498 0.0683 0.0775 0.8728
69.535 0.0699 0.0777 0.9048
69.579 0.0718 0.0784 0.9048
69.619 0.0717 0.0795 0.9109
69.659 0.0710 0.0792 0.8888
69.698 0.0744 0.0797 0.9525
69.739 0.0773 0.0771 0.9159
69.780 0.0794 0.0752 0.9183
69.819 0.0840 0.0759 0.9669
69.860 0.0854 0.0759 0.9656
69.900 0.0912 0.0759 0.9829
69.939 0.0971 0.0742 0.9760
69.979 0.1040 0.0723 0.9646
70.020 0.1105 0.0753 0.9108
70.060 0.1134 0.0765 0.9123
70.100 0.1147 0.0742 0.9162
70.140 0.1186 0.0755 0.9688
70.177 0.1241 0.0724 0.9726
70.222 0.1232 0.0782 0.9093
70.262 0.1233 0.0772 0.9171
70.301 0.1205 0.0788 0.9209
70.342 0.1163 0.0772 0.9232
70.379 0.1134 0.0741 0.9144
70.423 0.1102 0.0766 0.9336
70.463 0.1066 0.0749 0.9174
70.503 0.1048 0.0780 0.9405
70.543 0.1034 0.0764 0.9355
70.583 0.1071 0.0737 0.9498
70.623 0.1099 0.0722 0.9625
70.663 0.1111 0.0777 0.9381
70.703 0.1146 0.0785 0.9174
70.743 0.1131 0.0829 0.9093
70.783 0.1096 0.0788 0.9611
70.822 0.1143 0.0776 0.8859
70.864 0.1219 0.0754 0.9472
70.904 0.1182 0.0802 0.9352
70.944 0.1182 0.0784 0.9399
70.984 0.1148 0.0768 0.9587
71.021 0.1147 0.0747 0.9587
71.065 0.1112 0.0739 0.9317
71.105 0.1089 0.0766 0.9107
71.145 0.1028 0.0784 0.9508
71.185 0.0995 0.0760 0.9587
71.221 0.0986 0.0768 0.9759
71.266 0.0989 0.0751 0.9759
71.305 0.0981 0.0764 0.9548
71.345 0.0943 0.0777 0.9414
71.385 0.0947 0.0790 0.9632
71.425 0.0963 0.0751 0.9350
71.467 0.0955 0.0755 0.9535
71.507 0.0945 0.0753 0.9535
71.547 0.0957 0.0755 0.9569
71.587 0.0987 0.0801 0.9555
71.626 0.1065 0.0790 0.9219
71.666 0.1076 0.0727 0.9459
71.707 0.1087 0.0715 0.9161
71.748 0.1163 0.0707 0.9161
71.788 0.1228 0.0762 0.9249
71.827 0.1220 0.0749 0.9339
71.865 0.1229 0.0746 0.9335
71.909 0.1270 0.0733 0.9540
71.948 0.1338 0.0727 0.9127
71.988 0.1391 0.0730 0.9243
72.028 0.1425 0.0729 0.9431
72.065 0.1381 0.0714 0.9383
72.110 0.1342 0.0708 0.9279
72.149 0.1313 0.0700 0.9243
72.189 0.1321 0.0711 0.9289
72.229 0.1357 0.0706 0.9699
72.269 0.1331 0.0705 0.9401
72.310 0.1302 0.0709 0.9193
72.349 0.1314 0.0682 0.8871
72.390 0.1367 0.0668 0.8871
72.430 0.1378 0.0711 0.9607
72.469 0.1374 0.0705 0.9389
72.509 0.1346 0.0707 0.9180
72.550 0.1391 0.0680 0.9063
72.592 0.1439 0.0661 0.9919
72.631 0.1493 0.0671 0.9052
72.671 0.1559 0.0709 0.9512
72.708 0.1548 0.0719 0.9432
72.753 0.1545 0.0696 0.9539
72.792 0.1593 0.0682 0.9224
72.832 0.1638 0.0683 0.9432
72.872 0.1634 0.0716 0.9208
72.909 0.1603 0.0707 0.9362
72.953 0.1592 0.0694 0.9360
72.993 0.1587 0.0668 0.9068
73.033 0.1620 0.0666 0.9770
73.072 0.1592 0.0691 0.9472
73.112 0.1594 0.0719 0.9775
73.153 0.1557 0.0710 0.9709
73.193 0.1553 0.0721 0.9315
73.233 0.1535 0.0683 0.9429
73.273 0.1545 0.0689 0.9730
73.313 0.1546 0.0714 0.9384
73.352 0.1562 0.0725 0.9396
73.394 0.1505 0.0707 0.9405
73.434 0.1498 0.0719 0.9290
73.474 0.1519 0.0699 0.9226
73.513 0.1490 0.0730 0.9368
73.551 0.1475 0.0733 0.9488
73.595 0.1443 0.0751 0.9424
73.635 0.1398 0.0737 0.9477
73.675 0.1338 0.0732 0.9115
73.715 0.1309 0.0728 0.9199
73.752 0.1227 0.0753 0.9254
73.797 0.1171 0.0749 0.9363
73.836 0.1086 0.0740 0.9391
73.876 0.1067 0.0728 0.9585
73.916 0.1029 0.0722 0.9350
73.956 0.0997 0.0754 0.9528
73.997 0.0981 0.0745 0.9329
74.037 0.0968 0.0715 0.9586
74.077 0.0962 0.0690 0.9150
74.117 0.0952 0.0704 0.9475
74.156 0.0989 0.0718 0.9429
74.196 0.0982 0.0758 0.9200
74.237 0.0999 0.0758 0.9076
74.278 0.1061 0.0731 0.9316
74.317 0.1106 0.0739 0.9220
74.357 0.1170 0.0715 0.9430
74.395 0.1232 0.0747 0.9366
74.439 0.1268 0.0762 0.9454
74.478 0.1309 0.0764 0.9378
74.518 0.1362 0.0743 0.9476
74.558 0.1401 0.0733 0.9116
74.595 0.1425 0.0765 0.9317
74.639 0.1445 0.0764 0.9246
74.679 0.1502 0.0775 0.9396
74.719 0.1566 0.0748 0.8971
74.758 0.1530 0.0776 0.9216
74.799 0.1545 0.0761 0.9010
74.841 0.1538 0.0784 0.8788
74.880 0.1500 0.0795 0.8954
74.926 0.1502 0.0799 0.9096
74.960 0.1483 0.0758 0.9179
75.000 0.1467 0.0751 0.9179
75.040 0.1423 0.0759 0.9076
75.081 0.1412 0.0768 0.9076
75.121 0.1421 0.0759 0.9078
75.161 0.1423 0.0766 0.9011
75.201 0.1373 0.0741 0.8976
75.238 0.1387 0.0728 0.9052
75.282 0.1356 0.0740 0.9319
75.322 0.1330 0.0773 0.8842
75.362 0.1352 0.0730 0.9241
75.402 0.1340 0.0730 0.9347
75.439 0.1339 0.0752 0.9200
75.483 0.1333 0.0736 0.9372
75.522 0.1334 0.0745 0.9016
75.563 0.1343 0.0755 0.9016
75.603 0.1369 0.0737 0.9294
75.642 0.1358 0.0730 0.9391
75.683 0.1383 0.0734 0.8907
75.723 0.1394 0.0751 0.9510
75.763 0.1440 0.0768 0.9436
75.803 0.1526 0.0737 0.9299
75.842 0.1513 0.0728 0.9386
75.883 0.1508 0.0733 0.9438
75.924 0.1520 0.0726 0.9072
75.965 0.1529 0.0726 0.9292
76.005 0.1562 0.0739 0.9712
76.044 0.1590 0.0739 0.9258
76.082 0.1576 0.0707 0.9131
76.126 0.1601 0.0716 0.9131
76.166 0.1588 0.0733 0.9448
76.205 0.1579 0.0741 0.9565
76.245 0.1540 0.0721 0.9521
76.282 0.1477 0.0721 0.9145
76.327 0.1452 0.0736 0.9605
76.366 0.1474 0.0730 0.9338
76.406 0.1473 0.0739 0.9198
76.446 0.1473 0.0734 0.9849
76.486 0.1426 0.0749 0.9498
76.527 0.1376 0.0749 0.9585
76.567 0.1371 0.0769 0.9015
76.607 0.1343 0.0764 0.9601
76.647 0.1303 0.0764 0.9638
76.686 0.1304 0.0769 0.9693
76.726 0.1310 0.0770 0.9840
76.767 0.1363 0.0770 0.9781
76.808 0.1382 0.0781 0.9366
76.847 0.1391 0.0783 0.9338
76.887 0.1387 0.0760 0.9338
76.925 0.1412 0.0767 0.9116
76.969 0.1481 0.0782 0.9013
77.008 0.1555 0.0782 0.9085
77.049 0.1599 0.0791 0.9261
77.089 0.1638 0.0787 0.9233
77.126 0.1707 0.0767 0.9095
77.170 0.1761 0.0767 0.9163
77.210 0.1834 0.0791 0.9171
77.250 0.1823 0.0789 0.9037
77.290 0.1842 0.0777 0.9775
77.330 0.1883 0.0770 0.9332
77.370 0.1969 0.0760 0.9450
77.410 0.2008 0.0768 0.9179
77.450 0.2022 0.0771 0.9429
77.490 0.1981 0.0784 0.9258
77.530 0.1993 0.0770 0.9577
77.570 0.1994 0.0757 0.9948
77.611 0.1967 0.0760 0.9750
77.651 0.1920 0.0787 0.9323
77.691 0.1924 0.0795 0.9166
77.731 0.1925 0.0787 0.8900
77.768 0.1845 0.0792 0.9235
77.812 0.1756 0.0802 0.9097
77.852 0.1631 0.0730 0.9053
77.892 0.1554 0.0775 0.8989
77.931 0.1464 0.0807 0.9025
77.969 0.1433 0.0779 0.9269
78.013 0.1377 0.0782 0.8969
78.052 0.1267 0.0739 0.8949
78.092 0.1152 0.0763 0.9006
78.133 0.1097 0.0784 0.9233
78.173 0.0978 0.0761 0.9270
78.214 0.0860 0.0790 0.9003
78.254 0.0874 0.0781 0.8959
78.294 0.0860 0.0784 0.9151
78.334 0.0932 0.0803 0.9096
78.373 0.0968 0.0778 0.9093
78.413 0.1010 0.0790 0.9270
78.454 0.1050 0.0786 0.9450
78.495 0.1046 0.0766 0.9472
78.535 0.1109 0.0769 0.8993
78.574 0.1190 0.0765 0.9366
78.612 0.1217 0.0792 0.9701
78.656 0.1304 0.0766 0.9213
78.695 0.1361 0.0753 0.8997
78.735 0.1427 0.0768 0.8766
78.775 0.1477 0.0809 0.9019
78.812 0.1468 0.0810 0.9298
78.857 0.1456 0.0788 0.9453
78.896 0.1431 0.0773 0.9423
78.936 0.1416 0.0749 0.9444
78.976 0.1430 0.0797 0.9648
79.016 0.1402 0.0812 0.9401
79.057 0.1382 0.0783 0.9294
79.096 0.1433 0.0779 0.9444
79.137 0.1439 0.0773 0.9174
79.177 0.1437 0.0774 0.8956
79.217 0.1387 0.0808 0.8993
79.257 0.1350 0.0828 0.9421
79.298 0.1323 0.0803 0.8982
79.339 0.1271 0.0783 0.9241
79.378 0.1260 0.0767 0.9190
79.418 0.1242 0.0795 0.8990
79.455 0.1187 0.0850 0.9400
79.500 0.1141 0.0826 0.9166
79.539 0.1144 0.0820 0.9424
79.579 0.1076 0.0752 0.9414
79.618 0.1051 0.0784 0.9562
79.656 0.1032 0.0836 0.9337
79.700 0.1046 0.0851 0.9369
79.740 0.1067 0.0805 0.9326
79.779 0.1098 0.0823 0.9499
79.819 0.1141 0.0823 0.9489
79.863 0.1187 0.0853 0.9443
79.900 0.1175 0.0853 0.9585
79.940 0.1204 0.0851 0.9482
79.980 0.1256 0.0812 0.9187
80.020 0.1255 0.0832 0.8910
80.059 0.1295 0.0824 0.9297
80.099 0.1301 0.0886 0.9255
80.140 0.1311 0.0875 0.9374
80.181 0.1307 0.0881 0.9485
80.221 0.1308 0.0828 0.9097
80.260 0.1295 0.0827 0.8945
80.299 0.1291 0.0838 0.8945
80.342 0.1239 0.0840 0.8688
80.382 0.1233 0.0813 0.9018
80.423 0.1221 0.0800 0.9150
80.462 0.1212 0.0789 0.8933
80.499 0.1212 0.0759 0.8826
80.543 0.1212 0.0820 0.9009
80.583 0.1204 0.0798 0.9194
80.623 0.1204 0.0798 0.9418
80.663 0.1203 0.0753 0.9087
80.703 0.1211 0.0771 0.8827
80.744 0.1212 0.0814 0.8972
80.783 0.1203 0.0785 0.8808
80.824 0.1207 0.0826 0.9228
80.864 0.1210 0.0785 0.9189
80.903 0.1226 0.0775 0.9025
80.943 0.1224 0.0785 0.9249
80.984 0.1223 0.0828 0.9249
81.025 0.1193 0.0798 0.8891
81.064 0.1186 0.0799 0.9389
81.104 0.1168 0.0800 0.9598
81.141 0.1166 0.0766 0.9209
81.186 0.1124 0.0779 0.9247
81.225 0.1123 0.0819 0.8911
81.265 0.1126 0.0775 0.8932
81.305 0.1120 0.0765 0.9562
81.342 0.1102 0.0765 0.9506
81.386 0.1181 0.0778 0.9409
81.426 0.1208 0.0808 0.9249
81.467 0.1238 0.0781 0.9702
81.507 0.1286 0.0777 0.9562
81.547 0.1325 0.0789 0.9122
81.602 0.1361 0.0770 0.9122
81.627 0.1369 0.0837 0.9078
81.667 0.1414 0.0806 0.9443
81.707 0.1437 0.0798 0.9181
81.747 0.1450 0.0800 0.9280
81.786 0.1479 0.0761 0.9487
81.828 0.1549 0.0781 0.9166
81.868 0.1526 0.0784 0.9532
81.908 0.1509 0.0795 0.9354
81.948 0.1535 0.0772 0.9112
81.986 0.1522 0.0789 0.9421
82.029 0.1555 0.0788 0.9410
82.069 0.1550 0.0820 0.9554
82.109 0.1566 0.0796 0.8959
82.149 0.1551 0.0760 0.9489
82.186 0.1553 0.0758 0.9484
82.230 0.1591 0.0789 0.9051
82.269 0.1623 0.0789 0.9759
82.310 0.1624 0.0797 0.9315
82.349 0.1661 0.0764 0.9287
82.389 0.1698 0.0784 0.9213
82.430 0.1692 0.0754 0.9218
82.470 0.1717 0.0765 0.9131
82.510 0.1693 0.0791 0.9299
82.550 0.1691 0.0809 0.9522
82.590 0.1715 0.0783 0.9258
82.630 0.1743 0.0742 0.9357
82.671 0.1768 0.0768 0.9209
82.712 0.1772 0.0783 0.8869
82.752 0.1761 0.0801 0.8970
82.791 0.1792 0.0777 0.9117
82.829 0.1773 0.0767 0.9173
82.873 0.1759 0.0768 0.9185
82.912 0.1749 0.0798 0.9063
82.952 0.1713 0.0814 0.9159
82.992 0.1711 0.0802 0.9356
83.029 0.1728 0.0829 0.9113
83.073 0.1692 0.0792 0.8942
83.113 0.1678 0.0804 0.9324
83.153 0.1691 0.0823 0.9413
83.193 0.1671 0.0815 0.9337
83.233 0.1639 0.0853 0.9137
83.274 0.1546 0.0807 0.9334
83.314 0.1487 0.0820 0.9204
83.354 0.1450 0.0824 0.9325
83.394 0.1390 0.0862 0.9140
83.433 0.1352 0.0846 0.9215
83.473 0.1296 0.0850 0.9110
83.514 0.1235 0.0822 0.9213
83.554 0.1189 0.0833 0.9095
83.594 0.1166 0.0859 0.9220
83.634 0.1090 0.0840 0.8932
83.673 0.1000 0.0864 0.8932
83.716 0.0965 0.0831 0.9118
83.756 0.0905 0.0845 0.9319
83.796 0.0916 0.0867 0.9468
83.836 0.0895 0.0873 0.9394
83.873 0.0896 0.0844 0.9225
83.917 0.0867 0.0866 0.9285
83.957 0.0910 0.0857 0.9148
83.997 0.0936 0.0832 0.9159
84.036 0.0949 0.0878 0.9445
84.077 0.0972 0.0878 0.9505
84.117 0.0986 0.0865 0.9583
84.157 0.1067 0.0833 0.9195
84.199 0.1085 0.0813 0.9132
84.237 0.1129 0.0881 0.9121
84.277 0.1121 0.0867 0.9121
84.317 0.1116 0.0832 0.8988
84.358 0.1083 0.0846 0.9097
84.398 0.1121 0.0811 0.9139
84.438 0.1133 0.0862 0.9009
84.477 0.1116 0.0878 0.9023
84.515 0.1081 0.0874 0.9076
84.559 0.1040 0.0814 0.9622
84.599 0.1061 0.0825 0.9291
84.639 0.1034 0.0839 0.9347
84.679 0.0980 0.0885 0.8785
84.716 0.0979 0.0871 0.9019
84.760 0.1000 0.0834 0.9129
84.800 0.1014 0.0815 0.9472
84.840 0.1086 0.0833 0.9463
84.880 0.1121 0.0849 0.9708
84.920 0.1108 0.0866 0.9605
84.961 0.1072 0.0850 0.9301
85.001 0.1083 0.0838 0.9347
85.041 0.1138 0.0802 0.9294
85.081 0.1144 0.0827 0.9245
85.120 0.1143 0.0860 0.9352
85.160 0.1152 0.0869 0.9313
85.201 0.1170 0.0865 0.9225
85.241 0.1149 0.0835 0.9323
85.282 0.1163 0.0850 0.8931
85.321 0.1151 0.0838 0.9032
85.359 0.1125 0.0846 0.9009
85.403 0.1137 0.0857 0.9006
85.442 0.1160 0.0838 0.9269
85.482 0.1245 0.0815 0.9096
85.522 0.1232 0.0827 0.9072
85.559 0.1180 0.0828 0.9401
85.604 0.1176 0.0840 0.9540
85.643 0.1214 0.0782 0.9148
85.683 0.1256 0.0793 0.9241
85.723 0.1292 0.0794 0.9188
85.763 0.1342 0.0791 0.9094
85.804 0.1357 0.0809 0.9171
85.843 NaN 0.0777 0.9201
85.884 NaN 0.0769 0.9455
85.925 NaN 0.0766 0.9268
85.964 NaN 0.0776 0.9655
86.004 NaN 0.0769 0.9227
86.045 NaN 0.0774 0.9284
86.085 NaN 0.0742 0.9592
86.125 NaN 0.0756 0.9564
