480.138 NaN 0.0944 0.9380
480.179 NaN 0.0953 0.9394
480.219 NaN 0.0941 0.9116
480.259 NaN 0.0957 0.9488
480.299 NaN 0.0939 0.9174
480.337 NaN 0.0944 0.9110
480.380 NaN 0.0935 0.9197
480.421 0.1639 0.0939 0.9318
480.461 0.1651 0.0949 0.9345
480.501 0.1655 0.0961 0.9501
480.538 0.1662 0.0950 0.9455
480.582 0.1611 0.0952 0.9483
480.621 0.1608 0.0926 0.9312
480.662 0.1613 0.0962 0.9369
480.701 0.1620 0.0951 0.9323
480.740 0.1587 0.0952 0.9367
480.781 0.1553 0.0921 0.8828
480.822 0.1591 0.0912 0.9116
480.862 0.1575 0.0927 0.9741
480.902 0.1585 0.0945 0.9223
480.941 0.1575 0.0931 0.9589
480.981 0.1615 0.0932 0.9439
481.023 0.1604 0.0922 0.9303
481.063 0.1668 0.0954 0.9301
481.103 0.1704 0.0981 0.9183
481.142 0.1689 0.0992 0.9265
481.180 0.1630 0.1020 0.9038
481.223 0.1601 0.0991 0.9446
481.264 0.1590 0.0997 0.9542
481.304 0.1559 0.0991 0.9182
481.343 0.1542 0.0979 0.9048
481.381 0.1513 0.1013 0.8793
481.425 0.1533 0.0993 0.8966
481.465 0.1481 0.0994 0.8935
481.505 0.1438 0.0982 0.8935
481.545 0.1364 0.1003 0.9108
481.584 0.1292 0.1044 0.9229
481.625 0.1241 0.1012 0.9102
481.665 0.1247 0.1011 0.9075
481.706 0.1261 0.0994 0.9075
481.746 0.1276 0.0993 0.9075
481.785 0.1239 0.1028 0.9075
481.824 0.1200 0.0993 0.8735
481.866 0.1216 0.0978 0.9572
481.906 0.1204 0.1010 0.9521
481.946 0.1195 0.0979 0.9301
481.986 0.1192 0.0984 0.9672
482.023 0.1190 0.0997 0.9582
482.068 0.1221 0.0974 0.9312
482.107 0.1249 0.0977 0.9345
482.147 0.1300 0.0984 0.9075
482.187 0.1376 0.1003 0.9338
482.224 0.1396 0.0993 0.9458
482.268 0.1404 0.0985 0.9468
482.308 0.1414 0.0980 0.9334
482.348 0.1417 0.0952 0.9247
482.388 0.1431 0.0953 0.9165
482.432 0.1482 0.1027 0.9268
482.469 0.1512 0.0984 0.9455
482.508 0.1566 0.0978 0.9095
482.549 0.1607 0.0998 0.8891
482.589 0.1669 0.0938 0.9021
482.629 0.1722 0.0952 0.9182
482.668 0.1694 0.0945 0.9269
482.710 0.1677 0.0976 0.9269
482.750 0.1684 0.0972 0.9395
482.790 0.1730 0.0961 0.9475
482.830 0.1790 0.0963 0.9229
482.867 0.1792 0.0985 0.9448
482.911 0.1762 0.0995 0.9402
482.951 0.1791 0.0964 0.9257
482.991 0.1752 0.0960 0.9111
483.030 0.1764 0.0958 0.9281
483.067 0.1738 0.0980 0.9562
483.111 0.1693 0.0971 0.9195
483.151 0.1681 0.0998 0.8982
483.191 0.1632 0.0996 0.8951
483.231 0.1627 0.0975 0.9239
483.271 0.1663 0.0987 0.9265
483.311 0.1636 0.1006 0.9209
483.352 0.1674 0.1065 0.9511
483.392 0.1694 0.0986 0.9411
483.432 0.1637 0.0972 0.9283
483.471 0.1687 0.0975 0.9054
483.511 0.1725 0.0953 0.9237
483.552 0.1766 0.0998 0.9073
483.593 0.1770 0.0971 0.9455
483.633 0.1780 0.0988 0.9431
483.673 0.1836 0.0983 0.9367
483.710 0.1873 0.0986 0.9305
483.755 0.1871 0.0977 0.9097
483.794 0.1864 0.0966 0.9495
483.834 0.1846 0.0966 0.9447
483.874 0.1839 0.0975 0.9292
483.911 0.1872 0.0959 0.9415
483.954 0.1871 0.0961 0.9058
483.995 0.1835 0.0975 0.9476
484.035 0.1783 0.0950 0.9388
484.075 0.1764 0.0950 0.9352
484.114 0.1745 0.0950 0.9323
484.155 0.1723 0.0929 0.9156
484.195 0.1718 0.0950 0.9193
484.236 0.1720 0.0948 0.9094
484.275 0.1742 0.0950 0.9354
484.315 0.1799 0.0938 0.9204
484.355 0.1869 0.0941 0.9309
484.396 0.1920 0.0975 0.9554
484.436 0.1965 0.0985 0.9227
484.476 0.1984 0.1008 0.9314
484.516 0.1992 0.0979 0.9314
484.553 0.1993 0.0966 0.9239
484.596 0.2021 0.0963 0.9241
484.637 0.2027 0.0987 0.9585
484.677 0.2059 0.0981 0.9158
484.717 0.2024 0.0968 0.9264
484.755 0.2008 0.0966 0.9035
484.798 0.1969 0.0961 0.9107
484.839 0.1897 0.0961 0.9236
484.879 0.1850 0.0983 0.9171
484.918 0.1810 0.0987 0.9523
484.958 0.1806 0.0994 0.9425
484.998 0.1838 0.0963 0.9144
485.039 0.1867 0.0959 0.9259
485.079 0.1887 0.0984 0.9025
485.119 0.1860 0.0997 0.9303
485.159 0.1799 0.1007 0.9243
485.198 0.1779 0.0982 0.9132
485.239 0.1810 0.0978 0.9474
485.280 0.1788 0.0945 0.9182
485.320 0.1805 0.0967 0.9488
485.359 0.1824 0.0960 0.9479
485.397 0.1806 0.0960 0.9566
485.441 0.1852 0.0961 0.9339
485.480 0.1879 0.0956 0.9195
485.521 0.1881 0.0983 0.9195
485.560 0.1878 0.0984 0.9431
485.597 0.1918 0.0996 0.9175
485.642 0.2000 0.0999 0.9142
485.681 0.2084 0.0976 0.8815
485.721 0.2130 0.1017 0.9173
485.761 0.2131 0.0982 0.9459
485.800 0.2158 0.1010 0.9649
485.842 0.2101 0.1004 0.9310
485.883 0.2096 0.0980 0.9402
485.923 0.2069 0.0951 0.9145
485.963 0.1989 0.1000 0.9151
486.002 0.1932 0.0997 0.9203
486.042 0.1893 0.0956 0.9332
486.083 0.1831 0.0943 0.8805
486.123 0.1779 0.0948 0.9230
486.163 0.1747 0.0947 0.9323
486.203 0.1624 0.0992 0.9364
486.240 0.1566 0.0945 0.9439
486.285 0.1542 0.0950 0.9381
486.324 0.1561 0.0940 0.9443
486.364 0.1586 0.0938 0.9261
486.404 0.1609 0.0993 0.9592
486.441 0.1589 0.1016 0.9235
486.484 0.1669 0.0996 0.9307
486.525 0.1706 0.0979 0.9289
486.565 0.1756 0.0965 0.9517
486.605 0.1791 0.0955 0.9578
486.644 0.1799 0.0964 0.9632
486.684 0.1818 0.0955 0.9368
486.725 0.1918 0.0947 0.9501
486.765 0.1957 0.0928 0.9422
486.805 0.1946 0.0927 0.9363
486.845 0.1961 0.0971 0.9421
486.884 0.1944 0.0935 0.9389
486.926 0.1972 0.0928 0.9121
486.967 0.1966 0.0956 0.9359
487.007 0.1967 0.0942 0.9443
487.047 0.1983 0.0935 0.9693
487.084 0.2002 0.0966 0.9277
487.128 0.2045 0.0966 0.9378
487.168 0.2102 0.0978 0.9386
487.208 0.2099 0.0950 0.9377
487.248 0.2126 0.0951 0.9271
487.284 0.2139 0.0996 0.9722
487.329 0.2158 0.0959 0.9319
487.368 0.2150 0.0980 0.9543
487.408 0.2163 0.0981 0.9189
487.448 0.2157 0.0977 0.9457
487.487 0.2171 0.0991 0.9063
487.529 0.2175 0.1001 0.9275
487.569 0.2166 0.0994 0.8883
487.609 0.2102 0.0975 0.9306
487.649 0.2061 0.0979 0.9200
487.688 0.2063 0.0978 0.9421
487.728 0.1995 0.0997 0.9281
487.769 0.1999 0.0993 0.9443
487.809 0.1961 0.0976 0.9377
487.850 0.1958 0.0950 0.9302
487.889 0.1926 0.0944 0.9455
487.926 0.1868 0.0984 0.9457
487.971 0.1827 0.0994 0.9311
488.010 0.1767 0.0968 0.9182
488.051 0.1705 0.0957 0.9172
488.091 0.1664 0.0968 0.9291
488.128 0.1621 0.0989 0.9472
488.172 0.1570 0.0983 0.9389
488.212 0.1543 0.0974 0.9301
488.252 0.1464 0.0987 0.9268
488.292 0.1429 0.0979 0.9209
488.331 0.1398 0.0952 0.9335
488.371 0.1375 0.0963 0.9441
488.413 0.1410 0.0974 0.9528
488.453 0.1401 0.0957 0.9412
488.492 0.1411 0.0942 0.9372
488.532 0.1423 0.0906 0.9422
488.572 0.1406 0.0905 0.9474
488.613 0.1448 0.0947 0.9105
488.653 0.1468 0.0944 0.9373
488.693 0.1470 0.0933 0.9136
488.733 0.1525 0.0918 0.9034
488.770 0.1562 0.0917 0.9153
488.813 0.1573 0.0935 0.9113
488.854 0.1563 0.0906 0.9137
488.894 0.1576 0.0925 0.8921
488.934 0.1566 0.0891 0.9475
488.971 0.1567 0.0891 0.9011
489.014 0.1545 0.0898 0.9424
489.055 0.1562 0.0927 0.9424
489.095 0.1603 0.0895 0.9552
489.134 0.1585 0.0861 0.9437
489.175 0.1597 0.0862 0.9370
489.215 0.1587 0.0863 0.9308
489.256 0.1569 0.0908 0.9516
489.296 0.1553 0.0917 0.9246
489.336 0.1559 0.0905 0.9508
489.376 0.1503 0.0880 0.8773
489.415 0.1494 0.0882 0.9242
489.457 0.1526 0.0893 0.9249
489.497 0.1509 0.0881 0.9249
489.537 0.1555 0.0877 0.9373
489.577 0.1539 0.0815 0.9243
489.614 0.1521 0.0819 0.9191
489.658 0.1564 0.0875 0.9311
489.698 0.1608 0.0884 0.9446
489.738 0.1611 0.0848 0.9519
489.777 0.1642 0.0864 0.9593
489.814 0.1693 0.0845 0.9276
489.858 0.1789 0.0851 0.9221
489.898 0.1885 0.0879 0.9420
489.938 0.1851 0.0883 0.9607
489.978 0.1851 0.0873 0.9209
490.017 0.1860 0.0862 0.9133
490.058 0.1877 0.0862 0.9326
490.099 0.1918 0.0882 0.9590
490.139 0.1900 0.0900 0.9669
490.179 0.1873 0.0899 0.9394
490.218 0.1892 0.0893 0.9479
490.258 0.1900 0.0826 0.9319
490.300 0.1929 0.0855 0.9281
490.340 0.1950 0.0857 0.9125
490.380 0.1899 0.0948 0.9289
490.420 0.1943 0.0832 0.9287
490.457 0.1965 0.0863 0.9295
490.501 0.1973 0.0810 0.9305
490.541 0.1977 0.0852 0.9200
490.581 0.2011 0.0858 0.9091
490.621 0.2040 0.0884 0.8793
490.658 0.2066 0.0879 0.8899
490.701 0.2079 0.0879 0.9260
490.742 0.2065 0.0867 0.9215
490.782 0.2059 0.0927 0.9174
490.822 0.2042 0.0930 0.9137
490.860 0.2067 0.0930 0.9869
490.902 0.2073 0.0914 0.9573
490.942 0.2112 0.0897 0.9474
490.983 0.2130 0.0892 0.9091
491.022 0.2132 0.0925 0.9023
491.062 0.2080 0.0929 0.9377
491.101 0.2025 0.0888 0.9516
491.143 0.1976 0.0920 0.9216
491.183 0.1931 0.0915 0.9103
491.223 0.1894 0.0930 0.9417
491.263 0.1845 0.0943 0.9656
491.300 0.1790 0.0904 0.9585
491.344 0.1700 0.0879 0.9335
491.384 0.1647 0.0929 0.9329
491.425 0.1564 0.0978 0.9468
491.464 0.1495 0.0979 0.9196
491.502 0.1444 0.0975 0.9452
491.544 0.1428 0.0975 0.9379
491.585 0.1428 0.0962 0.9081
491.626 0.1403 0.0975 0.9492
491.665 0.1374 0.0954 0.9633
491.704 0.1378 0.0987 0.8919
491.746 0.1385 0.0974 0.9047
491.786 0.1375 0.0968 0.9137
491.826 0.1402 0.1040 0.8859
491.866 0.1426 0.1005 0.9012
491.905 0.1417 0.0987 0.9012
491.945 0.1397 0.1016 0.8947
491.986 0.1467 0.1035 0.8894
492.027 0.1468 0.0989 0.9335
492.066 0.1468 0.0948 0.9552
492.106 0.1539 0.0993 0.9457
492.144 0.1595 0.0964 0.9164
492.188 0.1602 0.0951 0.9661
492.227 0.1637 0.0955 0.9038
492.268 0.1663 0.1004 0.8789
492.307 0.1688 0.1033 0.9093
492.344 0.1702 0.1034 0.9139
492.387 0.1685 0.0976 0.9529
492.428 0.1760 0.1031 0.8962
492.468 0.1746 0.0961 0.8898
492.508 0.1776 0.0971 0.8929
492.548 0.1771 0.0984 0.9314
492.590 0.1734 0.0999 0.8922
492.630 0.1663 0.0999 0.8888
492.670 0.1657 0.0974 0.8612
492.710 0.1628 0.0955 0.8826
492.749 0.1608 0.0976 0.9118
492.789 0.1576 0.0980 0.9278
492.830 0.1534 0.0952 0.9274
492.870 0.1541 0.0940 0.9204
492.910 0.1552 0.0953 0.9076
492.950 0.1577 0.0953 0.8866
492.987 0.1545 0.0973 0.8916
493.032 0.1526 0.1006 0.9174
493.071 0.1510 0.0997 0.9133
493.111 0.1534 0.0960 0.9171
493.151 0.1559 0.0975 0.9195
493.188 0.1576 0.0978 0.9076
493.231 0.1553 0.0962 0.9375
493.272 0.1585 0.0997 0.9478
493.312 0.1598 0.1004 0.9388
493.351 0.1625 0.0942 0.9173
493.391 0.1616 0.0950 0.9715
493.432 0.1547 0.0969 0.9412
493.472 0.1549 0.0948 0.9505
493.512 0.1560 0.0948 0.9548
493.552 0.1603 0.0956 0.9284
493.592 0.1625 0.0912 0.9225
493.632 0.1573 0.0964 0.8966
493.674 0.1539 0.0953 0.9613
493.714 0.1566 0.0949 0.9229
493.754 0.1604 0.0886 0.9537
493.793 0.1643 0.0887 0.9720
493.831 0.1639 0.0905 0.9345
493.875 0.1638 0.0912 0.9346
493.914 0.1697 0.0890 0.9314
493.955 0.1754 0.0887 0.9153
493.994 0.1807 0.0946 0.9075
494.031 0.1829 0.0881 0.9656
494.074 0.1803 0.0900 0.9562
494.115 0.1854 0.0908 0.9479
494.155 0.1876 0.0907 0.9500
494.195 0.1922 0.0888 0.9269
494.234 0.1887 0.0878 0.9149
494.276 0.1851 0.0897 0.9299
494.316 0.1860 0.0909 0.9195
494.356 0.1867 0.0908 0.9262
494.396 0.1860 0.0883 0.9416
494.435 0.1841 0.0876 0.9396
494.475 0.1793 0.0893 0.8912
494.516 0.1773 0.0951 0.9344
494.557 0.1762 0.0981 0.9031
494.596 0.1755 0.0965 0.9007
494.636 0.1788 0.0938 0.8975
494.674 0.1738 0.0913 0.8666
494.718 0.1734 0.0916 0.9022
494.758 0.1716 0.0960 0.8717
494.799 0.1697 0.0919 0.9037
494.838 0.1682 0.0936 0.8722
494.875 0.1664 0.0927 0.8690
494.919 0.1617 0.0901 0.8931
494.959 0.1581 0.0924 0.8720
494.999 0.1541 0.0973 0.9088
495.039 0.1527 0.0986 0.9088
495.078 0.1493 0.0985 0.8846
495.118 0.1447 0.0935 0.9141
495.159 0.1409 0.0985 0.8619
495.199 0.1422 0.0992 0.8569
495.239 0.1392 0.0992 0.8871
495.279 0.1383 0.0991 0.9135
495.318 0.1335 0.0974 0.8945
495.360 0.1325 0.0972 0.8818
495.400 0.1316 0.1014 0.8925
495.440 0.1335 0.1001 0.9336
495.480 0.1368 0.0974 0.8642
495.517 0.1347 0.1017 0.9008
495.560 0.1360 0.0948 0.9297
495.601 0.1320 0.1018 0.8716
495.641 0.1343 0.0977 0.8946
495.681 0.1288 0.0977 0.8826
495.717 0.1286 0.1012 0.9044
495.761 0.1351 0.0991 0.9423
495.802 0.1410 0.1000 0.9163
495.842 0.1455 0.0959 0.9129
495.882 0.1478 0.0958 0.9272
495.921 0.1510 0.0966 0.9269
495.963 0.1473 0.0980 0.8699
496.003 0.1495 0.1000 0.9220
496.043 0.1505 0.0996 0.9190
496.083 0.1566 0.0962 0.9002
496.123 0.1590 0.0955 0.9315
496.162 0.1632 0.0913 0.9097
496.204 0.1677 0.0912 0.9206
496.244 0.1675 0.0894 0.9285
496.284 0.1687 0.0914 0.9306
496.323 0.1672 0.0906 0.9268
496.361 0.1672 0.0886 0.9037
496.405 0.1651 0.0889 0.9293
496.444 0.1728 0.0883 0.9291
496.485 0.1763 0.0863 0.9108
496.524 0.1760 0.0892 0.9020
496.561 0.1747 0.0985 0.9059
496.604 0.1724 0.0883 0.9353
496.645 0.1745 0.0897 0.9161
496.685 0.1766 0.0930 0.9122
496.725 0.1772 0.0958 0.9001
496.764 0.1729 0.0948 0.8912
496.805 0.1682 0.0933 0.9012
496.846 0.1668 0.0948 0.9128
496.886 0.1642 0.0935 0.9043
496.926 0.1597 0.0943 0.8640
496.966 0.1555 0.0948 0.9045
497.006 0.1581 0.0930 0.9100
497.047 0.1580 0.0942 0.8945
497.087 0.1597 0.0938 0.8989
497.127 0.1572 0.1024 0.9002
497.167 0.1561 0.0973 0.9512
497.204 0.1526 0.0965 0.9262
497.248 0.1506 0.0930 0.8862
497.288 0.1539 0.0923 0.8862
497.328 0.1524 0.0953 0.8992
497.368 0.1595 0.0956 0.9402
497.405 0.1609 0.0949 0.9461
497.448 0.1628 0.0954 0.9467
497.489 0.1601 0.0929 0.9328
497.529 0.1585 0.0932 0.9796
497.569 0.1587 0.0969 0.9511
497.608 0.1596 0.0992 0.9213
497.649 0.1617 0.1064 0.9319
497.689 0.1653 0.0949 0.9095
497.729 0.1680 0.0970 0.8806
497.769 0.1687 0.0921 0.9095
497.809 0.1704 0.0969 0.9541
497.848 0.1665 0.0999 0.8997
497.890 0.1691 0.0948 0.9227
497.930 0.1684 0.0896 0.9134
497.970 0.1758 0.0888 0.9422
498.010 0.1789 0.0938 0.9059
498.048 0.1781 0.0943 0.9020
498.092 0.1816 0.0886 0.9336
498.132 0.1819 0.0879 0.9137
498.172 0.1814 0.0885 0.8878
498.211 0.1856 0.0906 0.9002
498.248 0.1873 0.0976 0.8862
498.292 0.1866 0.0974 0.9125
498.332 0.1882 0.0974 0.9181
498.372 0.1825 0.0980 0.9055
498.412 0.1848 0.0992 0.9351
498.451 0.1790 0.0979 0.9501
498.493 0.1737 0.1022 0.9169
498.533 0.1712 0.0974 0.9318
498.573 0.1645 0.0974 0.9058
498.613 0.1598 0.0979 0.8727
498.652 0.1616 0.0983 0.9405
498.692 0.1561 0.0984 0.9352
498.733 0.1526 0.0976 0.9302
498.774 0.1513 0.0991 0.9142
498.814 0.1486 0.0981 0.9048
498.853 0.1532 0.0981 0.8891
498.890 0.1526 0.1003 0.8944
498.935 0.1475 0.1025 0.8888
498.974 0.1467 0.1016 0.9109
499.015 0.1456 0.1008 0.8910
499.060 0.1488 0.1007 0.9228
499.092 0.1520 0.1002 0.8867
499.134 0.1486 0.1007 0.8976
499.175 0.1464 0.1005 0.9273
499.216 0.1461 0.0981 0.9255
499.256 0.1457 0.0968 0.9761
499.295 0.1468 0.1007 0.9260
499.335 0.1452 0.1013 0.9120
499.376 0.1425 0.1021 0.9068
499.417 0.1412 0.1036 0.9035
499.456 0.1396 0.1001 0.9093
499.496 0.1386 0.1073 0.8883
499.536 0.1380 0.1019 0.9333
499.577 0.1350 0.1049 0.9216
499.617 0.1295 0.1019 0.8959
499.657 0.1294 0.0992 0.9235
499.697 0.1289 0.1038 0.9499
499.734 0.1246 0.0991 0.9080
499.779 0.1213 0.1037 0.9175
499.818 0.1178 0.1037 0.9393
499.858 0.1114 0.1024 0.9413
499.898 0.1080 0.1053 0.8915
499.935 0.1040 0.0996 0.9073
499.978 0.1008 0.1022 0.9299
500.019 0.0952 0.0983 0.9566
500.059 0.0896 0.1030 0.9326
500.098 0.0877 0.0977 0.9196
500.137 0.0836 0.0990 0.9136
500.178 0.0770 0.1003 0.9089
500.219 0.0743 0.1018 0.9047
500.259 0.0732 0.1015 0.9027
500.300 0.0702 0.0999 0.9302
500.340 0.0707 0.1014 0.8942
500.379 0.0699 0.0976 0.8925
500.421 0.0736 0.0994 0.8925
500.461 0.0739 0.1034 0.8802
500.501 0.0759 0.0947 0.9040
500.541 0.0797 0.0969 0.9327
500.578 0.0835 0.0960 0.9209
500.622 0.0896 0.0961 0.9043
500.661 0.0915 0.0999 0.8669
500.702 0.0928 0.0967 0.9101
500.741 0.0957 0.0944 0.9145
500.778 0.0974 0.0967 0.9085
500.822 0.1002 0.0947 0.9085
500.862 0.1042 0.0982 0.9361
500.902 0.1059 0.0980 0.9361
500.942 0.1073 0.0971 0.9659
500.981 0.1098 0.0959 0.9321
501.023 0.1139 0.0952 0.9237
501.063 0.1140 0.0963 0.8868
501.103 0.1153 0.0982 0.9298
501.143 0.1177 0.0981 0.9319
501.182 0.1226 0.0959 0.9021
501.222 0.1218 0.0983 0.8696
501.263 0.1220 0.0963 0.8807
501.303 0.1230 0.1015 0.8696
501.344 0.1256 0.0988 0.8757
501.383 0.1271 0.0970 0.8910
501.421 0.1297 0.0987 0.8486
501.465 0.1323 0.0985 0.9106
501.505 0.1334 0.0967 0.9033
501.545 0.1375 0.0971 0.9239
501.585 0.1381 0.0948 0.9275
501.622 0.1383 0.0931 0.9178
501.665 0.1404 0.0902 0.8848
501.706 0.1460 0.0905 0.9163
501.746 0.1474 0.1012 0.8982
501.786 0.1480 0.0984 0.9042
501.824 0.1455 0.0995 0.9048
501.866 0.1430 0.0938 0.8692
501.906 0.1431 0.0933 0.8959
501.946 0.1427 0.0923 0.9470
501.986 0.1427 0.0976 0.9205
502.026 0.1416 0.0901 0.9119
502.066 0.1398 0.0939 0.8725
502.107 0.1404 0.0896 0.8947
502.147 0.1417 0.0948 0.9366
502.187 0.1385 0.0928 0.9529
502.227 0.1374 0.0964 0.9285
502.264 0.1346 0.0854 0.9496
502.307 0.1363 0.0835 0.9334
502.348 0.1386 0.0816 0.9480
502.388 0.1382 0.0846 0.9151
502.428 0.1371 0.0945 0.8968
502.466 0.1343 0.0805 0.9315
502.509 0.1343 0.0790 0.9279
502.550 0.1359 0.0805 0.9279
502.589 0.1384 0.0821 0.9040
502.629 0.1382 0.0836 0.9287
502.668 0.1384 0.0836 0.9585
502.710 0.1411 0.0847 0.9345
502.750 0.1483 0.0823 0.9253
502.790 0.1532 0.0810 0.9422
502.830 0.1570 0.0827 0.9257
502.870 0.1599 0.0826 0.9148
502.909 0.1616 0.0806 0.9289
502.951 0.1679 0.0810 0.9289
502.991 0.1708 0.0805 0.9464
503.031 0.1755 0.0814 0.9125
503.070 0.1764 0.0843 0.9415
503.108 0.1727 0.0824 0.8895
503.151 0.1722 0.0792 0.9229
503.191 0.1723 0.0801 0.8895
503.231 0.1731 0.0836 0.8509
503.271 0.1706 0.0876 0.9255
503.308 0.1677 0.0858 0.9075
503.352 0.1619 0.0870 0.9095
503.392 0.1620 0.0800 0.8694
503.432 0.1640 0.0837 0.9105
503.472 0.1691 0.0860 0.9275
503.511 0.1650 0.0872 0.9083
503.552 0.1585 0.0833 0.8971
503.593 0.1630 0.0837 0.8911
503.633 0.1682 0.0840 0.9185
503.673 0.1664 0.0823 0.9279
503.712 0.1642 0.0899 0.9138
503.753 0.1616 0.0844 0.8868
503.794 0.1602 0.0866 0.9261
503.834 0.1613 0.0853 0.9563
503.874 0.1597 0.0859 0.9557
503.914 0.1582 0.0861 0.9655
503.951 0.1492 0.0880 0.9195
503.995 0.1486 0.0909 0.9234
504.035 0.1527 0.0819 0.9437
504.075 0.1544 0.0800 0.9345
504.115 0.1536 0.0822 0.9534
504.152 0.1549 0.0807 0.9630
504.195 0.1552 0.0820 0.9630
504.236 0.1595 0.0813 0.9455
504.276 0.1643 0.0803 0.9078
504.315 0.1664 0.0815 0.9173
504.354 0.1695 0.0801 0.9613
504.395 0.1688 0.0809 0.9642
504.436 0.1700 0.0783 0.9008
504.476 0.1703 0.0799 0.9547
504.516 0.1691 0.0803 0.9204
504.556 0.1667 0.0802 0.9608
504.595 0.1621 0.0815 0.9282
504.637 0.1599 0.0847 0.9503
504.677 0.1613 0.0810 0.9159
504.717 0.1591 0.0791 0.9020
504.757 0.1583 0.0806 0.9239
504.795 0.1540 0.0811 0.9269
504.839 0.1558 0.0825 0.9472
504.879 0.1551 0.0825 0.9451
504.919 0.1576 0.0849 0.9492
504.958 0.1575 0.0823 0.9492
504.995 0.1579 0.0854 0.9218
505.040 0.1623 0.0870 0.9269
505.079 0.1627 0.0857 0.9165
505.119 0.1635 0.0857 0.9278
505.159 0.1623 0.0864 0.9113
505.198 0.1632 0.0878 0.9322
505.240 0.1625 0.0883 0.9386
505.280 0.1650 0.0897 0.8966
505.320 0.1669 0.0899 0.8952
505.360 0.1697 0.0890 0.8856
505.399 0.1677 0.0896 0.9179
505.439 0.1658 0.0902 0.8939
505.480 0.1631 0.0942 0.9113
505.520 0.1585 0.0916 0.9062
505.560 0.1575 0.0919 0.8662
505.600 0.1588 0.0922 0.9018
505.637 0.1594 0.0922 0.9159
505.682 0.1523 0.0942 0.9176
505.721 0.1435 0.0947 0.9257
505.761 0.1408 0.0937 0.9293
505.801 0.1355 0.0938 0.9239
505.839 0.1307 0.0915 0.8779
505.882 0.1285 0.0891 0.8898
505.923 0.1257 0.0949 0.9168
505.963 0.1295 0.0936 0.8774
506.003 0.1308 0.0917 0.8978
506.041 0.1303 0.0899 0.8846
506.082 0.1275 0.0901 0.9112
506.123 0.1246 0.0874 0.9116
506.164 0.1254 0.0860 0.9265
506.203 0.1314 0.0870 0.9304
506.243 0.1340 0.0888 0.9051
506.282 0.1339 0.0830 0.9085
506.324 0.1339 0.0877 0.9602
506.364 0.1341 0.0890 0.9641
506.404 0.1381 0.0880 0.8827
506.444 0.1386 0.0857 0.9506
506.481 0.1375 0.0834 0.9484
506.525 0.1413 0.0837 0.9591
506.565 0.1471 0.0835 0.9261
506.605 0.1481 0.0841 0.9345
506.645 0.1523 0.0841 0.9194
506.681 0.1521 0.0840 0.8953
506.726 0.1552 0.0852 0.8981
506.765 0.1579 0.0836 0.9368
506.806 0.1594 0.0882 0.9211
506.845 0.1597 0.0851 0.9095
506.884 0.1586 0.0850 0.9273
506.926 0.1568 0.0826 0.8912
506.967 0.1592 0.0833 0.8966
507.007 0.1595 0.0846 0.8939
507.047 0.1579 0.0837 0.8955
507.086 0.1600 0.0817 0.9229
507.126 0.1640 0.0818 0.9079
507.167 0.1703 0.0806 0.9098
507.207 0.1678 0.0810 0.9088
507.248 0.1683 0.0850 0.9468
507.287 0.1697 0.0842 0.9359
507.325 0.1689 0.0865 0.9315
507.368 0.1702 0.0860 0.9106
507.408 0.1723 0.0875 0.9139
507.449 0.1696 0.0901 0.9287
507.488 0.1673 0.0892 0.9463
507.525 0.1613 0.0908 0.9139
507.569 0.1594 0.0943 0.9536
507.609 0.1558 0.0889 0.9529
507.649 0.1481 0.0885 0.9693
507.689 0.1454 0.0877 0.9212
507.728 0.1388 0.0929 0.9321
507.769 0.1318 0.0907 0.9301
507.809 0.1286 0.0885 0.9241
507.850 0.1264 0.0881 0.9261
507.889 0.1233 0.0945 0.9263
507.929 0.1209 0.0965 0.9185
507.969 0.1178 0.0965 0.9209
508.010 0.1190 0.0950 0.9381
508.050 0.1206 0.0892 0.9381
508.091 0.1175 0.0905 0.9585
508.131 0.1202 0.0967 0.9379
508.168 0.1197 0.0959 0.9269
508.211 0.1264 0.0913 0.9261
508.252 0.1359 0.0941 0.9160
508.292 0.1422 0.0944 0.8995
508.332 0.1479 0.0927 0.9254
508.369 0.1509 0.0962 0.9552
508.412 0.1545 0.0958 0.9294
508.452 0.1572 0.0895 0.9057
508.493 0.1627 0.0931 0.9576
508.532 0.1630 0.0932 0.9410
508.572 0.1642 0.0902 0.8881
508.613 0.1608 0.0889 0.9246
508.653 0.1623 0.0894 0.9106
508.694 0.1624 0.0877 0.9423
508.733 0.1585 0.0921 0.9417
508.772 0.1584 0.0924 0.9017
508.812 0.1564 0.0923 0.8969
508.854 0.1576 0.0907 0.9539
508.894 0.1613 0.0902 0.9688
508.934 0.1650 0.0906 0.9199
508.973 0.1668 0.0947 0.9808
509.011 0.1669 0.0945 0.9294
509.055 0.1699 0.0929 0.9091
509.095 0.1705 0.0894 0.9494
509.135 0.1727 0.0929 0.9260
509.175 0.1718 0.0934 0.9380
509.212 0.1743 0.0924 0.9336
509.257 0.1723 0.0946 0.9126
509.296 0.1708 0.0959 0.9057
509.336 0.1698 0.0915 0.8931
509.376 0.1655 0.0969 0.9067
509.415 0.1615 0.0984 0.8967
509.457 0.1572 0.0939 0.9420
509.497 0.1570 0.0968 0.9576
509.537 0.1522 0.0957 0.9121
509.577 0.1537 0.0969 0.8949
509.616 0.1502 0.0955 0.8901
509.656 0.1456 0.0978 0.9248
509.697 0.1408 0.0993 0.8613
509.737 0.1376 0.1004 0.8823
509.777 0.1384 0.0968 0.8535
509.817 0.1379 0.1006 0.8895
509.855 0.1345 0.1017 0.8903
509.899 0.1324 0.1006 0.9139
509.938 0.1321 0.0944 0.8752
509.978 0.1298 0.0957 0.8633
510.018 0.1303 0.0959 0.9503
510.055 0.1285 0.0997 0.9139
510.099 0.1261 0.0993 0.8638
510.139 0.1267 0.0989 0.9138
510.179 0.1272 0.0948 0.9131
510.295 0.1286 0.0974 0.9336
510.339 0.1282 0.0923 0.9030
510.379 0.1288 0.0898 0.9318
510.421 0.1297 0.0905 0.9061
510.461 0.1312 0.0922 0.9011
510.501 0.1327 0.0965 0.8789
510.541 0.1343 0.0906 0.8940
510.580 0.1372 0.0915 0.8916
510.621 0.1415 0.0891 0.8825
510.661 0.1454 0.0892 0.8776
510.900 0.1488 0.0924 0.8909
510.942 0.1482 0.0948 0.9016
510.979 0.1438 0.0941 0.9097
511.022 0.1406 0.0965 0.9085
511.062 0.1361 0.0914 0.9266
511.103 0.1345 0.0903 0.9100
511.143 0.1318 0.0925 0.9007
511.180 0.1260 0.0921 0.9049
511.223 0.1191 0.0909 0.9101
511.263 0.1185 0.0892 0.9227
511.303 0.1198 0.0892 0.9146
511.343 0.1211 0.0935 0.9423
511.383 0.1192 0.0923 0.9322
511.424 0.1159 0.0912 0.9257
511.465 0.1163 0.0912 0.9516
511.505 0.1184 0.0897 0.9699
511.545 0.1241 0.0899 0.9192
511.584 0.1271 0.0917 0.9196
511.624 0.1249 0.0921 0.9390
511.665 0.1300 0.0927 0.9660
511.706 0.1343 0.0927 0.9196
511.746 0.1347 0.0912 0.9334
511.785 0.1366 0.0980 0.8963
511.822 0.1336 0.0956 0.9246
511.866 0.1343 0.1030 0.9227
511.906 0.1341 0.1041 0.9183
511.946 0.1377 0.0973 0.8863
511.986 0.1388 0.1012 0.9205
512.023 0.1392 0.1063 0.9295
512.066 0.1351 0.1051 0.9275
512.107 0.1383 0.0991 0.9355
512.147 0.1374 0.1084 0.9151
512.187 0.1372 0.0961 0.9608
512.226 0.1424 0.0955 0.9398
512.267 0.1452 0.1054 0.9488
512.308 0.1488 0.0946 0.9432
512.348 0.1512 0.0924 0.9252
512.388 0.1535 0.0914 0.9589
512.427 0.1560 0.0916 0.9434
512.467 0.1588 0.0985 0.9540
512.508 0.1603 0.0916 0.9240
512.549 0.1631 0.0934 0.9737
512.589 0.1629 0.0919 0.9360
512.629 0.1666 0.0920 0.9380
512.667 0.1691 0.0904 0.9526
512.709 0.1648 0.0951 0.9398
512.750 0.1615 0.0924 0.9421
512.790 0.1594 0.0929 0.9585
512.830 0.1594 0.0879 0.9530
512.867 0.1619 0.0879 0.9345
512.910 0.1695 0.0941 0.9484
512.951 0.1730 0.0914 0.9330
512.991 0.1742 0.0920 0.9561
513.030 0.1752 0.0927 0.9561
513.069 0.1801 0.0932 0.9551
513.110 0.1825 0.0977 0.9309
513.151 0.1804 0.0972 0.9364
513.191 0.1852 0.0995 0.9651
513.231 0.1890 0.0983 0.9304
513.271 0.1893 0.0974 0.9342
513.310 0.1864 0.0971 0.8854
513.352 0.1843 0.0994 0.9246
513.392 0.1801 0.0987 0.9139
513.432 0.1752 0.1017 0.9426
513.471 0.1752 0.0989 0.9437
513.509 0.1738 0.0985 0.9535
513.552 0.1697 0.1044 0.9286
513.592 0.1664 0.1030 0.9179
513.633 0.1697 0.1015 0.9239
513.673 0.1708 0.1026 0.9363
513.710 0.1696 0.1038 0.9370
513.844 0.1956 0.1013 0.9602
513.874 0.1964 0.1019 0.9602
513.915 0.2000 0.1012 0.9441
513.954 0.1999 0.1021 0.9243
513.993 0.1972 0.1029 0.9556
514.034 0.1964 0.1027 0.9407
514.075 0.1921 0.1030 0.9102
514.115 0.1880 0.1022 0.9598
514.155 0.1864 0.0996 0.9348
514.194 0.1839 0.1024 0.9345
514.234 0.1781 0.1035 0.9135
514.275 0.1727 0.1015 0.9298
514.316 0.1653 0.1001 0.9546
514.356 0.1603 0.1010 0.9172
514.395 0.1573 0.1008 0.9290
514.432 0.1527 0.1003 0.9215
514.476 0.1503 0.0998 0.9131
514.516 0.1472 0.0968 0.9138
514.556 0.1475 0.0947 0.8709
514.596 0.1512 0.1000 0.8839
514.633 0.1466 0.1008 0.9089
514.676 0.1413 0.1014 0.9339
514.717 0.1343 0.1022 0.9265
514.758 0.1258 0.0984 0.8727
514.798 0.1189 0.1002 0.8953
514.837 0.1147 0.1031 0.9089
514.878 0.1036 0.1026 0.8729
514.918 0.0963 0.1042 0.9162
514.959 0.0908 0.1030 0.8903
514.999 0.0844 0.1004 0.8879
515.038 0.0810 0.0989 0.8861
515.078 0.0716 0.0993 0.9225
515.119 0.0651 0.1030 0.9235
515.159 0.0629 0.1017 0.9235
515.199 0.0625 0.0989 0.9172
515.239 0.0651 0.1042 0.9229
515.276 0.0679 0.1031 0.8945
515.319 0.0672 0.1010 0.9306
515.360 0.0715 0.1011 0.9107
515.400 0.0717 0.0999 0.9241
515.440 0.0706 0.0966 0.9107
515.477 0.0732 0.1002 0.9002
515.520 0.0757 0.1006 0.8851
515.561 0.0795 0.1014 0.9229
515.601 0.0827 0.1031 0.8958
515.641 0.0831 0.1092 0.8922
515.679 0.0857 0.1135 0.8750
515.720 0.0834 0.1131 0.8945
515.761 0.0848 0.1080 0.9195
515.801 0.0825 0.1055 0.9034
515.842 0.0794 0.1024 0.8686
515.882 0.0794 0.1024 0.8686
515.921 0.0799 0.1000 0.8849
515.963 0.0810 0.1014 0.8830
516.003 0.0771 0.1017 0.9044
516.043 0.0712 0.1003 0.9103
516.082 0.0704 0.1034 0.9092
516.120 0.0692 0.0996 0.8971
516.163 0.0744 0.0991 0.8894
516.204 0.0792 0.1030 0.8911
516.244 0.0773 0.0967 0.8739
516.283 0.0802 0.0983 0.9043
516.320 0.0842 0.0967 0.8697
516.363 0.0913 0.0983 0.8677
516.404 0.1005 0.0990 0.9236
516.445 0.1021 0.0968 0.9053
516.484 0.1050 0.0974 0.9011
516.523 0.1134 0.0971 0.8925
516.564 0.1172 0.0964 0.8959
516.605 0.1224 0.1002 0.9309
516.645 0.1209 0.1020 0.9001
516.685 0.1190 0.1056 0.8702
516.724 0.1229 0.0986 0.8868
516.764 0.1250 0.0980 0.8584
516.805 0.1289 0.0988 0.9043
516.846 0.1311 0.0981 0.8882
516.885 0.1261 0.0970 0.9182
516.925 0.1276 0.0959 0.8929
516.963 0.1311 0.0963 0.8614
517.007 0.1365 0.0938 0.8717
517.047 0.1406 0.0960 0.9313
517.088 0.1432 0.0986 0.9313
517.127 0.1465 0.0947 0.8876
517.164 0.1497 0.0974 0.8775
517.208 0.1494 0.0942 0.8728
517.248 0.1509 0.0975 0.9008
517.288 0.1508 0.1019 0.8892
517.328 0.1465 0.1019 0.8856
517.368 0.1448 0.1001 0.8945
517.409 0.1406 0.1008 0.8882
517.448 0.1429 0.1014 0.8568
517.489 0.1405 0.1041 0.8895
517.529 0.1339 0.1118 0.8685
517.568 0.1295 0.1086 0.8975
517.608 0.1258 0.1080 0.8859
517.649 0.1228 0.1063 0.8859
517.689 0.1246 0.1062 0.8912
517.729 0.1226 0.1064 0.8961
517.769 0.1197 0.1040 0.8806
517.806 0.1210 0.1059 0.8806
517.850 0.1228 0.1081 0.8249
517.890 0.1308 0.1040 0.8466
517.930 0.1338 0.1052 0.8827
517.969 0.1308 0.1088 0.8675
518.007 0.1290 0.1047 0.9191
518.051 0.1347 0.1038 0.8665
518.091 0.1389 0.0994 0.8922
518.132 0.1442 0.1025 0.9002
518.171 0.1458 0.1006 0.8959
518.210 0.1453 0.0985 0.9555
518.252 0.1463 0.0968 0.9229
518.292 0.1481 0.0970 0.8949
518.332 0.1541 0.0967 0.9173
518.372 0.1550 0.0969 0.9173
518.411 0.1527 0.1011 0.9186
518.451 0.1510 0.0995 0.9230
518.492 0.1528 0.0974 0.9116
518.533 0.1580 0.0984 0.9165
518.573 0.1611 0.0995 0.9485
518.613 0.1597 0.0976 0.9312
518.650 0.1569 0.1045 0.9007
518.694 0.1594 0.1008 0.9169
518.733 0.1614 0.0985 0.9262
518.774 0.1664 0.1013 0.9306
518.813 0.1659 0.1041 0.9198
518.851 0.1625 0.1023 0.9229
518.894 0.1574 0.1026 0.9229
518.934 0.1561 0.0984 0.8624
518.974 0.1566 0.1027 0.8905
519.014 0.1548 0.1038 0.9008
519.054 0.1470 0.1059 0.8858
519.095 0.1444 0.1047 0.8652
519.135 0.1443 0.1010 0.8893
519.175 0.1422 0.1000 0.8977
519.216 0.1442 0.1022 0.9069
519.255 0.1436 0.1011 0.9044
519.295 0.1396 0.1010 0.9381
519.336 0.1396 0.1032 0.9023
519.376 0.1402 0.0996 0.8991
519.416 0.1434 0.1049 0.9135
519.456 0.1536 0.1034 0.8965
519.494 0.1556 0.1032 0.9335
519.537 0.1597 0.1031 0.8681
519.577 0.1634 0.1018 0.8753
519.617 0.1647 0.1064 0.8755
519.656 0.1699 0.1004 0.8989
519.694 0.1729 0.1020 0.9019
519.738 0.1748 0.1087 0.9033
519.778 0.1755 0.1052 0.9076
519.818 0.1758 0.1014 0.9065
519.858 0.1771 0.0995 0.8721
519.898 0.1741 0.1062 0.8987
519.938 0.1648 0.1087 0.9048
519.978 0.1583 0.1094 0.8975
520.019 0.1527 0.1116 0.8919
520.059 0.1445 0.0965 0.9021
520.098 0.1381 0.0965 0.9237
520.137 0.1264 0.1073 0.8720
520.179 0.1149 0.1121 0.8652
520.219 0.1051 0.1112 0.8770
520.259 0.0974 0.0985 0.9097
520.300 0.0937 0.1121 0.8550
520.337 0.0892 0.1099 0.8799
520.381 0.0888 0.1012 0.8915
520.421 0.0887 0.1030 0.9187
520.461 0.0897 0.1007 0.9289
520.500 0.0893 0.1004 0.9070
520.537 0.0895 0.0993 0.9000
520.582 0.0957 0.1022 0.9005
520.622 0.0988 0.1065 0.8704
520.662 0.1052 0.0951 0.9140
520.701 0.1083 0.0991 0.8721
520.741 0.1120 0.0954 0.8894
520.782 0.1131 0.0961 0.9136
520.822 0.1147 0.0916 0.9173
520.862 0.1154 0.0897 0.8949
520.902 0.1148 0.0907 0.8875
520.941 0.1157 0.0879 0.9357
520.981 0.1174 0.0870 0.9219
521.022 0.1209 0.0897 0.9175
521.062 0.1203 0.0996 0.9402
521.103 0.1226 0.0994 0.8680
521.142 0.1219 0.0968 0.8716
521.180 0.1229 0.0972 0.8716
521.224 0.1261 0.1028 0.9119
521.263 0.1287 0.1018 0.9478
521.303 0.1280 0.0988 0.9212
521.343 0.1280 0.0980 0.9197
521.381 0.1312 0.0979 0.9053
521.425 0.1317 0.0948 0.8775
521.465 0.1308 0.0985 0.9435
521.511 0.1278 0.0998 0.9330
521.545 0.1262 0.1001 0.9242
521.585 0.1239 0.0943 0.9069
521.625 0.1254 0.1042 0.8891
521.665 0.1268 0.1079 0.9128
521.705 0.1261 0.1031 0.9000
521.745 0.1237 0.1012 0.8869
521.785 0.1233 0.0984 0.8760
521.824 0.1239 0.0961 0.9060
521.866 0.1258 0.0910 0.9290
521.906 0.1267 0.0987 0.9262
521.946 0.1278 0.1053 0.9057
521.985 0.1303 0.0994 0.9250
522.023 0.1302 0.0940 0.9226
522.067 0.1326 0.1002 0.8782
522.107 0.1345 0.1035 0.9136
522.147 0.1327 0.1013 0.9014
522.186 0.1305 0.1006 0.9163
522.224 0.1299 0.1019 0.8943
522.268 0.1295 0.1043 0.9295
522.307 0.1318 0.1023 0.8993
522.347 0.1308 0.0931 0.9139
522.387 0.1253 0.1036 0.9029
522.428 0.1174 0.0964 0.8799
522.468 0.1127 0.0950 0.8956
522.508 0.1109 0.0971 0.9119
522.549 0.1105 0.0992 0.9047
522.589 0.1072 0.1007 0.9173
522.629 0.1032 0.1019 0.8892
522.668 0.1028 0.1016 0.8862
522.709 0.1054 0.0997 0.9089
522.750 0.1065 0.0973 0.9493
522.790 0.1060 0.1017 0.9063
522.829 0.1064 0.1002 0.9042
522.867 0.1083 0.0959 0.9075
522.911 0.1160 0.0948 0.8889
522.950 0.1241 0.0970 0.9520
522.990 0.1287 0.0960 0.8695
523.030 0.1310 0.1016 0.8968
523.067 0.1331 0.0976 0.9074
523.110 0.1340 0.0991 0.8545
523.151 0.1375 0.0960 0.8787
523.191 0.1390 0.0975 0.8605
523.231 0.1410 0.0975 0.8549
523.270 0.1409 0.0993 0.8825
523.312 0.1326 0.0965 0.8603
523.351 0.1317 0.0929 0.8625
523.392 0.1285 0.0965 0.8631
523.433 0.1244 0.0981 0.8957
523.471 0.1240 0.1010 0.9072
523.511 0.1248 0.0973 0.9061
523.552 0.1242 0.0944 0.9070
523.592 0.1253 0.0957 0.9408
523.633 0.1329 0.0952 0.9271
523.673 0.1362 0.0969 0.8885
523.710 0.1320 0.0959 0.9089
523.753 0.1318 0.0940 0.9527
523.794 0.1406 0.0936 0.8822
523.834 0.1480 0.0921 0.9248
523.874 0.1594 0.0941 0.8943
523.911 0.1660 0.0961 0.9122
523.954 0.1714 0.0947 0.8962
523.995 0.1722 0.0919 0.8962
524.035 0.1703 0.0895 0.9172
524.074 0.1712 0.0922 0.9034
524.114 0.1648 0.0945 0.9072
524.155 0.1547 0.0929 0.9158
524.195 0.1543 0.0923 0.9251
524.235 0.1558 0.0958 0.9209
524.276 0.1509 0.0958 0.9239
524.315 0.1476 0.0896 0.9126
524.354 0.1391 0.0954 0.9064
524.396 0.1339 0.0924 0.9064
524.436 0.1257 0.0904 0.8892
524.476 0.1244 0.0893 0.8889
524.516 0.1270 0.0885 0.8863
524.553 0.1292 0.0885 0.9120
524.597 0.1321 0.0890 0.9285
524.637 0.1353 0.0934 0.9400
524.677 0.1376 0.0914 0.8641
524.717 0.1394 0.0928 0.9150
524.754 0.1455 0.0951 0.9150
524.798 0.1494 0.0952 0.9407
524.838 0.1519 0.0955 0.9165
524.878 0.1497 0.0971 0.9018
524.918 0.1506 0.0949 0.9362
524.957 0.1512 0.0962 0.9036
524.999 0.1472 0.0976 0.8991
525.039 0.1456 0.0980 0.8873
525.079 0.1453 0.0972 0.8745
525.119 0.1440 0.0932 0.9067
525.159 0.1419 0.0973 0.8569
525.198 0.1367 0.0944 0.8551
525.239 0.1325 0.0990 0.8851
525.279 0.1256 0.0948 0.8935
525.319 0.1191 0.0927 0.8851
525.359 0.1143 0.0902 0.8439
525.397 0.1111 0.0945 0.8489
525.441 0.1069 0.0958 0.8149
525.480 0.1059 0.0939 0.8639
525.520 0.1027 0.0937 0.8655
525.560 0.1000 0.0938 0.8565
525.597 0.0952 0.0928 0.8507
525.641 0.0904 0.0941 0.8507
525.681 0.0929 0.0943 0.8507
525.721 0.0901 0.0962 0.9039
525.761 0.0870 0.0937 0.8631
525.800 0.0858 0.0903 0.8578
525.842 0.0949 0.0939 0.8483
525.883 0.0974 0.1044 0.8285
525.923 0.0962 0.0927 0.8829
525.962 0.0979 0.0960 0.8743
526.002 0.0999 0.0922 0.8551
526.042 0.1083 0.0893 0.8202
526.083 0.1217 0.0942 0.8982
526.123 0.1314 0.0936 0.9106
526.163 0.1426 0.0807 0.8761
526.203 0.1456 0.0873 0.9039
526.240 0.1530 0.0783 0.9096
526.284 0.1708 0.0824 0.8825
526.324 0.1696 0.0819 0.9261
526.365 0.1687 0.0873 0.9300
526.404 0.1696 0.0810 0.8977
526.440 0.1691 0.0781 0.9139
526.485 0.1730 0.0766 0.9134
526.524 0.1706 0.0780 0.9038
526.564 0.1551 0.0787 0.9212
526.604 0.1515 0.0761 0.8978
526.644 0.1448 0.0741 0.8902
526.684 0.1528 0.0757 0.9630
526.725 0.1594 0.0794 0.9512
526.765 0.1577 0.0784 0.9400
526.805 0.1595 0.0720 0.9512
526.845 0.1604 0.0727 0.9278
526.884 0.1648 0.0706 0.9218
526.925 0.1741 0.0709 0.9469
526.967 0.1850 0.0699 0.9700
527.007 0.1844 0.0724 0.9487
527.046 0.1947 0.0719 0.9514
527.083 0.2005 0.0709 0.9714
527.127 0.2082 0.0713 0.9604
527.167 0.2048 0.0721 0.9545
527.208 0.1987 0.0730 0.9219
527.247 0.1909 0.0726 0.9095
527.284 0.1813 0.0710 0.9295
527.328 0.1789 0.0733 0.9052
527.368 0.1842 0.0692 0.8848
527.408 0.1844 0.0719 0.9457
527.448 0.1726 0.0751 0.9240
527.487 0.1644 0.0715 0.9558
527.528 0.1573 0.0737 0.9295
527.569 0.1528 0.0771 0.8939
527.609 0.1473 0.0760 0.9521
527.649 0.1448 0.0775 0.9420
527.688 0.1413 0.0779 0.9175
527.728 0.1401 0.0790 0.9219
527.769 0.1424 0.0763 0.8939
527.810 0.1420 0.0768 0.9069
527.849 0.1404 0.0769 0.9045
527.889 0.1360 0.0750 0.9132
527.926 0.1322 0.0784 0.8964
527.970 0.1320 0.0784 0.8642
528.010 0.1341 0.0784 0.8876
528.050 0.1370 0.0763 0.9345
528.091 0.1481 0.0789 0.9422
528.128 0.1532 0.0794 0.9105
528.171 0.1602 0.0810 0.9140
528.212 0.1676 0.0787 0.9213
528.252 0.1731 0.0799 0.9223
528.292 0.1773 0.0815 0.9173
528.330 0.1799 0.0803 0.9141
528.373 0.1824 0.0779 0.9378
528.412 0.1875 0.0816 0.9353
528.452 0.1935 0.0771 0.9265
528.492 0.2040 0.0791 0.9849
528.532 0.2094 0.0834 0.8942
528.572 0.2049 0.0814 0.9229
528.613 0.2019 0.0788 0.9278
528.653 0.2003 0.0794 0.9445
528.693 0.1953 0.0779 0.9618
528.733 0.1924 0.0798 0.9269
528.770 0.1967 0.0822 0.9571
528.813 0.1955 0.0799 0.8668
528.855 0.1926 0.0788 0.9242
528.894 0.1889 0.0749 0.9528
528.933 0.1867 0.0761 0.8866
528.970 0.1813 0.0816 0.8975
529.014 0.1748 0.0793 0.8802
529.054 0.1743 0.0799 0.8906
529.095 0.1711 0.0793 0.8971
529.134 0.1696 0.0783 0.9048
529.174 0.1647 0.0784 0.9094
529.215 0.1613 0.0801 0.9054
529.256 0.1539 0.0782 0.8749
529.296 0.1484 0.0776 0.8862
529.336 0.1447 0.0748 0.9139
529.375 0.1422 0.0782 0.9096
529.415 0.1398 0.0807 0.8826
529.456 0.1335 0.0802 0.9145
529.497 0.1278 0.0811 0.9116
529.537 0.1210 0.0805 0.8755
529.577 0.1175 0.0796 0.9098
529.613 0.1111 0.0826 0.9034
529.657 0.1100 0.0832 0.8946
529.697 0.1111 0.0803 0.9094
529.738 0.1133 0.0813 0.8844
529.777 0.1145 0.0830 0.9035
529.814 0.1174 0.0828 0.9235
529.859 0.1239 0.0827 0.9172
529.898 0.1363 0.0847 0.8855
529.938 0.1381 0.0848 0.8996
529.978 0.1418 0.0841 0.9346
530.017 0.1470 0.0857 0.9347
530.058 0.1498 0.0873 0.8964
530.099 0.1463 0.0918 0.9391
530.139 0.1432 0.0939 0.7316
530.179 0.1413 0.0902 0.7316
530.218 0.1373 0.0899 0.7726
530.258 0.1332 0.0864 0.8024
530.300 0.1284 0.0905 0.7710
530.340 0.1228 0.0880 0.7744
530.380 0.1050 0.0869 0.7954
530.419 0.1016 0.0850 0.8126
530.457 0.0999 0.0859 0.8099
530.502 0.0962 0.0835 0.8463
530.541 0.0896 0.0872 0.8284
530.581 0.0893 0.0884 0.8230
530.621 0.0905 0.0903 0.8442
530.658 0.0927 0.0847 0.8052
530.702 0.0936 0.0854 0.8052
530.742 0.0925 0.0925 0.8309
530.782 0.0964 0.0857 0.8129
530.821 0.1025 0.0917 0.8170
530.861 0.1100 0.0846 0.8493
530.902 0.1177 0.0834 0.8310
530.942 0.1240 0.0887 0.8440
530.982 0.1279 0.0903 0.8350
531.022 0.1333 0.0912 0.8736
531.062 0.1418 0.0903 0.8274
531.102 0.1439 0.0963 0.8854
531.142 0.1457 0.0887 0.9380
531.183 0.1493 0.0945 0.8970
531.223 0.1560 0.0894 0.8729
531.262 0.1584 0.0922 0.9229
531.300 0.1533 0.0854 0.9389
531.344 0.1560 0.0876 0.8879
531.384 0.1554 0.0936 0.8973
531.425 0.1604 0.0922 0.9196
531.464 0.1652 0.0931 0.9286
531.501 0.1722 0.0902 0.9200
531.545 0.1733 0.0901 0.9165
531.585 0.1752 0.0909 0.9293
531.625 0.1776 0.0941 0.9121
531.665 0.1801 0.0942 0.9641
531.704 0.1787 0.0916 0.9292
531.746 0.1775 0.0902 0.8972
531.786 0.1799 0.0910 0.8895
531.826 0.1791 0.0917 0.9207
531.866 0.1794 0.0870 0.9355
531.905 0.1766 0.0905 0.9052
531.945 0.1697 0.0905 0.8942
531.986 0.1609 0.0895 0.9185
532.027 0.1533 0.0923 0.9174
532.067 0.1484 0.0958 0.8983
532.106 0.1477 0.0953 0.9242
532.143 0.1438 0.0945 0.9213
532.187 0.1405 0.0884 0.9049
532.227 0.1408 0.0926 0.9278
532.267 0.1430 0.0917 0.9096
532.307 0.1414 0.0919 0.9054
532.344 0.1435 0.0914 0.8793
532.388 0.1424 0.0947 0.9056
532.428 0.1443 0.0922 0.9410
532.468 0.1463 0.0894 0.9258
532.508 0.1464 0.0945 0.8989
532.549 0.1529 0.0929 0.9133
532.590 0.1591 0.0925 0.9393
532.630 0.1610 0.0934 0.9083
532.670 0.1652 0.0901 0.9080
532.709 0.1670 0.0906 0.9139
532.749 0.1675 0.0935 0.9102
532.789 0.1693 0.0950 0.9561
532.830 0.1696 0.0905 0.8802
532.870 0.1670 0.0917 0.9175
532.910 0.1675 0.0893 0.9157
532.950 0.1664 0.0976 0.9053
532.987 0.1673 0.0982 0.9083
533.031 0.1712 0.0948 0.9430
533.071 0.1684 0.0903 0.9330
533.111 0.1683 0.0897 0.8732
533.151 0.1664 0.0941 0.9605
533.188 0.1653 0.0955 0.8969
533.232 0.1613 0.0954 0.9470
533.271 0.1648 0.0920 0.9537
533.312 0.1599 0.0906 0.8905
533.351 0.1583 0.0915 0.9408
533.391 0.1551 0.0935 0.9458
533.432 0.1540 0.0923 0.9183
533.472 0.1533 0.0923 0.9290
533.512 0.1495 0.0897 0.9265
533.552 0.1425 0.0905 0.9540
533.592 0.1336 0.0901 0.9355
533.632 0.1275 0.0918 0.9410
533.673 0.1196 0.0902 0.9314
533.714 0.1171 0.0893 0.9367
533.754 0.1114 0.0908 0.9231
533.793 0.1129 0.0897 0.9497
533.831 0.1129 0.0913 0.9537
533.875 0.1141 0.0898 0.9267
533.914 0.1142 0.0912 0.9443
533.955 0.1155 0.0876 0.9267
533.994 0.1140 0.0892 0.9323
534.031 0.1152 0.0876 0.9085
534.075 0.1196 0.0874 0.9213
534.115 0.1207 0.0851 0.9400
534.155 0.1248 0.0876 0.9410
534.195 0.1244 0.0852 0.9159
534.235 0.1250 0.0864 0.9339
534.317 0.1224 0.0883 0.9345
534.356 0.1235 0.0851 0.9085
534.396 0.1246 0.0851 0.8955
534.436 0.1280 0.0845 0.9048
534.476 0.1291 0.0861 0.9462
534.515 0.1267 0.0885 0.9122
534.556 0.1269 0.0864 0.9602
534.597 0.1311 0.0874 0.9603
534.637 0.1339 0.0873 0.9159
534.676 0.1372 0.0871 0.9277
534.715 0.1388 0.0873 0.9403
534.758 0.1388 0.0874 0.9486
534.798 0.1467 0.0891 0.9089
534.838 0.1492 0.0867 0.9169
534.878 0.1516 0.0864 0.9293
534.915 0.1506 0.0897 0.8676
534.959 0.1518 0.0926 0.8665
534.999 0.1555 0.0889 0.9139
535.039 0.1580 0.0888 0.9777
535.079 0.1592 0.0860 0.9285
535.119 0.1634 0.0882 0.9219
535.160 0.1666 0.0925 0.9333
535.199 0.1683 0.0944 0.9061
535.240 0.1715 0.0928 0.9123
535.279 0.1658 0.0928 0.9126
535.319 0.1631 0.0871 0.9335
535.359 0.1585 0.0925 0.9531
535.400 0.1545 0.0911 0.9389
535.440 0.1499 0.0898 0.9455
535.480 0.1486 0.0888 0.9247
535.520 0.1480 0.0870 0.9519
535.557 0.1487 0.0878 0.9333
535.602 0.1448 0.0892 0.9464
535.641 0.1446 0.0913 0.9398
535.681 0.1488 0.0899 0.9139
535.721 0.1513 0.0868 0.9560
535.758 0.1553 0.0858 0.9604
535.802 0.1552 0.0872 0.8907
535.842 0.1590 0.0857 0.9233
535.883 0.1613 0.0851 0.9202
535.922 0.1610 0.0839 0.8935
535.963 0.1609 0.0842 0.9289
536.003 0.1617 0.0866 0.9131
536.043 0.1603 0.0874 0.9263
536.083 0.1599 0.0903 0.9248
536.123 0.1581 0.0875 0.8923
536.162 0.1556 0.0921 0.9424
536.203 0.1544 0.0885 0.9100
536.243 0.1540 0.0897 0.9266
536.284 0.1583 0.0902 0.9132
536.324 0.1576 0.0902 0.9202
536.363 0.1559 0.0900 0.9388
536.401 0.1563 0.0911 0.9269
536.445 0.1595 0.0875 0.9169
536.485 0.1574 0.0912 0.9388
536.525 0.1586 0.0910 0.9209
536.564 0.1607 0.0893 0.9405
536.601 0.1595 0.0886 0.9318
536.646 0.1595 0.0891 0.9043
536.685 0.1559 0.0892 0.9436
536.725 0.1524 0.0895 0.9803
536.765 0.1492 0.0902 0.9387
536.805 0.1470 0.0931 0.9126
536.846 0.1457 0.0892 0.9126
536.885 0.1462 0.0880 0.9331
536.926 0.1429 0.0914 0.9289
536.967 0.1413 0.0924 0.9811
537.006 0.1413 0.0903 0.9469
537.046 0.1375 0.0895 0.9470
537.087 0.1362 0.0854 0.9818
537.127 0.1322 0.0865 0.9822
537.168 0.1297 0.0896 0.9739
537.207 0.1284 0.0883 0.9369
537.245 0.1256 0.0866 0.9446
537.289 0.1231 0.0871 0.9236
537.328 0.1181 0.0869 0.9742
537.551 0.1096 0.0888 0.9484
537.608 0.1071 0.0895 0.9414
537.646 0.1081 0.0872 0.9574
537.690 0.1081 0.0872 0.9454
537.729 0.1090 0.0851 0.9454
537.769 0.1087 0.0851 0.9281
537.809 0.1118 0.0852 0.9497
537.848 0.1153 0.0874 0.9133
537.889 0.1168 0.0841 0.9382
537.930 0.1238 0.0850 0.9089
537.970 0.1337 0.0841 0.9159
538.010 0.1372 0.0858 0.9238
538.050 0.1379 0.0865 0.9433
538.090 0.1432 0.0892 0.9418
538.131 0.1462 0.0888 0.9152
538.171 0.1479 0.0888 0.9114
538.212 0.1510 0.0886 0.9161
538.251 0.1564 0.0854 0.9164
538.288 0.1574 0.0889 0.9294
538.332 0.1611 0.0877 0.9384
538.373 0.1612 0.0893 0.8690
538.412 0.1645 0.0857 0.9213
538.452 0.1628 0.0854 0.9451
538.488 0.1594 0.0897 0.9414
538.532 0.1603 0.0902 0.9164
538.573 0.1600 0.0893 0.9289
538.613 0.1582 0.0887 0.9317
538.653 0.1532 0.0862 0.9317
538.692 0.1494 0.0901 0.9317
538.733 0.1411 0.0927 0.9366
538.774 0.1351 0.0895 0.9351
538.814 0.1304 0.0865 0.9148
538.854 0.1316 0.0836 0.9177
538.893 0.1277 0.0853 0.9237
538.933 0.1189 0.0902 0.9214
538.974 0.1151 0.0905 0.9382
539.014 0.1099 0.0868 0.9471
539.054 0.1056 0.0829 0.9344
539.094 0.1041 0.0844 0.9245
539.132 0.1062 0.0891 0.9347
539.176 0.1068 0.0891 0.9347
539.215 0.1134 0.0879 0.9142
539.256 0.1203 0.0881 0.8872
539.295 0.1253 0.0883 0.8892
539.333 0.1312 0.0891 0.9072
539.377 0.1365 0.0917 0.9162
539.417 0.1436 0.0894 0.8987
539.457 0.1520 0.0889 0.9118
539.496 0.1581 0.0871 0.9319
539.536 0.1600 0.0877 0.9298
539.577 0.1590 0.0880 0.8709
539.617 0.1612 0.0876 0.9028
539.658 0.1674 0.0847 0.9205
539.697 0.1713 0.0856 0.9325
539.737 0.1728 0.0843 0.8935
539.776 0.1779 0.0846 0.8815
539.817 0.1782 0.0846 0.9249
539.858 0.1763 0.0849 0.9557
539.898 0.1731 0.0844 0.9548
539.937 0.1716 0.0839 0.9292
539.975 0.1664 0.0837 0.9333
540.019 0.1667 0.0849 0.9072
540.059 0.1682 0.0858 0.9017
540.099 0.1688 0.0873 0.8987
540.138 0.1643 0.0819 0.8668
540.176 0.1599 0.0815 0.8881
540.220 0.1545 0.0879 0.9659
540.259 0.1476 0.0866 0.9050
540.300 0.1417 0.0864 0.8931
540.340 0.1378 0.0902 0.9179
540.380 0.1396 0.0879 0.9162
540.421 0.1409 0.0928 0.9183
540.461 0.1416 0.0894 0.9225
540.501 0.1419 0.0912 0.9175
540.541 0.1424 0.0886 0.9183
540.580 0.1423 0.0890 0.9139
540.620 0.1472 0.0871 0.9067
540.661 0.1503 0.0885 0.9288
540.704 0.1525 0.0934 0.8811
540.741 0.1570 0.0918 0.9753
540.781 0.1602 0.0917 0.9418
540.819 0.1599 0.0917 0.9342
540.862 0.1617 0.0907 0.9313
540.902 0.1579 0.0909 0.9435
540.942 0.1574 0.0911 0.9754
540.982 0.1564 0.0902 0.9238
541.019 0.1563 0.0869 0.9595
541.063 0.1540 0.0854 0.9292
541.103 0.1510 0.0868 0.9618
541.143 0.1489 0.0878 0.9574
541.183 0.1474 0.0884 0.9755
541.222 0.1424 0.0862 0.9730
541.263 0.1377 0.0861 0.9377
541.303 0.1399 0.0848 0.9217
541.343 0.1388 0.0871 0.9497
541.383 0.1378 0.0910 0.9377
541.424 0.1393 0.0881 0.9211
541.463 0.1391 0.0898 0.9249
541.505 0.1381 0.0853 0.9410
541.545 0.1417 0.0847 0.9517
541.585 0.1409 0.0861 0.9597
541.625 0.1401 0.0860 0.9421
541.662 0.1395 0.0842 0.9547
541.706 0.1393 0.0821 0.9503
541.746 0.1438 0.0832 0.9433
541.786 0.1402 0.0845 0.9281
541.825 0.1381 0.0855 0.9219
541.863 0.1427 0.0861 0.9308
541.907 0.1476 0.0845 0.9492
541.946 0.1501 0.0818 0.9370
541.987 0.1583 0.0875 0.9132
542.026 0.1617 0.0877 0.9499
542.066 0.1683 0.0856 0.9472
542.107 0.1731 0.0856 0.9423
542.147 0.1759 0.0858 0.9472
542.187 0.1874 0.0871 0.9339
542.227 0.1884 0.0911 0.9180
542.266 0.1930 0.0906 0.9175
542.306 0.2001 0.0887 0.9432
542.347 0.2026 0.0880 0.9446
542.387 0.1984 0.0858 0.9109
542.428 0.2036 0.0887 0.9321
542.467 0.2035 0.0894 0.9346
542.506 0.2010 0.0894 0.9296
542.550 0.2023 0.0872 0.9617
542.589 0.2030 0.0851 0.9466
542.630 0.2096 0.0879 0.9700
542.669 0.2033 0.0878 0.9291
542.706 0.1999 0.0886 0.9542
542.750 0.1964 0.0881 0.9548
542.790 0.1923 0.0845 0.9218
542.830 0.1889 0.0818 0.9266
542.870 0.1855 0.0828 0.9753
542.910 0.1830 0.0883 0.9450
542.951 0.1747 0.0852 0.9475
542.991 0.1721 0.0849 0.9724
543.031 0.1656 0.0840 0.9688
543.071 0.1632 0.0794 0.9467
543.125 0.1557 0.0829 0.9178
543.150 0.1540 0.0872 0.9315
543.191 0.1517 0.0850 0.9546
543.231 0.1532 0.0864 0.9816
543.273 0.1553 0.0843 0.9520
543.311 0.1556 0.0849 0.9507
543.349 0.1554 0.0879 0.9572
543.392 0.1564 0.0877 0.9560
543.432 0.1557 0.0853 0.9854
543.472 0.1602 0.0860 0.9470
543.512 0.1620 0.0847 0.9755
543.550 0.1609 0.0884 0.9432
543.593 0.1558 0.0876 0.9678
543.633 0.1589 0.0861 0.9541
543.674 0.1650 0.0888 0.9326
543.713 0.1643 0.0848 0.9677
543.754 0.1670 0.0843 0.9695
543.794 0.1664 0.0864 0.9556
543.835 0.1685 0.0863 0.9413
543.874 0.1678 0.0876 0.9396
543.914 0.1682 0.0845 0.9696
543.954 0.1667 0.0872 0.9560
543.993 0.1648 0.0904 0.9349
544.034 0.1671 0.0900 0.9463
544.075 0.1671 0.0881 0.9775
544.115 0.1661 0.0848 0.9322
544.154 0.1613 0.0866 0.9342
544.192 0.1594 0.0855 0.9474
544.236 0.1570 0.0881 0.9454
544.276 0.1537 0.0872 0.9538
544.316 0.1536 0.0832 0.9358
544.356 0.1508 0.0857 0.9261
544.393 0.1537 0.0832 0.9323
544.436 0.1526 0.0832 0.9377
544.476 0.1528 0.0862 0.9366
544.516 0.1488 0.0847 0.9369
544.556 0.1482 0.0836 0.9623
544.596 0.1485 0.0888 0.9309
544.637 0.1478 0.0873 0.9459
544.677 0.1475 0.0891 0.9631
544.717 0.1486 0.0871 0.9259
544.758 0.1526 0.0882 0.9414
544.797 0.1537 0.0872 0.9520
544.837 0.1569 0.0875 0.9261
544.878 0.1562 0.0890 0.9312
544.918 0.1602 0.0895 0.9101
544.959 0.1668 0.0887 0.9073
544.998 0.1679 0.0872 0.9073
545.036 0.1691 0.0858 0.8733
545.080 0.1732 0.0881 0.9257
545.119 0.1733 0.0887 0.8906
545.159 0.1725 0.0882 0.8996
545.198 0.1690 0.0864 0.8712
545.236 0.1681 0.0862 0.8930
545.281 0.1664 0.0845 0.8529
545.320 0.1650 0.0838 0.8874
545.360 0.1666 0.0860 0.9084
545.399 0.1670 0.0852 0.9075
545.439 0.1625 0.0858 0.9169
545.481 0.1624 0.0857 0.9019
545.520 0.1645 0.0864 0.9225
545.560 0.1598 0.0865 0.9085
545.600 0.1569 0.0874 0.9097
545.640 0.1565 0.0856 0.9345
545.680 0.1582 0.0858 0.9251
545.721 0.1595 0.0848 0.9270
545.761 0.1637 0.0835 0.9085
545.801 0.1648 0.0835 0.9237
545.842 0.1653 0.0846 0.9228
545.879 0.1600 0.0835 0.9105
545.923 0.1579 0.0800 0.9345
545.963 0.1539 0.0811 0.9069
546.003 0.1492 0.0807 0.9265
546.042 0.1521 0.0781 0.9323
546.080 0.1510 0.0794 0.9389
546.124 0.1493 0.0788 0.9253
546.163 0.1477 0.0770 0.9209
546.203 0.1440 0.0789 0.8939
546.243 0.1335 0.0798 0.8939
546.283 0.1286 0.0769 0.9205
546.324 0.1213 0.0768 0.9333
546.364 0.1196 0.0821 0.8725
546.404 0.1211 0.0831 0.9028
546.444 0.1229 0.0837 0.9148
546.483 0.1287 0.0837 0.9148
546.523 0.1313 0.0792 0.9260
546.564 0.1362 0.0820 0.9326
546.605 0.1416 0.0816 0.9282
546.645 0.1474 0.0852 0.8897
546.684 0.1502 0.0887 0.8869
546.722 0.1557 0.0868 0.9365
546.766 0.1599 0.0855 0.8889
546.806 0.1642 0.0859 0.9151
546.846 0.1714 0.0854 0.9131
546.885 0.1721 0.0889 0.8889
546.924 0.1685 0.0880 0.9119
546.967 0.1635 0.0937 0.9261
547.007 0.1581 0.0873 0.8975
547.047 0.1530 0.0925 0.9439
547.087 0.1457 0.0999 0.9154
547.126 0.1426 0.0959 0.9628
547.168 0.1425 0.0969 0.8946
547.208 0.1428 0.0967 0.8915
547.248 0.1382 0.0978 0.8867
547.288 0.1360 0.1004 0.9083
547.327 0.1351 0.0986 0.9598
547.367 0.1326 0.0988 0.9249
547.408 0.1336 0.0978 0.9125
547.448 0.1353 0.0966 0.8739
547.488 0.1360 0.1027 0.9205
547.528 0.1382 0.0985 0.9493
547.566 0.1413 0.0971 0.9374
547.610 0.1431 0.0972 0.9376
547.649 0.1414 0.0957 0.9437
547.689 0.1371 0.0978 0.8927
547.729 0.1364 0.0962 0.9434
547.766 0.1351 0.1021 0.9208
547.810 0.1371 0.1018 0.9148
547.850 0.1371 0.1035 0.9437
547.890 0.1373 0.0994 0.9000
547.929 0.1370 0.0996 0.9033
547.969 0.1385 0.1007 0.9158
548.010 0.1375 0.1045 0.9109
548.051 0.1383 0.1019 0.9173
548.091 0.1383 0.0992 0.9097
548.131 0.1409 0.1012 0.9002
548.171 0.1467 0.1013 0.8910
548.210 0.1497 0.1022 0.9253
548.252 0.1560 0.1006 0.9095
548.292 0.1555 0.1018 0.8797
548.332 0.1540 0.1050 0.8901
548.372 0.1524 0.1058 0.8829
548.409 0.1500 0.1049 0.8959
548.453 0.1476 0.1054 0.9109
548.493 0.1491 0.1057 0.8901
548.533 0.1509 0.1019 0.9007
548.573 0.1492 0.1010 0.9122
548.609 0.1502 0.1023 0.8913
548.654 0.1443 0.1008 0.9082
548.693 0.1428 0.1001 0.9160
548.734 0.1413 0.0989 0.9084
548.773 0.1378 0.1015 0.8832
548.813 0.1408 0.1014 0.9431
548.854 0.1386 0.1041 0.8984
548.894 0.1392 0.1041 0.9229
548.934 0.1396 0.1025 0.9366
548.974 0.1389 0.1030 0.9596
549.014 0.1355 0.1008 0.9555
549.053 0.1392 0.1024 0.9290
549.094 0.1414 0.1054 0.9069
549.135 0.1447 0.1059 0.9241
549.175 0.1432 0.1050 0.9457
549.215 0.1380 0.1032 0.9222
549.253 0.1373 0.1032 0.9250
549.297 0.1344 0.1042 0.9529
549.336 0.1343 0.1021 0.9539
549.376 0.1341 0.1035 0.9401
549.416 0.1332 0.1035 0.9224
549.453 0.1325 0.1028 0.9229
549.497 0.1335 0.1041 0.9002
549.537 0.1280 0.1025 0.9431
549.577 0.1195 0.0990 0.9078
549.617 0.1108 0.0992 0.9496
549.657 0.1043 0.0981 0.9350
549.698 0.1041 0.0979 0.9139
549.738 0.1066 0.0991 0.9279
549.778 0.1057 0.0979 0.9637
549.818 0.1075 0.0973 0.9687
549.857 0.1061 0.0971 0.9702
549.897 0.1077 0.0936 0.9293
549.938 0.1122 0.1016 0.9268
549.978 0.1110 0.0974 0.9732
550.018 0.1127 0.0946 0.9818
550.058 0.1161 0.0981 0.9659
550.096 0.1202 0.0898 0.9207
550.139 0.1286 0.1035 0.9376
550.179 0.1361 0.0981 0.9448
550.219 0.1396 0.0979 0.9075
550.259 0.1414 0.0900 0.8989
550.297 0.1427 0.0887 0.9012
550.341 0.1500 0.0918 0.9085
550.380 0.1567 0.0964 0.8912
550.421 0.1534 0.0943 0.9700
550.460 0.1561 0.0931 0.9258
550.501 0.1594 0.0968 0.9078
550.541 0.1635 0.0913 0.9335
550.581 0.1682 0.0920 0.9195
550.621 0.1744 0.0983 0.9561
550.661 0.1758 0.0965 0.9213
550.701 0.1778 0.0953 0.9597
550.740 0.1825 0.0944 0.9138
550.782 0.1852 0.0990 0.8939
550.822 0.1857 0.1026 0.8988
550.862 0.1816 0.1002 0.9419
550.902 0.1809 0.1001 0.9342
550.939 0.1823 0.0988 0.9342
550.983 0.1806 0.1029 0.9412
551.022 0.1800 0.0975 0.9424
551.063 0.1792 0.1014 0.9354
551.102 0.1720 0.0949 0.9245
551.140 0.1669 0.1026 0.9567
551.184 0.1602 0.0933 0.9366
551.223 0.1572 0.0987 0.9554
551.263 0.1557 0.0940 0.9455
551.303 0.1515 0.0961 0.9374
551.343 0.1484 0.0919 0.9439
551.384 0.1505 0.0901 0.9137
551.425 0.1451 0.0985 0.9137
551.465 0.1436 0.0923 0.9225
551.505 0.1417 0.0942 0.9816
551.544 0.1410 0.0913 0.9643
551.584 0.1414 0.0899 0.9472
551.625 0.1436 0.0868 0.9410
551.665 0.1447 0.0895 0.8818
551.705 0.1484 0.0930 0.9125
551.745 0.1482 0.0887 0.9191
551.782 0.1444 0.0878 0.9165
551.827 0.1459 0.0873 0.9184
551.866 0.1440 0.0852 0.9455
551.906 0.1495 0.0876 0.9269
551.946 0.1503 0.0872 0.9074
551.983 0.1472 0.0879 0.9189
552.028 0.1465 0.0868 0.8963
552.067 0.1454 0.0876 0.9057
552.107 0.1427 0.0850 0.9093
552.146 0.1467 0.0884 0.9358
552.187 0.1464 0.0876 0.9222
552.228 0.1453 0.0932 0.9323
552.267 0.1533 0.0913 0.9045
552.307 0.1576 0.0900 0.9095
552.348 0.1625 0.0942 0.9257
552.387 0.1631 0.0955 0.9432
552.426 0.1612 0.0953 0.9212
552.468 0.1668 0.0953 0.9298
552.508 0.1664 0.0941 0.8967
552.549 0.1674 0.0954 0.9336
552.589 0.1684 0.0939 0.9456
552.626 0.1643 0.0952 0.9229
552.671 0.1622 0.0924 0.9493
552.710 0.1596 0.0919 0.9083
552.750 0.1571 0.0916 0.9024
552.790 0.1556 0.0930 0.9405
552.827 0.1522 0.0941 0.9705
552.871 0.1450 0.0933 0.9497
552.910 0.1416 0.0922 0.9020
552.950 0.1379 0.0960 0.9019
552.990 0.1354 0.0924 0.8939
553.031 0.1343 0.0968 0.9598
553.071 0.1314 0.0957 0.9139
553.111 0.1306 0.0934 0.8915
553.151 0.1261 0.0932 0.9059
553.191 0.1226 0.0961 0.8992
553.230 0.1187 0.0963 0.8706
553.270 0.1117 0.0948 0.9372
553.312 0.1043 0.0955 0.9316
553.352 0.1014 0.0966 0.8661
553.392 0.0996 0.0969 0.8882
553.431 0.1018 0.0960 0.8737
553.469 0.1020 0.0996 0.8846
553.513 0.0977 0.0980 0.9018
553.552 0.0962 0.1018 0.9099
553.592 0.0947 0.1019 0.9276
553.632 0.0946 0.0975 0.9067
553.670 0.0950 0.1013 0.8963
553.714 0.0928 0.1006 0.8704
553.754 0.0899 0.1036 0.8681
553.794 0.0888 0.1056 0.9345
553.834 0.0874 0.1001 0.9227
553.874 0.0882 0.1027 0.8863
553.914 0.0833 0.1009 0.8887
553.955 0.0799 0.1023 0.8900
553.995 0.0784 0.1008 0.8710
554.035 0.0811 0.0983 0.8635
554.249 0.0872 0.0970 0.8609
554.274 0.0883 0.1057 0.8487
554.315 0.0885 0.0953 0.9392
554.355 0.0897 0.0978 0.9677
554.396 0.0909 0.0976 0.9209
554.435 0.0917 0.0937 0.8854
554.473 0.0923 0.0941 0.8726
554.517 0.0870 0.0954 0.9242
554.556 0.0833 0.0961 0.9043
554.596 0.0801 0.0966 0.8866
554.636 0.0772 0.0940 0.9365
554.675 0.0795 0.0933 0.9541
554.717 0.0769 0.0904 0.9376
554.758 0.0804 0.0930 0.9023
554.798 0.0812 0.0931 0.8867
554.838 0.0821 0.0924 0.9327
554.878 0.0829 0.0937 0.9327
554.918 0.0885 0.0914 0.9352
554.959 0.0902 0.0922 0.9055
554.999 0.0940 0.0952 0.9146
555.039 0.1010 0.0957 0.9273
555.078 0.1020 0.0972 0.9273
555.118 0.1060 0.0948 0.8673
555.159 0.1083 0.0933 0.9023
555.199 0.1105 0.0945 0.9085
555.239 0.1096 0.0947 0.9089
555.280 0.1128 0.0940 0.8801
555.317 0.1144 0.0958 0.8963
555.360 0.1170 0.0899 0.9076
555.400 0.1173 0.0872 0.9076
555.440 0.1203 0.0885 0.9206
555.480 0.1228 0.0942 0.9031
555.517 0.1217 0.0898 0.9043
555.561 0.1287 0.0884 0.9057
555.601 0.1335 0.0884 0.9118
555.641 0.1401 0.0879 0.8600
555.712 0.1453 0.0903 0.9376
555.760 0.1456 0.0912 0.9586
555.801 0.1483 0.0893 0.8901
555.842 0.1521 0.0916 0.9381
555.882 0.1534 0.0921 0.9142
555.922 0.1511 0.0929 0.9023
555.962 0.1480 0.0922 0.9109
556.001 0.1515 0.0895 0.8883
556.042 0.1500 0.0893 0.8395
556.083 0.1501 0.0930 0.9452
556.123 0.1475 0.0926 0.9125
556.162 0.1465 0.0903 0.8987
556.200 0.1441 0.0879 0.8803
556.244 0.1451 0.0848 0.8791
556.284 0.1429 0.0878 0.8883
556.324 0.1424 0.0900 0.8698
556.363 0.1383 0.0906 0.8639
556.400 0.1377 0.0935 0.8401
556.444 0.1366 0.0935 0.8439
556.484 0.1363 0.0866 0.8432
556.524 0.1351 0.1021 0.8682
556.564 0.1350 0.0926 0.8642
556.604 0.1325 0.0947 0.8753
556.645 0.1287 0.0907 0.8935
556.685 0.1294 0.0834 0.8814
556.725 0.1279 0.0800 0.8715
556.765 0.1316 0.0872 0.8715
556.804 0.1297 0.0906 0.9023
556.844 0.1310 0.0905 0.8989
556.885 0.1336 0.0878 0.9404
556.925 0.1365 0.0868 0.9344
556.967 0.1367 0.0881 0.9094
557.006 0.1389 0.0881 0.9520
557.043 0.1379 0.0872 0.9196
557.088 0.1388 0.0871 0.9179
557.127 0.1398 0.0898 0.9105
557.167 0.1400 0.0885 0.8978
557.207 0.1421 0.0903 0.8634
557.245 0.1407 0.0912 0.9023
557.288 0.1378 0.0860 0.8848
557.328 0.1382 0.0881 0.8809
557.368 0.1330 0.0889 0.8809
557.408 0.1283 0.0881 0.9246
557.448 0.1264 0.0890 0.9282
557.488 0.1225 0.0902 0.9484
557.528 0.1225 0.0886 0.9582
557.569 0.1195 0.0872 0.8946
557.609 0.1139 0.0881 0.8946
557.648 0.1096 0.0944 0.9250
557.688 0.1073 0.0892 0.9235
557.729 0.1031 0.0904 0.8935
557.769 0.1015 0.0904 0.8551
557.809 0.0966 0.0895 0.9138
557.849 0.0956 0.0880 0.8639
557.887 0.0935 0.0909 0.8519
557.930 0.0932 0.0884 0.8823
557.970 0.0930 0.0926 0.8567
558.010 0.0918 0.0897 0.8959
558.050 0.0943 0.0928 0.8829
558.088 0.0984 0.0930 0.8928
558.132 0.1039 0.0913 0.9001
558.172 0.1057 0.0929 0.8802
558.212 0.1052 0.0912 0.9408
558.251 0.1092 0.0899 0.9634
558.291 0.1147 0.0906 0.9471
558.332 0.1166 0.0943 0.9352
558.372 0.1193 0.0920 0.9245
558.412 0.1180 0.0928 0.9343
558.452 0.1185 0.0958 0.9403
558.491 0.1216 0.0959 0.8769
558.531 0.1184 0.0977 0.9222
558.573 0.1147 0.0987 0.8645
558.613 0.1114 0.0968 0.9131
558.653 0.1103 0.0939 0.9117
558.693 0.1160 0.0939 0.9379
558.730 0.1217 0.0938 0.9327
558.774 0.1267 0.0960 0.9091
558.813 0.1277 0.0946 0.9183
558.854 0.1290 0.0904 0.9108
558.893 0.1350 0.0907 0.8801
558.931 0.1448 0.0931 0.9068
558.974 0.1481 0.0955 0.9219
559.014 0.1511 0.0967 0.9581
559.054 0.1536 0.0982 0.9254
559.094 0.1566 0.0926 0.9342
559.134 0.1605 0.0920 0.9318
559.175 0.1610 0.0999 0.9030
559.216 0.1560 0.1024 0.9280
559.256 0.1534 0.0966 0.9080
559.296 0.1481 0.0961 0.8939
559.335 0.1478 0.0984 0.8999
559.375 0.1499 0.0999 0.9035
559.416 0.1457 0.1049 0.9073
559.456 0.1420 0.0973 0.9421
559.496 0.1444 0.0979 0.8941
559.536 0.1512 0.0919 0.9076
559.574 0.1564 0.0943 0.8991
559.618 0.1619 0.0982 0.8891
559.657 0.1627 0.1028 0.8889
559.697 0.1641 0.0942 0.9089
559.737 0.1626 0.0896 0.9215
559.774 0.1645 0.0916 0.8983
559.818 0.1690 0.0951 0.8959
559.858 0.1665 0.0986 0.9151
559.898 0.1627 0.0988 0.9034
559.937 0.1591 0.0952 0.8998
559.978 0.1562 0.0940 0.9158
560.018 0.1503 0.0934 0.8910
560.058 0.1448 0.0993 0.8858
560.099 0.1368 0.1000 0.9146
560.139 0.1322 0.0963 0.9418
560.178 0.1343 0.0937 0.9249
560.217 0.1298 0.0943 0.9029
560.259 0.1303 0.0936 0.9022
560.300 0.1294 0.0949 0.9012
560.340 0.1289 0.0925 0.9024
560.380 0.1331 0.0930 0.9391
560.417 0.1329 0.0923 0.9015
560.461 0.1358 0.0897 0.9249
560.501 0.1391 0.0903 0.9249
560.541 0.1436 0.0920 0.9544
560.580 0.1465 0.0931 0.9159
560.618 0.1495 0.0914 0.9087
560.662 0.1476 0.0890 0.9026
560.701 0.1533 0.0916 0.9274
560.742 0.1575 0.0925 0.9236
560.781 0.1611 0.0933 0.9568
560.821 0.1645 0.0907 0.9268
560.862 0.1606 0.0902 0.9060
560.902 0.1636 0.0893 0.9271
560.942 0.1668 0.0926 0.9356
560.982 0.1672 0.0926 0.9356
561.021 0.1645 0.0930 0.9227
561.061 0.1627 0.0905 0.9321
561.102 0.1615 0.0890 0.8799
561.143 0.1676 0.0906 0.8799
561.183 0.1688 0.0929 0.8811
561.222 0.1733 0.0922 0.9047
561.260 0.1705 0.0905 0.8906
561.304 0.1710 0.0879 0.8757
561.346 0.1781 0.0905 0.9089
561.384 0.1853 0.0893 0.9722
561.424 0.1877 0.0900 0.9575
561.462 0.1889 0.0909 0.8999
561.505 0.1863 0.0910 0.8746
561.545 0.1873 0.0893 0.9233
561.585 0.1905 0.0922 0.8770
561.625 0.1846 0.0917 0.8835
561.665 0.1794 0.0929 0.9309
561.706 0.1683 0.0927 0.9002
561.746 0.1660 0.0904 0.9160
561.786 0.1618 0.0922 0.9296
561.826 0.1570 0.0934 0.9449
561.865 0.1463 0.0979 0.9138
561.905 0.1405 0.0935 0.9143
561.946 0.1360 0.0931 0.8873
561.986 0.1337 0.0901 0.8692
562.026 0.1349 0.0909 0.8801
562.066 0.1335 0.0941 0.9252
562.104 0.1317 0.0930 0.9093
562.148 0.1374 0.0958 0.8721
562.187 0.1420 0.0906 0.9085
562.227 0.1465 0.0926 0.8685
562.267 0.1515 0.0923 0.9194
562.304 0.1525 0.0931 0.9082
562.348 0.1540 0.0896 0.8909
562.388 0.1535 0.0913 0.8999
562.428 0.1533 0.0923 0.8863
562.467 0.1535 0.0942 0.8598
562.508 0.1538 0.0933 0.9118
562.549 0.1475 0.0954 0.9213
562.589 0.1461 0.0961 0.9355
562.630 0.1426 0.0941 0.8855
562.669 0.1399 0.0959 0.8979
562.709 0.1322 0.0987 0.8609
562.748 0.1257 0.0991 0.8835
562.790 0.1219 0.0974 0.9039
562.830 0.1173 0.0983 0.8829
562.870 0.1158 0.0988 0.8829
562.909 0.1137 0.1023 0.8532
562.947 0.1113 0.1052 0.8775
562.991 0.1047 0.1021 0.8737
563.031 0.1008 0.1018 0.8775
563.071 0.1006 0.1015 0.8806
563.110 0.0976 0.1028 0.8642
563.148 0.0920 0.1010 0.8952
563.192 0.0902 0.1024 0.8390
563.231 0.0903 0.1038 0.8629
563.272 0.0865 0.1000 0.8560
563.311 0.0853 0.0978 0.8580
563.351 0.0853 0.1000 0.8976
563.392 0.0800 0.0981 0.8966
563.432 0.0771 0.0956 0.8925
563.472 0.0739 0.0970 0.9192
563.512 0.0750 0.0971 0.9192
563.551 0.0771 0.0963 0.8728
563.592 0.0768 0.0992 0.9075
563.633 0.0773 0.0988 0.8832
563.674 0.0781 0.0959 0.8788
563.714 0.0757 0.0944 0.8742
563.753 0.0761 0.0959 0.9125
563.791 0.0755 0.0959 0.9223
563.835 0.0754 0.0955 0.9079
563.874 0.0790 0.0955 0.9070
563.914 0.0820 0.0944 0.9097
563.954 0.0864 0.0962 0.9096
563.991 0.0907 0.0957 0.8804
564.035 0.0935 0.0963 0.8889
564.075 0.0944 0.0974 0.9023
564.115 0.0973 0.0937 0.9043
564.155 0.1006 0.0939 0.8957
564.195 0.1051 0.0951 0.9034
564.235 0.1069 0.0951 0.8868
564.275 0.1087 0.0930 0.9134
564.316 0.1128 0.0927 0.9456
564.356 0.1162 0.0915 0.9219
564.395 0.1164 0.0943 0.8809
564.435 0.1170 0.0899 0.8910
564.476 0.1194 0.0981 0.8901
564.516 0.1173 0.0934 0.8891
564.556 0.1159 0.0926 0.9057
564.596 0.1150 0.0899 0.9085
564.634 0.1139 0.0870 0.9020
564.678 0.1151 0.0929 0.9110
564.717 0.1129 0.0909 0.9006
564.758 0.1117 0.0905 0.9178
564.798 0.1125 0.0886 0.8828
564.835 0.1106 0.0847 0.9014
564.879 0.1136 0.0875 0.9047
564.919 0.1167 0.0929 0.9223
564.959 0.1130 0.0886 0.9377
564.998 0.1137 0.0907 0.8982
565.038 0.1125 0.0901 0.8732
565.079 0.1150 0.0806 0.8732
565.119 0.1212 0.0825 0.8991
565.159 0.1189 0.0845 0.9078
565.199 0.1208 0.0816 0.9045
565.239 0.1216 0.0785 0.9031
565.278 0.1227 0.0761 0.9129
565.319 0.1243 0.0770 0.9129
565.360 0.1257 0.0790 0.9180
565.400 0.1244 0.0827 0.9039
565.440 0.1266 0.0784 0.9089
565.480 0.1291 0.0824 0.9367
565.521 0.1348 0.0776 0.8927
565.560 0.1410 0.0777 0.9086
565.600 0.1400 0.0782 0.8905
565.640 0.1465 0.0793 0.9159
565.678 0.1491 0.0777 0.9373
565.721 0.1544 0.0767 0.9102
565.761 0.1606 0.0781 0.9102
565.801 0.1639 0.0792 0.9073
565.842 0.1627 0.0764 0.9439
565.882 0.1601 0.0753 0.8861
565.923 0.1612 0.0759 0.9127
565.962 0.1597 0.0773 0.9058
566.003 0.1617 0.0780 0.9143
566.043 0.1600 0.0778 0.9230
566.082 0.1587 0.0778 0.8943
566.122 0.1546 0.0781 0.9655
566.163 0.1510 0.0765 0.9095
566.203 0.1524 0.0775 0.9594
566.243 0.1508 0.0781 0.9119
566.283 0.1487 0.0781 0.9259
566.320 0.1489 0.0767 0.9327
566.365 0.1514 0.0778 0.9168
566.404 0.1534 0.0773 0.9269
566.444 0.1539 0.0776 0.9318
566.484 0.1513 0.0781 0.9418
566.521 0.1468 0.0771 0.9363
566.564 0.1456 0.0771 0.9350
566.605 0.1462 0.0771 0.9208
566.645 0.1480 0.0753 0.9031
566.684 0.1489 0.0763 0.8971
566.723 0.1488 0.0768 0.9315
566.766 0.1518 0.0751 0.9274
566.805 0.1523 0.0780 0.9372
566.845 0.1519 0.0742 0.9308
566.885 0.1519 0.0774 0.9423
566.925 0.1535 0.0790 0.9569
566.965 0.1520 0.0771 0.9498
567.007 0.1538 0.0770 0.9868
567.047 0.1528 0.0756 0.9722
567.087 0.1500 0.0756 0.9429
567.127 0.1464 0.0790 0.9288
567.164 0.1368 0.0774 0.9326
567.207 0.1281 0.0771 0.9448
567.248 0.1157 0.0748 0.9759
567.288 0.1057 0.0788 0.9333
567.327 0.1004 0.0845 0.9295
567.365 0.0947 0.0862 0.9542
567.409 0.0862 0.0786 0.9292
567.448 0.0820 0.0802 0.9455
567.488 0.0784 0.0805 0.9480
567.528 0.0830 0.0806 0.9292
567.567 0.0868 0.0827 0.9259
567.608 0.0871 0.0820 0.9073
567.649 0.0953 0.0802 0.8979
567.689 0.1043 0.0782 0.8979
567.729 0.1135 0.0787 0.8569
567.768 0.1201 0.0806 0.8719
567.808 0.1246 0.0845 0.9159
567.849 0.1257 0.0817 0.8855
567.890 0.1276 0.0805 0.8813
567.930 0.1312 0.0830 0.8933
567.969 0.1378 0.0818 0.8607
568.008 0.1380 0.0833 0.8912
568.050 0.1318 0.0858 0.8957
568.091 0.1317 0.0840 0.8371
568.131 0.1330 0.0822 0.8593
568.171 0.1312 0.0845 0.8849
568.208 0.1286 0.0856 0.8632
568.251 0.1252 0.0859 0.8545
568.292 0.1202 0.0870 0.8545
568.332 0.1212 0.0837 0.9169
568.372 0.1221 0.0839 0.8869
568.410 0.1232 0.0845 0.8919
568.451 0.1208 0.0849 0.9439
568.492 0.1177 0.0902 0.8975
568.533 0.1190 0.0862 0.9216
568.573 0.1188 0.0911 0.8899
568.612 0.1190 0.0869 0.8693
568.652 0.1160 0.0905 0.8848
568.693 0.1111 0.0904 0.8952
568.733 0.1102 0.0902 0.8839
568.773 0.1135 0.0879 0.8769
568.813 0.1157 0.0878 0.8998
568.850 0.1146 0.0906 0.8783
568.893 0.1153 0.0894 0.8822
568.934 0.1156 0.0896 0.9052
568.974 0.1143 0.0895 0.9102
569.013 0.1139 0.0886 0.8708
569.050 0.1132 0.0894 0.8563
569.094 0.1078 0.0907 0.8469
569.134 0.1062 0.0907 0.8710
569.175 0.1095 0.0904 0.8359
569.215 0.1149 0.0893 0.8801
569.254 0.1196 0.0914 0.8813
569.296 0.1226 0.0921 0.8914
569.336 0.1300 0.0962 0.8813
569.376 0.1300 0.0962 0.8563
569.416 0.1312 0.0952 0.8813
569.455 0.1362 0.0965 0.8847
569.495 0.1389 0.0998 0.8769
569.537 0.1444 0.1025 0.9056
569.577 0.1472 0.1040 0.8705
569.617 0.1478 0.1053 0.8445
569.657 0.1474 0.1062 0.8786
569.694 0.1444 0.1050 0.8683
569.738 0.1484 0.1046 0.8789
569.777 0.1513 0.1073 0.8982
569.818 0.1510 0.1070 0.8936
569.857 0.1533 0.1056 0.8986
569.894 0.1570 0.1038 0.8916
569.939 0.1609 0.1017 0.9172
569.978 0.1644 0.1101 0.8454
570.018 0.1637 0.1070 0.9228
570.058 0.1641 0.1037 0.9366
570.097 0.1666 0.1036 0.8998
570.143 0.1704 0.1005 0.9179
570.179 0.1772 0.0984 0.8832
570.219 0.1805 0.1055 0.8795
570.259 0.1784 0.1080 0.8815
570.299 0.1757 0.1014 0.8652
570.339 0.1754 0.1094 0.9229
570.380 0.1775 0.1110 0.9146
570.420 0.1770 0.1092 0.8846
570.461 0.1777 0.1040 0.8826
570.500 0.1830 0.1059 0.8803
570.537 0.1846 0.1023 0.9031
570.582 0.1910 0.1011 0.9093
570.621 0.1983 0.1002 0.8769
570.661 0.2036 0.1054 0.9132
570.700 0.2040 0.1004 0.8735
570.738 0.2021 0.1027 0.9077
570.781 0.2038 0.1014 0.9055
570.822 0.2060 0.1002 0.9002
570.862 0.2085 0.0993 0.8961
570.902 0.2137 0.0987 0.9008
570.941 0.2167 0.0964 0.9779
570.982 0.2166 0.0978 0.9328
571.022 0.2213 0.0969 0.8851
571.062 0.2275 0.0967 0.9078
571.103 0.2322 0.0986 0.9218
571.142 0.2319 0.0981 0.9007
571.182 0.2280 0.0966 0.8895
571.223 0.2300 0.0944 0.8956
571.263 0.2280 0.0968 0.9093
571.303 0.2275 0.1006 0.9205
571.343 0.2234 0.0976 0.9323
571.381 0.2146 0.1027 0.8958
571.425 0.2080 0.0958 0.9122
571.465 0.2044 0.0976 0.9268
571.505 0.2002 0.0967 0.9268
571.544 0.1937 0.1057 0.9041
571.582 0.1856 0.0962 0.9321
571.626 0.1753 0.1040 0.9153
571.665 0.1714 0.0997 0.9069
571.705 0.1657 0.0991 0.8870
571.745 0.1626 0.0968 0.8613
571.784 0.1599 0.0979 0.8941
571.826 0.1578 0.0994 0.8879
571.866 0.1602 0.0958 0.9284
571.906 0.1642 0.0972 0.9199
571.946 0.1638 0.0954 0.9303
571.985 0.1610 0.0990 0.9343
572.025 0.1551 0.0979 0.9266
572.067 0.1489 0.0951 0.9220
572.107 0.1456 0.0955 0.9133
572.147 0.1436 0.0937 0.8983
572.186 0.1477 0.0946 0.9568
572.224 0.1514 0.0980 0.9182
572.268 0.1521 0.0964 0.8973
572.307 0.1534 0.0948 0.9348
572.348 0.1510 0.0943 0.9112
572.387 0.1454 0.0940 0.8909
572.425 0.1378 0.0887 0.9253
572.467 0.1285 0.0906 0.9327
572.508 0.1254 0.0896 0.9208
572.550 0.1224 0.0881 0.8971
572.589 0.1218 0.0886 0.8694
572.628 0.1256 0.0901 0.9258
572.668 0.1231 0.0898 0.9213
572.710 0.1235 0.0894 0.9053
572.750 0.1261 0.0896 0.8750
572.790 0.1288 0.0893 0.8927
572.829 0.1348 0.0885 0.9131
572.869 0.1391 0.0921 0.8965
572.910 0.1427 0.0915 0.9259
572.950 0.1485 0.0914 0.9225
572.990 0.1502 0.0877 0.9128
573.030 0.1535 0.0862 0.8794
573.067 0.1514 0.0883 0.8984
573.111 0.1500 0.0939 0.8826
573.151 0.1473 0.0904 0.8799
573.191 0.1434 0.0957 0.8923
573.231 0.1393 0.0900 0.9052
573.268 0.1378 0.0958 0.9108
573.312 0.1300 0.0974 0.8987
573.352 0.1243 0.0916 0.9224
573.392 0.1208 0.0860 0.9094
573.431 0.1202 0.0896 0.8944
573.470 0.1222 0.0918 0.9250
573.511 0.1233 0.0893 0.9034
573.552 0.1281 0.0972 0.9110
573.592 0.1306 0.0962 0.9511
573.633 0.1358 0.0970 0.9031
573.673 0.1407 0.0907 0.8965
573.712 0.1424 0.0891 0.9293
573.754 0.1452 0.1058 0.8955
573.794 0.1486 0.0948 0.8717
573.834 0.1525 0.1000 0.8566
573.873 0.1560 0.0875 0.9339
573.911 0.1551 0.0945 0.9262
573.955 0.1542 0.0927 0.8959
573.995 0.1525 0.0949 0.9085
574.035 0.1510 0.0934 0.9238
574.074 0.1493 0.0962 0.9132
574.111 0.1457 0.0982 0.8423
574.154 0.1383 0.0956 0.8839
574.195 0.1344 0.0961 0.8786
574.235 0.1296 0.0958 0.8976
574.275 0.1251 0.1054 0.8719
574.314 0.1208 0.0943 0.9065
574.355 0.1168 0.0943 0.9130
574.395 0.1174 0.0941 0.9241
574.436 0.1174 0.0985 0.8836
574.476 0.1172 0.0977 0.8942
574.515 0.1185 0.0935 0.8892
574.555 0.1189 0.0909 0.8912
574.596 0.1210 0.0891 0.8696
574.637 0.1258 0.0926 0.8479
574.677 0.1305 0.0952 0.8808
574.717 0.1334 0.0966 0.8489
574.755 0.1328 0.0960 0.8350
574.798 0.1322 0.0871 0.8705
574.838 0.1327 0.0949 0.8806
574.878 0.1335 0.0952 0.8493
574.918 0.1346 0.0946 0.8893
574.955 0.1338 0.0949 0.8787
574.998 0.1286 0.1008 0.8709
575.039 0.1220 0.1016 0.8592
575.079 0.1175 0.1040 0.8342
575.119 0.1127 0.0981 0.8358
575.158 0.1087 0.1012 0.8845
575.198 0.1057 0.1022 0.8585
575.239 0.1045 0.1023 0.8469
575.280 0.1045 0.0998 0.8945
575.319 0.1046 0.1052 0.8385
575.359 0.1043 0.1017 0.8176
575.399 0.1018 0.1032 0.8322
575.440 0.1060 0.1017 0.8540
575.480 0.1129 0.0984 0.8449
575.520 0.1201 0.1047 0.8630
575.560 0.1277 0.1035 0.8849
575.597 0.1320 0.1083 0.8718
575.642 0.1389 0.1063 0.8511
575.681 0.1460 0.1045 0.8540
575.721 0.1555 0.0987 0.8540
575.760 0.1635 0.1055 0.8696
575.798 0.1716 0.1029 0.8813
575.842 0.1770 0.1032 0.8912
575.882 0.1834 0.0993 0.9166
575.923 0.1872 0.0974 0.9209
575.962 0.1837 0.1019 0.8527
576.002 0.1878 0.1000 0.9019
576.042 0.1842 0.0985 0.8540
576.083 0.1839 0.0953 0.9136
576.123 0.1801 0.0973 0.8599
576.163 0.1756 0.0982 0.9122
576.203 0.1714 0.1035 0.8765
576.242 0.1666 0.0990 0.8983
576.284 0.1588 0.0979 0.8799
576.324 0.1533 0.0941 0.8843
576.364 0.1552 0.0941 0.8782
576.403 0.1513 0.0977 0.8430
576.441 0.1487 0.0982 0.8560
576.484 0.1436 0.0994 0.8946
576.525 0.1495 0.0964 0.8709
576.565 0.1540 0.0944 0.8503
576.604 0.1573 0.1003 0.8306
576.641 0.1576 0.1004 0.8653
576.685 0.1554 0.1051 0.8443
576.725 0.1509 0.1019 0.8225
576.765 0.1496 0.0971 0.8788
576.805 0.1506 0.0973 0.8833
576.844 0.1533 0.0989 0.8879
576.885 0.1508 0.1072 0.8878
576.926 0.1539 0.1083 0.8842
576.967 0.1579 0.1025 0.8847
577.007 0.1555 0.0971 0.9112
577.046 0.1526 0.0927 0.9096
577.086 0.1505 0.0992 0.9122
577.127 0.1558 0.1018 0.9089
577.168 0.1544 0.0922 0.9149
577.207 0.1577 0.0938 0.9279
577.247 0.1603 0.0984 0.8827
577.284 0.1628 0.1029 0.9160
577.329 0.1579 0.0954 0.9221
577.368 0.1509 0.1026 0.8988
577.408 0.1467 0.1031 0.9145
577.448 0.1464 0.0970 0.9425
577.487 0.1454 0.0977 0.9069
577.529 0.1414 0.1027 0.8813
577.569 0.1407 0.0979 0.9253
577.609 0.1323 0.0979 0.9119
577.649 0.1301 0.0976 0.9002
577.688 0.1254 0.0976 0.8991
577.728 0.1258 0.0995 0.8763
577.769 0.1247 0.1028 0.8945
577.809 0.1218 0.0998 0.9042
577.849 0.1215 0.0991 0.9035
577.888 0.1240 0.1033 0.8887
577.928 0.1228 0.1001 0.9097
577.970 0.1231 0.1001 0.9089
578.010 0.1215 0.1001 0.9089
578.050 0.1208 0.0994 0.8821
578.090 0.1248 0.0994 0.8811
578.128 0.1250 0.0965 0.9036
578.171 0.1259 0.0998 0.9045
578.211 0.1225 0.0996 0.8790
578.252 0.1186 0.0988 0.8669
578.291 0.1166 0.0999 0.8530
578.328 0.1196 0.1009 0.8903
578.371 0.1209 0.0996 0.9089
578.412 0.1225 0.1000 0.9123
578.452 0.1233 0.1007 0.8892
578.546 0.1294 0.1038 0.9034
578.571 0.1296 0.1026 0.8752
578.612 0.1354 0.1028 0.8746
578.653 0.1420 0.1039 0.9080
578.693 0.1469 0.1039 0.9085
578.733 0.1561 0.1020 0.8955
578.773 0.1712 0.1032 0.8923
578.812 0.1787 0.1079 0.8640
578.853 0.1818 0.1039 0.9182
578.894 0.1805 0.1085 0.9342
578.934 0.1806 0.1074 0.8966
578.973 0.1809 0.1126 0.9067
579.010 0.1805 0.1052 0.9094
579.054 0.1816 0.1051 0.9077
579.094 0.1774 0.1034 0.8982
579.135 0.1713 0.1038 0.8895
579.339 0.1416 0.1107 0.8892
579.373 0.1427 0.1095 0.8530
579.416 0.1427 0.1054 0.8379
579.456 0.1434 0.1014 0.9147
579.497 0.1486 0.1047 0.8542
579.536 0.1492 0.1016 0.9053
579.575 0.1507 0.1005 0.8905
579.617 0.1547 0.1027 0.9079
579.657 0.1579 0.0987 0.8859
579.697 0.1610 0.0997 0.9110
579.737 0.1654 0.0972 0.9081
579.776 0.1704 0.0996 0.8737
579.816 0.1720 0.0947 0.9507
579.857 0.1777 0.0917 0.9033
579.898 0.1817 0.0896 0.9051
579.938 0.1861 0.0953 0.9186
579.978 0.1819 0.1005 0.9254
580.015 0.1794 0.0961 0.9226
580.059 0.1756 0.0964 0.9238
580.099 0.1709 0.0951 0.9274
580.139 0.1696 0.0946 0.9224
580.178 0.1698 0.0963 0.8943
580.216 0.1681 0.1006 0.9053
580.260 0.1595 0.0969 0.9045
580.300 0.1559 0.0961 0.8876
580.340 0.1512 0.0960 0.8707
580.380 0.1444 0.0967 0.8916
580.420 0.1362 0.0973 0.8751
580.461 0.1334 0.0997 0.8949
580.501 0.1341 0.0951 0.9195
580.541 0.1359 0.0949 0.9350
580.581 0.1407 0.0950 0.8990
580.620 0.1416 0.0957 0.9360
580.660 0.1437 0.0970 0.9569
580.701 0.1446 0.0924 0.9416
580.741 0.1458 0.0951 0.9035
580.781 0.1498 0.0933 0.9260
580.821 0.1497 0.0912 0.9274
580.859 0.1523 0.0948 0.9344
580.903 0.1557 0.0985 0.9120
580.942 0.1564 0.0986 0.9198
580.982 0.1561 0.0961 0.9236
581.022 0.1553 0.0940 0.9161
581.059 0.1532 0.0971 0.9186
581.103 0.1564 0.1012 0.9429
581.143 0.1566 0.0989 0.9209
581.183 0.1567 0.0992 0.9155
581.222 0.1610 0.0990 0.8971
581.262 0.1658 0.1006 0.8783
581.303 0.1713 0.0995 0.9063
581.343 0.1759 0.0985 0.9267
581.383 0.1845 0.0979 0.9419
581.424 0.1944 0.0960 0.8575
581.463 0.1990 0.0938 0.9195
581.503 0.2018 0.0953 0.9194
581.544 0.2071 0.0932 0.9123
581.585 0.2034 0.0938 0.9209
581.625 0.2007 0.0904 0.9298
581.665 0.1977 0.0943 0.8839
581.702 0.1920 0.0937 0.9108
581.746 0.1831 0.0970 0.8809
581.786 0.1773 0.1022 0.8907
581.826 0.1716 0.1013 0.8896
581.869 0.1615 0.0971 0.9285
581.903 0.1541 0.0953 0.9113
581.947 0.1467 0.0978 0.8986
581.986 0.1453 0.0998 0.9051
582.026 0.1445 0.0976 0.9149
582.066 0.1448 0.0957 0.9236
582.106 0.1478 0.0921 0.8870
582.147 0.1500 0.1012 0.8661
582.187 0.1517 0.0937 0.9292
582.227 0.1561 0.0917 0.9210
582.267 0.1601 0.0932 0.9042
582.306 0.1634 0.0909 0.9019
582.346 0.1674 0.0987 0.9210
582.387 0.1696 0.1013 0.9365
582.428 0.1656 0.0998 0.9427
582.468 0.1613 0.0959 0.8985
582.508 0.1529 0.0983 0.9058
582.546 0.1465 0.0975 0.9362
582.590 0.1420 0.0967 0.8821
582.629 0.1402 0.1003 0.9301
582.669 0.1414 0.1024 0.9075
582.709 0.1435 0.0953 0.8949
582.746 0.1420 0.0964 0.8780
582.791 0.1396 0.0978 0.8563
582.830 0.1384 0.0985 0.8563
582.870 0.1372 0.1011 0.9064
582.910 0.1412 0.0979 0.9192
582.950 0.1461 0.0978 0.8988
582.990 0.1496 0.1015 0.9142
583.030 0.1530 0.1005 0.9078
583.071 0.1548 0.1046 0.9219
583.110 0.1542 0.1014 0.9320
583.150 0.1511 0.1016 0.9287
583.190 0.1463 0.1010 0.9148
583.231 0.1450 0.1032 0.9125
583.271 0.1398 0.1032 0.9355
583.311 0.1362 0.1049 0.9162
583.351 0.1334 0.1057 0.8891
583.388 0.1274 0.1046 0.8725
583.433 0.1201 0.0981 0.8949
583.472 0.1179 0.1006 0.8758
583.512 0.1175 0.1030 0.8929
583.551 0.1184 0.0997 0.9104
583.590 0.1161 0.0985 0.8802
583.633 0.1146 0.0958 0.8912
583.673 0.1161 0.0987 0.8835
583.714 0.1125 0.0997 0.8739
583.753 0.1130 0.1010 0.8739
583.794 0.1126 0.0987 0.8645
583.834 0.1120 0.0977 0.8859
583.874 0.1128 0.0999 0.8848
583.914 0.1147 0.0997 0.8530
583.954 0.1145 0.0988 0.8598
583.994 0.1148 0.0983 0.8429
584.033 0.1139 0.0915 0.8335
584.075 0.1116 0.0926 0.8390
584.115 0.1107 0.0915 0.8038
584.156 0.1123 0.0930 0.8604
584.195 0.1154 0.0912 0.9003
584.232 0.1144 0.0923 0.8966
584.276 0.1130 0.0955 0.9063
584.315 0.1138 0.0869 0.9003
584.356 0.1167 0.0872 0.9107
584.395 0.1178 0.0893 0.9265
584.432 0.1187 0.0899 0.9240
584.477 0.1191 0.0855 0.9014
584.516 0.1175 0.0861 0.8804
584.556 0.1193 0.0908 0.8980
584.596 0.1241 0.0906 0.9009
584.636 0.1277 0.0997 0.8866
584.677 0.1243 0.0916 0.8855
584.717 0.1265 0.0915 0.8525
584.758 0.1296 0.0933 0.8944
584.798 0.1352 0.0921 0.8330
584.837 0.1359 0.0916 0.8925
584.877 0.1385 0.0909 0.8729
584.918 0.1459 0.0952 0.8794
584.958 0.1495 0.0970 0.8742
584.999 0.1581 0.0896 0.8811
585.038 0.1642 0.0960 0.9194
585.076 0.1665 0.0950 0.8935
585.121 0.1656 0.0907 0.9390
585.159 0.1691 0.0865 0.9019
585.199 0.1767 0.0882 0.8623
585.239 0.1893 0.0905 0.8962
585.276 0.1925 0.0896 0.9120
585.320 0.1998 0.0887 0.8998
585.359 0.1992 0.0884 0.8781
585.400 0.2000 0.0866 0.8890
585.440 0.2006 0.0868 0.9173
585.480 0.1969 0.0895 0.9575
585.521 0.1902 0.0889 0.9385
585.560 0.1893 0.0870 0.8823
585.600 0.1862 0.0875 0.9118
585.640 0.1863 0.0851 0.9239
585.680 0.1830 0.0863 0.9066
585.719 0.1716 0.0864 0.8881
585.761 0.1645 0.0868 0.9259
585.801 0.1594 0.0846 0.9187
585.844 0.1585 0.0842 0.9274
585.881 0.1605 0.0837 0.9161
585.919 0.1590 0.0874 0.9276
585.963 0.1554 0.0859 0.9280
586.003 0.1534 0.0853 0.9225
586.043 0.1498 0.0853 0.9020
586.082 0.1483 0.0851 0.8869
586.120 0.1454 0.0850 0.9358
586.164 0.1406 0.0863 0.9459
586.204 0.1390 0.0862 0.9149
586.244 0.1361 0.0856 0.9149
586.284 0.1298 0.0860 0.9089
586.324 0.1259 0.0854 0.9236
586.364 0.1147 0.0888 0.9089
586.404 0.1073 0.0901 0.9064
586.444 0.1034 0.0861 0.9121
586.484 0.1043 0.0868 0.9094
586.523 0.1015 0.0861 0.9051
586.563 0.0986 0.0865 0.9273
586.605 0.0985 0.0899 0.8983
586.645 0.0980 0.0920 0.8933
586.685 0.0945 0.0912 0.8799
586.724 0.0944 0.0856 0.8886
586.762 0.0928 0.0866 0.9258
586.806 0.0897 0.0876 0.9055
586.845 0.0912 0.0886 0.8995
586.886 0.0903 0.0878 0.8867
586.925 0.0904 0.0886 0.8591
586.963 0.0863 0.0858 0.8924
587.007 0.0839 0.0894 0.9054
587.047 0.0867 0.0895 0.9026
587.087 0.0872 0.0898 0.8807
587.127 0.0890 0.0902 0.9023
587.168 0.0925 0.0831 0.9301
587.207 0.0953 0.0903 0.8345
587.248 0.0929 0.0891 0.8851
587.288 0.0948 0.0907 0.8784
587.328 0.0978 0.0909 0.8583
587.367 0.1027 0.0897 0.8540
587.407 0.1058 0.0908 0.8623
587.448 0.1053 0.0922 0.8945
587.488 0.1083 0.0919 0.8761
587.528 0.1090 0.0916 0.8621
587.568 0.1095 0.0910 0.8879
587.605 0.1037 0.0896 0.9100
587.650 0.0993 0.0898 0.8818
587.689 0.0932 0.0901 0.8947
587.729 0.0905 0.0893 0.8793
587.769 0.0899 0.0915 0.8841
587.805 0.0851 0.0906 0.9099
587.850 0.0765 0.0901 0.8393
587.890 0.0678 0.0917 0.8653
587.930 0.0629 0.0924 0.8935
587.969 0.0599 0.0900 0.8789
588.009 0.0558 0.0928 0.8639
588.051 0.0492 0.0889 0.9043
588.091 0.0485 0.0905 0.8666
588.132 0.0458 0.0914 0.8945
588.171 0.0471 0.0905 0.8925
588.211 0.0499 0.0891 0.8925
588.250 0.0487 0.0879 0.8795
588.292 0.0509 0.0879 0.8719
588.332 0.0501 0.0872 0.8795
588.372 0.0513 0.0918 0.8825
588.412 0.0532 0.0901 0.8693
588.449 0.0548 0.0886 0.8709
588.493 0.0576 0.0864 0.8890
588.533 0.0588 0.0828 0.9103
588.573 0.0597 0.0846 0.9223
588.612 0.0628 0.0861 0.8986
588.649 0.0647 0.0845 0.9085
588.694 0.0654 0.0838 0.8976
588.733 0.0675 0.0843 0.8992
588.773 0.0672 0.0853 0.9285
588.813 0.0682 0.0847 0.9285
588.853 0.0708 0.0866 0.8998
588.894 0.0780 0.0853 0.8934
588.934 0.0864 0.0856 0.9009
588.974 0.0968 0.0846 0.9009
589.014 0.1042 0.0911 0.8743
589.053 0.1084 0.0901 0.8892
589.093 0.1106 0.0895 0.9068
589.134 0.1133 0.0898 0.9008
589.175 0.1176 0.0910 0.8696
589.215 0.1200 0.0911 0.9119
589.255 0.1224 0.0908 0.8662
589.293 0.1232 0.0900 0.8815
589.337 0.1246 0.0892 0.9056
589.376 0.1252 0.0901 0.9023
589.417 0.1242 0.1010 0.9031
589.456 0.1178 0.1080 0.8956
589.494 0.1122 0.0942 0.8782
589.537 0.1056 0.0948 0.9148
589.577 0.1061 0.0948 0.8712
589.617 0.1140 0.1017 0.8636
589.657 0.1159 0.1020 0.8545
589.697 0.1178 0.0984 0.8719
589.738 0.1181 0.0991 0.8424
589.777 0.1205 0.0983 0.8424
589.818 0.1254 0.0974 0.8579
589.857 0.1313 0.0976 0.8526
589.897 0.1383 0.0977 0.8579
589.936 0.1387 0.0986 0.8466
589.978 0.1442 0.0999 0.8938
590.018 0.1530 0.0986 0.8909
590.058 0.1603 0.0962 0.8372
590.098 0.1601 0.0961 0.8571
590.136 0.1590 0.0983 0.8748
590.180 0.1607 0.0990 0.8571
590.219 0.1654 0.0968 0.8693
590.259 0.1707 0.0945 0.8626
590.300 0.1784 0.0978 0.8694
590.337 0.1781 0.1003 0.8747
590.381 0.1745 0.1006 0.8935
590.421 0.1782 0.0988 0.9128
590.461 0.1816 0.0986 0.8961
590.500 0.1833 0.0990 0.9216
590.540 0.1849 0.1066 0.9183
590.581 0.1835 0.1005 0.8977
590.621 0.1831 0.0980 0.8569
590.661 0.1862 0.0989 0.9175
590.701 0.1898 0.0967 0.8975
590.741 0.1929 0.0971 0.8773
590.780 0.1881 0.0976 0.8905
590.822 0.1901 0.0973 0.8851
590.862 0.1886 0.0964 0.8851
590.902 0.1919 0.0972 0.9102
590.941 0.1897 0.0953 0.9179
590.979 0.1875 0.0982 0.9230
591.023 0.1847 0.0984 0.9282
591.062 0.1851 0.0982 0.9268
591.103 0.1866 0.0987 0.9246
591.142 0.1868 0.0975 0.9209
591.180 0.1829 0.0961 0.9328
591.224 0.1747 0.0976 0.9419
591.263 0.1723 0.0971 0.9247
591.303 0.1691 0.1003 0.9149
591.343 0.1672 0.0954 0.9298
591.383 0.1653 0.0972 0.9277
591.425 0.1697 0.1021 0.9007
591.465 0.1729 0.1005 0.9279
591.505 0.1698 0.1015 0.9083
591.545 0.1664 0.1026 0.8966
591.585 0.1649 0.0991 0.9233
591.624 0.1615 0.1044 0.9248
591.665 0.1568 0.1028 0.9085
591.705 0.1502 0.0999 0.8863
591.745 0.1504 0.0998 0.9035
591.785 0.1483 0.0974 0.8972
591.823 0.1462 0.0945 0.9156
591.867 0.1443 0.0962 0.9385
591.906 0.1373 0.0996 0.9067
591.946 0.1266 0.0965 0.8801
591.986 0.1215 0.0998 0.9005
592.023 0.1202 0.0975 0.8807
592.067 0.1217 0.0986 0.8757
592.107 0.1194 0.1030 0.9069
592.147 0.1171 0.1045 0.9057
592.187 0.1155 0.1016 0.8979
592.226 0.1137 0.0995 0.8657
592.268 0.1080 0.1009 0.8659
592.308 0.1078 0.1031 0.9233
592.348 0.1017 0.1031 0.9267
592.387 0.0980 0.1042 0.9033
592.427 0.0923 0.1032 0.9116
592.467 0.0911 0.1045 0.9183
592.508 0.0910 0.1048 0.8745
592.549 0.0870 0.1023 0.9192
592.590 0.0837 0.1017 0.9492
592.629 0.0806 0.1018 0.9241
592.667 0.0835 0.1016 0.9332
592.710 0.0857 0.1026 0.9072
592.750 0.0884 0.1012 0.9308
592.790 0.0879 0.1000 0.9242
592.830 0.0854 0.1002 0.8889
592.867 0.0871 0.1002 0.8899
592.911 0.0904 0.1011 0.8739
592.951 0.0934 0.0999 0.9019
592.991 0.0936 0.0995 0.9343
593.030 0.0901 0.0987 0.9343
593.070 0.0899 0.0990 0.9169
593.111 0.0939 0.0981 0.9221
593.151 0.0966 0.0982 0.8903
593.191 0.0974 0.0982 0.8842
593.231 0.0984 0.0962 0.9325
593.271 0.1015 0.0967 0.9205
593.310 0.1101 0.0954 0.9361
593.351 0.1164 0.0954 0.9271
593.392 0.1200 0.0955 0.8907
593.432 0.1240 0.0989 0.9066
593.471 0.1281 0.0976 0.8955
593.509 0.1314 0.0967 0.8491
593.553 0.1353 0.0948 0.8899
593.593 0.1358 0.0957 0.8637
593.633 0.1374 0.0957 0.9117
593.673 0.1388 0.1001 0.8729
593.710 0.1418 0.0980 0.8899
593.754 0.1402 0.0963 0.8617
593.794 0.1342 0.1004 0.8823
593.835 0.1270 0.0961 0.8703
593.874 0.1242 0.0981 0.8719
593.914 0.1219 0.0970 0.9027
593.955 0.1171 0.1082 0.9224
593.995 0.1174 0.0976 0.9149
594.035 0.1142 0.0935 0.8960
594.075 0.1227 0.1037 0.9416
594.114 0.1217 0.0989 0.8767
594.154 0.1205 0.0942 0.8907
594.195 0.1210 0.0949 0.9242
594.236 0.1216 0.0999 0.8613
594.294 0.1284 0.1029 0.9053
594.315 0.1295 0.0977 0.9433
594.352 0.1309 0.1040 0.8902
594.397 0.1313 0.0970 0.9033
594.436 0.1349 0.1003 0.9207
594.476 0.1388 0.0927 0.8993
594.515 0.1436 0.0951 0.9181
594.553 0.1424 0.0996 0.8925
594.597 0.1357 0.0913 0.9248
594.636 0.1344 0.0884 0.9332
594.677 0.1355 0.0887 0.9557
594.717 0.1365 0.0886 0.9489
594.757 0.1370 0.0908 0.9288
594.798 0.1387 0.0891 0.8958
594.838 0.1402 0.0838 0.9085
594.878 0.1425 0.0886 0.8699
594.918 0.1482 0.0877 0.9287
594.958 0.1506 0.0896 0.9487
594.998 0.1485 0.0882 0.9447
595.038 0.1509 0.0877 0.9280
595.079 0.1590 0.0881 0.9031
595.119 0.1698 0.0868 0.9262
595.159 0.1718 0.0905 0.9175
595.196 0.1723 0.0920 0.8858
595.240 0.1724 0.0916 0.8569
595.279 0.1730 0.0883 0.8988
595.320 0.1737 0.0865 0.9292
595.359 0.1721 0.0865 0.8978
595.397 0.1703 0.0887 0.9021
595.441 0.1640 0.0894 0.8965
595.480 0.1594 0.0882 0.9125
595.520 0.1570 0.0893 0.9267
595.560 0.1544 0.0882 0.9111
595.600 0.1435 0.0899 0.9023
595.641 0.1341 0.0924 0.9023
595.681 0.1311 0.0929 0.8735
595.721 0.1297 0.0878 0.9146
595.761 0.1280 0.0898 0.8945
595.800 0.1280 0.0884 0.9197
595.841 0.1300 0.0913 0.9160
595.882 0.1292 0.0898 0.8987
595.922 0.1276 0.0907 0.8616
595.963 0.1282 0.0895 0.8674
596.003 0.1252 0.0952 0.8856
596.040 0.1181 0.0897 0.9443
596.084 0.1183 0.0891 0.9078
596.123 0.1199 0.0883 0.9007
596.164 0.1177 0.0880 0.9562
596.203 0.1159 0.0871 0.9131
596.240 0.1124 0.0867 0.8967
596.285 0.1031 0.0877 0.8861
596.324 0.1000 0.0870 0.8810
596.364 0.0988 0.0919 0.9166
596.404 0.0975 0.0840 0.9116
596.444 0.1040 0.0842 0.9116
596.485 0.1104 0.0857 0.9656
596.525 0.1203 0.0870 0.9656
596.564 0.1282 0.0844 0.9516
596.604 0.1363 0.0838 0.9396
596.644 0.1457 0.0789 0.9421
596.684 0.1528 0.0834 0.9529
596.725 0.1589 0.0869 0.9119
596.765 0.1706 0.0877 0.9056
596.805 0.1836 0.0852 0.9037
596.845 0.1893 0.0848 0.9345
596.883 0.1936 0.0836 0.9292
596.926 0.1951 0.0914 0.9129
596.967 0.1991 0.0865 0.8705
597.007 0.1976 0.0832 0.8947
597.047 0.1975 0.0810 0.8770
597.084 0.1951 0.0822 0.9122
597.128 0.1909 0.0841 0.8912
597.167 0.1856 0.0860 0.9293
597.208 0.1800 0.0866 0.8922
597.247 0.1752 0.0844 0.9080
597.288 0.1681 0.0830 0.9065
597.328 0.1639 0.0857 0.9065
597.368 0.1623 0.0862 0.9175
597.409 0.1592 0.0858 0.9005
597.448 0.1536 0.0837 0.9179
597.488 0.1517 0.0832 0.8901
597.527 0.1488 0.0836 0.9006
597.569 0.1440 0.0856 0.9169
597.609 0.1408 0.0895 0.8910
597.649 0.1421 0.0881 0.8532
597.689 0.1432 0.0859 0.9097
597.727 0.1429 0.0832 0.8697
597.770 0.1414 0.0866 0.9288
597.810 0.1364 0.0895 0.8962
597.849 0.1341 0.0887 0.9389
597.889 0.1330 0.0876 0.9402
597.926 0.1305 0.0873 0.8860
597.971 0.1269 0.0854 0.8794
598.010 0.1265 0.0861 0.9239
598.050 0.1271 0.0850 0.9259
598.091 0.1302 0.0905 0.8797
598.131 0.1325 0.0835 0.8831
598.172 0.1365 0.0842 0.9049
598.212 0.1407 0.0898 0.9100
598.252 0.1427 0.0912 0.8858
598.292 0.1423 0.0902 0.8810
598.331 0.1437 0.0899 0.9069
598.371 0.1440 0.0911 0.9058
598.412 0.1460 0.0886 0.9323
598.452 0.1508 0.0901 0.9261
598.492 0.1533 0.0903 0.9103
598.533 0.1539 0.0876 0.9306
598.570 0.1519 0.0882 0.9185
598.614 0.1506 0.0889 0.9295
598.653 0.1454 0.0892 0.9416
598.693 0.1411 0.0894 0.9416
598.733 0.1375 0.0872 0.9414
598.770 0.1397 0.0873 0.9509
598.814 0.1408 0.0846 0.9312
598.854 0.1470 0.0857 0.9646
598.894 0.1530 0.0853 0.9453
598.934 0.1546 0.0879 0.9584
598.973 0.1561 0.0897 0.9524
599.014 0.1532 0.0853 0.8916
599.054 0.1535 0.0868 0.9248
599.095 0.1559 0.0896 0.9298
599.135 0.1534 0.0898 0.9563
599.175 0.1510 0.0894 0.9327
599.214 0.1495 0.0896 0.9404
599.256 0.1530 0.0880 0.8701
599.296 0.1504 0.0906 0.8513
599.336 0.1475 0.0909 0.8513
599.375 0.1396 0.0886 0.9031
599.413 0.1312 0.0877 0.8990
599.458 0.1289 0.0885 0.8964
599.497 0.1271 0.0892 0.9083
599.537 0.1303 0.0867 0.9185
599.576 0.1290 0.0905 0.9311
599.614 0.1274 0.0885 0.9084
599.658 0.1265 0.0898 0.9082
599.697 0.1297 0.0925 0.8654
599.737 0.1272 0.0894 0.8910
599.777 NaN 0.0900 0.9399
599.818 NaN 0.0926 0.9029
599.858 NaN 0.0984 0.8930
599.898 NaN 0.0921 0.9223
599.938 NaN 0.0890 0.8953
599.978 NaN 0.0935 0.9548
600.017 NaN 0.0921 0.9500
600.057 NaN 0.0916 0.9606
