46.181 NaN 0.0909 0.8960
46.205 NaN 0.0896 0.8960
46.245 NaN 0.0903 0.8836
46.284 NaN 0.0903 0.8836
46.324 NaN 0.0912 0.8965
46.365 NaN 0.0907 0.8706
46.406 NaN 0.0884 0.9286
46.446 0.0899 0.0899 0.8916
46.485 0.0886 0.0884 0.8936
46.523 0.0883 0.0897 0.8936
46.567 0.0890 0.0897 0.8903
46.606 0.0931 0.0891 0.8842
46.647 0.0977 0.0897 0.8933
46.687 0.1003 0.0897 0.9148
46.724 0.1031 0.0915 0.9133
46.768 0.1030 0.0946 0.9168
46.807 0.1034 0.0869 0.8904
46.847 0.1049 0.0934 0.8817
46.887 0.1063 0.0926 0.8863
46.927 0.1079 0.0951 0.8895
46.968 0.1047 0.0951 0.8775
47.008 0.1022 0.0922 0.8703
47.049 0.1030 0.0922 0.8523
47.088 0.1002 0.0926 0.8877
47.128 0.0951 0.0999 0.8599
47.168 0.0911 0.0950 0.8759
47.209 0.0870 0.0924 0.8786
47.251 0.0876 0.0933 0.9048
47.290 0.0888 0.0941 0.9139
47.329 0.0891 0.0926 0.9002
47.367 0.0882 0.0942 0.8759
47.411 0.0804 0.0942 0.8912
47.450 0.0763 0.0930 0.9026
47.490 0.0775 0.0944 0.9007
47.530 0.0809 0.0957 0.9303
47.567 0.0833 0.0956 0.8826
47.611 0.0849 0.0971 0.8826
47.651 0.0867 0.0989 0.8813
47.691 0.0932 0.0967 0.8881
47.731 0.0938 0.0934 0.8682
47.771 0.0909 0.0991 0.8622
47.811 0.0867 0.0967 0.9090
47.851 0.0817 0.0935 0.9603
47.891 0.0846 0.0945 0.9603
47.931 0.0868 0.1012 0.9353
47.971 0.0903 0.0963 0.9607
48.010 0.0864 0.0973 0.9346
48.052 0.0775 0.0989 0.8966
48.092 0.0701 0.1059 0.8870
48.133 0.0726 0.0977 0.9246
48.173 0.0664 0.1094 0.8920
48.210 0.0652 0.1025 0.9380
48.254 0.0614 0.0992 0.9356
48.294 0.0614 0.0992 0.9237
48.334 0.0658 0.1025 0.9237
48.373 0.0654 0.1018 0.9063
48.411 0.0644 0.1067 0.9023
48.455 0.0595 0.1076 0.9015
48.494 0.0585 0.1083 0.8883
48.534 0.0588 0.1063 0.8793
48.574 0.0667 0.1039 0.8753
48.614 0.0697 0.1039 0.8863
48.655 0.0721 0.1106 0.8963
48.695 0.0709 0.1097 0.8963
48.735 0.0711 0.0997 0.9473
48.775 0.0744 0.0978 0.8910
48.814 0.0797 0.0965 0.9101
48.854 0.0836 0.0974 0.8867
48.895 0.0845 0.1109 0.9174
48.936 0.0819 0.0996 0.9213
48.976 0.0753 0.0989 0.9201
49.015 0.0728 0.0970 0.9201
49.053 0.0695 0.0977 0.9201
49.097 0.0611 0.1109 0.9380
49.136 0.0534 0.0997 0.9028
49.176 0.0452 0.0976 0.9216
49.217 0.0399 0.0978 0.9328
49.254 0.0346 0.0967 0.9216
49.298 0.0219 0.0999 0.9328
49.338 0.0097 0.0991 0.9500
49.378 0.0062 0.0984 0.9328
49.418 0.0105 0.0986 0.9328
49.458 0.0135 0.0942 0.9195
49.499 0.0153 0.0994 0.8913
49.538 0.0178 0.1039 0.9290
49.579 0.0268 0.0954 0.9187
49.618 0.0297 0.1013 0.8855
49.658 0.0304 0.0967 0.8425
49.697 0.0312 0.0947 0.9111
49.739 0.0304 0.1009 0.9111
49.779 0.0270 0.1026 0.9020
49.819 0.0232 0.1041 0.9031
49.859 0.0209 0.0985 0.8933
49.897 0.0190 0.1012 0.8529
49.940 0.0182 0.1017 0.8529
49.980 0.0101 0.1019 0.8892
50.020 0.0102 0.1009 0.9052
50.059 0.0166 0.1042 0.8985
50.097 0.0256 0.0965 0.9052
50.141 0.0355 0.0977 0.8842
50.180 0.0423 0.1035 0.8971
50.221 0.0458 0.1026 0.8971
50.260 0.0512 0.0982 0.8697
50.300 0.0599 0.1021 0.8971
50.342 0.0683 0.1005 0.9199
50.382 0.0730 0.1024 0.9154
50.422 0.0727 0.1066 0.9082
50.462 0.0719 0.1048 0.8553
50.502 0.0699 0.1003 0.8834
50.541 0.0691 0.1045 0.8701
50.583 0.0680 0.1020 0.8383
50.623 0.0629 0.1034 0.8880
50.663 0.0639 0.1006 0.8948
50.703 0.0684 0.1004 0.8808
50.740 0.0696 0.0971 0.8761
50.783 0.0698 0.1043 0.8322
50.824 0.0727 0.0973 0.9159
50.864 0.0742 0.0986 0.8733
50.903 0.0738 0.0991 0.8709
50.940 0.0719 0.1007 0.8829
50.984 0.0788 0.0982 0.8581
51.024 0.0856 0.0971 0.8633
51.064 0.0886 0.0992 0.9049
51.104 0.0952 0.0976 0.9257
51.144 0.0988 0.0976 0.9091
51.185 0.0979 0.0976 0.8949
51.225 0.0997 0.0965 0.8674
51.265 0.1011 0.0976 0.9347
51.305 0.1001 0.0998 0.8751
51.344 0.1000 0.0977 0.8751
51.384 0.0983 0.0977 0.9113
51.425 0.1055 0.0977 0.9137
51.467 0.1088 0.0971 0.9411
51.506 0.1086 0.1004 0.8910
51.546 0.1080 0.1001 0.9285
51.584 0.1083 0.0957 0.8713
51.627 0.1103 0.0918 0.8761
51.667 0.1088 0.0926 0.8579
51.707 0.1040 0.1015 0.9010
51.747 0.1022 0.0943 0.9164
51.784 0.0986 0.0936 0.9228
51.828 0.0951 0.0983 0.8808
51.868 0.0977 0.0923 0.9080
51.908 0.0988 0.0959 0.9355
51.962 0.0944 0.0966 0.9218
51.987 0.0929 0.0980 0.9032
52.029 0.0928 0.0942 0.8712
52.068 0.0935 0.0925 0.8858
52.109 0.0898 0.0936 0.8884
52.148 0.0875 0.1019 0.9130
52.188 0.0861 0.0981 0.9151
52.227 0.0826 0.0939 0.9039
52.269 0.0803 0.0950 0.9060
52.311 0.0810 0.0953 0.9042
52.349 0.0798 0.0936 0.9202
52.389 0.0751 0.1017 0.9202
52.427 0.0712 0.0976 0.9162
52.470 0.0715 0.0976 0.9211
52.510 0.0712 0.0959 0.9126
52.550 0.0690 0.0959 0.8978
52.591 0.0676 0.0992 0.9240
52.628 0.0674 0.1014 0.8922
52.672 0.0666 0.0967 0.8792
52.711 0.0693 0.0912 0.8800
52.752 0.0730 0.0937 0.8890
52.791 0.0758 0.1032 0.9094
52.831 0.0751 0.0992 0.9088
52.872 0.0755 0.0968 0.9088
52.912 0.0782 0.0968 0.9050
52.952 0.0793 0.0973 0.9124
52.992 0.0825 0.0976 0.8990
53.032 0.0821 0.0981 0.9309
53.071 0.0819 0.1000 0.9260
53.112 0.0841 0.0969 0.9298
53.153 0.0841 0.0988 0.9310
53.193 0.0859 0.0978 0.9527
53.232 0.0864 0.0978 0.9527
53.270 0.0833 0.1009 0.9190
53.315 0.0821 0.1007 0.9397
53.354 0.0813 0.1007 0.9318
53.394 0.0785 0.0986 0.9268
53.433 0.0801 0.0995 0.9018
53.470 0.0785 0.1087 0.9265
53.515 0.0753 0.1082 0.9118
53.554 0.0781 0.1065 0.9077
53.594 0.0764 0.1009 0.9138
53.634 0.0782 0.0977 0.8872
53.675 0.0787 0.0993 0.9405
53.716 0.0768 0.1001 0.9367
53.756 0.0765 0.1008 0.9092
53.796 0.0767 0.0983 0.9131
53.836 0.0763 0.0984 0.9425
53.875 0.0807 0.0979 0.9115
53.915 0.0808 0.0983 0.9131
53.956 0.0818 0.0959 0.9241
53.997 0.0883 0.0989 0.9333
54.037 0.0896 0.0955 0.9137
54.076 0.0935 0.0955 0.9137
54.113 0.0947 0.0980 0.9180
54.158 0.0957 0.0993 0.8935
54.197 0.0965 0.1020 0.9321
54.237 0.0982 0.0964 0.9061
54.277 0.0967 0.0945 0.9105
54.314 0.1019 0.0971 0.9314
54.358 0.1031 0.0982 0.9142
54.398 0.1039 0.0981 0.9124
54.438 0.1055 0.0981 0.9168
54.478 0.1024 0.0979 0.8936
54.517 0.1060 0.0979 0.9052
54.559 0.1047 0.0979 0.9170
54.598 0.1052 0.0974 0.9170
54.639 0.1089 0.0983 0.9025
54.678 0.1113 0.0983 0.9025
54.718 0.1092 0.0974 0.8709
54.758 0.1133 0.0973 0.8896
54.800 0.1120 0.0979 0.8923
54.840 0.1124 0.0979 0.9009
54.880 0.1162 0.0970 0.8969
54.920 0.1159 0.0927 0.9085
54.958 0.1176 0.0935 0.9085
55.001 0.1176 0.0956 0.8966
55.041 0.1181 0.0962 0.8685
55.081 0.1208 0.0921 0.9198
55.121 0.1196 0.0944 0.8829
55.157 0.1187 0.0944 0.9007
55.202 0.1195 0.0944 0.9007
55.241 0.1205 0.0943 0.9252
55.282 0.1237 0.0933 0.9007
55.322 0.1235 0.0942 0.8494
55.361 0.1180 0.0944 0.8823
55.402 0.1149 0.0941 0.8619
55.442 0.1120 0.0942 0.8849
55.482 0.1079 0.0910 0.8759
55.522 0.1034 0.0916 0.8879
55.562 0.0965 0.0894 0.9126
55.601 0.0937 0.0910 0.8899
55.643 0.0901 0.0925 0.9079
55.683 0.0887 0.0926 0.8975
55.723 0.0923 0.0897 0.8915
55.763 0.0901 0.0893 0.9025
55.800 0.0880 0.0910 0.9149
55.844 0.0930 0.0928 0.8879
55.884 0.0947 0.0905 0.9213
55.925 0.0970 0.0905 0.9233
55.965 0.1003 0.0916 0.9169
56.001 0.1040 0.0879 0.9323
56.046 0.1073 0.0877 0.9172
56.085 0.1111 0.0904 0.9059
56.125 0.1135 0.0944 0.9319
56.165 0.1162 0.0960 0.9225
56.205 0.1131 0.0947 0.9552
56.246 0.1102 0.0918 0.9149
56.286 0.1096 0.0914 0.9197
56.326 0.1063 0.0929 0.9129
56.366 0.1047 0.0910 0.9757
56.405 0.1047 0.0904 0.8806
56.445 0.1060 0.0917 0.9481
56.486 0.1060 0.0893 0.9187
56.527 0.1077 0.0902 0.9309
56.567 0.1071 0.0900 0.9033
56.645 0.1088 0.0931 0.9156
56.684 0.1105 0.0912 0.8855
56.728 0.1134 0.0915 0.9060
56.767 0.1194 0.0906 0.8936
56.807 0.1219 0.0916 0.8900
56.847 0.1254 0.0890 0.9113
56.884 0.1310 0.0910 0.9229
56.928 0.1364 0.0907 0.9229
56.968 0.1384 0.0948 0.9309
57.008 0.1394 0.0925 0.9165
57.049 0.1412 0.0916 0.9185
57.089 0.1412 0.0881 0.9247
57.130 0.1438 0.0886 0.9278
57.169 0.1435 0.0919 0.9552
57.210 0.1451 0.0951 0.9378
57.250 0.1449 0.0913 0.8716
57.289 0.1490 0.0905 0.9042
57.329 0.1496 0.0891 0.9194
57.370 0.1514 0.0917 0.8705
57.410 0.1480 0.0908 0.9039
57.450 0.1436 0.0884 0.9304
57.490 0.1436 0.0882 0.8973
57.527 0.1429 0.0856 0.8903
57.572 0.1440 0.0913 0.9107
57.611 0.1423 0.0908 0.9057
57.651 0.1418 0.0901 0.9210
57.690 0.1441 0.0900 0.9286
57.727 0.1456 0.0833 0.9392
57.772 0.1464 0.0863 0.9345
57.811 0.1504 0.0867 0.9265
57.851 0.1477 0.0882 0.9240
57.891 0.1439 0.0882 0.9172
57.931 0.1463 0.0837 0.9418
57.972 0.1432 0.0856 0.9389
58.012 0.1449 0.0849 0.9489
58.052 0.1438 0.0864 0.9636
58.092 0.1467 0.0821 0.8933
58.132 0.1469 0.0851 0.9182
58.172 0.1451 0.0845 0.9089
58.213 0.1455 0.0843 0.9119
58.254 0.1428 0.0870 0.9383
58.294 0.1374 0.0837 0.9165
58.333 0.1367 0.0818 0.9382
58.371 0.1406 0.0847 0.9207
58.415 0.1450 0.0807 0.9337
58.454 0.1525 0.0807 0.8936
58.495 0.1544 0.0854 0.9600
58.534 0.1584 0.0840 0.9132
58.571 0.1602 0.0866 0.8992
58.615 0.1623 0.0830 0.9487
58.655 0.1647 0.0839 0.9175
58.695 0.1674 0.0861 0.8964
58.735 0.1699 0.0861 0.8814
58.775 0.1736 0.0828 0.9131
58.816 0.1751 0.0835 0.9121
58.855 0.1749 0.0806 0.9391
58.896 0.1700 0.0847 0.9165
58.936 0.1646 0.0854 0.9018
58.975 0.1636 0.0830 0.9262
59.015 0.1601 0.0813 0.9185
59.056 0.1559 0.0818 0.9409
59.096 0.1546 0.0831 0.8785
59.136 0.1536 0.0805 0.9002
59.176 0.1537 0.0838 0.9136
59.214 0.1508 0.0820 0.8975
59.258 0.1512 0.0832 0.9053
59.298 0.1555 0.0815 0.8786
59.338 0.1587 0.0832 0.9273
59.378 0.1617 0.0825 0.9169
59.415 0.1649 0.0830 0.9205
59.459 0.1663 0.0827 0.9147
59.499 0.1674 0.0800 0.9387
59.539 0.1711 0.0819 0.9422
59.579 0.1720 0.0786 0.9549
59.618 0.1728 0.0789 0.9858
59.659 0.1707 0.0796 0.9659
59.699 0.1681 0.0791 0.9055
59.739 0.1656 0.0802 0.9001
59.779 0.1575 0.0804 0.9717
59.819 0.1489 0.0845 0.9717
59.858 0.1404 0.0822 0.9529
59.900 0.1341 0.0799 0.9742
59.940 0.1314 0.0778 0.9323
59.980 0.1345 0.0819 0.9212
60.020 0.1326 0.0859 0.9572
60.057 0.1286 0.0833 0.9226
60.101 0.1301 0.0800 0.9304
60.141 0.1328 0.0807 0.9320
60.181 0.1355 0.0806 0.9367
60.220 0.1375 0.0813 0.9466
60.258 0.1407 0.0844 0.9621
60.301 0.1406 0.0802 0.9143
60.342 0.1410 0.0836 0.9409
60.382 0.1510 0.0772 0.9322
60.422 0.1554 0.0820 0.9260
60.461 0.1490 0.0818 0.9082
60.503 0.1460 0.0826 0.9154
60.543 0.1502 0.0789 0.9198
60.583 0.1510 0.0764 0.9270
60.623 0.1499 0.0801 0.8802
60.662 0.1501 0.0831 0.9539
60.702 0.1504 0.0887 0.9415
60.743 0.1521 0.0814 0.9153
60.784 0.1502 0.0792 0.8990
60.824 0.1561 0.0822 0.9088
60.863 0.1508 0.0838 0.8933
60.901 0.1430 0.0864 0.9183
60.945 0.1398 0.0839 0.9242
60.984 0.1370 0.0810 0.9353
61.024 0.1335 0.0827 0.9333
61.064 0.1326 0.0869 0.9289
61.102 0.1315 0.0861 0.9539
61.145 0.1328 0.0860 0.9635
61.185 0.1340 0.0842 0.9437
61.225 0.1296 0.0850 0.9743
61.265 0.1294 0.0827 0.9533
61.305 0.1271 0.0861 0.9667
61.346 0.1303 0.0869 0.9263
61.385 0.1300 0.0837 0.9189
61.425 0.1328 0.0854 0.9423
61.467 0.1386 0.0847 0.9585
61.506 0.1409 0.0854 0.9191
61.546 0.1385 0.0870 0.9297
61.587 0.1345 0.0871 0.9807
61.627 0.1326 0.0870 0.9741
61.667 0.1290 0.0870 0.9329
61.707 0.1292 0.0870 0.9864
61.745 0.1281 0.0900 0.9445
61.789 0.1300 0.0855 0.9932
61.828 0.1265 0.0868 0.9376
61.868 0.1259 0.0862 0.9406
61.908 0.1262 0.0850 0.9694
61.945 0.1239 0.0894 0.9077
61.989 0.1229 0.0905 0.9088
62.028 0.1205 0.0930 0.9229
62.069 0.1212 0.0911 0.9273
62.108 0.1208 0.0887 0.9185
62.148 0.1212 0.0893 0.9045
62.189 0.1175 0.0908 0.9159
62.229 0.1161 0.0931 0.8925
62.269 0.1152 0.0900 0.8965
62.309 0.1148 0.0894 0.8819
62.348 0.1165 0.0921 0.9180
62.388 0.1183 0.0923 0.9467
62.429 0.1189 0.0933 0.9096
62.470 0.1192 0.0930 0.8723
62.510 0.1226 0.0934 0.9368
62.550 0.1259 0.0908 0.8846
62.588 0.1269 0.0926 0.8657
62.632 0.1262 0.0944 0.8468
62.672 0.1275 0.0920 0.8616
62.711 0.1310 0.0923 0.8769
62.751 0.1331 0.0911 0.8403
62.788 0.1356 0.0925 0.8576
62.833 0.1374 0.0946 0.8803
62.872 0.1374 0.0938 0.9063
62.912 0.1390 0.0955 0.8861
62.952 0.1400 0.0951 0.8573
62.992 0.1437 0.0928 0.9095
63.033 0.1460 0.0979 0.8986
63.072 0.1443 0.0942 0.8822
63.113 0.1434 0.0947 0.9058
63.153 0.1456 0.0927 0.9334
63.192 0.1479 0.0916 0.9012
63.232 0.1517 0.0927 0.9097
63.273 0.1561 0.0949 0.9175
63.313 0.1570 0.0920 0.9142
63.353 0.1595 0.0877 0.9142
63.393 0.1602 0.0910 0.9359
63.430 0.1626 0.0867 0.8927
63.475 0.1625 0.0871 0.9110
63.514 0.1616 0.0886 0.9339
63.554 0.1655 0.0867 0.9321
63.594 0.1701 0.0877 0.9269
63.632 0.1739 0.0861 0.9565
63.675 0.1736 0.0844 0.9621
63.716 0.1750 0.0874 0.9663
63.756 0.1732 0.0871 0.9626
63.796 0.1746 0.0861 0.9794
63.835 0.1746 0.0818 0.9508
63.876 0.1761 0.0832 0.9429
63.916 0.1805 0.0841 0.9404
63.956 0.1842 0.0856 0.9714
63.996 0.1861 0.0820 0.9534
64.036 0.1873 0.0850 0.9808
64.076 0.1884 0.0828 0.9372
64.117 0.1905 0.0838 0.9622
64.157 0.1927 0.0779 0.9355
64.197 0.1919 0.0802 0.9586
64.237 0.1899 0.0773 0.9136
64.274 0.1845 0.0775 0.9371
64.318 0.1855 0.0779 0.9435
64.358 0.1835 0.0811 0.9725
64.398 0.1769 0.0799 0.9448
64.438 0.1701 0.0792 0.9448
64.474 0.1659 0.0763 0.9639
64.519 0.1605 0.0774 0.9748
64.559 0.1595 0.0780 0.9524
64.598 0.1574 0.0863 0.9459
64.638 0.1558 0.0802 1.0039
64.678 0.1562 0.0802 0.9836
64.719 0.1547 0.0821 0.9485
64.759 0.1616 0.0793 0.9610
64.800 0.1643 0.0824 0.9800
64.840 0.1687 0.0848 0.9967
64.879 0.1721 0.0824 0.9827
64.919 0.1736 0.0831 0.9618
64.960 0.1758 0.0850 0.9184
65.001 0.1803 0.0843 0.9706
65.041 0.1806 0.0846 0.9315
65.080 0.1809 0.0849 0.9700
65.117 0.1788 0.0844 0.9512
65.162 0.1771 0.0779 0.9672
65.201 0.1781 0.0778 0.9277
65.241 0.1766 0.0792 0.9317
65.281 0.1749 0.0807 0.9806
65.318 0.1712 0.0819 0.9342
65.362 0.1648 0.0808 0.9322
65.402 0.1675 0.0797 0.9356
65.442 0.1700 0.0823 0.9655
65.482 0.1679 0.0840 0.9407
65.522 0.1745 0.0839 0.9111
65.563 0.1773 0.0824 0.9350
65.602 0.1799 0.0852 0.9494
65.643 0.1784 0.0852 0.9540
65.683 0.1748 0.0843 0.9355
65.722 0.1752 0.0846 0.9312
65.762 0.1733 0.0846 0.9201
65.803 0.1710 0.0861 0.8887
65.843 0.1720 0.0859 0.9065
65.883 0.1684 0.0881 0.9282
65.924 0.1618 0.0874 0.9068
65.962 0.1604 0.0886 0.9232
66.006 0.1525 0.0847 0.9206
66.045 0.1464 0.0841 0.8862
66.085 0.1414 0.0847 0.9346
66.124 0.1384 0.0867 0.9182
66.162 0.1378 0.0883 0.9195
66.206 0.1319 0.0859 0.9571
66.245 0.1277 0.0844 0.9059
66.286 0.1256 0.0870 0.9196
66.325 0.1255 0.0893 0.8843
66.365 0.1239 0.0895 0.9499
66.406 0.1224 0.0903 0.9199
66.446 0.1227 0.0859 0.9056
66.486 0.1230 0.0894 0.9289
66.526 0.1215 0.0894 0.9220
66.566 0.1207 0.0888 0.9717
66.605 0.1202 0.0865 0.9643
66.646 0.1184 0.0843 0.8689
66.687 0.1187 0.0825 0.8893
66.727 0.1237 0.0869 0.9256
66.767 0.1252 0.0917 0.9390
66.804 0.1230 0.0908 0.9473
66.848 0.1239 0.0870 0.9434
66.888 0.1300 0.0864 0.9200
66.928 0.1328 0.0890 0.9434
66.968 0.1357 0.0924 0.9900
67.005 0.1343 0.0906 0.9746
67.050 0.1315 0.0901 0.9572
67.089 0.1315 0.0843 0.9228
67.129 0.1330 0.0835 0.9212
67.169 0.1359 0.0861 0.9421
67.208 0.1343 0.0897 0.9532
67.250 0.1308 0.0883 0.9548
67.290 0.1339 0.0881 0.9568
67.330 0.1371 0.0889 0.9609
67.370 0.1366 0.0871 0.9314
67.409 0.1369 0.0873 0.8933
67.449 0.1311 0.0882 0.9052
67.490 0.1314 0.0867 0.9544
67.531 0.1335 0.0859 0.9494
67.571 0.1355 0.0863 0.9515
67.610 0.1348 0.0870 0.9613
67.648 0.1342 0.0874 0.9590
67.692 0.1363 0.0891 0.9590
67.731 0.1334 0.0868 0.9584
67.771 0.1263 0.0826 0.9161
67.811 0.1211 0.0833 0.9388
67.848 0.1139 0.0857 0.9515
67.892 0.1057 0.0890 0.9393
67.932 0.0973 0.0861 0.9182
67.972 0.0918 0.0873 0.9498
68.012 0.0864 0.0847 0.9498
68.052 0.0823 0.0856 0.9570
68.093 0.0798 0.0888 0.9442
68.133 0.0779 0.0895 0.9442
68.174 0.0720 0.0834 0.9087
68.214 0.0727 0.0824 0.9178
68.253 0.0814 0.0873 0.9050
68.293 0.0839 0.0851 0.9634
68.334 0.0873 0.0903 0.9762
68.374 0.0901 0.0880 0.9512
68.414 0.0979 0.0880 0.9674
68.454 0.1057 0.0852 0.9448
68.491 0.1155 0.0852 0.9595
68.535 0.1183 0.0867 0.9301
68.575 0.1213 0.0833 0.9672
68.615 0.1238 0.0844 0.9588
68.655 0.1276 0.0841 0.9136
68.692 0.1330 0.0837 0.9406
68.736 0.1333 0.0833 0.9289
68.776 0.1348 0.0817 0.9289
68.816 0.1349 0.0830 0.9559
68.855 0.1364 0.0789 0.9441
68.895 0.1388 0.0772 0.9403
68.936 0.1460 0.0787 0.9673
68.976 0.1412 0.0812 0.9499
69.016 0.1413 0.0800 0.9341
69.056 0.1431 0.0786 0.9466
69.095 0.1470 0.0800 0.9636
69.147 0.1470 0.0807 0.9409
69.176 0.1446 0.0807 0.9386
69.217 0.1430 0.0799 0.9812
69.258 0.1373 0.0799 0.9309
69.297 0.1402 0.0799 0.9299
69.335 0.1383 0.0780 0.9299
69.379 0.1396 0.0805 0.9435
69.419 0.1379 0.0790 0.9569
69.458 0.1366 0.0801 0.9299
69.498 0.1390 0.0805 0.9200
69.535 0.1375 0.0793 0.9167
69.579 0.1381 0.0770 0.9028
69.619 0.1407 0.0806 0.9127
69.659 0.1418 0.0784 0.9028
69.698 0.1400 0.0776 0.9271
69.739 0.1451 0.0769 0.9393
69.780 0.1469 0.0748 0.9750
69.819 0.1514 0.0768 0.9639
69.860 0.1539 0.0759 0.9639
69.900 0.1521 0.0737 0.9437
69.939 0.1537 0.0740 0.9449
69.979 0.1521 0.0721 0.9678
70.020 0.1555 0.0733 0.9569
70.060 0.1565 0.0756 0.9695
70.100 0.1532 0.0714 0.9395
70.140 0.1568 0.0717 0.9398
70.177 0.1606 0.0716 0.9618
70.222 0.1652 0.0711 1.0079
70.262 0.1674 0.0743 0.9804
70.301 0.1683 0.0754 0.9760
70.342 0.1702 0.0737 0.9684
70.379 0.1675 0.0700 0.9485
70.423 0.1674 0.0725 0.9693
70.463 0.1670 0.0748 0.9631
70.503 0.1661 0.0767 0.9630
70.543 0.1617 0.0742 0.9712
70.583 0.1644 0.0745 0.9511
70.623 0.1620 0.0724 0.9529
70.663 0.1610 0.0758 0.9790
70.703 0.1609 0.0763 0.9554
70.743 0.1557 0.0760 0.9317
70.783 0.1507 0.0774 0.9148
70.822 0.1433 0.0795 0.9527
70.864 0.1424 0.0764 0.9546
70.904 0.1396 0.0824 0.9393
70.944 0.1385 0.0782 0.9532
70.984 0.1404 0.0777 0.9301
71.021 0.1408 0.0771 0.9404
71.065 0.1411 0.0813 0.9852
71.105 0.1403 0.0765 0.9628
71.145 0.1363 0.0796 0.9439
71.185 0.1303 0.0794 0.9688
71.221 0.1257 0.0795 0.9734
71.266 0.1285 0.0756 0.9475
71.305 0.1326 0.0746 0.9779
71.345 0.1323 0.0792 0.9873
71.385 0.1299 0.0826 0.9368
71.425 0.1310 0.0814 0.9985
71.467 0.1277 0.0810 0.9611
71.507 0.1281 0.0821 0.9608
71.547 0.1294 0.0812 0.9756
71.587 0.1265 0.0831 0.9767
71.626 0.1295 0.0829 0.9517
71.666 0.1286 0.0816 0.9829
71.707 0.1349 0.0816 0.9425
71.748 0.1399 0.0824 0.9354
71.788 0.1398 0.0836 0.9139
71.827 0.1392 0.0837 0.9200
71.865 0.1415 0.0800 0.9553
71.909 0.1429 0.0811 0.9388
71.948 0.1408 0.0793 0.9824
71.988 0.1465 0.0828 0.9172
72.028 0.1416 0.0808 0.9455
72.065 0.1389 0.0781 0.9365
72.110 0.1327 0.0779 0.9948
72.149 0.1358 0.0769 0.9699
72.189 0.1353 0.0780 0.9228
72.229 0.1310 0.0790 0.9302
72.269 0.1270 0.0799 0.9833
72.310 0.1271 0.0804 0.9615
72.349 0.1291 0.0784 0.9656
72.390 0.1289 0.0777 0.9165
72.430 0.1377 0.0797 0.9143
72.469 0.1341 0.0807 0.9399
72.509 0.1345 0.0786 0.9278
72.550 0.1443 0.0803 0.9557
72.592 0.1499 0.0780 0.9575
72.631 0.1487 0.0789 0.9572
72.671 0.1460 0.0816 0.9541
72.708 0.1430 0.0815 0.9658
72.753 0.1435 0.0812 0.9628
72.792 0.1426 0.0813 0.9617
72.832 0.1429 0.0803 0.9519
72.872 0.1440 0.0844 0.9079
72.909 0.1400 0.0843 0.9519
72.953 0.1379 0.0843 0.9323
72.993 0.1383 0.0790 0.9384
73.033 0.1337 0.0802 0.9195
73.072 0.1338 0.0795 0.9530
73.112 0.1331 0.0837 0.9451
73.153 0.1335 0.0845 0.9679
73.193 0.1371 0.0806 0.9530
73.233 0.1398 0.0786 0.9474
73.273 0.1457 0.0758 0.9385
73.313 0.1473 0.0802 0.9031
73.352 0.1431 0.0817 0.8981
73.394 0.1437 0.0799 0.8939
73.434 0.1480 0.0769 0.8983
73.474 0.1528 0.0787 0.8948
73.513 0.1561 0.0791 0.9175
73.551 0.1531 0.0825 0.9516
73.595 0.1501 0.0790 0.9285
73.635 0.1505 0.0781 0.9002
73.675 0.1513 0.0797 0.9045
73.715 0.1538 0.0796 0.9197
73.752 0.1513 0.0821 0.9348
73.797 0.1505 0.0808 0.9008
73.836 0.1571 0.0798 0.9187
73.876 0.1623 0.0804 0.9157
73.916 0.1646 0.0836 0.9338
73.956 0.1641 0.0806 0.9514
73.997 0.1632 0.0873 0.9416
74.037 0.1656 0.0838 0.9185
74.077 0.1693 0.0822 0.9370
74.117 0.1771 0.0828 0.9198
74.156 0.1810 0.0840 0.8976
74.196 0.1776 0.0850 0.9356
74.237 0.1754 0.0863 0.9236
74.278 0.1729 0.0848 0.9099
74.317 0.1716 0.0854 0.9401
74.357 0.1676 0.0832 0.9285
74.395 0.1611 0.0839 0.9277
74.439 0.1510 0.0849 0.9225
74.478 0.1437 0.0837 0.9065
74.518 0.1375 0.0837 0.9439
74.558 0.1346 0.0790 0.9143
74.595 0.1331 0.0803 0.9229
74.639 0.1286 0.0833 0.9588
74.679 0.1270 0.0797 0.9173
74.719 0.1272 0.0798 0.9193
74.758 0.1262 0.0778 0.9331
74.799 0.1236 0.0792 0.9341
74.841 0.1226 0.0785 0.9483
74.880 0.1202 0.0799 0.9310
74.926 0.1241 0.0791 0.9833
74.960 0.1268 0.0798 0.9262
75.000 0.1276 0.0791 0.9311
75.040 0.1298 0.0805 0.9262
75.081 0.1259 0.0782 0.9209
75.121 0.1230 0.0787 0.9286
75.161 0.1220 0.0784 0.9286
75.201 0.1216 0.0780 0.9574
75.238 0.1222 0.0770 0.9214
75.282 0.1250 0.0818 0.9496
75.322 0.1208 0.0816 0.9660
75.362 0.1242 0.0788 0.9238
75.402 0.1264 0.0759 0.9338
75.439 0.1279 0.0791 0.9302
75.483 0.1315 0.0801 0.9418
75.522 0.1357 0.0806 0.9527
75.563 0.1400 0.0784 0.9388
75.603 0.1426 0.0788 0.9527
75.642 0.1452 0.0754 0.8858
75.683 0.1485 0.0767 0.9474
75.723 0.1542 0.0797 0.9274
75.763 0.1512 0.0772 0.9162
75.803 0.1541 0.0807 0.9646
75.842 0.1596 0.0766 0.9209
75.883 0.1636 0.0761 0.9099
75.924 0.1634 0.0774 0.9272
75.965 0.1631 0.0809 0.9705
76.005 0.1594 0.0755 0.9233
76.044 0.1583 0.0777 0.9518
76.082 0.1562 0.0748 0.9242
76.126 0.1585 0.0769 0.9480
76.166 0.1588 0.0795 0.9988
76.205 0.1572 0.0761 0.9495
76.245 0.1571 0.0765 0.9108
76.282 0.1613 0.0776 0.9496
76.327 0.1620 0.0761 0.9668
76.366 0.1612 0.0780 0.9462
76.406 0.1621 0.0780 0.9784
76.446 0.1653 0.0753 0.9499
76.486 0.1715 0.0757 0.9499
76.527 0.1691 0.0752 0.9672
76.567 0.1698 0.0745 0.9712
76.607 0.1685 0.0786 0.9312
76.647 0.1617 0.0781 0.9390
76.686 0.1611 0.0779 0.9742
76.726 0.1590 0.0757 0.9482
76.767 0.1608 0.0749 0.9408
76.808 0.1579 0.0775 0.9412
76.847 0.1528 0.0786 0.9345
76.887 0.1510 0.0766 0.9615
76.925 0.1478 0.0801 0.9218
76.969 0.1417 0.0785 0.9262
77.008 0.1424 0.0769 0.9366
77.049 0.1466 0.0769 0.9347
77.089 0.1448 0.0763 0.9347
77.126 0.1540 0.0780 0.9423
77.170 0.1563 0.0781 0.9693
77.210 0.1645 0.0779 0.9697
77.250 0.1640 0.0787 0.9895
77.290 0.1628 0.0797 0.9628
77.330 0.1656 0.0761 0.9472
77.370 0.1686 0.0763 0.9484
77.410 0.1700 0.0763 0.9640
77.450 0.1743 0.0773 0.9651
77.490 0.1777 0.0789 0.9168
77.530 0.1784 0.0776 0.9681
77.570 0.1810 0.0763 0.9602
77.611 0.1820 0.0773 0.9555
77.651 0.1877 0.0767 0.9229
77.691 0.1845 0.0796 0.9560
77.731 0.1823 0.0792 0.9121
77.768 0.1837 0.0800 0.9578
77.812 0.1901 0.0819 0.9445
77.852 0.1948 0.0766 0.9512
77.892 0.1959 0.0814 0.9362
77.931 0.1943 0.0813 0.9277
77.969 0.1888 0.0817 0.9640
78.013 0.1906 0.0773 0.9410
78.052 0.1937 0.0778 0.9726
78.092 0.1961 0.0799 0.9486
78.133 0.1913 0.0826 0.9914
78.173 0.1867 0.0802 0.9289
78.214 0.1867 0.0764 0.9277
78.254 0.1853 0.0782 0.9359
78.294 0.1783 0.0789 0.9331
78.334 0.1692 0.0806 0.9516
78.373 0.1620 0.0825 0.9261
78.413 0.1571 0.0800 0.9261
78.454 0.1596 0.0814 0.9261
78.495 0.1588 0.0816 0.9453
78.535 0.1545 0.0832 0.8913
78.574 0.1475 0.0859 0.9125
78.612 0.1388 0.0830 0.8872
78.656 0.1373 0.0765 0.9158
78.695 0.1356 0.0779 0.9183
78.735 0.1301 0.0782 0.9467
78.775 0.1294 0.0797 0.9126
78.812 0.1276 0.0825 0.9174
78.857 0.1298 0.0806 0.9174
78.896 0.1310 0.0793 0.9512
78.936 0.1295 0.0771 0.9262
78.976 0.1266 0.0789 0.9287
79.016 0.1254 0.0797 0.9194
79.057 0.1261 0.0778 0.9248
79.096 0.1273 0.0790 0.9175
79.137 0.1298 0.0765 0.9620
79.177 0.1303 0.0774 0.9364
79.217 0.1355 0.0800 0.9351
79.257 0.1387 0.0789 0.9628
79.298 0.1437 0.0797 0.9541
79.339 0.1446 0.0786 0.9435
79.378 0.1444 0.0765 0.9530
79.418 0.1486 0.0779 0.9500
79.455 0.1475 0.0799 0.9554
79.500 0.1477 0.0780 0.9664
79.539 0.1459 0.0781 0.9476
79.579 0.1474 0.0773 0.9311
79.618 0.1499 0.0781 0.9311
79.656 0.1519 0.0760 0.9831
79.700 0.1496 0.0796 0.9613
79.740 0.1526 0.0802 0.9233
79.779 0.1562 0.0795 0.9791
79.819 0.1609 0.0804 0.9713
79.863 0.1712 0.0790 0.9725
79.900 0.1727 0.0816 0.9178
79.940 0.1764 0.0773 0.9592
79.980 0.1831 0.0751 0.9703
80.020 0.1891 0.0774 0.9628
80.059 0.1938 0.0801 1.0048
80.099 0.1943 0.0766 0.9219
80.140 0.1899 0.0756 0.9412
80.181 0.1880 0.0758 0.9366
80.221 0.1833 0.0770 0.9412
80.260 0.1807 0.0782 0.9205
80.299 0.1748 0.0792 0.9227
80.342 0.1663 0.0828 0.9474
80.382 0.1585 0.0768 0.9579
80.423 0.1562 0.0754 1.0010
80.462 0.1495 0.0760 0.9579
80.499 0.1428 0.0760 0.9412
80.543 0.1347 0.0766 0.9488
80.583 0.1315 0.0763 0.9628
80.623 0.1327 0.0755 0.9694
80.663 0.1350 0.0764 0.9301
80.703 0.1404 0.0741 0.9067
80.744 0.1400 0.0766 0.9370
80.783 0.1374 0.0788 0.9797
80.824 0.1387 0.0752 0.9218
80.864 0.1459 0.0783 0.9496
80.903 0.1465 0.0746 0.9128
80.943 0.1514 0.0771 0.9564
80.984 0.1559 0.0756 0.9519
81.025 0.1608 0.0754 0.9285
81.064 0.1672 0.0763 0.9435
81.104 0.1704 0.0758 0.9138
81.141 0.1740 0.0731 0.9397
81.186 0.1755 0.0770 0.9667
81.225 0.1729 0.0769 0.9601
81.265 0.1738 0.0743 0.9540
81.305 0.1764 0.0743 0.9486
81.342 0.1694 0.0735 0.9409
81.386 0.1754 0.0753 0.9172
81.426 0.1775 0.0778 0.9450
81.467 0.1757 0.0752 0.9205
81.507 0.1753 0.0742 0.9369
81.547 0.1722 0.0722 0.9356
81.602 0.1753 0.0749 0.9549
81.627 0.1753 0.0763 0.9730
81.667 0.1727 0.0805 0.9215
81.707 0.1769 0.0754 0.9145
81.747 0.1807 0.0760 0.9056
81.786 0.1851 0.0732 0.9222
81.828 0.1905 0.0780 0.9305
81.868 0.1898 0.0798 0.9468
81.908 0.1875 0.0790 0.9445
81.948 0.1880 0.0777 0.9449
81.986 0.1875 0.0759 0.9607
82.029 0.1887 0.0780 0.9655
82.069 0.1872 0.0819 0.9407
82.109 0.1847 0.0804 0.9293
82.149 0.1825 0.0794 0.9293
82.186 0.1799 0.0813 0.9282
82.230 0.1758 0.0787 0.9109
82.269 0.1685 0.0828 0.9665
82.310 0.1603 0.0799 0.9812
82.349 0.1581 0.0818 0.9631
82.389 0.1528 0.0752 0.9525
82.430 0.1497 0.0777 0.9131
82.470 0.1479 0.0732 0.9357
82.510 0.1464 0.0820 0.9674
82.550 0.1405 0.0789 0.9555
82.590 0.1355 0.0752 0.9448
82.630 0.1353 0.0747 0.9506
82.671 0.1345 0.0751 0.9312
82.712 0.1342 0.0770 0.9253
82.752 0.1340 0.0772 0.9268
82.791 0.1387 0.0776 0.9628
82.829 0.1382 0.0770 0.9338
82.873 0.1407 0.0771 0.9706
82.912 0.1422 0.0763 0.9799
82.952 0.1425 0.0764 0.9672
82.992 0.1390 0.0781 0.9394
83.029 0.1408 0.0781 0.9272
83.073 0.1443 0.0784 0.9638
83.113 0.1458 0.0794 0.9728
83.153 0.1463 0.0813 0.9525
83.193 0.1459 0.0766 0.9575
83.233 0.1478 0.0799 0.9363
83.274 0.1487 0.0818 0.9390
83.314 0.1509 0.0811 0.9262
83.354 0.1513 0.0817 0.9338
83.394 0.1517 0.0817 0.9185
83.433 0.1543 0.0831 0.9372
83.473 0.1588 0.0831 0.9324
83.514 0.1588 0.0809 0.9195
83.554 0.1582 0.0822 0.9353
83.594 0.1610 0.0831 0.9251
83.634 0.1623 0.0827 0.9404
83.673 0.1659 0.0856 0.9303
83.716 0.1691 0.0825 0.9462
83.756 0.1713 0.0830 0.9308
83.796 0.1732 0.0845 0.9587
83.836 0.1723 0.0839 0.9722
83.873 0.1707 0.0848 0.9530
83.917 0.1685 0.0828 0.9634
83.957 0.1673 0.0849 0.9350
83.997 0.1687 0.0874 0.9429
84.036 0.1688 0.0853 0.9575
84.077 0.1625 0.0839 0.9054
84.117 0.1561 0.0849 0.9261
84.157 0.1546 0.0796 0.9106
84.199 0.1513 0.0834 0.9096
84.237 0.1486 0.0872 0.9382
84.277 0.1449 0.0857 0.9397
84.317 0.1452 0.0883 0.9634
84.358 0.1462 0.0872 0.9171
84.398 0.1454 0.0844 0.9449
84.438 0.1448 0.0817 0.9204
84.477 0.1439 0.0840 0.9261
84.515 0.1431 0.0808 0.9184
84.559 0.1466 0.0828 0.9238
84.599 0.1522 0.0843 0.8891
84.639 0.1504 0.0855 0.9008
84.679 0.1471 0.0872 0.9073
84.716 0.1439 0.0904 0.9075
84.760 0.1448 0.0917 0.8930
84.800 0.1424 0.0895 0.8699
84.840 0.1410 0.0872 0.9052
84.880 0.1435 0.0904 0.8824
84.920 0.1466 0.0932 0.8655
84.961 0.1469 0.0916 0.8447
85.001 0.1490 0.0836 0.8468
85.041 0.1458 0.0871 0.8308
85.081 0.1457 0.0848 0.8472
85.120 0.1432 0.0895 0.9063
85.160 0.1431 0.0880 0.8765
85.201 0.1448 0.0858 0.8850
85.241 0.1445 0.0814 0.9372
85.282 0.1439 0.0852 0.9226
85.321 0.1425 0.0856 0.8828
85.359 0.1395 0.0858 0.8942
85.403 0.1343 0.0846 0.9075
85.442 0.1303 0.0853 0.8724
85.482 0.1283 0.0829 0.9044
85.522 0.1313 0.0845 0.9034
85.559 0.1316 0.0868 0.9239
85.604 0.1331 0.0886 0.8790
85.643 0.1348 0.0860 0.9132
85.683 0.1371 0.0855 0.9142
85.723 0.1403 0.0832 0.9236
85.763 0.1427 0.0845 0.9238
85.804 0.1451 0.0861 0.8818
85.843 0.1456 0.0853 0.9289
85.884 0.1453 0.0847 0.9705
85.925 0.1495 0.0793 0.9091
85.964 0.1496 0.0799 0.9025
86.004 0.1446 0.0888 0.9152
86.045 0.1381 0.0852 0.9455
86.085 0.1346 0.0805 0.9279
86.125 0.1341 0.0782 0.9302
86.164 0.1331 0.0852 0.8830
86.228 0.1250 0.0895 0.9088
86.286 0.1156 0.0851 0.8925
86.326 0.1134 0.0848 0.9029
86.366 0.1150 0.0866 0.9040
86.406 0.1141 0.0837 0.9065
86.443 0.1087 0.0854 0.9377
86.487 0.1094 0.0889 0.8621
86.526 0.1122 0.0858 0.8643
86.567 0.1138 0.0881 0.8435
86.606 0.1162 0.0875 0.8799
86.646 0.1190 0.0857 0.9064
86.687 0.1214 0.0825 0.9097
86.727 0.1276 0.0820 0.9162
86.767 0.1338 0.0865 0.9362
86.807 0.1419 0.0784 0.9195
86.847 0.1458 0.0830 0.9444
86.886 0.1423 0.0853 0.9606
86.927 0.1442 0.0882 0.9269
86.968 0.1467 0.0820 0.9319
87.008 0.1480 0.0784 0.9319
87.049 0.1513 0.0842 0.9546
87.086 0.1495 0.0791 0.9262
87.130 0.1493 0.0806 0.9213
87.170 0.1452 0.0791 0.9090
87.210 0.1432 0.0784 0.9461
87.249 0.1420 0.0793 0.9185
87.287 0.1379 0.0818 0.9618
87.331 0.1350 0.0807 0.9363
87.370 0.1356 0.0793 0.9369
87.410 0.1377 0.0787 0.9429
87.450 0.1401 0.0799 0.9259
87.490 0.1416 0.0794 0.8936
87.531 0.1418 0.0823 0.9242
87.571 0.1426 0.0800 0.9079
87.611 0.1413 0.0750 0.9082
87.651 0.1429 0.0734 0.9203
87.690 0.1474 0.0755 0.8986
87.730 0.1460 0.0791 0.9542
87.771 0.1403 0.0764 0.9265
87.812 0.1348 0.0775 0.9381
87.851 0.1332 0.0743 0.9209
87.891 0.1336 0.0733 0.9139
87.929 0.1319 0.0753 0.9243
87.972 0.1312 0.0763 0.9107
88.012 0.1272 0.0753 0.9229
88.052 0.1242 0.0745 0.9025
88.092 0.1213 0.0768 0.9477
88.131 0.1241 0.0742 0.9151
88.174 0.1218 0.0756 0.9367
88.214 0.1216 0.0749 0.9627
88.254 0.1227 0.0760 0.9593
88.294 0.1287 0.0734 0.9034
88.334 0.1312 0.0705 0.9499
88.374 0.1321 0.0731 0.9238
88.414 0.1378 0.0732 0.9858
88.454 0.1397 0.0732 0.9338
88.495 0.1417 0.0740 0.9389
88.534 0.1458 0.0714 0.9194
88.573 0.1533 0.0701 0.9547
88.615 0.1584 0.0709 0.9619
88.655 0.1598 0.0715 0.9529
88.695 0.1654 0.0710 0.9528
88.735 0.1702 0.0697 0.9523
88.772 0.1704 0.0708 0.9659
88.816 0.1739 0.0742 0.9402
88.856 0.1774 0.0758 0.9520
88.896 0.1744 0.0748 0.9432
88.936 0.1737 0.0723 0.9432
88.972 0.1733 0.0718 0.9465
89.017 0.1759 0.0739 0.9465
89.056 0.1746 0.0744 0.9568
89.096 0.1689 0.0727 0.9361
89.136 0.1670 0.0729 0.9375
89.176 0.1635 0.0699 0.9398
89.217 0.1667 0.0713 0.9848
89.258 0.1738 0.0705 1.0140
89.298 0.1742 0.0740 0.9732
89.338 0.1729 0.0737 0.9675
89.377 0.1760 0.0718 0.9548
89.417 0.1726 0.0705 0.9548
89.458 0.1729 0.0709 0.9931
89.499 0.1734 0.0729 0.9545
89.539 0.1714 0.0729 0.9604
89.578 0.1743 0.0712 0.9624
89.616 0.1718 0.0678 0.8910
89.660 0.1737 0.0690 0.9222
89.699 0.1713 0.0704 0.9251
89.739 0.1665 0.0719 0.9586
89.779 0.1599 0.0728 0.9274
89.816 0.1529 0.0710 0.9274
89.860 0.1515 0.0703 0.9263
89.900 0.1521 0.0733 0.9075
89.940 0.1494 0.0716 0.9010
89.980 0.1384 0.0718 0.9605
90.020 0.1343 0.0720 0.9166
90.060 0.1253 0.0724 0.9166
90.101 0.1271 0.0721 0.9169
90.141 0.1259 0.0755 0.8919
90.181 0.1183 0.0728 0.9257
90.220 0.1117 0.0753 0.9260
90.260 0.1064 0.0728 0.8921
90.301 0.1106 0.0701 0.9146
90.342 0.1099 0.0718 0.9179
90.382 0.1065 0.0754 0.9453
90.422 0.1016 0.0766 0.9107
90.459 0.1060 0.0735 0.9095
90.503 0.1089 0.0709 0.8973
90.543 0.1130 0.0747 0.9797
90.583 0.1150 0.0748 0.9552
90.623 0.1131 0.0749 0.9223
90.660 0.1100 0.0746 0.8992
90.704 0.1136 0.0726 0.9282
90.743 0.1196 0.0731 0.9345
90.783 0.1228 0.0734 0.9323
90.823 0.1238 0.0774 0.9486
90.863 0.1230 0.0764 0.9786
90.904 0.1282 0.0743 0.9019
90.944 0.1284 0.0727 0.8799
90.984 0.1296 0.0737 0.9294
91.024 0.1308 0.0747 0.9367
91.063 0.1272 0.0765 0.9287
91.103 0.1241 0.0745 0.9019
91.145 0.1261 0.0740 0.9727
91.185 0.1273 0.0744 0.9175
91.225 0.1285 0.0730 0.9354
91.264 0.1262 0.0734 0.9170
91.302 0.1195 0.0723 0.9552
91.346 0.1165 0.0719 0.9512
91.386 0.1148 0.0706 0.9271
91.425 0.1166 0.0702 0.9626
91.466 0.1198 0.0713 0.9724
91.504 0.1209 0.0743 0.9542
91.547 0.1266 0.0743 0.9552
91.587 0.1296 0.0728 0.9426
91.627 0.1346 0.0737 0.9171
91.667 0.1391 0.0724 0.9349
91.707 0.1362 0.0734 0.9475
91.748 0.1332 0.0713 0.9105
91.787 0.1374 0.0725 0.9154
91.828 0.1450 0.0721 0.9242
91.868 0.1497 0.0746 0.9108
91.907 0.1478 0.0731 0.9434
91.947 0.1451 0.0735 0.9635
91.988 0.1450 0.0743 0.9307
92.029 0.1408 0.0701 0.9154
92.068 0.1447 0.0700 0.9514
92.108 0.1517 0.0748 0.9507
92.146 0.1509 0.0739 0.9716
92.190 0.1535 0.0713 0.9285
92.229 0.1583 0.0715 0.9716
92.269 0.1637 0.0727 0.9716
92.309 0.1710 0.0748 0.9241
92.346 0.1719 0.0787 0.9536
92.390 0.1739 0.0762 0.9606
92.430 0.1819 0.0742 0.9700
92.470 0.1831 0.0726 0.9487
92.509 0.1889 0.0737 0.9303
92.550 0.1898 0.0777 0.9520
92.591 0.1823 0.0792 0.9863
92.631 0.1797 0.0772 0.9215
92.671 0.1764 0.0748 0.9746
92.711 0.1780 0.0767 0.9771
92.751 0.1788 0.0756 0.9930
92.790 0.1711 0.0773 0.9743
92.832 0.1659 0.0789 0.9742
92.872 0.1671 0.0753 0.9328
92.912 0.1648 0.0795 0.9745
92.952 0.1666 0.0817 0.9466
92.989 0.1616 0.0824 0.9335
93.033 0.1616 0.0849 0.9617
93.073 0.1604 0.0827 0.9954
93.113 0.1593 0.0811 0.9605
93.152 0.1651 0.0818 0.9605
93.190 0.1663 0.0821 0.9389
93.234 0.1624 0.0815 0.9745
93.273 0.1649 0.0823 0.9734
93.314 0.1692 0.0817 0.9629
93.353 0.1721 0.0803 0.9431
93.394 0.1726 0.0799 0.9697
93.434 0.1673 0.0847 0.9848
93.474 0.1733 0.0847 0.9509
93.514 0.1752 0.0820 0.9357
93.554 0.1777 0.0793 0.9670
93.593 0.1789 0.0808 0.9689
93.633 0.1764 0.0830 0.9324
93.675 0.1718 0.0852 0.9245
93.716 0.1732 0.0817 0.9895
93.756 0.1741 0.0834 0.9381
93.795 0.1735 0.0836 0.9561
93.833 0.1703 0.0836 0.9868
93.877 0.1673 0.0824 0.9416
93.916 0.1651 0.0824 0.9666
93.956 0.1559 0.0830 0.9068
93.998 0.1512 0.0816 0.9407
94.033 0.1471 0.0841 0.9182
94.078 0.1425 0.0839 0.9433
94.117 0.1414 0.0839 0.9727
94.157 0.1423 0.0829 0.9032
94.197 0.1433 0.0817 0.9417
94.236 0.1429 0.0815 0.9422
94.278 0.1428 0.0825 0.9245
94.318 0.1410 0.0833 0.9471
94.358 0.1398 0.0806 0.9253
94.398 0.1399 0.0806 0.9253
94.437 0.1461 0.0802 0.9241
94.477 0.1469 0.0820 0.9290
94.518 0.1454 0.0840 0.9429
94.559 0.1441 0.0848 0.9350
94.598 0.1438 0.0839 0.9261
94.638 0.1453 0.0850 0.9535
94.675 0.1433 0.0847 0.9428
94.720 0.1431 0.0859 0.9436
94.759 0.1361 0.0864 0.9249
94.800 0.1337 0.0854 0.9270
94.840 0.1338 0.0842 0.9232
94.877 0.1354 0.0842 0.9353
94.921 0.1323 0.0847 0.9181
94.960 0.1343 0.0871 0.9258
95.001 0.1354 0.0871 0.9324
95.040 0.1376 0.0862 0.9329
95.081 0.1404 0.0827 0.9270
95.122 0.1396 0.0868 0.8906
95.161 0.1407 0.0879 0.9355
95.201 0.1385 0.0853 0.9138
95.241 0.1428 0.0837 0.8699
95.281 0.1467 0.0834 0.9069
95.320 0.1498 0.0832 0.9019
95.362 0.1550 0.0868 0.8950
95.402 0.1589 0.0835 0.9377
95.442 0.1638 0.0839 0.9440
95.482 0.1640 0.0824 0.8828
95.519 0.1681 0.0814 0.9165
95.564 0.1690 0.0802 0.9099
95.603 0.1709 0.0811 0.8836
95.643 0.1713 0.0832 0.9277
95.682 0.1739 0.0853 0.9673
95.728 0.1696 0.0802 0.9173
95.763 0.1680 0.0815 0.9433
95.803 0.1659 0.0825 0.9495
95.843 0.1586 0.0828 0.9355
95.883 0.1530 0.0801 0.9491
95.924 0.1454 0.0811 0.9298
95.965 0.1444 0.0792 0.9275
96.005 0.1426 0.0792 0.9169
96.045 0.1396 0.0815 0.9573
96.085 0.1352 0.0798 0.9311
96.124 0.1333 0.0786 0.9182
96.164 0.1267 0.0787 0.9401
96.205 0.1311 0.0755 0.9348
96.246 0.1347 0.0780 0.9387
96.286 0.1350 0.0803 0.9139
96.325 0.1364 0.0782 0.9531
96.363 0.1398 0.0772 0.9505
96.407 0.1448 0.0770 0.9315
96.446 0.1491 0.0760 0.9723
96.486 0.1530 0.0774 0.9565
96.526 0.1552 0.0801 0.9723
96.563 0.1594 0.0793 0.9515
96.607 0.1634 0.0760 0.9251
96.647 0.1691 0.0746 0.9251
96.687 0.1689 0.0774 0.9251
96.727 0.1626 0.0806 0.9859
96.766 0.1619 0.0784 0.9464
96.807 0.1606 0.0771 0.9303
96.847 0.1584 0.0770 0.9300
96.888 0.1561 0.0784 0.9389
96.927 0.1533 0.0809 0.9611
96.967 0.1464 0.0807 0.9389
97.008 0.1389 0.0784 0.9332
97.049 0.1342 0.0762 0.9541
97.089 0.1355 0.0761 0.9395
97.129 0.1348 0.0816 0.9822
97.169 0.1301 0.0823 0.9489
97.206 0.1290 0.0805 0.9616
97.251 0.1332 0.0779 0.9392
97.290 0.1377 0.0776 0.9503
97.330 0.1430 0.0804 0.9623
97.370 0.1446 0.0851 0.9770
97.406 0.1471 0.0835 0.9291
97.451 0.1502 0.0818 0.9354
97.490 0.1519 0.0823 0.9129
97.530 0.1586 0.0808 0.9367
97.570 0.1586 0.0853 0.9356
97.610 0.1586 0.0855 0.9392
97.651 0.1613 0.0854 0.9294
97.691 0.1724 0.0817 0.8978
97.731 0.1773 0.0825 0.8935
97.771 0.1783 0.0807 0.9022
97.810 0.1795 0.0873 0.9411
97.850 0.1827 0.0807 0.9135
97.892 0.1869 0.0840 0.8859
97.932 0.1894 0.0819 0.8892
97.972 0.1947 0.0827 0.9242
98.011 0.1946 0.0849 0.9078
98.050 0.1921 0.0833 0.9392
98.093 0.1925 0.0820 0.8925
98.133 0.1906 0.0834 0.9183
98.173 0.1881 0.0851 0.9318
98.213 0.1818 0.0840 0.9198
98.250 0.1787 0.0861 0.9597
98.295 0.1681 0.0854 0.9507
98.334 0.1599 0.0858 0.9503
98.374 0.1511 0.0862 0.9050
98.414 0.1411 0.0853 0.9008
98.454 0.1303 0.0906 0.8988
98.495 0.1227 0.0873 0.9367
98.534 0.1199 0.0853 0.9243
98.575 0.1128 0.0854 0.9233
98.615 0.1097 0.0828 0.9406
98.654 0.1059 0.0887 0.9126
98.693 0.1021 0.0897 0.9126
98.735 0.0947 0.0864 0.9184
98.776 0.0918 0.0868 0.9289
98.815 0.0922 0.0855 0.9289
98.855 0.0907 0.0883 0.9385
98.892 0.0864 0.0862 0.9250
98.937 0.0851 0.0889 0.9192
98.976 0.0837 0.0881 0.9312
99.016 0.0791 0.0882 0.9038
99.056 0.0758 0.0863 0.9089
99.093 0.0767 0.0837 0.9093
99.137 0.0721 0.0869 0.8837
99.177 0.0660 0.0860 0.8797
99.217 0.0651 0.0860 0.8723
99.257 0.0657 0.0871 0.8520
99.298 0.0698 0.0865 0.9001
99.338 0.0706 0.0856 0.8899
99.378 0.0738 0.0878 0.8593
99.419 0.0775 0.0878 0.8359
99.458 0.0804 0.0858 0.8967
99.498 0.0879 0.0862 0.8967
99.537 0.0927 0.0866 0.9118
99.579 0.0930 0.0884 0.9105
99.619 0.0933 0.0897 0.8797
99.659 0.0966 0.0876 0.8811
99.698 0.0987 0.0872 0.9203
99.736 0.1002 0.0865 0.9105
99.780 0.0972 0.0853 0.9115
99.819 0.0937 0.0865 0.8807
99.860 0.0945 0.0848 0.8711
99.899 0.0930 0.0821 0.8721
99.936 0.0945 0.0839 0.9027
99.980 0.0948 0.0849 0.9115
100.020 0.0977 0.0836 0.9125
100.060 0.0961 0.0851 0.8801
100.100 0.0984 0.0813 0.9227
100.140 0.1012 0.0828 0.9049
100.181 0.1075 0.0839 0.9049
100.221 0.1109 0.0843 0.8878
100.261 0.1109 0.0824 0.9050
100.301 0.1157 0.0802 0.9382
100.341 0.1185 0.0811 0.9382
100.381 0.1221 0.0801 0.9063
100.422 0.1243 0.0826 0.9167
100.463 0.1261 0.0853 0.8778
100.503 0.1243 0.0863 0.9110
100.542 0.1256 0.0852 0.8988
100.579 0.1262 0.0843 0.9031
100.624 0.1347 0.0863 0.9051
100.663 0.1347 0.0888 0.8963
100.703 0.1356 0.0899 0.8791
100.743 0.1365 0.0898 0.8778
100.780 0.1387 0.0876 0.8685
100.824 0.1395 0.0872 0.8958
100.864 0.1403 0.0875 0.9287
100.904 0.1417 0.0887 0.9260
100.944 0.1420 0.0899 0.8742
100.984 0.1414 0.0877 0.8531
101.024 0.1419 0.0861 0.8839
101.064 0.1466 0.0869 0.9309
101.105 0.1414 0.0883 0.9291
101.145 0.1368 0.0923 0.9371
101.184 0.1335 0.0906 0.8995
101.224 0.1320 0.0884 0.9448
101.265 0.1307 0.0845 0.8921
101.305 0.1290 0.0892 0.9005
101.345 0.1276 0.0891 0.9426
101.385 0.1232 0.0915 0.9231
101.423 0.1213 0.0876 0.8942
101.467 0.1198 0.0869 0.9208
101.507 0.1231 0.0888 0.9209
101.547 0.1260 0.0914 0.9127
101.587 0.1264 0.0918 0.9251
101.623 0.1300 0.0906 0.8996
101.668 0.1344 0.0883 0.9209
101.707 0.1394 0.0913 0.9114
101.748 0.1430 0.0920 0.9114
101.787 0.1477 0.0929 0.9222
101.828 0.1525 0.0922 0.9283
101.868 0.1582 0.0912 0.9142
101.908 0.1627 0.0894 0.9055
101.948 0.1677 0.0922 0.8971
101.988 0.1713 0.0954 0.9415
102.027 0.1701 0.0901 0.9314
102.067 0.1706 0.0893 0.9368
102.108 0.1735 0.0890 0.9199
102.149 0.1744 0.0884 0.8972
102.189 0.1766 0.0924 0.9352
102.228 0.1813 0.0878 0.8793
102.266 0.1811 0.0876 0.9061
102.310 0.1831 0.0891 0.9572
102.350 0.1852 0.0881 0.9401
102.389 0.1888 0.0927 0.9714
102.429 0.1891 0.0919 0.9017
102.467 0.1884 0.0954 0.9431
102.510 0.1842 0.0940 0.9357
102.550 0.1830 0.0901 0.9556
102.591 0.1830 0.0921 0.9132
102.631 0.1827 0.0974 0.9476
102.670 0.1799 0.1010 0.9404
102.711 0.1727 0.0936 0.9416
102.752 0.1716 0.0932 0.9499
102.792 0.1660 0.0922 0.9408
102.832 0.1636 0.0932 0.9302
102.871 0.1574 0.0964 0.9228
102.911 0.1494 0.0927 0.9314
102.952 0.1448 0.0940 0.9362
102.992 0.1448 0.0946 0.8915
103.032 0.1478 0.0962 0.9280
103.072 0.1437 0.0994 0.9275
103.109 0.1398 0.0988 0.9362
103.154 0.1402 0.0960 0.9160
103.193 0.1406 0.0971 0.9581
103.233 0.1421 0.0956 0.9758
103.273 0.1441 0.0980 0.9754
103.310 0.1459 0.0996 0.9315
103.354 0.1486 0.0937 0.9315
103.394 0.1537 0.0930 0.9323
103.434 0.1575 0.0898 0.9665
103.474 0.1598 0.0925 0.9319
103.514 0.1578 0.0940 0.9355
103.554 0.1590 0.0942 0.9499
103.594 0.1614 0.0916 0.9567
103.635 0.1627 0.0906 0.9627
103.675 0.1615 0.0905 0.9550
103.714 0.1622 0.0923 0.9554
103.754 0.1580 0.0923 0.9462
103.796 0.1518 0.0923 0.9430
103.836 0.1455 0.0905 0.9810
103.876 0.1473 0.0898 0.9846
103.916 0.1456 0.0908 0.9396
103.953 0.1430 0.0932 0.9806
103.997 0.1428 0.0907 0.9335
104.037 0.1404 0.0935 0.9437
104.077 0.1382 0.0897 0.9437
104.116 0.1364 0.0915 0.9559
104.153 0.1346 0.0930 0.9527
104.198 0.1319 0.0933 0.9342
104.237 0.1322 0.0914 0.9523
104.277 0.1322 0.0915 0.9145
104.317 0.1375 0.0903 0.9415
104.357 0.1363 0.0930 0.9408
104.398 0.1312 0.0954 0.9378
104.438 0.1301 0.0923 0.9394
104.478 0.1248 0.0949 0.9204
104.518 0.1214 0.0944 0.9501
104.557 0.1208 0.0951 0.9387
104.597 0.1160 0.0958 0.9124
104.638 0.1184 0.0983 0.9085
104.679 0.1185 0.0935 0.9318
104.719 0.1185 0.0926 0.9237
104.758 0.1223 0.0914 0.8999
104.797 0.1225 0.0930 0.8973
104.841 0.1202 0.0943 0.8951
104.880 0.1226 0.0935 0.9243
104.920 0.1257 0.0926 0.9266
104.960 0.1320 0.0915 0.9007
104.997 0.1388 0.0908 0.9007
105.041 0.1432 0.0929 0.9105
105.081 0.1480 0.0923 0.9472
105.121 0.1463 0.0920 0.9443
105.161 0.1456 0.0914 0.9211
105.201 0.1492 0.0901 0.9310
105.242 0.1518 0.0926 0.9401
105.281 0.1559 0.0961 0.9035
105.322 0.1626 0.0907 0.9019
105.362 0.1653 0.0933 0.8916
105.401 0.1671 0.0928 0.8966
105.441 0.1643 0.0898 0.9353
105.482 0.1638 0.0946 0.9256
105.522 0.1653 0.0961 0.9399
105.562 0.1660 0.0909 0.9260
105.602 0.1673 0.0938 0.8963
105.639 0.1683 0.0930 0.9301
105.683 0.1692 0.0922 0.9515
105.723 0.1665 0.0949 0.9433
105.763 0.1650 0.0893 0.9449
105.802 0.1630 0.0899 0.9519
105.841 0.1609 0.0880 0.9123
105.884 0.1575 0.0884 0.9292
105.925 0.1609 0.0879 0.9649
105.965 0.1604 0.0902 0.9408
106.004 0.1587 0.0898 0.9638
106.044 0.1561 0.0886 0.9399
106.085 0.1575 0.0865 0.9120
106.125 0.1593 0.0905 0.9076
106.165 0.1563 0.0852 0.9133
106.205 0.1565 0.0880 0.9472
106.245 0.1568 0.0833 0.9382
106.284 0.1515 0.0822 0.9382
106.326 0.1474 0.0860 0.9196
106.366 0.1453 0.0914 0.9142
106.406 0.1405 0.0920 0.8922
106.445 0.1362 0.0867 0.8932
106.483 0.1370 0.0884 0.8696
106.527 0.1340 0.0878 0.8826
106.567 0.1298 0.0900 0.9059
106.606 0.1262 0.0902 0.9126
106.695 0.1207 0.0888 0.8902
106.723 0.1167 0.0889 0.8649
106.767 0.1157 0.0901 0.8999
106.807 0.1166 0.0958 0.8699
106.847 0.1186 0.0942 0.8559
106.887 0.1214 0.0943 0.8635
106.927 0.1220 0.0926 0.8426
106.968 0.1178 0.0929 0.8746
107.008 0.1132 0.0954 0.8656
107.049 0.1105 0.0932 0.8603
107.089 0.1092 0.0990 0.8847
107.128 0.1134 0.0957 0.9247
107.168 0.1149 0.0952 0.9153
107.209 0.1178 0.0948 0.9213
107.250 0.1190 0.0995 0.9389
107.290 0.1177 0.1011 0.9119
107.329 0.1164 0.0927 0.9239
107.366 0.1119 0.0934 0.8818
107.410 0.1111 0.0912 0.9029
107.450 0.1077 0.0951 0.9096
107.490 0.1091 0.0914 0.9614
107.530 0.1177 0.0976 0.9439
107.567 0.1214 0.1023 0.9103
107.611 0.1222 0.0990 0.9315
107.651 0.1214 0.1056 0.9088
107.691 0.1183 0.1070 0.9085
107.731 0.1153 0.1048 0.8711
107.770 0.1151 0.1018 0.9055
107.811 0.1145 0.1054 0.8985
107.851 0.1148 0.1083 0.8921
107.892 0.1133 0.1135 0.8832
107.931 0.1120 0.1135 0.8653
107.971 0.1173 0.1134 0.8723
108.010 0.1144 0.1162 0.8815
108.052 0.1137 0.1120 0.9084
108.092 0.1126 0.0988 0.8917
108.133 0.1094 0.1064 0.8813
108.173 0.1086 0.1085 0.8793
108.210 0.1093 0.1014 0.8571
108.254 0.1110 0.1073 0.8583
108.294 0.1103 0.1102 0.8571
108.334 0.1106 0.1079 0.9117
108.373 0.1101 0.1026 0.9312
108.411 0.1113 0.0996 0.9101
108.455 0.1102 0.0985 0.9083
108.494 0.1101 0.0992 0.9071
108.535 0.1094 0.1023 0.9189
108.574 0.1066 0.1019 0.9146
108.614 0.1036 0.0978 0.9108
108.655 0.1052 0.0987 0.9745
108.695 0.1047 0.0954 0.9145
108.735 0.1071 0.0994 0.9333
108.775 0.1096 0.1016 0.9172
108.815 0.1125 0.0978 0.9425
108.854 0.1146 0.0967 0.9078
108.895 0.1193 0.0950 0.8836
108.936 0.1276 0.0977 0.8787
108.976 0.1293 0.0985 0.9218
109.015 0.1308 0.0967 0.8683
109.053 0.1335 0.0970 0.9275
109.097 0.1392 0.0960 0.9335
109.137 0.1437 0.0976 0.9155
109.176 0.1511 0.0971 0.9145
109.217 0.1546 0.1018 0.9325
109.255 0.1553 0.1002 0.9078
109.298 0.1537 0.1004 0.9241
109.338 0.1538 0.1001 0.9585
109.378 0.1563 0.1004 0.9362
109.418 0.1504 0.1020 0.9379
109.458 0.1482 0.1009 0.9089
109.499 0.1472 0.1015 0.9185
109.538 0.1473 0.1017 0.9487
109.579 0.1515 0.1010 0.9472
109.619 0.1529 0.1045 0.9422
109.658 0.1506 0.1042 0.9376
109.697 0.1481 0.1036 0.9468
109.739 0.1411 0.1021 0.9425
109.779 0.1390 0.1015 0.9122
109.819 0.1462 0.1015 0.9294
109.859 0.1461 0.1025 0.9222
109.897 0.1475 0.1004 0.9274
109.940 0.1536 0.1024 0.9477
109.980 0.1607 0.1005 0.9271
110.020 0.1680 0.1003 0.9434
110.060 0.1717 0.1028 0.9395
110.096 0.1715 0.1033 0.9257
110.141 0.1740 0.1033 0.9405
110.181 0.1763 0.1041 0.9319
110.221 0.1803 0.1025 0.8997
110.261 0.1850 0.1058 0.9126
110.300 0.1820 0.1058 0.8943
110.342 0.1776 0.1060 0.9391
110.382 0.1761 0.1057 0.9249
110.422 0.1724 0.1049 0.9391
110.462 0.1702 0.1069 0.9175
110.502 0.1663 0.1058 0.9154
110.541 0.1574 0.1058 0.9067
110.583 0.1534 0.1058 0.9271
110.623 0.1488 0.1046 0.8945
110.663 0.1443 0.1056 0.9035
110.702 0.1442 0.1046 0.9155
110.740 0.1441 0.1070 0.9358
110.784 0.1415 0.1050 0.9358
110.824 0.1392 0.1013 0.9218
110.864 0.1413 0.0995 0.9527
110.903 0.1444 0.1003 0.9109
110.941 0.1482 0.1041 0.9612
110.985 0.1482 0.1032 0.9668
111.024 0.1517 0.0999 0.9499
111.064 0.1541 0.1004 0.9770
111.104 0.1580 0.0964 0.9927
111.144 0.1634 0.1012 0.9782
111.185 0.1669 0.1006 0.9912
111.225 0.1711 0.1009 0.9770
111.265 0.1732 0.0981 0.9726
111.305 0.1780 0.0964 0.9939
111.344 0.1804 0.0974 1.0105
111.384 0.1791 0.0987 0.9377
111.425 0.1696 0.0985 0.9728
111.467 0.1613 0.0967 1.0222
111.506 0.1551 0.0929 0.9865
111.546 0.1496 0.0946 0.9500
111.583 0.1454 0.0989 0.9609
111.627 0.1382 0.0993 0.9789
111.667 0.1282 0.0967 0.9763
111.707 0.1227 0.0964 0.9866
111.747 0.1176 0.0963 0.9487
111.784 0.1149 0.0972 0.9173
111.828 0.1092 0.0994 0.9351
111.868 0.1034 0.0992 0.9609
111.908 0.1067 0.0983 0.9340
111.948 0.1097 0.0972 0.8894
111.988 0.1139 0.0991 0.9243
112.029 0.1171 0.0981 0.9163
112.068 0.1169 0.0989 0.9197
112.109 0.1189 0.0993 0.9197
112.148 0.1239 0.0971 0.8785
112.188 0.1229 0.0935 0.8954
112.230 0.1202 0.0970 0.8917
112.269 0.1154 0.0980 0.9131
112.309 0.1109 0.0969 0.8640
112.349 0.1105 0.0963 0.8886
112.389 0.1083 0.0945 0.9042
112.426 0.1088 0.0953 0.8601
112.471 0.1108 0.0965 0.8469
112.510 0.1121 0.0980 0.8729
112.550 0.1156 0.0970 0.8625
112.591 0.1198 0.0960 0.8883
112.627 0.1228 0.0963 0.9141
112.672 0.1262 0.0985 0.8923
112.712 0.1276 0.1008 0.8719
112.752 0.1299 0.1006 0.9033
112.791 0.1316 0.1030 0.8745
112.832 0.1338 0.1020 0.8555
112.872 0.1319 0.1044 0.8819
112.912 0.1284 0.1044 0.8811
112.952 0.1243 0.1039 0.8917
112.992 0.1239 0.1024 0.9210
113.032 0.1263 0.1026 0.9083
113.071 0.1267 0.1037 0.9039
113.112 0.1267 0.1061 0.9250
113.153 0.1259 0.1036 0.8805
113.193 0.1276 0.0992 0.8697
113.232 0.1291 0.1050 0.8942
113.270 0.1336 0.1064 0.9018
113.314 0.1375 0.0996 0.9043
113.354 0.1442 0.0972 0.9592
113.393 0.1497 0.0994 0.9426
113.433 0.1549 0.0979 0.9156
113.470 0.1551 0.0972 0.9250
113.515 0.1544 0.0965 0.9734
113.554 0.1520 0.0974 0.9571
113.594 0.1502 0.0976 0.9799
113.634 0.1524 0.0942 0.9381
113.675 0.1550 0.0939 0.9381
113.716 0.1625 0.0931 0.9260
113.756 0.1689 0.0931 0.9611
113.796 0.1712 0.0929 0.9574
113.836 0.1738 0.0924 0.9512
113.875 0.1775 0.0890 0.8886
113.915 0.1816 0.0908 0.9334
113.956 0.1867 0.0914 0.9128
113.996 0.1890 0.0917 0.9554
114.036 0.1912 0.0926 0.9592
114.076 0.1939 0.0924 0.9279
114.113 0.1886 0.0907 0.9233
114.158 0.1861 0.0946 0.9140
114.197 0.1815 0.0948 0.9228
114.237 0.1772 0.0987 0.9527
114.277 0.1720 0.0952 0.9484
114.314 0.1685 0.0964 0.9539
114.358 0.1641 0.0983 0.9556
114.398 0.1612 0.1003 0.9541
114.438 0.1545 0.1024 0.9032
114.478 0.1397 0.0996 0.9173
114.518 0.1259 0.1000 0.8900
114.559 0.1069 0.1031 0.8922
114.598 0.0957 0.0944 0.8992
114.639 0.0752 0.0988 0.8922
114.678 0.0483 0.1008 0.8922
114.718 0.0637 0.0987 0.8957
114.758 0.1108 0.0987 0.8957
114.800 0.1594 0.0982 0.8541
114.840 0.2014 0.0963 0.8828
114.880 0.2472 0.0969 0.9034
114.920 0.2868 0.0967 0.9379
114.957 0.3074 0.0919 0.9095
115.001 0.3292 0.0914 0.8968
115.041 0.3429 0.0955 0.9056
115.081 0.3477 0.0952 0.9419
115.120 0.3303 0.0952 0.9276
115.158 0.3026 0.0937 0.9553
115.202 0.2609 0.0927 0.9225
115.241 0.2259 0.0920 0.9539
115.281 0.1891 0.0919 0.9398
115.321 0.1579 0.0933 0.9258
115.361 0.1291 0.0974 0.9375
115.402 0.1048 0.0925 0.9322
115.442 0.1009 0.0932 0.9399
115.482 0.0978 0.0983 0.9097
115.522 0.1068 0.0978 0.9259
115.561 0.1187 0.0999 0.9259
115.601 0.1295 0.0928 0.9399
115.642 0.1453 0.0992 0.9217
115.683 0.1618 0.0964 0.9547
115.723 0.1794 0.0957 0.9636
115.762 0.1995 0.0980 0.9278
115.800 0.2151 0.1003 0.9259
115.844 0.2286 0.1019 0.8976
115.884 0.2403 0.1005 0.9022
115.924 0.2423 0.1019 0.9387
115.964 0.2415 0.1018 0.9123
116.001 0.2354 0.1011 0.9407
116.045 0.2244 0.1086 0.8789
116.085 0.2255 0.1029 0.8969
116.125 0.2250 0.0985 0.8783
116.165 0.2200 0.1006 0.9005
116.205 0.2172 0.0980 0.9057
116.246 0.2134 0.0995 0.8665
116.285 0.2145 0.0973 0.8772
116.326 0.2184 0.0947 0.8763
116.366 0.2195 0.0968 0.8577
116.405 0.2190 0.0998 0.8549
116.445 0.2229 0.0986 0.8697
116.486 0.2262 0.0995 0.9090
116.526 0.2204 0.0977 0.8978
116.567 0.2073 0.0982 0.8965
116.606 0.1919 0.0929 0.9145
116.643 0.1784 0.0996 0.9108
116.688 0.1641 0.0985 0.9165
116.727 0.1549 0.0944 0.9295
116.767 0.1462 0.0957 0.9041
116.807 0.1349 0.0958 0.9145
116.844 0.1351 0.0999 0.9434
116.888 0.1348 0.0976 0.9423
116.928 0.1352 0.0965 0.9045
116.968 0.1320 0.0931 0.9144
117.008 0.1330 0.0993 0.9415
117.049 0.1414 0.0979 0.9239
117.089 0.1495 0.0992 0.9549
117.129 0.1602 0.1006 0.9205
117.169 0.1711 0.0999 0.9445
117.209 0.1769 0.1024 0.9072
117.249 0.1808 0.1031 0.8709
117.288 0.1869 0.1016 0.8881
117.330 0.1874 0.1029 0.8936
117.370 0.1899 0.1023 0.9044
117.410 0.1879 0.1041 0.9236
117.450 0.1862 0.1052 0.8692
117.487 0.1863 0.1079 0.8781
117.531 0.1879 0.1052 0.8802
117.571 0.1896 0.1063 0.8867
117.611 0.1907 0.1008 0.8817
117.650 0.1928 0.0995 0.8679
117.687 0.1960 0.1005 0.8599
117.731 0.2001 0.1000 0.8912
117.771 0.2047 0.0990 0.8949
117.811 0.2105 0.0990 0.8725
117.851 0.2179 0.0973 0.8827
117.891 0.2241 0.0980 0.8635
117.932 0.2298 0.1002 0.9024
117.972 0.2390 0.0924 0.9386
118.012 0.2431 0.0904 0.9176
118.052 0.2447 0.0879 0.9466
118.092 0.2435 0.0877 0.9616
118.132 0.2377 0.0953 0.9499
118.173 0.2318 0.0882 0.9388
118.213 0.2235 0.0856 0.9568
118.253 0.2194 0.0863 0.9540
118.293 0.2163 0.0852 0.9638
118.331 0.2065 0.0890 0.9282
118.375 0.1994 0.0905 0.9527
118.414 0.1890 0.0900 0.9577
118.454 0.1717 0.0898 0.9158
118.494 0.1510 0.0890 0.9395
118.531 0.1334 0.0890 0.9450
118.575 0.1150 0.0934 0.9632
118.615 0.1041 0.0930 0.9520
118.655 0.0929 0.0886 0.9071
118.695 0.0843 0.0871 0.9371
118.735 0.0732 0.0850 0.9363
118.776 0.0527 0.0878 0.9334
118.815 0.0354 0.0892 0.9494
118.856 0.0125 0.0847 0.9334
118.895 0.0154 0.0975 0.9362
118.935 0.0256 0.0857 0.9666
118.975 0.0341 0.0913 0.9606
119.016 0.0394 0.0946 0.9192
119.056 0.0443 0.0880 0.9456
119.096 0.0506 0.0971 0.9309
119.136 0.0548 0.0861 0.9305
119.174 0.0614 0.0869 0.9365
119.217 0.0645 0.0937 0.8982
119.258 0.0638 0.0971 0.8819
119.298 0.0632 0.0908 0.9347
119.338 0.0681 0.0895 0.8831
119.374 0.0662 0.0902 0.8862
119.419 0.0662 0.0888 0.9459
119.458 0.0659 0.0933 0.9063
119.499 0.0651 0.0931 0.8959
119.538 0.0658 0.0856 0.8921
119.578 0.0654 0.0878 0.9385
119.619 0.0648 0.0888 0.9325
119.659 0.0605 0.0909 0.9179
119.699 0.0583 0.0903 0.8781
119.739 0.0598 0.0837 0.8721
119.779 0.0640 0.0886 0.8555
119.818 0.0602 0.0842 0.8980
119.859 0.0611 0.0885 0.8802
119.900 0.0630 0.0896 0.9268
119.940 0.0660 0.0878 0.8855
119.979 0.0728 0.0854 0.9067
120.017 0.0758 0.0841 0.9067
120.061 0.0812 0.0853 0.8638
120.100 0.0847 0.0898 0.9249
120.140 0.0899 0.0893 0.9087
120.180 0.0941 0.0905 0.8915
120.217 0.0955 0.0887 0.8813
120.261 0.0954 0.0869 0.8613
120.301 0.0948 0.0894 0.8800
120.342 0.0949 0.0897 0.8860
120.382 0.0931 0.0890 0.8735
120.422 0.0927 0.0880 0.8892
120.463 0.0857 0.0866 0.9178
120.503 0.0827 0.0890 0.8687
120.543 0.0779 0.0914 0.8662
120.583 0.0741 0.0886 0.9077
120.622 0.0713 0.0891 0.8749
120.662 0.0680 0.0858 0.8749
120.703 0.0623 0.0858 0.8753
120.743 0.0585 0.0862 0.8921
120.783 0.0568 0.0909 0.8895
120.823 0.0541 0.0887 0.8845
120.860 0.0527 0.0983 0.8522
120.905 0.0488 0.0870 0.8839
120.944 0.0459 0.0882 0.8839
120.984 0.0440 0.0892 0.8869
121.024 0.0428 0.0887 0.9272
121.061 0.0416 0.0868 0.9103
121.105 0.0431 0.0870 0.8839
121.145 0.0411 0.0872 0.8895
121.185 0.0426 0.0942 0.9067
121.225 0.0431 0.0889 0.8903
121.264 0.0431 0.0887 0.8952
121.306 0.0419 0.0859 0.8625
121.345 0.0417 0.0837 0.8842
121.385 0.0421 0.0909 0.8592
121.425 0.0440 0.0888 0.8964
121.466 0.0459 0.0919 0.8639
121.506 0.0465 0.0888 0.8707
121.547 0.0453 0.0916 0.8747
121.587 0.0427 0.0902 0.9341
121.627 0.0431 0.0926 0.9496
121.667 0.0442 0.0926 0.9268
121.704 0.0469 0.0939 0.8715
121.748 0.0477 0.0901 0.8701
121.788 0.0509 0.1050 0.8829
121.828 0.0531 0.1059 0.8595
121.867 0.0528 0.1007 0.8729
121.905 0.0542 0.0896 0.8817
121.949 0.0561 0.0926 0.8613
121.988 0.0602 0.0937 0.8273
122.028 0.0653 0.0907 0.8543
122.068 0.0652 0.0922 0.8699
122.108 0.0633 0.0914 0.8889
122.149 0.0606 0.0905 0.9009
122.189 0.0589 0.1084 0.8433
122.229 0.0616 0.0918 0.8357
122.269 0.0620 0.0981 0.8459
122.308 0.0613 0.1104 0.8219
122.348 0.0599 0.1113 0.8423
122.389 0.0592 0.1104 0.8219
122.430 0.0595 0.0983 0.8473
122.470 0.0562 0.1131 0.8899
122.509 0.0517 0.1040 0.8350
122.547 0.0489 0.1199 0.8263
122.591 0.0485 0.1049 0.8603
122.659 0.0544 0.1026 0.8613
122.711 0.0536 0.1055 0.8553
122.751 0.0540 0.1017 0.8629
122.788 0.0510 0.1053 0.8480
122.832 0.0525 0.0993 0.8445
122.872 0.0536 0.1034 0.8426
122.912 0.0535 0.0957 0.8835
122.952 0.0550 0.0976 0.9078
122.992 0.0550 0.0954 0.8585
123.032 0.0566 0.0995 0.8565
123.072 0.0611 0.0954 0.8608
123.112 0.0651 0.0972 0.8419
123.153 0.0625 0.0946 0.8810
123.192 0.0622 0.0949 0.8769
123.232 0.0621 0.0920 0.9023
123.273 0.0645 0.0920 0.8863
123.313 0.0668 0.0920 0.8923
123.353 0.0703 0.0931 0.8863
123.393 0.0742 0.0921 0.8863
123.430 0.0760 0.0938 0.8879
123.474 0.0800 0.0938 0.9007
123.514 0.0861 0.0871 0.8639
123.554 0.0859 0.0877 0.8429
123.593 0.0826 0.0873 0.8729
123.632 0.0850 0.0894 0.8744
123.675 0.0865 0.0875 0.8629
123.715 0.0880 0.0836 0.8809
123.756 0.0882 0.0836 0.9305
123.795 0.0874 0.0836 0.8967
123.835 0.0863 0.0861 0.8889
123.876 0.0861 0.0819 0.8945
123.916 0.0880 0.0811 0.8743
123.956 0.0849 0.0827 0.8897
123.996 0.0818 0.0836 0.8659
124.035 0.0810 0.0832 0.8691
124.075 0.0832 0.0862 0.8809
124.116 0.0847 0.0825 0.8809
124.157 0.0937 0.0842 0.9026
124.197 0.1016 0.0835 0.8918
124.236 0.1049 0.0846 0.8746
124.274 0.1083 0.0848 0.8677
124.318 0.1071 0.0771 0.8892
124.358 0.1114 0.0760 0.8377
124.398 0.1151 0.0783 0.8703
124.437 0.1208 0.0826 0.8753
124.474 0.1245 0.0834 0.8726
124.518 0.1295 0.0809 0.9009
124.558 0.1357 0.0802 0.9181
124.598 0.1445 0.0790 0.9056
124.638 0.1473 0.0808 0.9146
124.678 0.1462 0.0802 0.9352
124.719 0.1478 0.0793 0.8902
124.759 0.1485 0.0789 0.8872
124.800 0.1567 0.0767 0.8738
124.840 0.1614 0.0760 0.9133
124.879 0.1637 0.0801 0.9390
124.919 0.1633 0.0794 0.9492
124.960 0.1682 0.0784 0.9492
125.000 0.1706 0.0758 0.9058
125.040 0.1746 0.0778 0.9163
125.080 0.1764 0.0801 0.9195
125.117 0.1724 0.0808 0.9448
125.163 0.1737 0.0774 0.9341
125.201 0.1724 0.0755 0.9492
125.241 0.1725 0.0778 0.9154
125.281 0.1707 0.0776 0.9584
125.318 0.1679 0.0813 0.9713
125.362 0.1629 0.0784 0.9393
125.402 0.1638 0.0818 0.9126
125.442 0.1605 0.0795 0.9158
125.482 0.1616 0.0782 0.9205
125.522 0.1584 0.0810 0.9484
125.563 0.1499 0.0817 0.9846
125.602 0.1503 0.0813 0.9296
125.643 0.1493 0.0793 0.9455
125.683 0.1510 0.0782 0.9732
125.722 0.1548 0.0773 0.9645
125.762 0.1573 0.0805 0.9462
125.803 0.1607 0.0782 0.9462
125.843 0.1616 0.0812 0.9567
125.883 0.1610 0.0776 0.9567
125.924 0.1630 0.0825 0.9446
125.961 0.1592 0.0799 0.9468
126.005 0.1578 0.0837 0.9536
126.045 0.1578 0.0813 0.9822
126.085 0.1617 0.0795 0.9059
126.125 0.1643 0.0771 0.9519
126.162 0.1640 0.0780 0.9309
126.207 0.1635 0.0817 0.9584
126.245 0.1655 0.0811 0.9437
126.285 0.1670 0.0808 0.9449
126.325 0.1705 0.0806 0.9133
126.365 0.1762 0.0800 0.9125
126.406 0.1791 0.0809 0.9077
126.446 0.1858 0.0779 0.9728
126.486 0.1908 0.0805 0.9203
126.526 0.1978 0.0797 0.9233
126.565 0.2004 0.0785 0.9089
126.605 0.2018 0.0804 0.9350
126.646 0.2014 0.0819 0.8999
126.687 0.2024 0.0807 0.9356
126.727 0.2005 0.0791 0.9357
126.766 0.1983 0.0772 0.9396
126.803 0.1923 0.0783 0.8868
126.848 0.1875 0.0823 0.9399
126.887 0.1858 0.0820 0.9662
126.927 0.1831 0.0832 0.9473
126.967 0.1796 0.0805 0.9397
127.006 0.1723 0.0818 0.9269
127.049 0.1699 0.0869 0.9406
127.089 0.1668 0.0834 0.9366
127.129 0.1661 0.0855 0.8879
127.169 0.1608 0.0825 0.9205
127.209 0.1571 0.0823 0.9361
127.250 0.1543 0.0826 0.9368
127.290 0.1563 0.0841 0.9192
127.330 0.1568 0.0869 0.9320
127.370 0.1554 0.0857 0.9806
127.409 0.1525 0.0855 0.9512
127.449 0.1493 0.0863 0.9375
127.490 0.1539 0.0892 0.9237
127.531 0.1478 0.0889 0.9260
127.570 0.1386 0.0857 0.9322
127.610 0.1263 0.0846 0.9357
127.647 0.1136 0.0864 0.9357
127.691 0.1028 0.0867 0.9831
127.731 0.0925 0.0892 0.9763
127.771 0.0792 0.0834 0.9425
127.811 0.0662 0.0838 0.9290
127.848 0.0546 0.0808 0.9265
127.892 0.0398 0.0868 0.9165
127.931 0.0295 0.0848 0.9669
127.972 0.0149 0.0855 0.9617
128.011 0.0108 0.0813 0.9719
128.051 0.0134 0.0781 0.9424
128.092 0.0185 0.0818 0.9470
128.133 0.0257 0.0828 0.9319
128.173 0.0320 0.0837 0.8842
128.213 0.0366 0.0811 0.9574
128.253 0.0449 0.0812 0.9527
128.292 0.0507 0.0800 0.9329
128.334 0.0600 0.0840 0.9276
128.416 0.0799 0.0823 0.9156
128.454 0.0862 0.0842 0.9181
128.493 0.0917 0.0790 0.9379
128.531 0.0956 0.0825 0.9193
128.575 0.1046 0.0868 0.9979
128.615 0.1106 0.0858 0.9452
128.655 0.1163 0.0841 0.9209
128.694 0.1235 0.0814 0.9286
128.731 0.1309 0.0836 0.8883
128.775 0.1406 0.0865 0.9055
128.815 0.1440 0.0869 0.9824
128.855 0.1437 0.0850 0.9443
128.895 0.1458 0.0847 0.9355
128.935 0.1482 0.0880 0.8845
128.976 0.1512 0.0847 0.9249
129.016 0.1518 0.0869 0.9464
129.056 0.1457 0.0865 0.9406
129.096 0.1415 0.0865 0.9107
129.135 0.1468 0.0855 0.9357
129.175 0.1482 0.0843 0.9540
129.217 0.1466 0.0862 0.9435
129.258 0.1440 0.0857 0.9098
129.298 0.1424 0.0883 0.9291
129.337 0.1422 0.0840 0.9142
129.375 0.1427 0.0840 0.9001
129.419 0.1454 0.0840 0.9357
129.458 0.1431 0.0873 0.9458
129.498 0.1394 0.0881 0.9224
129.538 0.1357 0.0844 0.9224
129.575 0.1361 0.0828 0.9075
129.619 0.1289 0.0831 0.9151
129.659 0.1226 0.0882 0.9161
129.699 0.1171 0.0852 0.9538
129.739 0.1109 0.0840 0.9538
129.779 0.1078 0.0842 0.9538
129.820 0.1071 0.0782 0.9168
129.859 0.1078 0.0854 0.9025
129.900 0.1059 0.0837 0.9215
129.939 0.1051 0.0815 0.9204
129.979 0.1065 0.0799 0.9171
130.019 0.1075 0.0793 0.9414
130.060 0.1107 0.0793 0.9378
130.100 0.1106 0.0786 0.9623
130.140 0.1141 0.0820 0.9727
130.180 0.1177 0.0797 0.9251
130.218 0.1191 0.0784 0.9346
130.262 0.1226 0.0800 0.9346
130.301 0.1258 0.0798 0.9373
130.342 0.1257 0.0822 0.9028
130.381 0.1271 0.0815 0.9302
130.419 0.1301 0.0815 0.9381
130.463 0.1305 0.0815 0.9457
130.502 0.1342 0.0832 0.9462
130.543 0.1363 0.0837 0.9322
130.583 0.1381 0.0840 0.9652
130.622 0.1373 0.0879 0.9203
130.663 0.1383 0.0857 0.9239
130.703 0.1411 0.0848 0.9002
130.743 0.1417 0.0861 0.9278
130.783 0.1427 0.0859 0.9062
130.823 0.1417 0.0837 0.9246
130.875 0.1417 0.0825 0.9245
130.903 0.1416 0.0834 0.9085
130.944 0.1413 0.0853 0.9348
130.984 0.1431 0.0868 0.9262
131.024 0.1421 0.0893 0.9040
131.061 0.1414 0.0849 0.9132
131.105 0.1395 0.0846 0.9675
131.144 0.1334 0.0899 0.8887
131.184 0.1272 0.0881 0.9002
131.224 0.1249 0.0881 0.9450
131.261 0.1223 0.0878 0.9372
131.305 0.1175 0.0867 0.9077
131.345 0.1165 0.0863 0.8888
131.385 0.1113 0.0874 0.8819
131.425 0.1102 0.0923 0.8880
131.465 0.1075 0.0878 0.8893
131.507 0.1079 0.0892 0.9266
131.547 0.1106 0.0856 0.9323
131.587 0.1173 0.0845 0.9485
131.627 0.1246 0.0868 0.9485
131.666 0.1310 0.0836 0.9497
131.706 0.1329 0.0880 0.9095
131.747 0.1384 0.0828 0.9305
131.788 0.1479 0.0821 0.9403
131.828 0.1524 0.0834 0.9523
131.867 0.1570 0.0847 0.9737
131.905 0.1593 0.0832 0.9363
131.949 0.1610 0.0831 0.9694
131.988 0.1642 0.0823 0.9780
132.028 0.1651 0.0837 0.9798
132.068 0.1630 0.0846 0.9618
132.105 0.1592 0.0827 0.9443
132.149 0.1586 0.0820 0.9468
132.189 0.1620 0.0811 0.9635
132.229 0.1618 0.0814 0.9465
132.269 0.1589 0.0820 0.9625
132.308 0.1537 0.0816 0.9539
132.349 0.1509 0.0813 0.9549
132.389 0.1508 0.0815 0.9758
132.430 0.1559 0.0826 0.9499
132.469 0.1573 0.0819 0.9508
132.509 0.1552 0.0840 0.9806
132.550 0.1505 0.0824 0.9694
132.591 0.1492 0.0815 0.9738
132.631 0.1470 0.0834 0.9468
132.671 0.1475 0.0832 0.9528
132.711 0.1484 0.0848 0.9648
132.748 0.1456 0.0849 0.9572
132.792 0.1465 0.0845 0.9362
132.832 0.1468 0.0843 0.9311
132.872 0.1480 0.0847 0.9313
132.911 0.1479 0.0855 0.9752
132.948 0.1452 0.0881 0.9777
132.993 0.1431 0.0877 0.9886
133.032 0.1440 0.0860 0.9777
133.072 0.1471 0.0878 0.9279
133.112 0.1516 0.0904 0.9539
133.151 0.1554 0.0893 0.9329
133.193 0.1545 0.0888 0.9588
133.233 0.1569 0.0911 0.9539
133.273 0.1579 0.0866 0.9491
133.313 0.1588 0.0859 0.9302
133.352 0.1605 0.0899 0.9391
133.392 0.1578 0.0918 0.9683
133.433 0.1535 0.0879 0.9629
133.474 0.1546 0.0863 0.8880
133.514 0.1576 0.0860 0.9520
133.553 0.1599 0.0874 0.9597
133.592 0.1580 0.0908 0.9405
133.635 0.1527 0.0928 0.9482
133.675 0.1503 0.0883 0.9543
133.715 0.1497 0.0856 0.9519
133.755 0.1548 0.0894 0.9733
133.792 0.1551 0.0906 0.9315
133.836 0.1543 0.0908 0.9315
133.876 0.1541 0.0902 0.9251
133.916 0.1582 0.0905 0.9238
133.956 0.1677 0.0898 0.9430
133.995 0.1757 0.0941 0.9249
134.037 0.1792 0.0950 0.9511
134.077 0.1846 0.0959 0.9761
134.117 0.1920 0.0952 0.9430
134.157 0.2015 0.0945 0.9505
134.196 0.2099 0.0961 0.9456
134.236 0.2080 0.0963 0.9513
134.277 0.2113 0.0983 0.9225
134.318 0.2121 0.0937 0.9402
134.357 0.2172 0.0955 0.9459
134.397 0.2237 0.0969 0.9353
134.434 0.2225 0.0982 0.9482
134.479 0.2148 0.0987 0.9261
134.518 0.2074 0.0930 0.9495
134.558 0.2008 0.0951 0.9495
134.598 0.1973 0.0972 0.9173
134.635 0.1907 0.0967 0.9352
134.679 0.1813 0.0964 0.9610
134.719 0.1818 0.0987 0.9268
134.759 0.1759 0.0990 0.9349
134.799 0.1739 0.0949 0.9012
134.839 0.1729 0.0909 0.9316
134.880 0.1715 0.0979 0.9458
134.920 0.1708 0.0969 0.9577
134.960 0.1699 0.0929 0.9812
135.000 0.1686 0.0948 0.9535
135.040 0.1713 0.0903 0.9612
135.079 0.1683 0.0967 0.9446
135.121 0.1682 0.1017 0.9789
135.161 0.1706 0.0979 0.9636
135.201 0.1694 0.0951 0.9335
135.241 0.1727 0.0954 0.9529
135.278 0.1774 0.0926 0.9545
135.322 0.1789 0.0932 0.9585
135.362 0.1777 0.0903 0.9871
135.402 0.1738 0.0895 0.9625
135.441 0.1744 0.0893 0.9775
135.478 0.1759 0.0877 0.9687
135.523 0.1771 0.0918 0.9725
135.562 0.1796 0.0894 0.9415
135.602 0.1798 0.0917 0.9605
135.642 0.1785 0.0919 0.9139
135.681 0.1775 0.0901 0.9422
135.723 0.1754 0.0892 0.9389
135.763 0.1724 0.0922 0.9519
135.803 0.1716 0.0929 0.9574
135.843 0.1671 0.0901 0.9518
135.883 0.1708 0.0901 0.9667
135.923 0.1700 0.0894 0.9693
135.964 0.1707 0.0942 0.9412
136.005 0.1727 0.0906 0.9515
136.045 0.1739 0.0928 0.9541
136.084 0.1726 0.0882 0.9426
136.122 0.1699 0.0910 0.9148
136.166 0.1736 0.0884 0.9336
136.205 0.1745 0.0951 0.9151
136.245 0.1767 0.0930 0.9689
136.285 0.1767 0.0935 0.9325
136.322 0.1799 0.0933 0.9399
136.366 0.1852 0.0941 0.9205
136.406 0.1866 0.0954 0.9221
136.446 0.1891 0.0982 0.9415
136.486 0.1898 0.0962 0.9371
136.526 0.1909 0.0902 0.9185
136.567 0.1923 0.0883 0.9196
136.606 0.1985 0.0903 0.9317
136.647 0.1985 0.0909 0.9146
136.687 0.1969 0.0963 0.8939
136.726 0.1977 0.0887 0.9145
136.766 0.2004 0.0895 0.9379
136.807 0.2006 0.0868 0.9218
136.847 0.2007 0.0849 0.9226
136.887 0.1985 0.0851 0.9215
136.927 0.1985 0.0846 0.9448
136.965 0.1955 0.0837 0.9625
137.008 0.1910 0.0839 0.9472
137.049 0.1906 0.0786 0.9241
137.089 0.1892 0.0835 0.9334
137.129 0.1879 0.0801 0.9699
137.166 0.1863 0.0830 0.9383
137.209 0.1887 0.0765 0.9186
137.250 0.1860 0.0770 0.9281
137.290 0.1880 0.0790 0.9166
137.329 0.1873 0.0820 0.9347
137.368 0.1913 0.0782 0.9342
137.410 0.1904 0.0760 0.9270
137.450 0.1915 0.0780 0.9680
137.490 0.1946 0.0808 0.9413
137.530 0.1955 0.0810 0.9382
137.569 0.1936 0.0813 0.9145
137.609 0.1893 0.0801 0.9215
137.651 0.1882 0.0797 0.9399
137.691 0.1841 0.0808 0.9267
137.731 0.1810 0.0808 0.9153
137.770 0.1777 0.0818 0.9500
137.808 0.1716 0.0819 0.9216
137.852 0.1624 0.0805 0.8987
137.892 0.1559 0.0815 0.9281
137.931 0.1490 0.0847 0.9457
137.971 0.1408 0.0869 0.9213
138.008 0.1360 0.0870 0.9500
138.053 0.1320 0.0849 0.9250
138.092 0.1315 0.0862 0.9038
138.133 0.1323 0.0862 0.9353
138.173 0.1330 0.0882 0.9479
138.213 0.1307 0.0903 0.9089
138.254 0.1298 0.0892 0.9165
138.294 0.1330 0.0897 0.8966
138.334 0.1354 0.0950 0.9102
138.374 0.1368 0.0969 0.9007
138.413 0.1368 0.0961 0.9520
138.453 0.1366 0.0979 0.9046
138.494 0.1395 0.0947 0.9019
138.535 0.1393 0.0927 0.9077
138.575 0.1418 0.0923 0.9321
138.614 0.1427 0.0974 0.8879
138.651 0.1434 0.0973 0.9392
138.696 0.1462 0.0905 0.9076
138.735 0.1488 0.0898 0.8885
138.775 0.1496 0.0921 0.9217
138.815 0.1489 0.0951 0.9328
138.852 0.1488 0.0959 0.9213
138.896 0.1463 0.0934 0.9435
138.936 0.1490 0.0919 0.9292
138.976 0.1505 0.0937 0.9044
139.016 0.1529 0.0951 0.9093
139.055 0.1530 0.0956 0.9197
139.096 0.1522 0.0944 0.9616
139.136 0.1507 0.0933 0.9330
139.176 0.1530 0.0925 0.9302
139.217 0.1536 0.0943 0.9251
139.257 0.1537 0.1024 0.9202
139.297 0.1538 0.0996 0.9272
139.338 0.1558 0.0931 0.9253
139.378 0.1573 0.0921 0.9253
139.418 0.1621 0.0904 0.9035
139.458 0.1621 0.0918 0.9122
139.495 0.1582 0.0944 0.9133
139.539 0.1610 0.0944 0.9291
139.579 0.1581 0.0944 0.9342
139.619 0.1557 0.0904 0.9277
139.658 0.1533 0.0933 0.8992
139.695 0.1526 0.0957 0.9552
139.740 0.1495 0.0938 0.9428
139.779 0.1499 0.0933 0.9340
139.820 0.1484 0.0974 0.9383
139.859 0.1513 0.0972 0.9305
139.898 0.1513 0.0981 0.9151
139.940 0.1513 0.0971 0.9505
139.980 0.1568 0.0998 0.9356
140.020 0.1537 0.0932 0.9422
140.060 0.1585 0.0910 0.9387
140.100 0.1665 0.0942 0.9478
140.139 0.1680 0.0960 0.9437
140.180 0.1646 0.0947 0.9439
140.221 0.1637 0.0947 0.9606
140.261 0.1646 0.0944 0.9425
140.300 0.1670 0.0953 0.9516
140.339 0.1629 0.0931 0.9570
140.383 0.1600 0.0933 0.9455
140.422 0.1599 0.0939 0.9601
140.462 0.1566 0.0924 0.9657
140.502 0.1542 0.0971 0.9317
140.539 0.1542 0.0943 0.9916
140.584 0.1468 0.0935 0.9960
140.623 0.1452 0.0944 1.0061
140.663 0.1474 0.0950 0.9580
140.703 0.1473 0.0967 0.9561
140.743 0.1459 0.0976 0.9287
140.784 0.1443 0.0973 0.9311
140.824 0.1450 0.0971 0.9061
140.864 0.1473 0.1010 0.9138
140.904 0.1453 0.0956 0.9345
140.943 0.1442 0.0909 0.9608
140.983 0.1424 0.1000 0.9368
141.024 0.1375 0.1000 0.9539
141.064 0.1331 0.1013 0.9387
141.104 0.1346 0.0984 0.9373
141.144 0.1359 0.0987 0.9123
141.182 0.1362 0.0991 0.9269
141.226 0.1401 0.1024 0.9363
141.265 0.1388 0.1000 0.9356
141.305 0.1384 0.1007 0.9200
141.345 0.1360 0.0957 0.9283
141.383 0.1379 0.0962 0.9126
141.426 0.1399 0.0962 0.9286
141.467 0.1442 0.0950 0.9620
141.507 0.1498 0.0934 0.9431
141.547 0.1569 0.0946 0.9259
141.585 0.1595 0.0932 0.9189
141.627 0.1617 0.0933 0.9165
141.667 0.1661 0.0932 0.9229
141.707 0.1686 0.0941 0.9377
141.747 0.1688 0.0904 0.9406
141.787 0.1699 0.0931 0.9053
141.826 0.1691 0.0931 0.8915
141.868 0.1740 0.0933 0.9417
141.908 0.1734 0.0945 0.9112
141.948 0.1762 0.0956 0.9068
141.988 0.1746 0.0922 0.9302
142.025 0.1731 0.0925 0.9092
142.069 0.1753 0.0911 0.9261
142.109 0.1722 0.0956 0.9107
142.149 0.1675 0.0939 0.9151
142.188 0.1638 0.0909 0.9442
142.226 0.1654 0.0936 0.9172
142.270 0.1640 0.0905 0.9219
142.309 0.1675 0.0956 0.9322
142.349 0.1651 0.0957 0.9449
142.389 0.1631 0.0957 0.9158
142.428 0.1597 0.0955 0.9094
142.470 0.1572 0.0949 0.9542
142.510 0.1582 0.0942 0.9325
142.550 0.1587 0.0963 0.9472
142.591 0.1593 0.0976 0.9436
142.630 0.1608 0.0967 0.9365
142.670 0.1600 0.1004 0.9582
142.711 0.1563 0.1026 0.9323
142.752 0.1536 0.0990 0.9337
142.792 0.1520 0.0971 0.9219
142.831 0.1515 0.0970 0.9286
142.869 0.1516 0.0977 0.9733
142.913 0.1535 0.0989 0.9607
142.952 0.1561 0.0965 0.9435
142.993 0.1558 0.0959 0.9835
143.032 0.1514 0.0961 0.9189
143.069 0.1509 0.0947 0.9414
143.113 0.1494 0.0944 0.9694
143.153 0.1520 0.0971 0.9536
143.193 0.1535 0.0966 0.9411
143.233 0.1570 0.0980 0.9300
143.272 0.1594 0.0962 0.9606
143.314 0.1580 0.0942 0.9448
143.353 0.1598 0.0934 0.9573
143.394 0.1597 0.0964 0.9319
143.434 0.1568 0.0964 0.9216
143.473 0.1576 0.0945 0.9026
143.513 0.1571 0.0947 0.9343
143.554 0.1580 0.0936 0.9162
143.594 0.1588 0.0928 0.9476
143.634 0.1568 0.0952 0.9135
143.675 0.1566 0.0980 0.9237
143.712 0.1535 0.1001 0.9325
143.756 0.1465 0.0948 0.9454
143.796 0.1462 0.0965 0.9227
143.836 0.1438 0.0986 0.9187
143.876 0.1386 0.0955 0.9431
143.913 0.1383 0.0963 0.9187
143.957 0.1340 0.0983 0.9258
143.997 0.1344 0.0974 0.9105
144.037 0.1315 0.0964 0.9205
144.076 0.1301 0.0951 0.9430
144.115 0.1295 0.0978 0.9095
144.157 0.1316 0.0962 0.9235
144.197 0.1326 0.0974 0.9432
144.237 0.1322 0.0983 0.9173
144.277 0.1364 0.1017 0.9248
144.316 0.1380 0.1027 0.9649
144.356 0.1389 0.1001 0.9769
144.398 0.1421 0.0981 0.9477
144.438 0.1429 0.0967 0.9603
144.478 0.1448 0.0980 0.9554
144.518 0.1480 0.0999 0.9463
144.555 0.1484 0.0950 0.9577
144.599 0.1511 0.0990 0.9629
144.638 0.1480 0.0940 0.9548
144.679 0.1467 0.0947 0.9732
144.718 0.1519 0.0941 0.9614
144.757 0.1524 0.0963 0.9574
144.800 0.1540 0.0964 0.9679
144.840 0.1574 0.0961 0.9595
144.880 0.1583 0.0929 0.9322
144.920 0.1590 0.0945 0.9371
144.960 0.1597 0.0970 0.9505
145.001 0.1624 0.0939 0.9458
145.041 0.1641 0.0952 0.9453
145.081 0.1629 0.0930 0.9598
145.121 0.1632 0.0935 0.9679
145.160 0.1654 0.0926 0.9731
145.200 0.1646 0.0946 0.9081
145.241 0.1692 0.0927 0.9271
145.281 0.1689 0.0925 0.9420
145.322 0.1703 0.0926 0.8922
145.361 0.1738 0.0952 0.9259
145.398 0.1755 0.0937 0.9055
145.443 0.1771 0.0941 0.9116
145.482 0.1744 0.0898 0.9266
145.522 0.1755 0.0901 0.9192
145.562 0.1762 0.0932 0.9684
145.599 0.1786 0.0962 0.9639
145.643 0.1791 0.0939 0.9247
145.683 0.1784 0.0921 0.9435
145.723 0.1756 0.0931 0.9271
145.762 0.1773 0.0961 0.9349
145.802 0.1778 0.0956 0.9659
145.843 0.1698 0.0948 0.9569
145.883 0.1690 0.0955 0.9555
145.924 0.1710 0.0959 0.9313
145.964 0.1751 0.0957 0.9757
146.003 0.1756 0.0964 0.9569
146.043 0.1715 0.0957 0.9872
146.085 0.1674 0.0973 0.9823
146.125 0.1659 0.0968 0.9371
146.165 0.1663 0.0961 0.9674
146.205 0.1695 0.0969 0.9499
146.242 0.1676 0.0993 0.9194
146.286 0.1657 0.0977 0.9618
146.326 0.1667 0.0977 0.9517
146.366 0.1654 0.0967 0.9604
146.405 0.1619 0.0968 0.9176
146.443 0.1572 0.0980 0.9486
146.486 0.1498 0.0979 0.9745
146.526 0.1468 0.0962 0.9805
146.567 0.1460 0.0965 0.9430
146.606 0.1424 0.0975 0.9464
146.645 0.1406 0.0969 0.9778
146.687 0.1345 0.0994 0.9616
146.727 0.1271 0.0982 0.9648
146.767 0.1169 0.0967 0.9660
146.807 0.1099 0.0964 0.9581
146.847 0.1063 0.0955 0.9543
146.886 0.1050 0.0971 0.9894
146.927 0.1025 0.1020 0.9649
146.968 0.1031 0.0955 0.9669
147.008 0.1052 0.0971 0.9835
147.048 0.1099 0.0953 0.9835
147.086 0.1109 0.0946 0.9673
147.130 0.1120 0.1004 1.0058
147.170 0.1119 0.0979 0.9842
147.209 0.1157 0.0947 0.9756
147.249 0.1230 0.0927 0.9941
147.286 0.1313 0.0950 0.9990
147.330 0.1360 0.0941 0.9731
147.370 0.1335 0.0967 0.9358
147.410 0.1338 0.0953 0.9685
147.450 0.1370 0.0935 0.9385
147.489 0.1401 0.0921 0.9549
147.531 0.1400 0.0950 0.9259
147.571 0.1441 0.0950 0.9508
147.611 0.1441 0.0940 0.9629
147.651 0.1488 0.0960 0.9606
147.690 0.1520 0.0941 0.9294
147.730 0.1555 0.0938 0.9424
147.771 0.1586 0.0993 0.9317
147.811 0.1585 0.0944 0.9237
147.851 0.1647 0.0955 0.9313
147.891 0.1677 0.0964 0.9077
147.928 0.1644 0.0947 0.9119
147.973 0.1629 0.0989 0.9367
148.012 0.1548 0.0965 0.9236
148.052 0.1512 0.0960 0.9377
148.092 0.1514 0.0923 0.9377
148.130 0.1476 0.0963 0.9290
148.174 0.1488 0.0934 0.9170
148.213 0.1472 0.0945 0.9397
148.254 0.1400 0.0964 0.8860
148.293 0.1400 0.0986 0.9153
148.332 0.1362 0.1007 0.9282
148.374 0.1371 0.1033 0.9230
148.414 0.1402 0.1044 0.9387
148.454 0.1379 0.1033 0.9190
148.494 0.1468 0.1013 0.9172
148.534 0.1481 0.0986 0.8859
148.573 0.1469 0.1020 0.8999
148.615 0.1470 0.1021 0.9239
148.655 0.1394 0.1000 0.9215
148.695 0.1341 0.0978 0.9081
148.735 0.1309 0.1023 0.8997
148.772 0.1265 0.1004 0.9226
148.816 0.1285 0.0990 0.9182
148.856 0.1268 0.1005 0.9494
148.896 0.1239 0.1001 0.9527
148.935 0.1234 0.0968 0.9462
148.972 0.1205 0.0939 0.9228
149.017 0.1175 0.0938 0.9324
149.056 0.1193 0.0960 0.9159
149.096 0.1167 0.0969 0.9205
149.136 0.1181 0.0919 0.9226
149.175 0.1195 0.0907 0.9258
149.217 0.1193 0.0917 0.9490
149.258 0.1220 0.0907 0.9275
149.298 0.1221 0.0907 0.9380
149.338 0.1210 0.0892 0.9113
149.377 0.1206 0.0902 0.8890
149.417 0.1234 0.0942 0.8869
149.458 0.1257 0.0914 0.8998
149.499 0.1260 0.0925 0.8914
149.539 0.1254 0.0929 0.8976
149.578 0.1247 0.0928 0.9181
149.616 0.1260 0.0929 0.8914
149.660 0.1255 0.0897 0.9192
149.699 0.1277 0.0911 0.8905
149.739 0.1263 0.0925 0.8956
149.779 0.1252 0.0897 0.8914
149.816 0.1247 0.0895 0.9291
149.860 0.1259 0.0898 0.9172
149.900 0.1245 0.0898 0.9134
149.939 0.1211 0.0879 0.9065
149.980 0.1227 0.0899 0.9293
150.019 0.1242 0.0860 0.9758
150.060 0.1263 0.0846 0.9209
150.100 0.1287 0.0867 0.9508
150.141 0.1323 0.0883 0.9312
150.180 0.1334 0.0857 0.9360
150.220 0.1357 0.0857 0.9437
150.260 0.1380 0.0864 0.9116
150.301 0.1408 0.0846 0.9546
150.342 0.1422 0.0830 0.9276
150.382 0.1413 0.0874 0.9603
150.422 0.1387 0.0831 0.9008
150.459 0.1355 0.0821 0.9051
150.503 0.1315 0.0822 0.9178
150.543 0.1354 0.0838 0.9475
150.583 0.1413 0.0835 0.9216
150.622 0.1445 0.0852 0.9248
150.660 0.1464 0.0868 0.9323
150.704 0.1461 0.0863 0.9410
150.744 0.1500 0.0861 0.9107
150.784 0.1513 0.0866 0.9041
150.823 0.1523 0.0896 0.9314
150.862 0.1543 0.0918 0.8741
150.904 0.1622 0.0881 0.8817
150.944 0.1742 0.0869 0.9177
150.984 0.1871 0.0923 0.9167
151.024 0.1898 0.0892 0.8727
151.063 0.1829 0.0913 0.9071
151.103 0.1778 0.0897 0.9076
151.144 0.1767 0.0966 0.8713
151.185 0.1840 0.0815 0.9074
151.225 0.1880 0.0917 0.9053
151.264 0.1919 0.0897 0.8925
151.302 0.1951 0.0903 0.9173
151.346 0.1972 0.0871 0.9260
151.385 0.1963 0.0827 0.9080
151.426 0.1930 0.0825 0.9042
151.466 0.1863 0.0843 0.9266
151.503 0.1805 0.0831 0.9268
151.547 0.1829 0.0846 0.9093
151.587 0.1839 0.0894 0.9118
151.627 0.1836 0.0803 0.9289
151.667 0.1789 0.0830 0.9116
151.706 0.1732 0.0862 0.9186
151.748 0.1679 0.0856 0.9309
151.788 0.1610 0.0857 0.8915
151.828 0.1543 0.0847 0.8942
151.868 0.1550 0.0879 0.8881
151.907 0.1508 0.0904 0.9127
151.947 0.1451 0.0894 0.9417
151.988 0.1458 0.0910 0.9287
152.028 0.1421 0.0905 0.9228
152.069 0.1379 0.0910 0.8848
152.108 0.1327 0.0912 0.9099
152.146 0.1261 0.0929 0.9105
152.190 0.1177 0.0911 0.9011
152.229 0.1096 0.0892 0.8952
152.269 0.1012 0.0898 0.8903
152.309 0.0980 0.0898 0.8875
152.346 0.0903 0.0926 0.8753
152.390 0.0839 0.0906 0.8693
152.430 0.0782 0.0910 0.8821
152.470 0.0721 0.0898 0.8837
152.509 0.0695 0.0894 0.8829
152.550 0.0641 0.0898 0.8889
152.591 0.0631 0.0943 0.8775
152.631 0.0617 0.0919 0.8930
152.671 0.0654 0.0951 0.8797
152.711 0.0722 0.0951 0.8642
152.751 0.0807 0.0951 0.8642
152.790 0.0853 0.0964 0.8807
152.832 0.0897 0.0954 0.8848
152.872 0.0888 0.0988 0.8499
152.912 0.0937 0.0961 0.8493
152.952 0.0974 0.0955 0.8702
152.989 0.0962 0.0968 0.8939
153.033 0.0952 0.0962 0.8705
153.072 0.0952 0.0942 0.8892
153.113 0.0963 0.0928 0.8867
153.153 0.0985 0.0931 0.8661
153.190 0.0965 0.0955 0.8710
153.234 0.0907 0.1046 0.8483
153.273 0.0856 0.0996 0.8412
153.313 0.0825 0.0974 0.8663
153.353 0.0824 0.0987 0.8438
153.392 0.0840 0.0979 0.8874
153.434 0.0853 0.0989 0.8802
153.474 0.0877 0.0964 0.8925
153.514 0.0911 0.0982 0.8867
153.554 0.0943 0.0982 0.8851
153.593 0.1010 0.0971 0.8675
153.633 0.1033 0.0942 0.8932
153.675 0.1035 0.0939 0.8932
153.716 0.1041 0.0942 0.8859
153.756 0.1076 0.0939 0.8789
153.795 0.1111 0.0964 0.8686
153.833 0.1167 0.0951 0.8833
153.877 0.1182 0.0973 0.8899
153.916 0.1209 0.0939 0.8611
153.957 0.1225 0.0964 0.8451
153.996 0.1252 0.0928 0.8506
154.033 0.1276 0.0926 0.8672
154.077 0.1300 0.0959 0.8684
154.117 0.1302 0.0955 0.8901
154.157 0.1319 0.0964 0.9187
154.197 0.1366 0.0938 0.8983
154.237 0.1435 0.0937 0.9085
154.278 0.1481 0.0955 0.8983
154.318 0.1507 0.0908 0.8981
154.357 0.1510 0.0964 0.9159
154.398 0.1524 0.0888 0.9368
154.437 0.1571 0.0921 0.9197
154.477 0.1584 0.0917 0.9235
154.518 0.1615 0.0893 0.8920
154.558 0.1607 0.0925 0.9214
154.598 0.1637 0.0925 0.8997
154.638 0.1683 0.0933 0.9127
154.676 0.1688 0.0877 0.9202
154.720 0.1710 0.0862 0.8987
154.759 0.1681 0.0909 0.9305
154.800 0.1615 0.0896 0.9403
154.840 0.1611 0.0912 0.9281
154.877 0.1614 0.0904 0.9093
154.921 0.1577 0.0886 0.9340
154.961 0.1593 0.0906 0.9355
155.001 0.1588 0.0888 0.9146
155.040 0.1575 0.0888 0.9146
155.079 0.1574 0.0888 0.9461
155.121 0.1546 0.0804 0.9527
155.161 0.1554 0.0819 0.9528
155.201 0.1515 0.0818 0.9581
155.241 0.1526 0.0862 0.9311
155.281 0.1584 0.0844 0.9311
155.320 0.1619 0.0855 0.9367
155.362 0.1661 0.0874 0.9596
155.402 0.1733 0.0880 0.9678
155.442 0.1705 0.0869 0.9707
155.482 0.1684 0.0833 0.9650
155.519 0.1682 0.0870 0.9290
155.563 0.1706 0.0804 0.9826
155.603 0.1746 0.0861 0.9744
155.643 0.1753 0.0884 0.9764
155.682 0.1737 0.0851 0.9800
155.719 0.1762 0.0843 0.9396
155.764 0.1757 0.0877 0.9273
155.803 0.1756 0.0872 0.9283
155.843 0.1770 0.0867 0.9826
155.883 0.1744 0.0859 0.9860
155.923 0.1779 0.0850 0.9072
155.965 0.1812 0.0851 0.9516
156.005 0.1816 0.0834 0.9704
156.045 0.1824 0.0896 0.9358
156.085 0.1808 0.0876 0.9429
156.124 0.1776 0.0893 0.9268
156.164 0.1807 0.0874 0.9754
156.205 0.1816 0.0874 0.9840
156.245 0.1820 0.0879 0.9495
156.286 0.1828 0.0905 0.9562
156.325 0.1832 0.0893 0.9133
156.363 0.1827 0.0863 0.9226
156.407 0.1794 0.0865 0.9309
156.446 0.1817 0.0906 0.9555
156.486 0.1888 0.0904 0.9616
156.526 0.1906 0.0906 0.9494
156.563 0.1924 0.0896 0.9107
156.607 0.1941 0.0863 0.9417
156.647 0.1914 0.0863 0.9447
156.687 0.1899 0.0883 0.9767
156.727 0.1904 0.0918 0.9215
156.766 0.1906 0.0887 0.9290
156.808 0.1895 0.0886 0.9376
156.847 0.1872 0.0810 0.9684
156.887 0.1894 0.0829 0.9541
156.927 0.1858 0.0922 0.9399
156.967 0.1798 0.0862 0.9790
157.008 0.1763 0.0866 0.9593
157.049 0.1720 0.0843 0.9568
157.089 0.1713 0.0864 0.9571
157.129 0.1759 0.0906 0.9393
157.169 0.1761 0.0923 0.9556
157.206 0.1735 0.0906 0.9657
157.250 0.1700 0.0915 0.9119
157.290 0.1663 0.0896 0.9286
157.330 0.1627 0.0917 0.9615
157.369 0.1576 0.0924 0.9170
157.407 0.1510 0.0940 0.9516
157.451 0.1426 0.0951 0.9630
157.491 0.1366 0.0922 0.9344
157.531 0.1315 0.0948 0.9406
157.570 0.1264 0.0946 0.9898
157.610 0.1172 0.0939 0.9797
157.651 0.1119 0.0954 0.9544
157.691 0.1116 0.0942 0.9506
157.731 0.1111 0.0935 0.9270
157.771 0.1086 0.0952 0.9716
157.810 0.1091 0.0959 0.9544
157.850 0.1080 0.0937 0.9668
157.891 0.1132 0.0939 0.9489
157.931 0.1161 0.0999 0.9196
157.971 0.1250 0.0999 0.9146
158.011 0.1364 0.0948 0.9851
158.050 0.1399 0.0971 0.9202
158.093 0.1453 0.0976 0.9162
158.133 0.1499 0.0937 0.9114
158.174 0.1551 0.0940 0.9091
158.213 0.1561 0.0919 0.9132
158.250 0.1628 0.0947 0.9310
158.294 0.1704 0.0934 0.9254
158.334 0.1834 0.0932 0.9478
158.374 0.1861 0.0927 0.9310
158.414 0.1904 0.0929 0.9282
158.453 0.1971 0.0925 0.9335
158.542 0.1977 0.0900 0.9339
158.575 0.1983 0.0914 0.9259
158.614 0.1992 0.0896 0.9179
158.654 0.1927 0.0906 0.9106
158.694 0.1928 0.0922 0.9073
158.734 0.1890 0.0912 0.9107
158.775 0.1811 0.0887 0.9174
158.815 0.1712 0.0885 0.9167
158.855 0.1628 0.0911 0.9159
158.895 0.1643 0.0911 0.8938
158.933 0.1603 0.0904 0.8961
158.976 0.1527 0.0904 0.9192
159.016 0.1482 0.0922 0.8952
159.056 0.1487 0.0922 0.9105
159.096 0.1490 0.0939 0.9380
159.133 0.1533 0.0939 0.9120
159.177 0.1568 0.0904 0.8825
159.217 0.1591 0.0908 0.9126
159.258 0.1637 0.0874 0.9507
159.297 0.1669 0.0895 0.9195
159.337 0.1717 0.0926 0.9497
159.378 0.1727 0.0923 0.9351
159.418 0.1697 0.0920 0.9305
159.458 0.1697 0.0922 0.9668
159.498 0.1725 0.0918 0.9172
159.538 0.1745 0.0929 0.9387
159.578 0.1721 0.0954 0.9453
159.619 0.1701 0.0937 0.9418
159.659 0.1650 0.0944 0.9222
159.699 0.1596 0.0922 0.9438
159.739 0.1571 0.0925 0.9516
159.777 0.1586 0.0915 0.9300
159.820 0.1572 0.0904 0.9452
159.860 0.1563 0.0904 0.9402
159.900 0.1563 0.0922 0.9582
159.939 0.1572 0.0930 0.9512
159.976 0.1571 0.0940 0.9417
160.021 0.1500 0.0927 0.9120
160.060 0.1495 0.0914 0.9335
160.101 0.1490 0.0903 0.8767
160.141 0.1509 0.0927 0.9413
160.180 0.1531 0.0948 0.9222
160.221 0.1550 0.0923 0.9548
160.261 0.1528 0.0934 0.9654
160.301 0.1511 0.0902 0.9274
160.342 0.1476 0.0931 0.9034
160.382 0.1453 0.0932 0.9750
160.421 0.1427 0.0964 0.9495
160.462 0.1426 0.0954 0.9229
160.503 0.1457 0.0928 0.9139
160.543 0.1481 0.0923 0.9492
160.582 0.1478 0.0925 0.9656
160.620 0.1434 0.0939 0.9552
160.664 0.1418 0.0981 0.9651
160.703 0.1421 0.0938 0.9429
160.743 0.1400 0.0931 0.9598
160.783 0.1420 0.0923 0.9639
160.820 0.1480 0.0923 0.9639
160.864 0.1495 0.0961 0.9218
160.904 0.1501 0.0938 0.9232
160.944 0.1468 0.0924 0.9167
160.984 0.1496 0.0899 0.9330
161.024 0.1522 0.0955 0.9567
161.064 0.1542 0.0909 0.9163
161.105 0.1643 0.0968 0.9318
161.144 0.1750 0.0896 0.9320
161.185 0.1826 0.0898 0.8863
161.224 0.1894 0.0944 0.9142
161.264 0.1917 0.0917 0.9289
161.305 0.1915 0.0921 0.9396
161.345 0.1905 0.0906 0.9475
161.385 0.1948 0.0903 0.9466
161.425 0.2043 0.0896 0.9635
161.463 0.2077 0.0939 0.9755
161.508 0.2093 0.0940 0.9639
161.547 0.2074 0.0912 0.9722
161.587 0.2052 0.0929 0.9748
161.627 0.2020 0.0936 0.9808
161.664 0.1991 0.0882 0.9844
161.708 0.1946 0.0902 0.9531
161.748 0.1928 0.0919 0.9730
161.788 0.1903 0.0903 0.9536
161.828 0.1894 0.0891 0.9372
161.867 0.1900 0.0886 0.9298
161.908 0.1857 0.0899 0.9755
161.948 0.1802 0.0934 0.9459
161.988 0.1726 0.0901 0.9339
162.028 0.1730 0.0899 0.9180
162.068 0.1792 0.0908 0.9259
162.108 0.1813 0.0885 0.9615
162.149 0.1792 0.0895 0.9154
162.189 0.1715 0.0890 0.9111
162.229 0.1703 0.0869 0.9055
162.269 0.1679 0.0870 0.9035
162.306 0.1680 0.0914 0.8849
162.350 0.1713 0.0871 0.9265
162.390 0.1682 0.0947 0.9109
162.430 0.1677 0.0951 0.9149
162.469 0.1670 0.0966 0.9339
162.507 0.1643 0.0891 0.9149
162.551 0.1604 0.0905 0.9266
162.591 0.1592 0.0912 0.9176
162.632 0.1560 0.0904 0.9432
162.671 0.1577 0.0911 0.9536
162.711 0.1605 0.0894 0.9500
162.752 0.1609 0.0884 0.9488
162.792 0.1614 0.0904 0.9658
162.832 0.1542 0.0917 0.9150
162.872 0.1528 0.0884 0.9869
162.911 0.1512 0.0872 0.9449
162.951 0.1534 0.0865 0.9290
162.992 0.1583 0.0890 0.9216
163.033 0.1575 0.0929 0.9406
163.073 0.1506 0.0890 0.9400
163.112 0.1456 0.0882 0.9591
163.150 0.1457 0.0863 0.9443
163.194 0.1471 0.0870 0.9333
163.233 0.1488 0.0914 0.9459
163.273 0.1469 0.0931 0.9347
163.313 0.1491 0.0924 0.9483
163.351 0.1515 0.0893 0.9126
163.394 0.1547 0.0949 0.9175
163.434 0.1568 0.0950 0.9345
163.474 0.1582 0.0970 0.9346
163.514 0.1594 0.0955 0.9257
163.554 0.1606 0.0943 0.9692
163.594 0.1649 0.0928 0.9204
163.634 0.1691 0.0975 0.9423
163.675 0.1704 0.0954 0.9282
163.715 0.1689 0.0954 0.9301
163.755 0.1720 0.0945 0.9009
163.795 0.1693 0.0956 0.9056
163.836 0.1675 0.0944 0.9232
163.876 0.1646 0.1027 0.9331
163.917 0.1633 0.0983 0.9375
163.956 0.1612 0.0990 0.9366
163.993 0.1592 0.1006 0.9306
164.038 0.1558 0.0943 0.9158
164.077 0.1568 0.1014 0.9350
164.117 0.1516 0.1048 0.9496
164.157 0.1438 0.1028 0.9335
164.194 0.1412 0.0992 0.9315
164.238 0.1364 0.0970 0.9197
164.278 0.1379 0.0975 0.9138
164.317 0.1381 0.1016 0.9077
164.357 0.1366 0.0998 0.9205
164.397 0.1337 0.0998 0.8902
164.438 0.1318 0.0979 0.9330
164.478 0.1326 0.0979 0.8797
164.518 0.1384 0.0987 0.9454
164.558 0.1393 0.0987 0.9141
164.598 0.1425 0.1028 0.8826
164.637 0.1463 0.1005 0.9018
164.679 0.1532 0.0985 0.9174
164.719 0.1578 0.0942 0.9177
164.759 0.1654 0.0993 0.9306
164.800 0.1697 0.0992 0.9111
164.838 0.1719 0.0979 0.9041
164.881 0.1774 0.0943 0.9388
164.921 0.1801 0.0951 0.9144
164.961 0.1799 0.0953 0.9255
165.000 0.1769 0.0964 0.9354
165.037 0.1755 0.0964 0.9492
165.081 0.1745 0.0985 0.9512
165.121 0.1784 0.0968 0.8963
165.161 0.1798 0.0962 0.9295
165.201 0.1865 0.0975 0.9235
165.241 0.1816 0.0940 0.9801
165.282 0.1792 0.0908 0.9886
165.322 0.1798 0.0892 0.9221
165.362 0.1807 0.0884 0.9308
165.402 0.1836 0.0975 0.9676
165.441 0.1827 0.0986 0.9602
165.481 0.1807 0.0930 0.9108
165.522 0.1766 0.0913 0.8971
165.562 0.1732 0.0863 0.9630
165.603 0.1705 0.0876 0.9499
165.642 0.1709 0.0898 0.9469
165.679 0.1616 0.0936 0.9516
165.723 0.1575 0.0888 0.9452
165.763 0.1553 0.0898 0.9737
165.803 0.1581 0.0910 0.9633
165.843 0.1596 0.0906 0.9361
165.881 0.1560 0.0921 0.9241
165.925 0.1540 0.0942 0.9670
165.965 0.1564 0.0866 0.9557
166.005 0.1617 0.0863 0.9232
166.044 0.1681 0.0856 0.9415
166.085 0.1720 0.0899 0.9836
166.125 0.1670 0.0909 0.9856
166.165 0.1635 0.0897 0.9730
166.205 0.1641 0.0863 0.9679
166.245 0.1661 0.0865 0.9694
166.285 0.1640 0.0893 0.9722
166.325 0.1586 0.0891 0.9388
166.365 0.1609 0.0880 0.9454
166.406 0.1649 0.0891 0.9434
166.446 0.1667 0.0870 0.9484
166.486 0.1704 0.0878 0.9684
166.523 0.1686 0.0891 0.9487
166.567 0.1679 0.0887 0.9920
166.607 0.1720 0.0871 0.9722
166.647 0.1810 0.0852 0.9242
166.686 0.1856 0.0874 0.9119
166.723 0.1865 0.0878 0.9169
166.768 0.1865 0.0882 0.9682
166.807 0.1908 0.0856 0.9510
166.848 0.1934 0.0868 0.9372
166.887 0.1971 0.0851 0.9252
166.927 0.2017 0.0889 0.9371
166.968 0.2009 0.0858 0.9536
167.008 0.2035 0.0845 0.9616
167.049 0.2039 0.0841 0.9183
167.089 0.2042 0.0847 0.9492
167.128 0.2062 0.0829 0.9443
167.168 0.2026 0.0898 0.9695
167.209 0.1995 0.0904 0.9367
167.250 0.1959 0.0891 0.9527
167.290 0.1931 0.0854 0.9656
167.329 0.1895 0.0865 0.9487
167.367 0.1853 0.0866 0.9466
167.411 0.1800 0.0901 0.9486
167.450 0.1769 0.0890 0.9392
167.490 0.1724 0.0852 0.9343
167.530 0.1646 0.0871 0.9303
167.567 0.1615 0.0863 0.9253
167.611 0.1548 0.0889 0.9673
167.651 0.1515 0.0889 0.9717
167.691 0.1514 0.0870 0.9353
167.731 0.1530 0.0873 0.9353
167.771 0.1556 0.0885 0.9473
167.811 0.1590 0.0897 0.9707
167.851 0.1617 0.0905 0.9690
167.892 0.1683 0.0890 0.9548
167.931 0.1697 0.0882 0.9167
167.971 0.1740 0.0890 0.9007
168.011 0.1797 0.0893 0.9063
168.052 0.1869 0.0922 0.9414
168.092 0.1913 0.0916 0.9262
168.133 0.1980 0.0883 0.9547
168.173 0.2018 0.0877 0.9490
168.210 0.2057 0.0859 0.9712
168.254 0.2090 0.0901 0.9942
168.294 0.2151 0.0916 0.9839
168.334 0.2229 0.0900 0.9431
168.374 0.2226 0.0879 0.9644
168.411 0.2254 0.0910 0.9751
168.455 0.2313 0.0922 0.9422
168.494 0.2373 0.0930 0.9463
168.535 0.2408 0.0884 0.9903
168.574 0.2410 0.0901 0.9462
168.614 0.2375 0.0894 0.9458
168.655 0.2333 0.0869 0.9597
168.695 0.2314 0.0869 0.9996
168.735 0.2309 0.0919 0.9399
168.775 0.2280 0.0907 1.0102
168.815 0.2243 0.0842 0.9844
168.854 0.2172 0.0855 0.9724
168.896 0.2132 0.0857 0.9488
168.936 0.2043 0.0902 0.9449
168.976 0.2007 0.0867 0.9675
169.016 0.1964 0.0846 0.9519
169.053 0.1927 0.0834 0.9596
169.097 0.1936 0.0838 0.9446
169.136 0.1959 0.0862 0.9276
169.177 0.1979 0.0851 0.9405
169.217 0.1975 0.0835 0.9286
169.254 0.1977 0.0837 0.9778
169.298 0.1934 0.0829 0.9742
169.338 0.1962 0.0839 0.9416
169.378 0.1973 0.0871 0.9680
169.418 0.2014 0.0844 0.9667
169.458 0.2001 0.0867 0.9343
169.498 0.1988 0.0850 0.9737
169.539 0.1994 0.0837 0.9594
169.579 0.1967 0.0863 0.9331
169.619 0.1975 0.0874 0.9816
169.658 0.1984 0.0841 0.9216
169.698 0.1968 0.0868 0.9516
169.739 0.1976 0.0874 0.9366
169.779 0.1997 0.0858 0.9614
169.819 0.2003 0.0891 0.9740
169.859 0.2000 0.0891 0.9789
169.897 0.1980 0.0857 0.9736
169.940 0.1987 0.0850 0.9404
169.980 0.2019 0.0833 0.9497
170.020 0.2086 0.0902 0.9613
170.060 0.2122 0.0883 0.9364
170.097 0.2132 0.0855 0.9449
170.141 0.2157 0.0858 0.9405
170.181 0.2193 0.0879 0.9682
170.221 0.2228 0.0886 0.9646
170.260 0.2235 0.0900 0.9806
170.301 0.2244 0.0878 0.9730
170.342 0.2226 0.0900 0.9365
170.382 0.2236 0.0890 0.9684
170.423 0.2247 0.0901 0.9192
170.462 0.2247 0.0924 0.9277
170.502 0.2155 0.0964 0.9497
170.542 0.2109 0.0932 0.9508
170.583 0.2078 0.0950 0.9527
170.623 0.2028 0.0910 0.9602
170.663 0.1991 0.1011 0.9565
170.702 0.1941 0.1011 0.9538
170.740 0.1857 0.0993 0.9080
170.784 0.1812 0.0933 0.9523
170.824 0.1758 0.1016 0.9576
170.864 0.1710 0.0924 0.9236
170.903 0.1656 0.0976 0.9401
170.941 0.1621 0.0965 0.9648
170.985 0.1639 0.0951 0.9144
171.024 0.1633 0.0992 0.9720
171.065 0.1624 0.0950 0.9266
171.104 0.1621 0.0994 0.9578
171.143 0.1606 0.0955 0.9475
171.185 0.1579 0.0972 0.9068
171.225 0.1593 0.0962 0.9339
171.265 0.1545 0.0947 0.9401
171.305 0.1558 0.0950 0.9622
171.345 0.1583 0.0977 0.9449
171.455 0.1516 0.0934 0.9246
171.506 0.1481 0.0942 0.9265
171.546 0.1480 0.0951 0.9633
171.586 0.1476 0.0965 0.9633
171.626 0.1509 0.0965 0.9513
171.664 0.1492 0.0946 0.9605
171.707 0.1513 0.0951 0.9313
171.747 0.1561 0.0935 0.9543
171.788 0.1558 0.0960 0.9456
171.827 0.1549 0.0964 0.9476
171.864 0.1547 0.0918 0.9643
171.907 0.1598 0.0929 0.9938
171.948 0.1683 0.0956 0.9427
171.988 0.1735 0.0958 0.9565
172.028 0.1784 0.0973 0.9452
172.067 0.1841 0.0953 0.9555
172.108 0.1852 0.0870 0.9458
172.149 0.1931 0.0913 0.9688
172.189 0.1989 0.0936 0.9534
172.229 0.1984 0.0947 0.9526
172.268 0.2040 0.0952 0.9526
172.308 0.2075 0.0938 0.9334
172.349 0.2081 0.0866 0.9474
172.389 0.2090 0.0929 0.9661
172.429 0.2069 0.0936 0.9625
172.469 0.2068 0.0921 0.9393
172.507 0.2050 0.0883 0.9332
172.550 0.2069 0.0900 0.9457
172.591 0.2059 0.0910 0.9372
172.631 0.2070 0.0896 0.9532
172.671 0.2036 0.0925 0.9519
172.708 0.2071 0.0917 0.9358
172.751 0.2067 0.0896 0.9372
172.792 0.2087 0.0903 0.9355
172.832 0.2120 0.0879 0.8936
172.871 0.2159 0.0908 0.8986
172.911 0.2187 0.0999 0.8887
172.953 0.2172 0.0976 0.9125
172.992 0.2156 0.0884 0.8979
173.033 0.2098 0.0897 0.8907
173.072 0.2089 0.0940 0.9256
173.111 0.2072 0.0908 0.8999
173.151 0.2044 0.0895 0.9248
173.193 0.2019 0.0912 0.9030
173.233 0.2009 0.0888 0.8949
173.273 0.1971 0.0966 0.9118
173.313 0.1948 0.0929 0.9333
173.350 0.1919 0.0883 0.9521
173.393 0.1898 0.0836 0.9569
173.434 0.1869 0.0839 0.9326
173.474 0.1856 0.0825 0.9105
173.513 0.1850 0.0837 0.9542
173.550 0.1836 0.0883 0.9149
173.594 0.1793 0.0870 0.9495
173.634 0.1754 0.0854 0.9339
173.675 0.1745 0.0861 0.9348
173.715 0.1721 0.0867 0.9519
173.754 0.1737 0.0888 0.9568
173.795 0.1721 0.0880 0.9508
173.836 0.1705 0.0891 0.9369
173.876 0.1701 0.0895 0.9777
173.916 0.1688 0.0898 0.9483
173.955 0.1676 0.0918 0.9294
173.995 0.1691 0.0925 0.9295
174.037 0.1684 0.0916 0.9267
174.077 0.1673 0.0937 0.9369
174.117 0.1688 0.0936 0.9457
174.156 0.1662 0.0936 0.9410
174.194 0.1618 0.0932 0.9641
174.238 NaN 0.0931 0.9216
174.278 NaN 0.0934 0.9261
174.318 NaN 0.0931 0.9386
174.357 NaN 0.0914 0.9503
174.394 NaN 0.0922 0.9459
174.438 NaN 0.0959 0.9401
174.478 NaN 0.0958 0.9281
174.520 NaN 0.0965 0.9372
