8.374 NaN 0.0989 0.9167
8.414 NaN 0.0908 0.9317
8.451 NaN 0.0891 0.9048
8.498 NaN 0.0899 0.8999
8.535 NaN 0.0929 0.8835
8.575 NaN 0.0945 0.8696
8.614 NaN 0.0956 0.9028
8.652 0.1502 0.0937 0.9306
8.696 0.1466 0.0948 0.9110
8.735 0.1475 0.0897 0.9204
8.776 0.1476 0.0978 0.9061
8.815 0.1506 0.0966 0.9221
8.856 0.1478 0.0928 0.9261
8.896 0.1439 0.0962 0.8835
8.936 0.1445 0.0932 0.9001
8.976 0.1420 0.0961 0.9006
9.016 0.1418 0.0985 0.9135
9.056 0.1424 0.0944 0.9028
9.096 0.1408 0.0943 0.8450
9.137 0.1389 0.0916 0.8942
9.177 0.1426 0.0941 0.9191
9.217 0.1414 0.0955 0.8969
9.257 0.1404 0.0898 0.8949
9.295 0.1378 0.0923 0.9450
9.339 0.1380 0.0887 0.8993
9.379 0.1395 0.0868 0.8812
9.419 0.1393 0.0898 0.8758
9.458 0.1388 0.0902 0.8931
9.495 0.1352 0.0894 0.8790
9.539 0.1312 0.0861 0.9109
9.579 0.1309 0.0843 0.9032
9.619 0.1314 0.0848 0.9146
9.659 0.1309 0.0881 0.9146
9.699 0.1287 0.0883 0.9112
9.740 0.1294 0.0836 0.9025
9.780 0.1293 0.0810 0.8931
9.820 0.1334 0.0839 0.8672
9.860 0.1350 0.0825 0.9052
9.899 0.1348 0.0825 0.9322
9.939 0.1312 0.0841 0.9322
9.980 0.1312 0.0804 0.9061
10.021 0.1309 0.0794 0.9002
10.061 0.1317 0.0812 0.9225
10.100 0.1269 0.0831 0.9102
10.138 0.1232 0.0880 0.9050
10.182 0.1232 0.0847 0.9159
10.221 0.1282 0.0793 0.8916
10.261 0.1346 0.0817 0.9045
10.305 0.1394 0.0817 0.8925
10.339 0.1390 0.0849 0.9002
10.383 0.1424 0.0824 0.9316
10.423 0.1453 0.0830 0.8865
10.463 0.1490 0.0837 0.9088
10.506 0.1552 0.0828 0.9347
10.542 0.1528 0.0843 0.9228
10.583 0.1569 0.0816 0.9051
10.623 0.1619 0.0877 0.9189
10.663 0.1663 0.0831 0.9034
10.703 0.1626 0.0835 0.9018
10.743 0.1559 0.0887 0.9188
10.782 0.1484 0.0903 0.9248
10.824 0.1484 0.0884 0.8828
10.864 0.1477 0.0915 0.8523
10.904 0.1507 0.0914 0.8818
10.943 0.1534 0.0919 0.9096
10.981 0.1495 0.0960 0.9065
11.025 0.1507 0.0870 0.9385
11.065 0.1537 0.0872 0.8584
11.105 0.1539 0.0861 0.9019
11.144 0.1527 0.0888 0.8984
11.181 0.1533 0.0910 0.8838
11.225 0.1563 0.0866 0.9154
11.265 0.1595 0.0899 0.9042
11.305 0.1578 0.0843 0.9071
11.345 0.1586 0.0864 0.9143
11.385 0.1575 0.0858 0.8915
11.426 0.1571 0.0905 0.9363
11.467 0.1591 0.0851 0.8862
11.507 0.1598 0.0858 0.8789
11.547 0.1621 0.0875 0.8848
11.586 0.1631 0.0892 0.9146
11.630 0.1638 0.0931 0.9389
11.667 0.1629 0.0923 0.9340
11.708 0.1625 0.0914 0.9003
11.748 0.1634 0.0867 0.9087
11.787 0.1705 0.0856 0.9104
11.824 0.1716 0.0878 0.9351
11.869 0.1701 0.0904 0.9087
11.908 0.1675 0.0859 0.9245
11.948 0.1676 0.0815 0.9080
11.988 0.1715 0.0817 0.9192
12.026 0.1719 0.0816 0.9146
12.070 0.1709 0.0815 0.9371
12.109 0.1705 0.0808 0.9470
12.149 0.1732 0.0797 0.9427
12.189 0.1784 0.0768 0.8963
12.229 0.1839 0.0801 0.9265
12.269 0.1813 0.0785 0.9413
12.318 0.1807 0.0821 0.9329
12.350 0.1842 0.0778 0.9043
12.390 0.1881 0.0786 0.9072
12.429 0.1948 0.0778 0.9123
12.468 0.2028 0.0827 0.9203
12.510 0.2096 0.0843 0.9157
12.550 0.2187 0.0837 0.9102
12.591 0.2274 0.0823 0.8732
12.631 0.2357 0.0835 0.8904
12.669 0.2436 0.0847 0.9293
12.712 0.2502 0.0818 0.9093
12.752 0.2543 0.0816 0.9003
12.792 0.2610 0.0804 0.9369
12.832 0.2638 0.0798 0.9459
12.869 0.2659 0.0777 0.9165
12.913 0.2633 0.0824 0.9055
12.953 0.2537 0.0831 0.9388
12.993 0.2495 0.0799 0.9484
13.033 0.2386 0.0773 0.9396
13.073 0.2298 0.0749 0.9258
13.113 0.2222 0.0755 0.9450
13.153 0.2124 0.0825 0.9403
13.193 0.2001 0.0805 0.9369
13.233 0.1912 0.0798 0.9358
13.273 0.1831 0.0788 0.9363
13.312 0.1749 0.0766 0.9280
13.354 0.1723 0.0803 0.9050
13.394 0.1704 0.0801 0.9231
13.434 0.1745 0.0806 0.9348
13.473 0.1754 0.0793 0.9341
13.511 0.1795 0.0788 0.9348
13.555 0.1852 0.0797 0.9371
13.595 0.1883 0.0828 0.9236
13.635 0.1924 0.0787 0.9248
13.675 0.1971 0.0769 0.9248
13.713 0.2043 0.0779 0.9426
13.757 0.2155 0.0789 0.9479
13.796 0.2217 0.0778 0.9430
13.836 0.2272 0.0775 0.9289
13.876 0.2315 0.0767 0.9334
13.916 0.2307 0.0759 0.9394
13.956 0.2316 0.0772 0.9621
13.997 0.2335 0.0775 0.9865
14.037 0.2349 0.0789 0.9242
14.077 0.2393 0.0796 0.9331
14.116 0.2380 0.0763 0.9070
14.156 0.2363 0.0776 0.9392
14.197 0.2386 0.0787 0.9080
14.238 0.2329 0.0789 0.9100
14.278 0.2323 0.0827 0.9194
14.317 0.2298 0.0773 0.9200
14.355 0.2253 0.0766 0.9209
14.399 0.2285 0.0783 0.8987
14.438 0.2312 0.0813 0.9310
14.479 0.2309 0.0838 0.9213
14.518 0.2318 0.0802 0.9128
14.555 0.2264 0.0800 0.9200
14.599 0.2241 0.0808 0.9515
14.639 0.2275 0.0789 0.9457
14.679 0.2254 0.0826 0.9229
14.719 0.2230 0.0795 0.9250
14.759 0.2205 0.0791 0.9681
14.800 0.2179 0.0770 0.9146
14.840 0.2216 0.0805 0.8997
14.881 0.2203 0.0810 0.9121
14.920 0.2180 0.0782 0.9050
14.960 0.2191 0.0788 0.9311
15.001 0.2127 0.0791 0.9135
15.041 0.2120 0.0735 0.8912
15.081 0.2151 0.0783 0.9203
15.121 0.2163 0.0787 0.9544
15.161 0.2176 0.0779 0.9269
15.198 0.2206 0.0759 0.9209
15.242 0.2289 0.0756 0.9160
15.282 0.2310 0.0748 0.9089
15.322 0.2299 0.0736 0.9435
15.361 0.2268 0.0729 0.9369
15.399 0.2230 0.0733 0.9870
15.442 0.2184 0.0725 0.9285
15.482 0.2189 0.0737 0.9251
15.523 0.2192 0.0744 0.9429
15.562 0.2145 0.0739 0.9402
15.602 0.2081 0.0709 0.9245
15.643 0.2014 0.0699 0.9372
15.683 0.1989 0.0709 0.8825
15.723 0.1925 0.0737 0.9604
15.763 0.1930 0.0702 0.9216
15.803 0.1912 0.0709 0.9425
15.842 0.1913 0.0747 0.9019
15.883 0.1987 0.0714 0.9505
15.925 0.2049 0.0731 0.9400
15.965 0.2076 0.0769 0.9379
16.004 0.2127 0.0796 0.9358
16.042 0.2142 0.0774 0.9312
16.086 0.2204 0.0751 0.9684
16.125 0.2289 0.0718 0.9527
16.165 0.2362 0.0724 0.9791
16.205 0.2374 0.0727 0.9561
16.242 0.2345 0.0727 0.9638
16.286 0.2388 0.0724 0.9465
16.326 0.2439 0.0713 0.9295
16.366 0.2478 0.0726 0.9169
16.406 0.2525 0.0752 0.9650
16.446 0.2588 0.0738 0.9556
16.487 0.2617 0.0705 0.9445
16.526 0.2682 0.0701 0.9291
16.567 0.2750 0.0690 0.9343
16.607 0.2772 0.0698 0.9608
16.646 0.2732 0.0731 0.9261
16.686 0.2705 0.0712 0.9647
16.727 0.2732 0.0712 0.9253
16.767 0.2696 0.0693 0.9732
16.807 0.2662 0.0711 0.9571
16.847 0.2640 0.0753 0.9566
16.885 0.2546 0.0718 0.9626
16.929 0.2436 0.0711 0.9293
16.968 0.2373 0.0738 0.9603
17.008 0.2331 0.0737 0.9527
17.049 0.2267 0.0758 0.9481
17.087 0.2205 0.0774 0.9453
17.130 0.2151 0.0771 0.9470
17.170 0.2164 0.0757 0.9335
17.210 0.2172 0.0760 0.9051
17.250 0.2184 0.0772 0.8922
17.290 0.2206 0.0775 0.9506
17.330 0.2163 0.0783 0.9103
17.370 0.2143 0.0784 0.9105
17.411 0.2202 0.0729 0.9255
17.450 0.2266 0.0698 0.9125
17.490 0.2281 0.0719 0.9115
17.529 0.2275 0.0696 0.9105
17.571 0.2272 0.0720 0.8865
17.611 0.2305 0.0699 0.8918
17.651 0.2332 0.0692 0.8979
17.691 0.2313 0.0685 0.9052
17.729 0.2291 0.0680 0.9098
17.772 0.2246 0.0688 0.9161
17.812 0.2204 0.0678 0.9371
17.852 0.2214 0.0691 0.9394
17.891 0.2180 0.0707 0.9592
17.928 0.2109 0.0720 0.9185
17.973 0.2019 0.0683 0.9025
18.012 0.1981 0.0720 0.9165
18.053 0.1954 0.0653 0.9628
18.092 0.1953 0.0673 0.9266
18.133 0.1929 0.0740 0.9472
18.174 0.1819 0.0723 0.9531
18.214 0.1790 0.0693 0.9105
18.254 0.1779 0.0714 0.9516
18.295 0.1801 0.0695 0.9607
18.333 0.1836 0.0711 0.9528
18.373 0.1831 0.0707 0.9470
18.414 0.1839 0.0693 0.9525
18.455 0.1870 0.0697 0.9765
18.495 0.1867 0.0676 0.9623
18.534 0.1885 0.0699 0.9485
18.572 0.1887 0.0725 0.9278
18.616 0.1879 0.0737 0.9450
18.655 0.1972 0.0756 0.9326
18.695 0.2023 0.0738 0.9389
18.735 0.2068 0.0750 0.9441
18.772 0.2114 0.0785 0.9076
18.816 0.2114 0.0786 0.8905
18.856 0.2165 0.0773 0.9157
18.896 0.2182 0.0759 0.8953
18.936 0.2198 0.0712 0.9068
18.976 0.2251 0.0731 0.9107
19.017 0.2283 0.0760 0.9243
19.056 0.2307 0.0730 0.9477
19.097 0.2323 0.0719 0.9516
19.137 0.2323 0.0763 0.9566
19.176 0.2365 0.0759 0.9847
19.217 0.2343 0.0784 0.9174
19.258 0.2314 0.0818 0.9209
19.299 0.2312 0.0822 0.9138
19.338 0.2252 0.0825 0.9223
19.378 0.2226 0.0791 0.9382
19.416 0.2200 0.0828 0.9465
19.460 0.2164 0.0848 0.9224
19.499 0.2089 0.0856 0.9121
19.539 0.2054 0.0822 0.9326
19.579 0.2009 0.0803 0.9331
19.616 0.1988 0.0792 0.9039
19.660 0.1930 0.0840 0.8995
19.699 0.1875 0.0822 0.9389
19.740 0.1862 0.0791 0.8959
19.779 0.1839 0.0782 0.8919
19.819 0.1862 0.0773 0.9081
19.860 0.1918 0.0805 0.9472
19.900 0.1943 0.0817 0.9116
19.940 0.1939 0.0769 0.9204
19.980 0.2016 0.0728 0.8999
20.019 0.2117 0.0682 0.9035
20.059 0.2215 0.0765 0.9105
20.101 0.2265 0.0745 0.8949
20.141 0.2301 0.0779 0.9127
20.181 0.2382 0.0735 0.8883
20.220 0.2426 0.0741 0.9153
20.258 0.2454 0.0743 0.9388
20.302 0.2504 0.0713 0.9216
20.342 0.2519 0.0737 0.9360
20.383 0.2534 0.0706 0.8999
20.422 0.2501 0.0688 0.9124
20.459 0.2485 0.0685 0.8826
20.504 0.2461 0.0670 0.9437
20.543 0.2370 0.0679 0.9769
20.583 0.2297 0.0709 0.9400
20.623 0.2215 0.0703 0.9631
20.663 0.2136 0.0694 0.9397
20.704 0.2077 0.0668 0.9269
20.744 0.2055 0.0700 0.9435
20.784 0.1974 0.0715 0.9577
20.824 0.1893 0.0693 0.9296
20.863 0.1820 0.0678 0.9462
20.903 0.1820 0.0694 0.9473
20.944 0.1899 0.0701 0.9743
20.985 0.1861 0.0719 0.9610
21.025 0.1876 0.0718 0.9500
21.064 0.1918 0.0706 0.9576
21.102 0.1939 0.0701 0.9345
21.146 0.1995 0.0691 0.9906
21.185 0.2065 0.0675 0.9472
21.225 0.2055 0.0678 0.9378
21.265 0.2054 0.0679 0.9887
21.302 0.2135 0.0669 0.9510
21.346 0.2225 0.0658 0.9352
21.386 0.2310 0.0667 0.9383
21.426 0.2320 0.0744 0.9502
21.467 0.2356 0.0702 0.9317
21.507 0.2407 0.0686 0.9508
21.547 0.2421 0.0662 0.9385
21.588 0.2550 0.0671 0.9587
21.628 0.2621 0.0702 0.9727
21.668 0.2635 0.0703 0.9667
21.707 0.2651 0.0704 0.9503
21.747 0.2745 0.0671 0.9370
21.788 0.2769 0.0700 0.9377
21.828 0.2737 0.0742 0.9281
21.868 0.2719 0.0719 0.9452
21.908 0.2692 0.0704 0.9254
21.945 0.2664 0.0700 0.9154
21.989 0.2643 0.0706 0.9363
22.029 0.2634 0.0698 0.9791
22.069 0.2546 0.0710 0.9438
22.109 0.2477 0.0729 0.9526
22.146 0.2428 0.0708 0.9636
22.190 0.2414 0.0711 0.9555
22.229 0.2393 0.0697 0.9437
22.270 0.2335 0.0719 0.9462
22.310 0.2314 0.0736 0.9537
22.350 0.2295 0.0694 0.9767
22.390 0.2246 0.0670 0.9430
22.430 0.2248 0.0650 0.9788
22.470 0.2228 0.0673 0.9788
22.510 0.2266 0.0693 0.9706
22.550 0.2303 0.0689 0.9270
22.590 0.2299 0.0681 0.9645
22.631 0.2289 0.0675 0.9410
22.672 0.2309 0.0694 0.9276
22.712 0.2281 0.0689 0.9672
22.751 0.2256 0.0712 0.9450
22.789 0.2271 0.0709 0.9436
22.833 0.2251 0.0691 0.9378
22.872 0.2273 0.0655 0.9194
22.912 0.2290 0.0676 0.9306
22.952 0.2281 0.0695 0.9776
22.989 0.2233 0.0668 0.9337
23.034 0.2106 0.0675 0.9025
23.073 0.2063 0.0663 0.9795
23.113 0.2082 0.0669 0.9138
23.152 0.2055 0.0717 0.9822
23.193 0.2031 0.0717 0.9726
23.234 0.2030 0.0728 0.9388
23.273 0.2023 0.0692 0.9424
23.314 0.2048 0.0698 0.9074
23.354 0.2085 0.0726 0.9046
23.393 0.2106 0.0735 0.9049
23.433 0.2106 0.0748 0.9472
23.474 0.2139 0.0748 0.9172
23.515 0.2228 0.0740 0.9326
23.554 0.2323 0.0746 0.9858
23.594 0.2374 0.0739 0.9328
23.633 0.2369 0.0763 0.9442
23.676 0.2420 0.0722 0.9574
23.716 0.2506 0.0709 0.9233
23.756 0.2576 0.0719 0.9301
23.796 0.2594 0.0745 0.9800
23.833 0.2616 0.0737 0.9512
23.877 0.2628 0.0733 0.9603
23.917 0.2715 0.0730 0.9562
23.957 0.2783 0.0722 0.9196
23.997 0.2822 0.0725 0.9061
24.037 0.2808 0.0749 0.9497
24.077 0.2752 0.0747 0.8821
24.117 0.2789 0.0720 0.9215
24.158 0.2787 0.0709 0.9209
24.197 0.2749 0.0735 0.9123
24.237 0.2698 0.0741 0.9430
24.276 0.2663 0.0749 0.9412
24.318 0.2595 0.0753 0.9595
24.358 0.2557 0.0724 0.9290
24.398 0.2481 0.0725 0.9270
24.438 0.2395 0.0745 0.9273
24.476 0.2303 0.0737 0.9813
24.519 0.2274 0.0737 0.9237
24.559 0.2229 0.0740 0.9031
24.599 0.2206 0.0698 0.9469
24.639 0.2193 0.0741 0.9031
24.676 0.2225 0.0733 0.9294
24.720 0.2204 0.0735 0.9424
24.759 0.2216 0.0685 0.9512
24.800 0.2275 0.0725 0.9277
24.840 0.2309 0.0719 0.9301
24.880 0.2334 0.0741 0.9561
24.921 0.2338 0.0718 0.9109
24.961 0.2365 0.0702 0.8822
25.001 0.2349 0.0681 0.9333
25.041 0.2404 0.0678 0.8998
25.080 0.2420 0.0656 0.9085
25.120 0.2406 0.0681 0.9029
25.161 0.2356 0.0679 0.9186
25.201 0.2326 0.0689 0.9603
25.242 0.2300 0.0663 0.9215
25.281 0.2302 0.0666 0.9225
25.319 0.2250 0.0656 0.9509
25.363 0.2166 0.0701 0.9314
25.402 0.2113 0.0661 0.9478
25.442 0.2081 0.0661 0.9412
25.482 0.2063 0.0665 0.9440
25.519 0.2071 0.0655 0.9456
25.563 0.2017 0.0684 0.9714
25.603 0.2020 0.0704 0.9355
25.643 0.2078 0.0674 0.9319
25.683 0.2147 0.0681 1.0094
25.723 0.2202 0.0686 0.9935
25.764 0.2218 0.0693 0.9790
25.804 0.2267 0.0686 0.9306
25.844 0.2308 0.0682 0.9454
25.884 0.2366 0.0686 0.9303
25.924 0.2498 0.0677 0.9536
25.964 0.2666 0.0676 0.9500
26.005 0.2722 0.0691 0.9655
26.045 0.2742 0.0699 0.9638
26.085 0.2761 0.0654 0.9584
26.125 0.2791 0.0676 0.9424
26.163 0.2779 0.0663 0.9425
26.206 0.2791 0.0709 0.9638
26.246 0.2758 0.0682 0.9446
26.286 0.2726 0.0674 0.9396
26.335 0.2728 0.0661 0.9498
26.362 0.2749 0.0683 0.9349
26.407 0.2728 0.0673 0.9470
26.446 0.2629 0.0688 0.9596
26.487 0.2469 0.0685 0.9548
26.526 0.2443 0.0688 0.9476
26.566 0.2423 0.0667 0.9597
26.607 0.2379 0.0683 0.9394
26.647 0.2327 0.0690 0.9316
26.687 0.2220 0.0643 0.9146
26.727 0.2201 0.0652 0.9565
26.766 0.2234 0.0649 0.9592
26.806 0.2236 0.0632 0.9093
26.847 0.2230 0.0636 0.9252
26.888 0.2185 0.0692 0.9702
26.928 0.2152 0.0659 0.9502
26.967 0.2207 0.0655 0.9298
27.006 0.2234 0.0629 0.9298
27.050 0.2306 0.0614 0.9514
27.089 0.2313 0.0666 0.9424
27.130 0.2289 0.0666 0.9176
27.169 0.2342 0.0666 0.9568
27.207 0.2334 0.0650 0.9675
27.250 0.2330 0.0640 0.9812
27.290 0.2309 0.0692 0.8992
27.330 0.2256 0.0659 0.9367
27.370 0.2246 0.0659 0.9427
27.410 0.2237 0.0659 0.9011
27.451 0.2202 0.0652 0.9158
27.491 0.2180 0.0647 0.9145
27.531 0.2123 0.0680 0.9491
27.571 0.2057 0.0675 0.9322
27.610 0.2055 0.0649 0.9037
27.650 0.2062 0.0675 0.8915
27.691 0.2132 0.0679 0.9339
27.731 0.2127 0.0738 0.9453
27.771 0.2120 0.0727 0.9437
27.811 0.2160 0.0703 0.9677
27.849 0.2207 0.0716 0.9370
27.892 0.2283 0.0710 0.9693
27.932 0.2328 0.0710 0.9339
27.972 0.2369 0.0702 0.9200
28.012 0.2416 0.0684 0.9258
28.049 0.2489 0.0678 0.9433
28.093 0.2628 0.0667 0.9713
28.133 0.2739 0.0672 0.9597
28.174 0.2741 0.0691 0.9308
28.214 0.2797 0.0694 0.9387
28.253 0.2834 0.0694 0.9538
28.294 0.2882 0.0667 0.9474
28.334 0.2922 0.0640 0.9439
28.374 0.2900 0.0671 0.9403
28.414 0.2869 0.0682 0.9242
28.454 0.2827 0.0665 0.9615
28.494 0.2748 0.0651 0.9315
28.535 0.2730 0.0654 0.9364
28.575 0.2683 0.0684 0.9579
28.615 0.2532 0.0717 0.9613
28.654 0.2467 0.0714 0.9269
28.692 0.2380 0.0687 0.9398
28.736 0.2316 0.0684 0.9399
28.775 0.2268 0.0693 0.9495
28.816 0.2221 0.0734 0.9520
28.855 0.2164 0.0727 0.9743
28.893 0.2106 0.0689 0.9536
28.937 0.2104 0.0691 0.9453
28.976 0.2191 0.0675 0.9353
29.016 0.2190 0.0693 0.8808
29.056 0.2146 0.0684 0.9152
29.096 0.2144 0.0700 0.9314
29.137 0.2142 0.0667 0.9260
29.177 0.2173 0.0646 0.9216
29.217 0.2215 0.0666 0.9052
29.258 0.2208 0.0739 0.9112
29.298 0.2149 0.0682 0.9218
29.337 0.2129 0.0696 0.9052
29.378 0.2145 0.0659 0.9174
29.419 0.2135 0.0680 0.9166
29.459 0.2053 0.0680 0.9296
29.498 0.2030 0.0679 0.9345
29.536 0.1997 0.0687 0.9106
29.580 0.1997 0.0654 0.9140
29.619 0.2024 0.0678 0.9142
29.659 0.2025 0.0669 0.9225
29.699 0.1981 0.0699 0.9348
29.736 0.1975 0.0680 0.9348
29.780 0.1986 0.0672 0.9348
29.820 0.2021 0.0648 0.9457
29.860 0.2009 0.0654 0.9382
29.900 0.2012 0.0709 0.9085
29.940 0.2089 0.0686 0.9312
29.981 0.2072 0.0665 0.9529
30.020 0.2071 0.0652 0.9832
30.061 0.2105 0.0611 0.9270
30.101 0.2125 0.0662 0.9354
30.155 0.2094 0.0701 0.9983
30.179 0.2109 0.0675 0.9649
30.221 0.2119 0.0663 0.9366
30.261 0.2140 0.0673 0.9505
30.301 0.2197 0.0662 0.8976
30.342 0.2263 0.0708 0.9443
30.379 0.2301 0.0710 0.9532
30.423 0.2324 0.0722 0.9189
30.463 0.2371 0.0726 0.9222
30.503 0.2473 0.0716 0.9033
30.542 0.2532 0.0762 0.9109
30.580 0.2549 0.0787 0.9150
30.624 0.2588 0.0748 0.9087
30.663 0.2655 0.0775 0.9134
30.704 0.2690 0.0769 0.9372
30.743 0.2724 0.0762 0.9298
30.783 0.2720 0.0763 0.9172
30.824 0.2669 0.0749 0.9523
30.864 0.2647 0.0760 0.9053
30.904 0.2634 0.0780 0.9585
30.944 0.2598 0.0745 0.9294
30.983 0.2541 0.0794 0.9083
31.023 0.2434 0.0804 0.9230
31.064 0.2365 0.0821 0.9359
31.105 0.2280 0.0803 0.9197
31.145 0.2238 0.0792 0.9212
31.184 0.2177 0.0758 0.9172
31.221 0.2094 0.0768 0.9392
31.266 0.2005 0.0782 0.9313
31.305 0.1956 0.0770 0.8770
31.345 0.1967 0.0760 0.8675
31.385 0.1938 0.0758 0.8894
31.423 0.1924 0.0780 0.8927
31.467 0.1902 0.0787 0.8544
31.507 0.1934 0.0776 0.8703
31.547 0.1954 0.0796 0.8933
31.587 0.2035 0.0797 0.9128
31.626 0.2115 0.0769 0.8982
31.668 0.2166 0.0809 0.8732
31.707 0.2244 0.0793 0.8598
31.748 0.2303 0.0757 0.9246
31.788 0.2378 0.0712 0.8879
31.827 0.2419 0.0701 0.8875
31.866 0.2454 0.0761 0.9245
31.908 0.2457 0.0753 0.9286
31.948 0.2463 0.0726 0.9335
31.988 0.2478 0.0709 0.9355
32.028 0.2534 0.0679 0.9334
32.066 0.2554 0.0705 0.9189
32.110 0.2491 0.0756 0.9202
32.149 0.2433 0.0714 0.9194
32.189 0.2416 0.0695 0.9119
32.229 0.2385 0.0674 0.9598
32.265 0.2352 0.0668 0.9075
32.310 0.2299 0.0733 0.9431
32.350 0.2215 0.0698 0.9334
32.390 0.2182 0.0719 0.9340
32.429 0.2159 0.0678 0.9803
32.468 0.2171 0.0688 0.9518
32.510 0.2136 0.0673 0.9780
32.550 0.2093 0.0677 0.9775
32.591 0.2075 0.0665 0.9824
32.631 0.2094 0.0658 0.9835
32.670 0.2125 0.0671 0.9743
32.710 0.2176 0.0689 0.9104
32.752 0.2237 0.0699 0.9604
32.792 0.2237 0.0700 0.9703
32.832 0.2302 0.0686 0.9635
32.871 0.2398 0.0670 0.9510
32.909 0.2485 0.0698 0.9768
32.953 0.2563 0.0700 0.9645
32.992 0.2637 0.0702 0.9272
33.032 0.2688 0.0704 0.9040
33.072 0.2755 0.0668 0.9205
33.110 0.2834 0.0667 0.9450
33.153 0.2876 0.0657 0.9424
33.193 0.2844 0.0687 0.9347
33.233 0.2822 0.0674 0.9745
33.273 0.2846 0.0652 0.9507
33.313 0.2838 0.0657 0.9419
33.354 0.2789 0.0639 0.9249
33.394 0.2744 0.0649 0.9327
33.434 0.2685 0.0648 0.9352
33.474 0.2622 0.0626 0.9205
33.515 0.2572 0.0678 0.9486
33.553 0.2497 0.0699 0.9216
33.594 0.2427 0.0694 0.9456
33.635 0.2404 0.0726 0.9265
33.675 0.2428 0.0701 0.9273
33.715 0.2414 0.0660 0.9505
33.753 0.2374 0.0658 0.9321
33.797 0.2422 0.0672 0.9385
33.836 0.2470 0.0677 0.9357
33.876 0.2409 0.0683 0.9595
33.916 0.2392 0.0673 0.9716
33.953 0.2379 0.0671 0.9225
33.997 0.2389 0.0648 0.9334
34.037 0.2396 0.0674 0.9532
34.077 0.2391 0.0690 0.9612
34.117 0.2375 0.0684 0.9165
34.157 0.2306 0.0673 0.9118
34.198 0.2266 0.0653 0.9153
34.237 0.2296 0.0666 0.9443
34.278 0.2319 0.0700 0.9210
34.318 0.2260 0.0671 0.9541
34.357 0.2321 0.0664 0.9763
34.396 0.2344 0.0645 0.9353
34.438 0.2373 0.0652 0.9209
34.490 0.2311 0.0678 0.9459
34.518 0.2299 0.0661 0.9951
34.558 0.2336 0.0654 0.9152
34.596 0.2329 0.0649 0.9343
34.640 0.2340 0.0665 0.9503
34.679 0.2392 0.0675 0.9209
34.719 0.2406 0.0706 0.9274
34.759 0.2335 0.0678 0.9479
34.797 0.2289 0.0662 0.9605
34.841 0.2262 0.0672 0.9419
34.880 0.2272 0.0705 0.9381
34.921 0.2261 0.0758 0.9327
34.960 0.2325 0.0733 0.9686
35.000 0.2411 0.0747 0.9302
35.041 0.2456 0.0692 0.8930
35.081 0.2501 0.0697 0.8859
35.121 0.2547 0.0717 0.8849
35.161 0.2603 0.0728 0.9162
35.201 0.2623 0.0697 0.9055
35.240 0.2654 0.0677 0.8985
35.281 0.2753 0.0716 0.8787
35.322 0.2795 0.0718 0.9221
35.362 0.2823 0.0759 0.9250
35.401 0.2853 0.0757 0.9369
35.439 0.2829 0.0755 0.8952
35.483 0.2746 0.0757 0.9269
35.522 0.2691 0.0744 0.9084
35.563 0.2630 0.0769 0.9137
35.602 0.2588 0.0785 0.9297
35.639 0.2515 0.0777 0.9201
35.684 0.2397 0.0747 0.9203
35.723 0.2370 0.0752 0.9408
35.763 0.2321 0.0749 0.9325
35.803 0.2281 0.0750 0.9495
35.843 0.2217 0.0750 0.9290
35.884 0.2149 0.0780 0.9019
35.925 0.2126 0.0758 0.9216
35.965 0.2124 0.0784 0.9241
36.005 0.2180 0.0759 0.9516
36.044 0.2180 0.0749 0.9436
36.084 0.2135 0.0736 0.9215
36.125 0.2096 0.0744 0.9242
36.165 0.2198 0.0723 0.9335
36.205 0.2241 0.0786 0.9115
36.270 0.2268 0.0773 0.9292
36.323 0.2263 0.0737 0.9303
36.380 0.2321 0.0711 0.9454
36.406 0.2332 0.0712 0.9092
36.446 0.2339 0.0722 0.9377
36.486 0.2283 0.0739 0.9482
36.523 0.2219 0.0740 0.9680
36.567 0.2264 0.0682 0.9369
36.607 0.2294 0.0667 0.9092
36.647 0.2255 0.0687 0.9443
36.687 0.2150 0.0692 0.9603
36.727 0.2138 0.0679 0.9280
36.767 0.2064 0.0672 0.9626
36.807 0.1980 0.0646 0.8859
36.847 0.1964 0.0669 0.9270
36.887 0.1906 0.0659 0.9270
36.927 0.1842 0.0665 0.9258
36.967 0.1814 0.0678 0.9508
37.008 0.1798 0.0653 0.9291
37.050 0.1783 0.0664 0.9319
37.090 0.1814 0.0713 0.9388
37.129 0.1812 0.0692 0.9907
37.166 0.1830 0.0700 0.9544
37.210 0.1854 0.0666 0.9433
37.250 0.1868 0.0662 0.9421
37.290 0.1987 0.0692 0.9165
37.329 0.1979 0.0722 0.9961
37.367 0.1972 0.0712 0.9548
37.410 0.2018 0.0699 0.9646
37.450 0.2072 0.0687 0.9543
37.490 0.2150 0.0687 0.9525
37.530 0.2201 0.0716 0.9097
37.570 0.2181 0.0701 0.9194
37.611 0.2174 0.0695 0.9194
37.651 0.2226 0.0708 0.9118
37.691 0.2261 0.0660 0.9089
37.731 0.2282 0.0661 0.9418
37.771 0.2261 0.0663 0.9211
37.810 0.2276 0.0643 0.9167
37.851 0.2287 0.0629 0.9305
37.892 0.2314 0.0637 0.9467
37.931 0.2347 0.0619 0.9379
37.971 0.2352 0.0666 0.9125
38.009 0.2288 0.0648 0.9405
38.053 0.2301 0.0636 0.9133
38.092 0.2293 0.0668 0.9081
38.133 0.2343 0.0677 0.9215
38.173 0.2319 0.0706 0.9265
38.210 0.2287 0.0687 0.9252
38.254 0.2220 0.0687 0.9499
38.294 0.2208 0.0674 0.9441
38.334 0.2273 0.0657 0.9286
38.374 0.2364 0.0671 0.9354
38.414 0.2346 0.0677 0.9534
38.455 0.2284 0.0681 0.9496
38.494 0.2318 0.0682 0.9808
38.535 0.2336 0.0648 0.9622
38.575 0.2414 0.0661 0.9151
38.614 0.2366 0.0669 0.9593
38.654 0.2296 0.0685 0.9688
38.695 0.2302 0.0645 0.9890
38.735 0.2315 0.0634 0.9539
38.775 0.2305 0.0633 0.9649
38.815 0.2296 0.0614 0.9697
38.852 0.2221 0.0674 0.9508
38.896 0.2159 0.0666 0.9575
38.936 0.2170 0.0622 0.9519
38.976 0.2178 0.0598 0.9165
39.015 0.2209 0.0639 0.9462
39.053 0.2195 0.0669 0.9711
39.097 0.2141 0.0659 0.9528
39.137 0.2166 0.0630 0.9492
39.177 0.2206 0.0645 0.9842
39.218 0.2225 0.0614 0.9622
39.258 0.2303 0.0662 0.9568
39.298 0.2375 0.0689 0.9701
39.338 0.2381 0.0666 0.9647
39.379 0.2374 0.0673 0.9572
39.418 0.2408 0.0656 0.9582
39.458 0.2439 0.0667 0.9544
39.498 0.2469 0.0691 0.9638
39.539 0.2471 0.0708 0.9448
39.579 0.2530 0.0677 0.9618
39.619 0.2591 0.0711 0.9868
39.659 0.2633 0.0700 0.9574
39.696 0.2662 0.0708 0.9564
39.740 0.2698 0.0719 0.9718
39.780 0.2702 0.0730 0.9619
39.820 0.2767 0.0731 0.9560
39.860 0.2878 0.0714 0.9380
39.897 0.2916 0.0688 0.9431
39.941 0.2987 0.0724 0.9333
39.980 0.2994 0.0721 0.9490
40.020 0.3018 0.0701 0.9053
40.060 0.3014 0.0697 0.9038
40.100 0.3033 0.0671 0.9726
40.141 0.2961 0.0692 0.9500
40.181 0.2891 0.0724 0.9568
40.221 0.2859 0.0719 0.9529
40.261 0.2854 0.0718 0.9353
40.300 0.2775 0.0719 0.9374
40.366 0.2626 0.0753 0.9397
40.422 0.2481 0.0703 0.9620
40.463 0.2417 0.0681 0.9573
40.503 0.2360 0.0695 1.0005
40.542 0.2301 0.0715 0.9603
40.580 0.2227 0.0723 0.9826
40.624 0.2191 0.0707 0.9432
40.663 0.2258 0.0725 0.9889
40.703 0.2256 0.0704 0.9242
40.743 0.2213 0.0718 0.9664
40.780 0.2197 0.0713 0.9687
40.824 0.2162 0.0732 0.9477
40.864 0.2105 0.0697 0.9512
40.904 0.2111 0.0681 0.9305
40.944 0.2110 0.0696 0.9549
40.984 0.2065 0.0668 0.9112
41.025 0.2042 0.0709 0.9269
41.065 0.2050 0.0741 0.9343
41.105 0.2013 0.0703 0.9465
41.145 0.1979 0.0706 0.9053
41.184 0.1976 0.0700 0.9399
41.224 0.1950 0.0738 0.9443
41.265 0.1893 0.0758 0.9585
41.305 0.1843 0.0727 0.9409
41.345 0.1857 0.0758 0.9069
41.385 0.1889 0.0728 0.9277
41.423 0.1887 0.0731 0.9367
41.467 0.1894 0.0736 0.9521
41.507 0.1921 0.0749 0.9409
41.547 0.1875 0.0746 0.9268
41.587 0.1882 0.0713 0.9377
41.624 0.1881 0.0711 0.9505
41.668 0.1865 0.0719 0.9302
41.708 0.1864 0.0712 0.9540
41.748 0.1880 0.0714 0.9600
41.788 0.1902 0.0675 0.9339
41.832 0.1935 0.0657 0.9051
41.869 0.1936 0.0656 0.9229
41.908 0.1939 0.0706 0.9237
41.948 0.1987 0.0719 0.9007
41.988 0.1973 0.0688 0.8875
42.028 0.1989 0.0728 0.9266
42.068 0.1994 0.0730 0.9271
42.109 0.1998 0.0747 0.9118
42.149 0.1948 0.0718 0.9181
42.189 0.1955 0.0734 0.8702
42.228 0.1956 0.0729 0.8955
42.266 0.1934 0.0705 0.9278
42.310 0.1922 0.0717 0.9285
42.350 0.1895 0.0708 0.9132
42.390 0.1882 0.0698 0.8853
42.429 0.1817 0.0705 0.9179
42.467 0.1774 0.0705 0.9004
42.511 0.1769 0.0721 0.9384
42.550 0.1751 0.0735 0.8971
42.592 0.1725 0.0742 0.9167
42.631 0.1733 0.0728 0.9216
42.671 0.1698 0.0720 0.9255
42.711 0.1693 0.0694 0.9019
42.752 0.1697 0.0723 0.9546
42.792 0.1694 0.0726 0.9009
42.832 0.1656 0.0699 0.9358
42.871 0.1620 0.0672 0.8955
42.911 0.1617 0.0653 0.9097
42.952 0.1634 0.0667 0.8943
42.992 0.1617 0.0706 0.9001
43.032 0.1607 0.0674 0.8867
43.072 0.1621 0.0695 0.8479
43.109 0.1614 0.0682 0.8529
43.154 0.1620 0.0670 0.8333
43.193 0.1607 0.0668 0.8283
43.233 0.1573 0.0689 0.8693
43.273 0.1504 0.0693 0.8563
43.310 0.1514 0.0686 0.8563
43.354 0.1542 0.0669 0.8403
43.394 0.1554 0.0707 0.8323
43.434 0.1533 0.0707 0.8073
43.473 0.1489 0.0732 0.7993
43.514 0.1456 0.0722 0.8080
43.555 0.1435 0.0729 0.7850
43.594 0.1425 0.0707 0.7830
43.634 0.1447 0.0710 0.7724
43.675 0.1437 0.0707 0.7809
43.715 0.1440 0.0687 0.7770
43.754 0.1514 0.0704 0.7904
43.796 0.1571 0.0708 0.7616
43.836 0.1609 0.0704 0.7250
43.876 0.1608 0.0714 0.7480
43.915 0.1605 0.0691 0.7480
43.953 0.1602 0.0726 0.7154
43.997 0.1683 0.0688 0.6842
44.037 0.1703 0.0679 0.6846
44.077 0.1721 0.0770 0.6794
44.116 0.1765 0.0731 0.6846
44.153 0.1785 0.0689 0.6778
44.198 0.1830 0.0691 0.6831
44.237 0.1823 0.0691 0.6782
44.277 0.1813 0.0716 0.6506
44.317 0.1793 0.0710 0.6278
44.356 0.1806 0.0837 0.6104
44.399 0.1785 0.0696 0.6032
44.438 0.1818 0.0699 0.5844
44.478 0.1785 0.0655 0.5892
44.518 0.1774 0.0825 0.5896
44.558 0.1803 0.0725 0.5960
44.597 0.1765 0.0600 0.5606
44.638 0.1715 0.0579 0.5726
44.679 0.1662 0.0578 0.5606
44.719 0.1632 0.0533 0.5356
44.758 0.1621 0.0571 0.5494
44.797 0.1624 0.0587 0.5086
44.841 0.1520 0.0544 0.5832
44.880 0.1508 0.0589 0.5070
44.920 0.1457 0.0584 0.5402
44.960 0.1459 0.0670 0.4800
44.997 0.1413 0.0665 0.4689
45.041 0.1329 0.0679 0.4957
45.081 0.1266 0.0672 0.4529
45.121 0.1235 0.0652 0.4259
45.161 0.1217 0.0652 0.4355
45.201 0.1192 0.0658 0.4291
45.243 0.1204 0.0577 0.3909
45.282 0.1139 0.0590 0.3861
45.322 0.1123 0.0539 0.3639
45.362 0.1117 0.0516 0.3639
45.401 0.1118 0.0513 0.3751
45.441 0.1108 0.0488 0.3593
45.482 0.1099 0.0490 0.3306
45.523 0.1123 0.0518 0.3194
45.563 0.1127 0.0518 0.3194
45.602 NaN 0.0480 0.3622
45.640 NaN 0.0510 0.2924
45.684 NaN 0.0474 0.2877
45.723 NaN 0.0457 0.2654
45.763 NaN 0.0426 0.2766
45.803 NaN 0.0392 0.2717
45.841 NaN 0.0409 0.2812
45.884 NaN 0.0425 0.2160
