102.149 NaN 0.0802 0.9549
102.189 NaN 0.0827 0.9675
102.228 NaN 0.0822 0.9635
102.266 NaN 0.0825 0.9383
102.310 NaN 0.0813 0.9407
102.350 NaN 0.0786 0.9383
102.389 NaN 0.0824 0.9350
102.429 0.1327 0.0827 0.9109
102.467 0.1357 0.0803 0.9382
102.510 0.1390 0.0812 0.9571
102.550 0.1438 0.0812 0.9562
102.591 0.1434 0.0789 0.9544
102.631 0.1362 0.0826 0.8989
102.670 0.1345 0.0826 0.9034
102.711 0.1342 0.0783 0.9397
102.752 0.1383 0.0834 0.9487
102.792 0.1391 0.0808 0.9337
102.832 0.1413 0.0820 0.9219
102.871 0.1412 0.0826 0.9112
102.911 0.1432 0.0780 0.9102
102.952 0.1458 0.0808 0.9431
102.992 0.1469 0.0767 0.9142
103.032 0.1512 0.0808 0.9479
103.072 0.1534 0.0818 0.9487
103.109 0.1553 0.0810 0.9487
103.154 0.1567 0.0787 0.9161
103.193 0.1584 0.0796 0.9003
103.233 0.1614 0.0782 0.9193
103.273 0.1658 0.0817 0.9323
103.310 0.1661 0.0825 0.9085
103.354 0.1720 0.0816 0.8736
103.394 0.1748 0.0822 0.9305
103.434 0.1731 0.0821 0.9342
103.474 0.1755 0.0826 0.9884
103.514 0.1717 0.0817 0.9416
103.554 0.1671 0.0819 0.9171
103.594 0.1646 0.0796 0.9209
103.635 0.1637 0.0809 0.9171
103.675 0.1626 0.0804 0.9171
103.714 0.1635 0.0779 0.9277
103.754 0.1606 0.0810 0.9204
103.796 0.1609 0.0777 0.8967
103.836 0.1527 0.0799 0.9127
103.876 0.1475 0.0788 0.9023
103.916 0.1417 0.0811 0.9100
103.953 0.1343 0.0831 0.9019
103.997 0.1233 0.0831 0.9073
104.037 0.1192 0.0834 0.9230
104.077 0.1149 0.0823 0.8705
104.116 0.1102 0.0801 0.9433
104.153 0.1052 0.0844 0.9100
104.198 0.0971 0.0853 0.9012
104.237 0.0901 0.0844 0.8959
104.277 0.0792 0.0830 0.8959
104.317 0.0772 0.0819 0.8895
104.357 0.0750 0.0846 0.9331
104.398 0.0763 0.0814 0.9428
104.438 0.0759 0.0862 0.9193
104.478 0.0784 0.0828 0.8992
104.518 0.0737 0.0834 0.8972
104.557 0.0732 0.0831 0.8675
104.597 0.0701 0.0853 0.9218
104.638 0.0701 0.0842 0.9196
104.679 0.0691 0.0837 0.9141
104.719 0.0711 0.0844 0.9024
104.758 0.0743 0.0844 0.9060
104.797 0.0714 0.0837 0.8938
104.841 0.0687 0.0831 0.8973
104.880 0.0651 0.0819 0.9113
104.920 0.0659 0.0811 0.8956
104.960 0.0656 0.0800 0.8996
104.997 0.0684 0.0820 0.8996
105.041 0.0675 0.0783 0.8751
105.081 0.0664 0.0775 0.8723
105.121 0.0631 0.0804 0.9372
105.161 0.0610 0.0795 0.8924
105.201 0.0550 0.0758 0.8949
105.242 0.0488 0.0815 0.8889
105.281 0.0434 0.0787 0.8783
105.322 0.0388 0.0785 0.8801
105.362 0.0351 0.0759 0.9027
105.401 0.0320 0.0761 0.8805
105.441 0.0273 0.0767 0.8943
105.482 0.0238 0.0775 0.8530
105.522 0.0230 0.0777 0.8943
105.562 0.0276 0.0784 0.9115
105.602 0.0338 0.0765 0.8805
105.639 0.0445 0.0751 0.8789
105.683 0.0561 0.0761 0.8739
105.723 0.0636 0.0804 0.8739
105.763 0.0726 0.0780 0.8739
105.802 0.0801 0.0761 0.8522
105.841 0.0860 0.0802 0.8826
105.884 0.0927 0.0782 0.8679
105.925 0.0952 0.0788 0.8965
105.965 0.0960 0.0785 0.8623
106.004 0.0970 0.0768 0.8793
106.044 0.0951 0.0766 0.8866
106.085 0.0922 0.0770 0.8419
106.125 0.0826 0.0773 0.8890
106.165 0.0711 0.0804 0.9089
106.205 0.0639 0.0802 0.8919
106.245 0.0585 0.0774 0.8683
106.284 0.0532 0.0791 0.8649
106.326 0.0499 0.0785 0.8683
106.366 0.0423 0.0783 0.9093
106.406 0.0367 0.0807 0.9237
106.445 0.0335 0.0773 0.9133
106.483 0.0332 0.0800 0.9003
106.527 0.0307 0.0785 0.8913
106.567 0.0263 0.0803 0.8889
106.606 0.0210 0.0809 0.8893
106.695 0.0152 0.0785 0.8699
106.723 0.0105 0.0774 0.8723
106.767 0.0128 0.0784 0.8821
106.807 0.0101 0.0790 0.8873
106.847 0.0123 0.0780 0.8933
106.887 0.0178 0.0751 0.8513
106.927 0.0237 0.0769 0.8913
106.968 0.0288 0.0752 0.8967
107.008 0.0319 0.0791 0.9017
107.049 0.0424 0.0771 0.8967
107.089 0.0538 0.0751 0.8609
107.128 0.0692 0.0754 0.8723
107.168 0.0849 0.0772 0.8833
107.209 0.1028 0.0762 0.8859
107.250 0.1096 0.0786 0.8800
107.290 0.1132 0.0792 0.9183
107.329 0.1203 0.0767 0.8822
107.366 0.1222 0.0773 0.8936
107.410 0.1242 0.0789 0.9079
107.450 0.1216 0.0811 0.9115
107.490 0.1187 0.0821 0.8939
107.530 0.1138 0.0774 0.9093
107.567 0.1113 0.0782 0.9052
107.611 0.1090 0.0754 0.9165
107.651 0.1022 0.0775 0.8999
107.691 0.0925 0.0791 0.9632
107.731 0.0831 0.0782 0.9152
107.770 0.0822 0.0787 0.9222
107.811 0.0814 0.0772 0.9525
107.851 0.0830 0.0796 0.9039
107.892 0.0813 0.0810 0.8896
107.931 0.0808 0.0803 0.9128
107.971 0.0777 0.0784 0.8985
108.010 0.0740 0.0757 0.8985
108.052 0.0690 0.0770 0.8985
108.092 0.0678 0.0769 0.9154
108.133 0.0655 0.0780 0.9085
108.173 0.0609 0.0774 0.9322
108.210 0.0598 0.0818 0.8645
108.254 0.0631 0.0783 0.9169
108.294 0.0649 0.0759 0.9085
108.334 0.0634 0.0788 0.9229
108.373 0.0619 0.0784 0.9407
108.411 0.0591 0.0769 0.9389
108.455 0.0644 0.0749 0.9035
108.494 0.0751 0.0782 0.9385
108.535 0.0810 0.0781 0.9172
108.574 0.0790 0.0772 0.9314
108.614 0.0743 0.0761 0.9152
108.655 0.0717 0.0773 0.8891
108.695 0.0721 0.0770 0.8905
108.735 0.0717 0.0759 0.9399
108.775 0.0698 0.0775 0.9451
108.815 0.0645 0.0766 0.9376
108.854 0.0590 0.0763 0.9306
108.895 0.0585 0.0766 0.9156
108.936 0.0582 0.0783 0.9181
108.976 0.0539 0.0788 0.9402
109.015 0.0506 0.0790 0.9052
109.053 0.0489 0.0794 0.9166
109.097 0.0440 0.0771 0.8862
109.137 0.0471 0.0771 0.8862
109.176 0.0497 0.0778 0.9121
109.217 0.0504 0.0806 0.9412
109.255 0.0474 0.0791 0.9465
109.298 0.0507 0.0797 0.9682
109.338 0.0607 0.0741 0.9682
109.378 0.0691 0.0753 0.9412
109.418 0.0757 0.0782 0.9391
109.458 0.0821 0.0793 0.9304
109.499 0.0877 0.0770 0.9314
109.538 0.0858 0.0792 0.9021
109.579 0.0866 0.0773 0.9214
109.619 0.0878 0.0795 0.9182
109.658 0.0860 0.0804 0.9156
109.697 0.0808 0.0799 0.9731
109.739 0.0766 0.0789 0.9616
109.779 0.0687 0.0782 0.9218
109.819 0.0609 0.0793 0.9346
109.859 0.0495 0.0804 0.9218
109.897 0.0358 0.0789 0.9315
109.940 0.0230 0.0809 0.9326
109.980 0.0114 0.0768 0.9218
110.020 0.0081 0.0782 0.9218
110.060 0.0067 0.0796 0.9582
110.096 0.0055 0.0811 0.9582
110.141 0.0045 0.0794 0.9582
110.181 0.0062 0.0792 0.9314
110.221 0.0068 0.0764 0.9450
110.261 0.0087 0.0775 0.9389
110.300 0.0092 0.0794 0.9462
110.342 0.0076 0.0795 0.9302
110.382 0.0062 0.0762 0.9302
110.422 0.0088 0.0761 0.9138
110.462 0.0249 0.0765 0.9478
110.502 0.0415 0.0780 0.9478
110.541 0.0543 0.0764 0.9302
110.583 0.0650 0.0767 0.9198
110.623 0.0764 0.0789 0.9137
110.663 0.0894 0.0766 0.9164
110.702 0.0981 0.0791 0.9494
110.740 0.1043 0.0792 0.9372
110.784 0.1118 0.0792 0.9339
110.824 0.1203 0.0760 0.8528
110.864 0.1280 0.0760 0.8798
110.903 0.1333 0.0808 0.8828
110.941 0.1358 0.0794 0.9142
110.985 0.1350 0.0797 0.8988
111.024 0.1319 0.0825 0.8576
111.064 0.1311 0.0808 0.8713
111.104 0.1327 0.0806 0.8743
111.144 0.1342 0.0820 0.9125
111.185 0.1360 0.0831 0.8802
111.225 0.1402 0.0817 0.8915
111.265 0.1389 0.0783 0.9106
111.305 0.1388 0.0780 0.8978
111.344 0.1354 0.0805 0.8590
111.384 0.1333 0.0829 0.8590
111.425 0.1291 0.0798 0.8756
111.467 0.1204 0.0788 0.9072
111.506 0.1146 0.0807 0.8867
111.546 0.1105 0.0781 0.8681
111.583 0.1050 0.0812 0.8905
111.627 0.0984 0.0831 0.8486
111.667 0.0959 0.0768 0.8736
111.707 0.0930 0.0782 0.8376
111.747 0.0946 0.0802 0.8719
111.784 0.0948 0.0799 0.8669
111.828 0.0985 0.0843 0.8958
111.868 0.0936 0.0814 0.8789
111.908 0.0913 0.0812 0.8789
111.948 0.0898 0.0796 0.8738
111.988 0.0887 0.0777 0.9018
112.029 0.0937 0.0839 0.8595
112.068 0.0947 0.0839 0.8583
112.109 0.0948 0.0805 0.8732
112.148 0.0928 0.0773 0.8928
112.188 0.0933 0.0778 0.9007
112.230 0.0912 0.0779 0.9116
112.269 0.0894 0.0796 0.8535
112.309 0.0857 0.0771 0.9055
112.349 0.0910 0.0775 0.8775
112.389 0.0943 0.0783 0.8419
112.426 0.0913 0.0759 0.8869
112.471 0.0968 0.0767 0.9299
112.510 0.0924 0.0794 0.8809
112.550 0.0924 0.0782 0.8820
112.591 0.0912 0.0749 0.8975
112.627 0.0949 0.0757 0.8625
112.672 0.0928 0.0840 0.8822
112.712 0.0923 0.0796 0.9179
112.752 0.0903 0.0771 0.9239
112.791 0.0897 0.0809 0.9104
112.832 0.0866 0.0772 0.9084
112.872 0.0844 0.0790 0.8956
112.912 0.0873 0.0851 0.8906
112.952 0.0837 0.0839 0.9149
112.992 0.0832 0.0831 0.9093
113.032 0.0823 0.0831 0.9365
113.071 0.0846 0.0799 0.9163
113.112 0.0846 0.0871 0.9089
113.153 0.0860 0.0873 0.9044
113.193 0.0863 0.0834 0.9195
113.232 0.0881 0.0851 0.8830
113.270 0.0899 0.0812 0.9060
113.314 0.0909 0.0826 0.9647
113.354 0.0908 0.0877 0.9587
113.393 0.0857 0.0870 0.9587
113.433 0.0821 0.0823 0.9582
113.470 0.0822 0.0803 0.9470
113.515 0.0846 0.0810 0.9641
113.554 0.0828 0.0824 0.9119
113.594 0.0819 0.0831 0.9333
113.634 0.0812 0.0813 0.8869
113.675 0.0839 0.0814 0.8618
113.716 0.0846 0.0827 0.8778
113.756 0.0874 0.0836 0.9102
113.796 0.0921 0.0826 0.9355
113.836 0.1001 0.0833 0.9648
113.875 0.1098 0.0856 0.9439
113.915 0.1198 0.0840 0.8930
113.956 0.1246 0.0851 0.9200
113.996 0.1252 0.0866 0.8815
114.036 0.1318 0.0851 0.9179
114.076 0.1349 0.0851 0.9514
114.113 0.1359 0.0839 0.9294
114.158 0.1332 0.0838 1.0040
114.197 0.1360 0.0844 0.9295
114.237 0.1386 0.0847 0.9167
114.277 0.1366 0.0825 0.9454
114.314 0.1340 0.0821 0.9375
114.358 0.1268 0.0818 0.9006
114.398 0.1237 0.0828 0.9001
114.438 0.1222 0.0848 0.9282
114.478 0.1195 0.0837 0.9021
114.518 0.1149 0.0831 0.9387
114.559 0.1096 0.0793 0.9042
114.598 0.1092 0.0819 0.8858
114.639 0.1158 0.0798 0.9355
114.678 0.1203 0.0815 0.9124
114.718 0.1187 0.0813 0.9124
114.758 0.1235 0.0800 0.8446
114.800 0.1257 0.0804 0.8904
114.840 0.1266 0.0814 0.9154
114.880 0.1291 0.0804 0.8930
114.920 0.1301 0.0804 0.9304
114.957 0.1308 0.0801 0.9088
115.001 0.1346 0.0782 0.9121
115.041 0.1397 0.0809 0.9410
115.081 0.1486 0.0818 0.8602
115.120 0.1531 0.0808 0.8952
115.158 0.1542 0.0810 0.9270
115.202 0.1596 0.0808 0.9142
115.241 0.1630 0.0802 0.9140
115.281 0.1638 0.0850 0.8959
115.321 0.1683 0.0829 0.9023
115.361 0.1711 0.0836 0.9042
115.402 0.1699 0.0809 0.9129
115.442 0.1752 0.0815 0.9232
115.482 0.1826 0.0819 0.9291
115.522 0.1840 0.0846 0.9257
115.561 0.1800 0.0824 0.9290
115.601 0.1739 0.0817 0.9560
115.642 0.1684 0.0818 0.9515
115.683 0.1651 0.0816 0.8915
115.723 0.1593 0.0822 0.9259
115.762 0.1561 0.0800 0.9173
115.800 0.1502 0.0800 0.8756
115.844 0.1474 0.0769 0.8843
115.884 0.1448 0.0781 0.8593
115.924 0.1404 0.0767 0.9249
115.964 0.1318 0.0782 0.9174
116.001 0.1281 0.0782 0.8475
116.045 0.1265 0.0789 0.8682
116.085 0.1288 0.0789 0.8833
116.125 0.1331 0.0774 0.9094
116.165 0.1341 0.0781 0.9213
116.205 0.1355 0.0793 0.8963
116.246 0.1386 0.0796 0.8839
116.285 0.1404 0.0760 0.9287
116.326 0.1342 0.0783 0.9302
116.366 0.1354 0.0774 0.9047
116.405 0.1430 0.0803 0.8903
116.445 0.1446 0.0774 0.9133
116.486 0.1425 0.0807 0.9135
116.526 0.1461 0.0754 0.9232
116.567 0.1447 0.0815 0.9246
116.606 0.1477 0.0820 0.8923
116.643 0.1456 0.0788 0.9022
116.688 0.1458 0.0766 0.8802
116.727 0.1425 0.0822 0.8912
116.767 0.1414 0.0788 0.9152
116.807 0.1451 0.0814 0.9046
116.844 0.1487 0.0800 0.8846
116.888 0.1432 0.0814 0.9379
116.928 0.1437 0.0784 0.9022
116.968 0.1504 0.0805 0.9206
117.008 0.1503 0.0811 0.9442
117.049 0.1544 0.0832 0.9297
117.089 0.1482 0.0823 0.9368
117.129 0.1472 0.0839 0.9268
117.169 0.1463 0.0837 0.8981
117.209 0.1470 0.0816 0.9304
117.249 0.1455 0.0834 0.8997
117.288 0.1475 0.0841 0.9035
117.330 0.1493 0.0833 0.9475
117.370 0.1538 0.0845 0.9395
117.410 0.1555 0.0848 0.9152
117.450 0.1531 0.0836 0.9173
117.487 0.1521 0.0859 0.9333
117.531 0.1491 0.0846 0.9259
117.571 0.1510 0.0834 0.9166
117.611 0.1525 0.0804 0.9166
117.650 0.1528 0.0807 0.9220
117.687 0.1555 0.0860 0.9158
117.731 0.1564 0.0860 0.9388
117.771 0.1580 0.0832 0.9482
117.811 0.1620 0.0796 0.9102
117.851 0.1607 0.0811 0.9274
117.891 0.1644 0.0786 0.9291
117.932 0.1711 0.0818 0.9274
117.972 0.1769 0.0788 0.9012
118.012 0.1768 0.0786 0.9041
118.052 0.1788 0.0780 0.9195
118.092 0.1794 0.0819 0.8997
118.132 0.1815 0.0813 0.9157
118.173 0.1815 0.0800 0.8950
118.213 0.1811 0.0790 0.8991
118.253 0.1792 0.0794 0.9217
118.293 0.1735 0.0785 0.9033
118.331 0.1671 0.0772 0.9312
118.375 0.1577 0.0808 0.9041
118.414 0.1532 0.0789 0.9215
118.454 0.1462 0.0776 0.8905
118.494 0.1441 0.0793 0.8877
118.531 0.1425 0.0815 0.8896
118.575 0.1383 0.0797 0.8872
118.615 0.1347 0.0799 0.9409
118.655 0.1326 0.0780 0.9189
118.695 0.1320 0.0781 0.9589
118.735 0.1336 0.0786 0.8655
118.776 0.1363 0.0774 0.8898
118.815 0.1391 0.0786 0.8977
118.856 0.1449 0.0781 0.9363
118.895 0.1461 0.0801 0.9183
118.935 0.1389 0.0784 0.9045
118.975 0.1383 0.0803 0.9345
119.016 0.1364 0.0851 0.9142
119.056 0.1351 0.0806 0.9042
119.096 0.1384 0.0794 0.9115
119.136 0.1422 0.0791 0.8873
119.174 0.1403 0.0755 0.8556
119.217 0.1397 0.0834 0.8990
119.258 0.1355 0.0825 0.8882
119.298 0.1333 0.0806 0.9401
119.338 0.1353 0.0816 0.9394
119.374 0.1333 0.0775 0.9103
119.419 0.1361 0.0796 0.9455
119.458 0.1385 0.0796 0.9467
119.499 0.1395 0.0785 0.9239
119.538 0.1398 0.0804 0.8753
119.578 0.1404 0.0759 0.9121
119.619 0.1379 0.0760 0.9057
119.659 0.1404 0.0804 0.8639
119.699 0.1423 0.0778 0.8942
119.739 0.1438 0.0799 0.8915
119.779 0.1482 0.0777 0.8868
119.818 0.1492 0.0766 0.9317
119.859 0.1461 0.0783 0.9171
119.900 0.1448 0.0797 0.9063
119.940 0.1439 0.0791 0.9047
119.979 0.1432 0.0798 0.8944
120.017 0.1429 0.0787 0.8915
120.061 0.1414 0.0798 0.8798
120.100 0.1359 0.0799 0.8902
120.140 0.1298 0.0809 0.8762
120.180 0.1229 0.0819 0.8846
120.217 0.1187 0.0797 0.9053
120.261 0.1175 0.0797 0.9109
120.301 0.1147 0.0805 0.8927
120.342 0.1120 0.0802 0.9290
120.382 0.1117 0.0800 0.9020
120.422 0.1145 0.0774 0.8881
120.463 0.1164 0.0775 0.9012
120.503 0.1193 0.0786 0.9124
120.543 0.1216 0.0793 0.9186
120.583 0.1260 0.0799 0.9630
120.622 0.1277 0.0803 0.9132
120.662 0.1338 0.0786 0.9242
120.703 0.1426 0.0822 0.9189
120.743 0.1461 0.0813 0.9302
120.783 0.1441 0.0828 0.9217
120.823 0.1414 0.0809 0.9109
120.860 0.1411 0.0831 0.9019
120.905 0.1403 0.0819 0.9161
120.944 0.1403 0.0821 0.9540
120.984 0.1371 0.0820 0.9046
121.024 0.1335 0.0821 0.8965
121.061 0.1289 0.0800 0.9053
121.105 0.1324 0.0793 0.9009
121.145 0.1317 0.0790 0.8971
121.185 0.1240 0.0807 0.9136
121.225 0.1166 0.0808 0.9423
121.264 0.1145 0.0777 0.9039
121.306 0.1151 0.0778 0.9388
121.345 0.1158 0.0759 0.9249
121.385 0.1193 0.0764 0.9137
121.425 0.1168 0.0768 0.9173
121.466 0.1161 0.0770 0.9137
121.506 0.1149 0.0777 0.9013
121.547 0.1134 0.0764 0.8855
121.587 0.1092 0.0761 0.8875
121.627 0.1069 0.0761 0.9293
121.667 0.1064 0.0768 0.9542
121.704 0.1074 0.0744 0.9266
121.748 0.1118 0.0733 0.9283
121.788 0.1177 0.0742 0.9283
121.828 0.1252 0.0763 0.9280
121.867 0.1285 0.0757 0.9143
121.905 0.1309 0.0752 0.9205
121.949 0.1404 0.0737 0.9138
121.988 0.1493 0.0751 0.8982
122.028 0.1612 0.0757 0.9531
122.068 0.1738 0.0781 0.9593
122.108 0.1825 0.0775 0.9498
122.149 0.1904 0.0778 0.9196
122.189 0.1984 0.0774 0.9391
122.229 0.2009 0.0785 0.9212
122.269 0.1990 0.0777 0.9965
122.308 0.1977 0.0769 0.9615
122.348 0.1970 0.0768 0.9376
122.389 0.1999 0.0754 0.9372
122.430 0.1963 0.0754 0.9282
122.470 0.1915 0.0773 0.9288
122.509 0.1892 0.0780 0.9305
122.547 0.1835 0.0761 0.9416
122.591 0.1772 0.0778 0.9400
122.659 0.1733 0.0752 0.9309
122.711 0.1685 0.0747 0.9259
122.751 0.1697 0.0742 0.9255
122.788 0.1737 0.0769 0.9410
122.832 0.1770 0.0717 0.9371
122.872 0.1805 0.0718 0.9249
122.912 0.1833 0.0717 0.9249
122.952 0.1894 0.0738 0.9197
122.992 0.1914 0.0713 0.9261
123.032 0.1907 0.0724 0.9063
123.072 0.1909 0.0692 0.9454
123.112 0.1962 0.0725 0.9327
123.153 0.2012 0.0784 0.8910
123.192 0.2063 0.0770 0.9108
123.232 0.2087 0.0749 0.9422
123.273 0.2078 0.0766 0.9250
123.313 0.2087 0.0759 0.8919
123.353 0.2092 0.0799 0.9636
123.393 0.2053 0.0795 0.9138
123.430 0.2000 0.0785 0.9173
123.474 0.1936 0.0759 0.9061
123.514 0.1921 0.0765 0.8947
123.554 0.1959 0.0770 0.9034
123.593 0.1942 0.0797 0.9034
123.632 0.1904 0.0791 0.9486
123.675 0.1884 0.0781 0.9182
123.715 0.1919 0.0756 0.9198
123.756 0.1926 0.0820 0.9502
123.795 0.1888 0.0853 0.9159
123.835 0.1808 0.0836 0.9142
123.876 0.1780 0.0816 0.9027
123.916 0.1798 0.0821 0.9499
123.956 0.1816 0.0819 0.8944
123.996 0.1905 0.0800 0.9524
124.035 0.1887 0.0858 0.8908
124.075 0.1887 0.0848 0.9236
124.116 0.1899 0.0804 0.8938
124.157 0.1885 0.0785 0.9173
124.197 0.1882 0.0798 0.9159
124.236 0.1862 0.0814 0.9270
124.274 0.1842 0.0828 0.9431
124.318 0.1879 0.0824 0.9271
124.358 0.1889 0.0813 0.9126
124.398 0.1888 0.0815 0.9301
124.437 0.1888 0.0802 0.8869
124.474 0.1819 0.0844 0.8922
124.518 0.1786 0.0789 0.8922
124.558 0.1777 0.0804 0.8661
124.598 0.1749 0.0814 0.8810
124.638 0.1741 0.0817 0.9128
124.678 0.1688 0.0824 0.8938
124.719 0.1633 0.0837 0.9052
124.759 0.1618 0.0816 0.9152
124.800 0.1591 0.0792 0.8990
124.840 0.1574 0.0835 0.8791
124.879 0.1539 0.0849 0.9127
124.919 0.1514 0.0869 0.9401
124.960 0.1504 0.0824 0.9178
125.000 0.1484 0.0828 0.9249
125.040 0.1465 0.0779 0.8969
125.080 0.1469 0.0830 0.9211
125.117 0.1456 0.0829 0.9430
125.163 0.1441 0.0810 0.8989
125.201 0.1463 0.0817 0.8989
125.241 0.1500 0.0799 0.8977
125.281 0.1522 0.0784 0.9304
125.318 0.1556 0.0794 0.9353
125.362 0.1603 0.0766 0.8835
125.402 0.1623 0.0795 0.9098
125.442 0.1642 0.0803 0.9173
125.482 0.1649 0.0775 0.9679
125.522 0.1669 0.0775 0.9549
125.563 0.1699 0.0807 0.9233
125.602 0.1688 0.0781 0.9172
125.643 0.1683 0.0781 0.9172
125.683 0.1691 0.0762 0.9196
125.722 0.1754 0.0774 0.9012
125.762 0.1775 0.0787 0.9359
125.803 0.1780 0.0803 0.9407
125.843 0.1702 0.0817 0.9002
125.883 0.1712 0.0767 0.9029
125.924 0.1700 0.0765 0.9135
125.961 0.1666 0.0822 0.9237
126.005 0.1648 0.0800 0.9717
126.045 0.1601 0.0769 0.9368
126.085 0.1588 0.0749 0.9642
126.125 0.1619 0.0755 0.9266
126.162 0.1637 0.0766 0.9206
126.207 0.1582 0.0796 0.9390
126.245 0.1572 0.0792 0.9452
126.285 0.1527 0.0784 0.9383
126.325 0.1544 0.0769 0.9333
126.365 0.1578 0.0771 0.9342
126.406 0.1573 0.0790 0.9095
126.446 0.1565 0.0806 0.9319
126.486 0.1598 0.0797 0.9619
126.526 0.1618 0.0766 0.9703
126.565 0.1651 0.0780 0.9482
126.605 0.1643 0.0791 0.9377
126.646 0.1651 0.0780 0.9345
126.687 0.1631 0.0772 0.9257
126.727 0.1615 0.0758 0.9214
126.766 0.1633 0.0757 0.9292
126.803 0.1666 0.0754 0.8999
126.848 0.1669 0.0793 0.9128
126.887 0.1674 0.0758 0.9192
126.927 0.1710 0.0784 0.9402
126.967 0.1749 0.0764 0.9421
127.006 0.1764 0.0765 0.9151
127.049 0.1759 0.0790 0.9150
127.089 0.1735 0.0820 0.9223
127.129 0.1716 0.0809 0.9477
127.169 0.1713 0.0770 0.9163
127.209 0.1712 0.0777 0.9452
127.250 0.1689 0.0790 0.9415
127.290 0.1666 0.0803 0.9328
127.330 0.1628 0.0820 0.9303
127.370 0.1544 0.0812 0.9202
127.409 0.1508 0.0801 0.8901
127.449 0.1437 0.0797 0.8959
127.490 0.1374 0.0814 0.9472
127.531 0.1338 0.0844 0.9281
127.570 0.1308 0.0839 0.9161
127.610 0.1314 0.0780 0.9182
127.647 0.1290 0.0797 0.9416
127.691 0.1236 0.0809 0.9576
127.731 0.1177 0.0835 0.9389
127.771 0.1148 0.0817 0.9279
127.811 0.1122 0.0808 0.9472
127.848 0.1123 0.0817 0.8963
127.892 0.1152 0.0822 0.8965
127.931 0.1200 0.0830 0.9301
127.972 0.1217 0.0824 0.9401
128.011 0.1201 0.0824 0.9775
128.051 0.1242 0.0830 0.9666
128.092 0.1259 0.0832 0.9666
128.133 0.1284 0.0845 0.9479
128.173 0.1330 0.0864 0.9403
128.213 0.1385 0.0856 0.9392
128.253 0.1412 0.0878 0.9315
128.292 0.1420 0.0830 0.9205
128.334 0.1464 0.0859 0.9347
128.416 0.1427 0.0872 0.9206
128.454 0.1416 0.0853 0.9491
128.493 0.1415 0.0830 0.9182
128.531 0.1408 0.0875 0.9253
128.575 0.1368 0.0865 0.9425
128.615 0.1341 0.0893 0.9174
128.655 0.1300 0.0877 0.8983
128.694 0.1235 0.0861 0.9031
128.731 0.1201 0.0864 0.9135
128.775 0.1181 0.0881 0.9019
128.815 0.1126 0.0902 0.9029
128.855 0.1060 0.0867 0.9172
128.895 0.1029 0.0883 0.9302
128.935 0.1006 0.0873 0.9002
128.976 0.0992 0.0868 0.9236
129.016 0.0976 0.0867 0.9602
129.056 0.0991 0.0869 0.9542
129.096 0.0997 0.0841 0.9332
129.135 0.1005 0.0841 0.9306
129.175 0.1059 0.0829 0.9382
129.217 0.1100 0.0848 0.9377
129.258 0.1095 0.0854 0.9542
129.298 0.1132 0.0845 0.9464
129.337 0.1172 0.0852 0.9464
129.375 0.1180 0.0832 0.9174
129.419 0.1227 0.0866 0.9187
129.458 0.1232 0.0877 0.9325
129.498 0.1188 0.0868 0.9371
129.538 0.1128 0.0842 0.9423
129.575 0.1099 0.0831 0.8916
129.619 0.1095 0.0835 0.9362
129.659 0.1097 0.0881 0.9467
129.699 0.1108 0.0882 0.9332
129.739 0.1144 0.0882 0.9450
129.779 0.1165 0.0845 0.9450
129.820 0.1211 0.0833 0.9269
129.859 0.1240 0.0874 0.9623
129.900 0.1210 0.0875 0.9250
129.939 0.1178 0.0870 0.9737
129.979 0.1184 0.0887 0.9194
130.019 0.1210 0.0859 0.9197
130.060 0.1248 0.0835 0.9430
130.100 0.1285 0.0838 0.9252
130.140 0.1297 0.0842 0.9396
130.180 0.1259 0.0839 0.9174
130.218 0.1208 0.0822 0.9326
130.262 0.1208 0.0825 0.9441
130.301 0.1136 0.0842 0.9353
130.342 0.1096 0.0844 0.9366
130.381 0.1143 0.0840 0.9634
130.419 0.1207 0.0847 0.9453
130.463 0.1269 0.0821 0.9565
130.502 0.1335 0.0820 0.9322
130.543 0.1380 0.0835 0.9502
130.583 0.1362 0.0824 0.9178
130.622 0.1350 0.0824 0.9315
130.663 0.1440 0.0828 0.9249
130.703 0.1497 0.0816 0.9311
130.743 0.1540 0.0823 0.9727
130.783 0.1579 0.0812 0.9107
130.823 0.1611 0.0809 0.9257
130.875 0.1547 0.0815 0.9315
130.903 0.1509 0.0805 0.9382
130.944 0.1484 0.0790 0.9472
130.984 0.1465 0.0773 0.9200
131.024 0.1440 0.0807 0.9364
131.061 0.1416 0.0786 0.9068
131.105 0.1418 0.0783 0.9030
131.144 0.1322 0.0772 0.9030
131.184 0.1258 0.0786 0.9096
131.224 0.1205 0.0770 0.9490
131.261 0.1173 0.0791 0.9449
131.305 0.1133 0.0770 0.9753
131.345 0.1145 0.0789 0.9442
131.385 0.1132 0.0783 0.9442
131.425 0.1132 0.0815 0.9095
131.465 0.1127 0.0812 0.9255
131.507 0.1083 0.0801 0.9567
131.547 0.1119 0.0792 0.9734
131.587 0.1076 0.0787 0.9488
131.627 0.1110 0.0835 0.9409
131.666 0.1126 0.0841 0.9232
131.706 0.1123 0.0860 0.9337
131.747 0.1065 0.0776 0.9568
131.788 0.1079 0.0784 0.9635
131.828 0.1086 0.0831 0.9404
131.867 0.1137 0.0839 0.9692
131.905 0.1169 0.0808 0.9498
131.949 0.1182 0.0819 0.9436
131.988 0.1215 0.0804 0.9123
132.028 0.1219 0.0813 0.9059
132.068 0.1267 0.0842 0.9348
132.105 0.1285 0.0842 0.9681
132.149 0.1343 0.0843 0.9275
132.189 0.1348 0.0824 0.9353
132.229 0.1404 0.0825 0.9623
132.269 0.1435 0.0827 0.9327
132.308 0.1431 0.0853 0.9161
132.349 0.1422 0.0816 0.9214
132.389 0.1409 0.0838 0.9521
132.430 0.1419 0.0844 0.9521
132.469 0.1425 0.0847 0.9511
132.509 0.1400 0.0836 0.9312
132.550 0.1354 0.0864 0.9250
132.591 0.1336 0.0824 0.9202
132.631 0.1253 0.0823 0.9818
132.671 0.1257 0.0832 0.9501
132.711 0.1281 0.0863 0.9501
132.748 0.1276 0.0841 0.9775
132.792 0.1299 0.0851 0.9095
132.832 0.1341 0.0832 0.9079
132.872 0.1350 0.0811 0.9194
132.911 0.1348 0.0821 0.9604
132.948 0.1343 0.0821 0.9695
132.993 0.1369 0.0823 0.9604
133.032 0.1430 0.0818 0.9216
133.072 0.1457 0.0800 0.9243
133.112 0.1534 0.0814 0.9107
133.151 0.1540 0.0865 0.9131
133.193 0.1503 0.0867 0.9041
133.233 0.1478 0.0837 0.9206
133.273 0.1450 0.0844 0.9041
133.313 0.1382 0.0854 0.9276
133.352 0.1352 0.0849 0.9200
133.392 0.1301 0.0857 0.9173
133.433 0.1260 0.0864 0.9050
133.474 0.1225 0.0845 0.8910
133.514 0.1152 0.0823 0.9404
133.553 0.1112 0.0852 0.9260
133.592 0.1009 0.0858 0.9020
133.635 0.0946 0.0848 0.9031
133.675 0.0894 0.0844 0.9368
133.715 0.0874 0.0883 0.9377
133.755 0.0820 0.0848 0.9223
133.792 0.0788 0.0883 0.9178
133.836 0.0741 0.0868 0.9135
133.876 0.0757 0.0846 0.9072
133.916 0.0764 0.0848 0.9504
133.956 0.0747 0.0849 0.9542
133.995 0.0768 0.0847 0.9542
134.037 0.0776 0.0837 0.9454
134.077 0.0799 0.0844 0.9664
134.117 0.0807 0.0842 0.9167
134.157 0.0826 0.0810 0.9216
134.196 0.0821 0.0838 0.9216
134.236 0.0838 0.0857 0.9292
134.277 0.0854 0.0854 0.9227
134.318 0.0836 0.0812 0.9162
134.357 0.0780 0.0824 0.8903
134.397 0.0770 0.0813 0.9137
134.434 0.0795 0.0813 0.9056
134.479 0.0806 0.0817 0.9227
134.518 0.0807 0.0823 0.9196
134.558 0.0858 0.0840 0.9173
134.598 0.0885 0.0808 0.9150
134.635 0.0901 0.0812 0.9173
134.679 0.0939 0.0822 0.9333
134.719 0.0952 0.0860 0.9007
134.759 0.0968 0.0818 0.9390
134.799 0.1011 0.0801 0.8957
134.839 0.1077 0.0812 0.9284
134.880 0.1104 0.0822 0.9256
134.920 0.1061 0.0803 0.9203
134.960 0.1021 0.0823 0.8957
135.000 0.0964 0.0815 0.9161
135.040 0.0900 0.0813 0.9517
135.079 0.0831 0.0831 0.9464
135.121 0.0811 0.0844 0.9189
135.161 0.0786 0.0860 0.9179
135.201 0.0770 0.0806 0.9179
135.241 0.0775 0.0801 0.9179
135.278 0.0790 0.0823 0.9429
135.322 0.0856 0.0842 0.9697
135.362 0.0886 0.0850 0.9387
135.402 0.0964 0.0852 0.9303
135.441 0.1011 0.0809 0.9162
135.478 0.1090 0.0832 0.9082
135.523 0.1142 0.0860 0.9053
135.562 0.1211 0.0855 0.9519
135.602 0.1227 0.0844 0.9441
135.642 0.1216 0.0854 0.9143
135.681 0.1222 0.0821 0.9486
135.723 0.1252 0.0815 0.9002
135.763 0.1245 0.0829 0.9554
135.803 0.1180 0.0855 0.9508
135.843 0.1170 0.0797 0.9685
135.883 0.1094 0.0805 0.9178
135.923 0.1080 0.0783 0.9238
135.964 0.1058 0.0818 0.9529
136.005 0.1069 0.0818 0.9508
136.045 0.1060 0.0783 0.9574
136.084 0.1109 0.0794 0.9522
136.122 0.1139 0.0781 0.9298
136.166 0.1237 0.0804 0.9028
136.205 0.1253 0.0804 0.9042
136.245 0.1279 0.0789 0.9521
136.285 0.1339 0.0784 0.9309
136.322 0.1363 0.0760 0.9439
136.366 0.1404 0.0758 0.9575
136.406 0.1450 0.0766 0.9041
136.446 0.1496 0.0769 0.9486
136.486 0.1532 0.0756 0.9392
136.526 0.1559 0.0774 0.9392
136.567 0.1520 0.0768 0.9486
136.606 0.1510 0.0778 0.9434
136.647 0.1471 0.0801 0.9098
136.687 0.1440 0.0809 0.9048
136.726 0.1434 0.0814 0.9479
136.766 0.1379 0.0796 0.9596
136.807 0.1347 0.0790 0.9386
136.847 0.1308 0.0805 0.9196
136.887 0.1283 0.0810 0.9322
136.927 0.1226 0.0804 0.9598
136.965 0.1138 0.0789 0.9693
137.008 0.1067 0.0793 0.9423
137.049 0.1051 0.0812 0.9085
137.089 0.1051 0.0808 0.9289
137.129 0.1036 0.0802 0.9592
137.166 0.1045 0.0800 0.9272
137.209 0.0999 0.0802 0.9178
137.250 0.1020 0.0776 0.9059
137.290 0.1025 0.0813 0.8955
137.329 0.1076 0.0827 0.9205
137.368 0.1083 0.0807 0.9237
137.410 0.1119 0.0788 0.9278
137.450 0.1165 0.0783 0.9229
137.490 0.1245 0.0805 0.9376
137.530 0.1280 0.0825 0.9376
137.569 0.1309 0.0820 0.9500
137.609 0.1304 0.0820 0.9564
137.651 0.1331 0.0844 0.9002
137.691 0.1384 0.0820 0.9299
137.731 0.1410 0.0843 0.9389
137.770 0.1459 0.0843 0.9119
137.808 0.1457 0.0829 0.9131
137.852 0.1466 0.0824 0.9213
137.892 0.1453 0.0831 0.9012
137.931 0.1444 0.0859 0.9423
137.971 0.1448 0.0859 0.9153
138.008 0.1447 0.0875 0.9423
138.053 0.1404 0.0847 0.9198
138.092 0.1405 0.0855 0.9502
138.133 0.1387 0.0862 0.9001
138.173 0.1351 0.0906 0.8939
138.213 0.1357 0.0884 0.9488
138.254 0.1325 0.0849 0.9596
138.294 0.1321 0.0859 0.9338
138.334 0.1315 0.0881 0.9291
138.374 0.1305 0.0879 0.9120
138.413 0.1302 0.0874 0.8778
138.453 0.1262 0.0886 0.9179
138.494 0.1215 0.0868 0.8866
138.535 0.1181 0.0871 0.9259
138.575 0.1198 0.0859 0.9238
138.614 0.1213 0.0883 0.8791
138.651 0.1214 0.0891 0.9456
138.696 0.1189 0.0893 0.9237
138.735 0.1160 0.0811 0.9039
138.775 0.1130 0.0839 0.8879
138.815 0.1137 0.0888 0.9054
138.852 0.1136 0.0861 0.9233
138.896 0.1149 0.0841 0.9437
138.936 0.1207 0.0854 0.8895
138.976 0.1245 0.0837 0.8782
139.016 0.1316 0.0853 0.9329
139.055 0.1353 0.0881 0.9280
139.096 0.1351 0.0857 0.9128
139.136 0.1346 0.0882 0.9084
139.176 0.1380 0.0875 0.8953
139.217 0.1446 0.0859 0.9030
139.257 0.1490 0.0904 0.9443
139.297 0.1472 0.0881 0.9193
139.338 0.1470 0.0884 0.9127
139.378 0.1474 0.0851 0.8920
139.418 0.1448 0.0850 0.9076
139.458 0.1447 0.0911 0.9013
139.495 0.1417 0.0924 0.9125
139.539 0.1378 0.0878 0.9079
139.579 0.1382 0.0882 0.9087
139.619 0.1425 0.0870 0.9073
139.658 0.1450 0.0873 0.8705
139.695 0.1433 0.0930 0.8887
139.740 0.1394 0.0870 0.9102
139.779 0.1386 0.0893 0.9265
139.820 0.1371 0.0913 0.9136
139.859 0.1402 0.0913 0.9172
139.898 0.1414 0.0932 0.9157
139.940 0.1376 0.0900 0.9330
139.980 0.1342 0.0900 0.8727
140.020 0.1365 0.0890 0.9125
140.060 0.1365 0.0874 0.9305
140.100 0.1344 0.0846 0.9087
140.139 0.1339 0.0866 0.9097
140.180 0.1281 0.0852 0.9146
140.221 0.1275 0.0853 0.9298
140.261 0.1280 0.0870 0.9392
140.300 0.1307 0.0869 0.9029
140.339 0.1284 0.0857 0.9269
140.383 0.1244 0.0855 0.9350
140.422 0.1224 0.0852 0.9642
140.462 0.1221 0.0847 0.9483
140.502 0.1144 0.0831 0.9067
140.539 0.1092 0.0846 0.9225
140.584 0.1028 0.0856 0.9282
140.623 0.0946 0.0862 0.9342
140.663 0.0888 0.0853 0.9552
140.703 0.0825 0.0838 0.9182
140.743 0.0741 0.0860 0.9342
140.784 0.0636 0.0897 0.9392
140.824 0.0559 0.0870 0.8996
140.864 0.0481 0.0834 0.9096
140.904 0.0416 0.0818 0.9775
140.943 0.0363 0.0820 0.8713
140.983 0.0346 0.0876 0.9223
141.024 0.0276 0.0904 0.9006
141.064 0.0229 0.0888 0.9223
141.104 0.0192 0.0841 0.9273
141.144 0.0168 0.0841 0.9223
141.182 0.0157 0.0841 0.9273
141.226 0.0149 0.0865 0.9342
141.265 0.0180 0.0849 0.9309
141.305 0.0179 0.0845 0.9342
141.345 0.0168 0.0827 0.9342
141.383 0.0153 0.0843 0.9309
141.426 0.0159 0.0855 0.9342
141.467 0.0141 0.0850 0.9342
141.507 0.0166 0.0837 0.9317
141.547 0.0180 0.0827 0.9317
141.585 0.0184 0.0806 0.9617
141.627 0.0176 0.0815 0.9539
141.667 0.0155 0.0862 0.9866
141.707 0.0135 0.0855 0.9876
141.747 0.0103 0.0799 0.9775
141.787 0.0080 0.0815 0.9876
141.826 0.0078 0.0807 0.9866
141.868 0.0057 0.0822 0.9775
141.908 0.0043 0.0837 0.9498
141.948 0.0069 0.0850 0.9514
141.988 0.0092 0.0826 0.9498
142.025 0.0098 0.0826 0.9498
142.069 0.0105 0.0834 0.9498
142.109 0.0113 0.0847 0.9317
142.149 0.0114 0.0837 0.9317
142.188 0.0119 0.0836 0.9317
142.226 0.0123 0.0829 0.9317
142.270 0.0106 0.0829 0.9342
142.309 0.0095 0.0860 0.9342
142.349 0.0094 0.0825 0.9342
142.389 0.0077 0.0827 0.9342
142.428 0.0073 0.0827 0.9342
142.470 0.0087 0.0817 0.9306
142.510 0.0069 0.0844 0.9317
142.550 0.0065 0.0824 0.9699
142.591 0.0056 0.0835 0.9342
142.630 0.0045 0.0836 0.9317
142.670 0.0055 0.0824 0.9306
142.711 0.0053 0.0842 0.9306
142.752 0.0066 0.0835 0.9346
142.792 0.0056 0.0818 0.9528
142.831 0.0086 0.0833 0.9306
142.869 0.0064 0.0833 0.9306
142.913 0.0083 0.0833 0.9306
142.952 0.0092 0.0825 0.9736
142.993 0.0073 0.0825 0.9527
143.032 0.0049 0.0825 0.9736
143.069 0.0048 0.0850 0.9306
143.113 0.0060 0.0827 0.9342
143.153 0.0141 0.0844 0.9342
143.193 0.0198 0.0870 0.9306
143.233 0.0220 0.0844 0.9342
143.272 0.0267 0.0844 0.9342
143.314 0.0304 0.0844 0.9342
143.353 0.0357 0.0810 0.9317
143.394 0.0426 0.0881 0.9626
143.434 0.0442 0.0868 0.9462
143.473 0.0462 0.0836 0.9206
143.513 0.0487 0.0850 0.9284
143.554 0.0552 0.0799 0.9284
143.594 0.0571 0.0836 0.9124
143.634 0.0575 0.0855 0.9203
143.675 0.0588 0.0849 0.9243
143.712 0.0615 0.0843 0.9162
143.756 0.0667 0.0784 0.9426
143.796 0.0696 0.0827 0.9422
143.836 0.0737 0.0858 0.9432
143.876 0.0737 0.0843 0.9379
143.913 0.0778 0.0853 0.9282
143.957 0.0843 0.0813 0.9546
143.997 0.0959 0.0796 0.9546
144.037 0.1017 0.0824 0.9426
144.076 0.1065 0.0841 0.9376
144.115 0.1094 0.0845 0.9190
144.157 0.1093 0.0826 0.8836
144.197 0.1128 0.0808 0.9162
144.237 0.1144 0.0805 0.9407
144.277 0.1165 0.0827 0.9407
144.316 0.1119 0.0836 0.9206
144.356 0.1090 0.0825 0.8897
144.398 0.1089 0.0768 0.8803
144.438 0.1095 0.0808 0.8912
144.478 0.1003 0.0798 0.9382
144.518 0.0948 0.0791 0.9382
144.555 0.0914 0.0794 0.9124
144.599 0.0888 0.0818 0.9183
144.638 0.0905 0.0762 0.9135
144.679 0.0910 0.0768 0.9189
144.718 0.0901 0.0801 0.9511
144.757 0.0916 0.0764 0.9511
144.800 0.0967 0.0753 0.9655
144.840 0.1031 0.0757 0.9695
144.880 0.1101 0.0753 0.9431
144.920 0.1077 0.0790 0.9197
144.960 0.1087 0.0806 0.8989
145.001 0.1133 0.0798 0.9153
145.041 0.1235 0.0756 0.9298
145.081 0.1326 0.0766 0.9242
145.121 0.1380 0.0758 0.9411
145.160 0.1375 0.0824 0.9301
145.200 0.1340 0.0801 0.9056
145.241 0.1270 0.0781 0.9370
145.281 0.1256 0.0763 0.9241
145.322 0.1277 0.0784 0.9251
145.361 0.1218 0.0822 0.9445
145.398 0.1207 0.0842 0.9417
145.443 0.1283 0.0785 0.9359
145.482 0.1320 0.0808 0.9401
145.522 0.1297 0.0795 0.9471
145.562 0.1249 0.0829 0.9471
145.599 0.1189 0.0814 0.9304
145.643 0.1147 0.0840 0.9270
145.683 0.1196 0.0799 0.9270
145.723 0.1251 0.0809 0.9584
145.762 0.1290 0.0826 0.9085
145.802 0.1261 0.0825 0.9355
145.843 0.1266 0.0811 0.9058
145.883 0.1333 0.0807 0.9328
145.924 0.1348 0.0802 0.9565
145.964 0.1376 0.0813 0.9112
146.003 0.1360 0.0843 0.8981
146.043 0.1326 0.0854 0.9045
146.085 0.1348 0.0836 0.9042
146.125 0.1358 0.0816 0.8951
146.165 0.1327 0.0825 0.8826
146.205 0.1350 0.0843 0.9236
146.242 0.1367 0.0840 0.9192
146.286 0.1356 0.0834 0.9281
146.326 0.1359 0.0842 0.9052
146.366 0.1342 0.0829 0.8879
146.405 0.1323 0.0856 0.9189
146.443 0.1302 0.0856 0.9038
146.486 0.1272 0.0849 0.9062
146.526 0.1278 0.0833 0.9265
146.567 0.1258 0.0853 0.9093
146.606 0.1255 0.0816 0.8779
146.645 0.1272 0.0834 0.8843
146.687 0.1276 0.0841 0.8983
146.727 0.1219 0.0850 0.9093
146.767 0.1214 0.0827 0.9093
146.807 0.1181 0.0806 0.8863
146.847 0.1187 0.0826 0.8871
146.886 0.1188 0.0858 0.9089
146.927 0.1147 0.0820 0.9311
146.968 0.1163 0.0839 0.9432
147.008 0.1179 0.0833 0.9078
147.048 0.1197 0.0823 0.9223
147.086 0.1172 0.0831 0.8793
147.130 0.1165 0.0822 0.8881
147.170 0.1145 0.0812 0.8849
147.209 0.1192 0.0802 0.9296
147.249 0.1220 0.0802 0.9430
147.286 0.1260 0.0812 0.8988
147.330 0.1264 0.0803 0.9044
147.370 0.1218 0.0803 0.9294
147.410 0.1221 0.0800 0.9062
147.450 0.1194 0.0780 0.9582
147.489 0.1202 0.0789 0.9562
147.531 0.1148 0.0820 0.9321
147.571 0.1156 0.0786 0.9063
147.611 0.1151 0.0761 0.9288
147.651 0.1146 0.0743 0.9053
147.690 0.1106 0.0731 0.9582
147.730 0.1064 0.0742 0.9553
147.771 0.1054 0.0800 0.9029
147.811 0.1035 0.0767 0.9029
147.851 0.1054 0.0741 0.8887
147.891 0.1100 0.0750 0.9063
147.928 0.1156 0.0761 0.9192
147.973 0.1123 0.0798 0.9361
148.012 0.1158 0.0771 0.9473
148.052 0.1171 0.0746 0.9399
148.092 0.1198 0.0746 0.9216
148.130 0.1247 0.0744 0.9355
148.174 0.1296 0.0770 0.9193
148.213 0.1368 0.0768 0.9113
148.254 0.1397 0.0782 0.9417
148.293 0.1410 0.0800 0.9144
148.332 0.1430 0.0780 0.9483
148.374 0.1437 0.0812 0.9314
148.414 0.1405 0.0829 0.9288
148.454 0.1430 0.0816 0.9015
148.494 0.1427 0.0784 0.9495
148.534 0.1451 0.0780 0.9541
148.573 0.1478 0.0797 0.9295
148.615 0.1459 0.0799 0.9261
148.655 0.1429 0.0820 0.9311
148.695 0.1373 0.0800 0.9045
148.735 0.1304 0.0789 0.9151
148.772 0.1259 0.0769 0.9169
148.816 0.1296 0.0801 0.9209
148.856 0.1239 0.0809 0.9372
148.896 0.1231 0.0804 0.9082
148.935 0.1210 0.0790 0.9229
148.972 0.1176 0.0778 0.9393
149.017 0.1188 0.0785 0.9305
149.056 0.1196 0.0793 0.9383
149.096 0.1154 0.0795 0.9383
149.136 0.1141 0.0762 0.9545
149.175 0.1139 0.0771 0.9525
149.217 0.1135 0.0760 0.9388
149.258 0.1180 0.0779 0.9301
149.298 0.1158 0.0805 0.9242
149.338 0.1148 0.0779 0.9779
149.377 0.1156 0.0777 0.9242
149.417 0.1136 0.0761 0.9712
149.458 0.1161 0.0805 0.9271
149.499 0.1126 0.0789 0.9421
149.539 0.1080 0.0816 0.9591
149.578 0.1067 0.0789 0.9265
149.616 0.1075 0.0810 0.9180
149.660 0.1099 0.0783 0.9367
149.699 0.1088 0.0812 0.9069
149.739 0.1100 0.0819 0.9089
149.779 0.1097 0.0822 0.9253
149.816 0.1115 0.0797 0.9882
149.860 0.1133 0.0836 0.9216
149.900 0.1164 0.0824 0.9229
149.939 0.1155 0.0855 0.9151
149.980 0.1190 0.0816 0.9229
150.019 0.1178 0.0812 0.9031
150.060 0.1178 0.0812 0.8979
150.100 0.1203 0.0812 0.8915
150.141 0.1216 0.0852 0.9529
150.180 0.1221 0.0840 0.9345
150.220 0.1247 0.0788 0.9145
150.260 0.1261 0.0799 0.9119
150.301 0.1301 0.0778 0.9205
150.342 0.1314 0.0802 0.9102
150.382 0.1327 0.0822 0.9780
150.422 0.1342 0.0830 0.9404
150.459 0.1315 0.0807 0.9093
150.503 0.1314 0.0818 0.9396
150.543 0.1340 0.0818 0.9448
150.583 0.1342 0.0809 0.9259
150.622 0.1341 0.0821 0.9169
150.660 0.1384 0.0799 0.9382
150.704 0.1365 0.0805 0.9044
150.744 0.1365 0.0801 0.8987
150.784 0.1366 0.0773 0.9189
150.823 0.1412 0.0784 0.9202
150.862 0.1424 0.0785 0.9202
150.904 0.1454 0.0877 0.9594
150.944 0.1505 0.0833 0.8895
150.984 0.1536 0.0794 0.9119
151.024 0.1548 0.0851 0.9472
151.063 0.1552 0.0818 0.9527
151.103 0.1523 0.0814 0.9442
151.144 0.1481 0.0821 0.9072
151.185 0.1448 0.0810 0.8847
151.225 0.1436 0.0827 0.8904
151.264 0.1411 0.0838 0.9174
151.302 0.1348 0.0841 0.8916
151.346 0.1265 0.0805 0.9082
151.385 0.1209 0.0790 0.8805
151.426 0.1147 0.0784 0.8993
151.466 0.1146 0.0813 0.8783
151.503 0.1114 0.0830 0.9016
151.547 0.1070 0.0830 0.9016
151.587 0.1073 0.0800 0.8785
151.627 0.1070 0.0791 0.8625
151.667 0.1097 0.0812 0.8509
151.706 0.1103 0.0820 0.9302
151.748 0.1080 0.0818 0.8637
151.788 0.1095 0.0806 0.9146
151.828 0.1095 0.0775 0.8909
151.868 0.1113 0.0785 0.9189
151.907 0.1119 0.0830 0.9138
151.947 0.1070 0.0822 0.9216
151.988 0.1068 0.0795 0.9225
152.028 0.1074 0.0792 0.8696
152.069 0.1074 0.0809 0.8804
152.108 0.1075 0.0831 0.8979
152.146 0.1081 0.0825 0.9528
152.190 0.1043 0.0829 0.9630
152.229 0.1067 0.0801 0.9356
152.269 0.1030 0.0817 0.9423
152.309 0.1030 0.0812 0.9450
152.346 0.1034 0.0835 0.9502
152.390 0.1011 0.0838 0.9380
152.430 0.1004 0.0802 0.9329
152.470 0.1038 0.0801 0.9319
152.509 0.1048 0.0814 0.9319
152.550 0.1036 0.0834 0.9360
152.591 0.1026 0.0843 0.9373
152.631 0.0981 0.0836 0.9003
152.671 0.1005 0.0795 0.9003
152.711 0.0990 0.0813 0.9597
152.751 0.0997 0.0857 0.9357
152.790 0.1017 0.0813 0.9560
152.832 0.1047 0.0824 0.9543
152.872 0.1057 0.0833 0.9461
152.912 0.1087 0.0829 0.9360
152.952 0.1106 0.0801 0.9528
152.989 0.1078 0.0857 0.9711
153.033 0.1111 0.0849 0.9361
153.072 0.1134 0.0812 0.9112
153.113 0.1162 0.0802 0.9297
153.153 0.1185 0.0811 0.9346
153.190 0.1225 0.0821 0.9152
153.234 0.1255 0.0842 0.9221
153.273 0.1251 0.0837 0.9138
153.313 0.1220 0.0828 0.9541
153.353 0.1209 0.0827 0.9388
153.392 0.1218 0.0798 0.9474
153.434 0.1198 0.0789 0.9552
153.474 0.1229 0.0784 0.9462
153.514 0.1215 0.0806 0.9311
153.554 0.1220 0.0750 0.9161
153.593 0.1207 0.0757 0.9348
153.633 0.1215 0.0757 0.9382
153.675 0.1167 0.0743 0.9186
153.716 0.1104 0.0746 0.9333
153.756 0.1113 0.0725 0.9618
153.795 0.1089 0.0702 0.9209
153.833 0.1051 0.0716 0.9367
153.877 0.1020 0.0760 0.9116
153.916 0.0939 0.0754 0.9282
153.957 0.0839 0.0739 0.9258
153.996 0.0770 0.0747 0.9450
154.033 0.0722 0.0742 0.9400
154.077 0.0674 0.0736 0.9689
154.117 0.0628 0.0758 0.9700
154.157 0.0551 0.0721 0.9392
154.197 0.0570 0.0721 0.9392
154.237 0.0543 0.0726 0.9432
154.278 0.0573 0.0726 0.9432
154.318 0.0644 0.0759 0.9392
154.357 0.0704 0.0737 0.9089
154.398 0.0820 0.0725 0.9313
154.437 0.0926 0.0716 0.9313
154.477 0.1077 0.0716 0.9302
154.518 0.1182 0.0716 0.9512
154.558 0.1233 0.0727 0.9609
154.598 0.1277 0.0711 0.9637
154.638 0.1398 0.0719 0.9475
154.676 0.1450 0.0732 0.9165
154.720 0.1538 0.0753 0.9524
154.759 0.1582 0.0744 0.9338
154.800 0.1594 0.0758 0.9318
154.840 0.1528 0.0756 0.9632
154.877 0.1470 0.0730 0.9394
154.921 0.1422 0.0720 0.9064
154.961 0.1359 0.0749 0.9156
155.001 0.1291 0.0744 0.9301
155.040 0.1297 0.0714 0.9344
155.079 0.1304 0.0713 0.9291
155.121 0.1267 0.0712 0.9173
155.161 0.1260 0.0740 0.9423
155.201 0.1254 0.0769 0.9606
155.241 0.1223 0.0754 0.9582
155.281 0.1194 0.0752 0.9200
155.320 0.1234 0.0778 0.9479
155.362 0.1248 0.0768 0.9427
155.402 0.1248 0.0759 0.9270
155.442 0.1244 0.0775 0.9415
155.482 0.1259 0.0764 0.9111
155.519 0.1256 0.0738 0.9069
155.563 0.1261 0.0761 0.9064
155.603 0.1247 0.0791 0.8971
155.643 0.1272 0.0804 0.8971
155.682 0.1271 0.0785 0.9457
155.719 0.1301 0.0784 0.8834
155.764 0.1272 0.0774 0.9328
155.803 0.1269 0.0789 0.9480
155.843 0.1287 0.0802 0.9251
155.883 0.1310 0.0790 0.9410
155.923 0.1312 0.0788 0.9346
155.965 0.1283 0.0743 0.9145
156.005 0.1252 0.0753 0.9145
156.045 0.1190 0.0834 0.9065
156.085 0.1152 0.0772 0.9249
156.124 0.1056 0.0808 0.8833
156.164 0.0961 0.0787 0.8979
156.205 0.0830 0.0799 0.8979
156.245 0.0719 0.0796 0.8979
156.286 0.0590 0.0808 0.9272
156.325 0.0484 0.0834 0.8991
156.363 0.0384 0.0820 0.8985
156.407 0.0314 0.0817 0.9282
156.446 0.0250 0.0816 0.9116
156.486 0.0162 0.0834 0.9261
156.526 0.0086 0.0839 0.9207
156.563 0.0050 0.0825 0.9207
156.607 0.0056 0.0814 0.9175
156.647 0.0046 0.0793 0.8839
156.687 0.0032 0.0819 0.8839
156.727 0.0047 0.0868 0.8688
156.766 0.0037 0.0845 0.8895
156.808 0.0037 0.0812 0.8706
156.847 0.0079 0.0772 0.8676
156.887 0.0063 0.0825 0.8539
156.927 0.0094 0.0804 0.8629
156.967 0.0096 0.0839 0.8365
157.008 0.0105 0.0804 0.8629
157.049 0.0081 0.0804 0.8629
157.089 0.0097 0.0834 0.8505
157.129 0.0102 0.0851 0.8779
157.169 0.0114 0.0838 0.8779
157.206 0.0126 0.0838 0.8589
157.250 0.0104 0.0826 0.8660
157.290 0.0084 0.0835 0.8589
157.330 0.0080 0.0857 0.8865
157.369 0.0083 0.0850 0.8555
157.407 0.0085 0.0819 0.8579
157.451 0.0081 0.0804 0.8579
157.491 0.0081 0.0805 0.8530
157.531 0.0060 0.0828 0.8529
157.570 0.0058 0.0819 0.8579
157.610 0.0053 0.0859 0.8589
157.651 0.0065 0.0843 0.8589
157.691 0.0055 0.0834 0.8635
157.731 0.0054 0.0835 0.8565
157.771 0.0078 0.0843 0.8615
157.810 0.0059 0.0859 0.8589
157.850 0.0040 0.0835 0.8565
157.891 0.0055 0.0817 0.8629
157.931 0.0070 0.0827 0.8555
157.971 0.0063 0.0826 0.8565
158.011 0.0052 0.0843 0.8635
158.050 0.0064 0.0848 0.8840
158.093 0.0068 0.0802 0.8368
158.133 0.0053 0.0801 0.8368
158.174 0.0070 0.0802 0.8368
158.213 0.0081 0.0819 0.8629
158.250 0.0071 0.0831 0.8579
158.294 0.0077 0.0808 0.8629
158.334 0.0066 0.0803 0.8639
158.374 0.0088 0.0822 0.8640
158.414 0.0103 0.0819 0.8843
158.453 0.0085 0.0819 0.8579
158.542 0.0125 0.0853 0.8840
158.575 0.0124 0.0834 0.8555
158.614 0.0097 0.0833 0.8589
158.654 0.0149 0.0844 0.8716
158.694 0.0113 0.0840 0.8579
158.734 0.0099 0.0833 0.8779
158.775 0.0087 0.0827 0.8779
158.815 0.0068 0.0800 0.8416
158.855 0.0066 0.0839 0.8640
158.895 0.0072 0.0836 0.8748
158.933 0.0050 0.0820 0.8576
158.976 0.0073 0.0806 0.8816
159.016 0.0125 0.0837 0.8748
159.056 0.0188 0.0814 0.8289
159.096 0.0196 0.0836 0.9045
159.133 0.0196 0.0835 0.8793
159.177 0.0231 0.0823 0.8655
159.217 0.0263 0.0802 0.8629
159.258 0.0346 0.0800 0.8686
159.297 0.0423 0.0802 0.8629
159.337 0.0483 0.0824 0.8825
159.378 0.0538 0.0823 0.8704
159.418 0.0574 0.0833 0.8893
159.458 0.0597 0.0825 0.8849
159.498 0.0657 0.0838 0.8869
159.538 0.0716 0.0849 0.8849
159.578 0.0759 0.0846 0.8849
159.619 0.0809 0.0834 0.8539
159.659 0.0837 0.0812 0.9007
159.699 0.0875 0.0822 0.8475
159.739 0.0882 0.0838 0.8966
159.777 0.0850 0.0851 0.8756
159.820 0.0834 0.0826 0.8953
159.860 0.0830 0.0801 0.8871
159.900 0.0853 0.0791 0.8702
159.939 0.0893 0.0805 0.8691
159.976 0.0881 0.0837 0.8822
160.021 0.0866 0.0823 0.8833
160.060 0.0862 0.0813 0.8833
160.101 0.0825 0.0796 0.9053
160.141 0.0878 0.0816 0.8721
160.180 0.0892 0.0822 0.8851
160.221 0.0888 0.0843 0.9083
160.261 0.0916 0.0838 0.9156
160.301 0.0952 0.0815 0.8853
160.342 0.0932 0.0816 0.9013
160.382 0.0951 0.0836 0.9240
160.421 0.0918 0.0872 0.8923
160.462 0.0939 0.0813 0.9062
160.503 0.0948 0.0816 0.8971
160.543 0.0941 0.0845 0.8899
160.582 0.0989 0.0841 0.8923
160.620 0.0984 0.0834 0.8933
160.664 0.0941 0.0866 0.8933
160.703 0.0933 0.0829 0.9288
160.743 0.0932 0.0837 0.9659
160.783 0.0895 0.0802 0.9309
160.820 0.0916 0.0839 0.8973
160.864 0.0878 0.0819 0.9007
160.904 0.0827 0.0806 0.9007
160.944 0.0778 0.0796 0.8974
160.984 0.0750 0.0769 0.9476
161.024 0.0715 0.0782 0.9234
161.064 0.0660 0.0805 0.9383
161.105 0.0605 0.0791 0.9383
161.144 0.0569 0.0810 0.9446
161.185 0.0543 0.0809 0.9416
161.224 0.0498 0.0804 0.9163
161.264 0.0472 0.0829 0.9513
161.305 0.0437 0.0794 0.9372
161.345 0.0412 0.0812 0.9199
161.385 0.0404 0.0799 0.9163
161.425 0.0435 0.0795 0.9413
161.463 0.0427 0.0817 0.9197
161.508 0.0407 0.0814 0.9402
161.547 0.0402 0.0814 0.9352
161.587 0.0377 0.0802 0.9352
161.627 0.0395 0.0811 0.8977
161.664 0.0432 0.0769 0.9187
161.708 0.0425 0.0814 0.9159
161.748 0.0441 0.0823 0.8909
161.788 0.0414 0.0798 0.9025
161.828 0.0373 0.0809 0.8859
161.867 0.0374 0.0798 0.9025
161.908 0.0337 0.0810 0.8876
161.948 0.0306 0.0805 0.9069
161.988 0.0257 0.0807 0.9069
162.028 0.0228 0.0795 0.9069
162.068 0.0199 0.0806 0.9069
162.108 0.0160 0.0795 0.9069
162.149 0.0104 0.0813 0.9159
162.189 0.0083 0.0795 0.9159
162.229 0.0043 0.0802 0.9029
162.269 0.0052 0.0795 0.9159
162.306 0.0081 0.0792 0.9029
162.350 0.0137 0.0822 0.8840
162.390 0.0152 0.0816 0.8745
162.430 0.0149 0.0822 0.8840
162.469 0.0159 0.0822 0.8840
162.507 0.0184 0.0808 0.8726
162.551 0.0186 0.0794 0.9200
162.591 0.0185 0.0786 0.8976
162.632 0.0184 0.0808 0.8846
162.671 0.0188 0.0795 0.8846
162.711 0.0182 0.0795 0.8516
162.752 0.0165 0.0826 0.9069
162.792 0.0142 0.0795 0.8756
162.832 0.0089 0.0786 0.8845
162.872 0.0066 0.0782 0.8746
162.911 0.0054 0.0804 0.8886
162.951 0.0063 0.0826 0.9029
162.992 0.0093 0.0814 0.8819
163.033 0.0084 0.0800 0.8845
163.073 0.0102 0.0782 0.8886
163.112 0.0108 0.0807 0.8720
163.150 0.0118 0.0826 0.9159
163.194 0.0133 0.0807 0.8955
163.233 0.0135 0.0815 0.8686
163.273 0.0142 0.0816 0.9052
163.313 0.0159 0.0808 0.8774
163.351 0.0191 0.0795 0.9052
163.394 0.0180 0.0808 0.9052
163.434 0.0245 0.0826 0.9269
163.474 0.0290 0.0809 0.8837
163.514 0.0359 0.0795 0.9269
163.554 0.0412 0.0814 0.9258
163.594 0.0553 0.0787 0.9229
163.634 0.0598 0.0787 0.8997
163.675 0.0632 0.0788 0.8979
163.715 0.0643 0.0789 0.8921
163.755 0.0667 0.0802 0.8891
163.795 0.0676 0.0787 0.8837
163.836 0.0701 0.0784 0.9085
163.876 0.0731 0.0785 0.8921
163.917 0.0723 0.0808 0.8993
163.956 0.0712 0.0794 0.9225
163.993 0.0675 0.0791 0.9250
164.038 0.0637 0.0792 0.8965
164.077 0.0588 0.0794 0.9284
164.117 0.0580 0.0806 0.9145
164.157 0.0574 0.0826 0.8726
164.194 0.0581 0.0817 0.8827
164.238 0.0619 0.0803 0.8216
164.278 0.0658 0.0816 0.8539
164.317 0.0688 0.0818 0.9339
164.357 0.0729 0.0841 0.8848
164.397 0.0748 0.0824 0.9288
164.438 0.0726 0.0800 0.8623
164.478 0.0747 0.0794 0.8833
164.518 0.0801 0.0822 0.8822
164.558 0.0777 0.0845 0.8994
164.598 0.0718 0.0845 0.9035
164.637 0.0696 0.0869 0.9035
164.679 0.0679 0.0822 0.8839
164.719 0.0694 0.0820 0.9175
164.759 0.0699 0.0849 0.9177
164.800 0.0742 0.0855 0.8845
164.838 0.0748 0.0841 0.8943
164.881 0.0789 0.0856 0.8982
164.921 0.0863 0.0829 0.9129
164.961 0.0911 0.0839 0.9514
165.000 0.0887 0.0859 0.9333
165.037 0.0871 0.0856 0.9003
165.081 0.0871 0.0849 0.9111
165.121 0.0869 0.0848 0.8901
165.161 0.0864 0.0839 0.9051
165.201 0.0865 0.0847 0.9169
165.241 0.0819 0.0848 0.9439
165.282 0.0706 0.0869 0.8962
165.322 0.0624 0.0830 0.8824
165.362 0.0527 0.0821 0.8945
165.402 0.0434 0.0830 0.8945
165.441 0.0339 0.0851 0.9315
165.481 0.0270 0.0830 0.8828
165.522 0.0208 0.0842 0.9315
165.562 0.0210 0.0809 0.9240
165.603 0.0191 0.0819 0.8788
165.642 0.0192 0.0830 0.8828
165.679 0.0150 0.0843 0.9240
165.723 0.0115 0.0845 0.9200
165.763 0.0132 0.0830 0.9080
165.803 0.0131 0.0811 0.9105
165.843 0.0164 0.0827 0.8998
165.881 0.0174 0.0827 0.9152
165.925 0.0176 0.0844 0.9092
165.965 0.0217 0.0828 0.9092
166.005 0.0242 0.0811 0.8992
166.044 0.0241 0.0811 0.8992
166.085 0.0250 0.0829 0.8972
166.125 0.0313 0.0829 0.9032
166.165 0.0298 0.0811 0.9052
166.205 0.0309 0.0821 0.8898
166.245 0.0329 0.0821 0.8998
166.285 0.0345 0.0779 0.9208
166.325 0.0344 0.0794 0.8562
166.365 0.0359 0.0779 0.9208
166.406 0.0390 0.0775 0.9208
166.446 0.0385 0.0772 0.9208
166.486 0.0409 0.0779 0.9208
166.523 0.0466 0.0787 0.9208
166.567 0.0487 0.0788 0.9032
166.607 0.0491 0.0775 0.8971
166.647 0.0549 0.0775 0.9285
166.686 0.0589 0.0775 0.9373
166.723 0.0619 0.0775 0.9373
166.768 0.0661 0.0805 0.9443
166.807 0.0668 0.0793 0.8873
166.848 0.0706 0.0771 0.8787
166.887 0.0742 0.0769 0.8829
166.927 0.0755 0.0762 0.8829
166.968 0.0771 0.0780 0.9232
167.008 0.0775 0.0800 0.9165
167.049 0.0767 0.0768 0.9031
167.089 0.0765 0.0758 0.9087
167.128 0.0759 0.0758 0.9234
167.168 0.0753 0.0781 0.9348
167.209 0.0751 0.0780 0.9688
167.250 0.0729 0.0823 0.9121
167.290 0.0721 0.0804 0.9006
167.329 0.0721 0.0804 0.9006
167.367 0.0712 0.0795 0.9192
167.411 0.0737 0.0796 0.9229
167.450 0.0774 0.0798 0.9007
167.490 0.0756 0.0800 0.8837
167.530 0.0740 0.0793 0.8843
167.567 0.0750 0.0812 0.8979
167.611 0.0731 0.0853 0.8979
167.651 0.0714 0.0827 0.9508
167.691 0.0749 0.0797 0.9185
167.731 0.0748 0.0876 0.9078
167.771 0.0770 0.0801 0.8887
167.811 0.0804 0.0855 0.8937
167.851 0.0782 0.0856 0.9005
167.892 0.0764 0.0841 0.8874
167.931 0.0711 0.0810 0.8955
167.971 0.0637 0.0787 0.9102
168.011 0.0615 0.0825 0.9236
168.052 0.0632 0.0853 0.9083
168.092 0.0615 0.0860 0.9165
168.133 0.0633 0.0848 0.9089
168.173 0.0626 0.0837 0.9089
168.210 0.0659 0.0823 0.9055
168.254 0.0717 0.0849 0.9366
168.294 0.0742 0.0846 0.8936
168.334 0.0797 0.0862 0.9045
168.374 0.0843 0.0860 0.9107
168.411 0.0904 0.0861 0.9173
168.455 0.0971 0.0844 0.9392
168.494 0.1046 0.0837 0.9050
168.535 0.1096 0.0872 0.9502
168.574 0.1136 0.0838 0.8855
168.614 0.1154 0.0837 0.8833
168.655 0.1206 0.0802 0.9241
168.695 0.1208 0.0846 0.8750
168.735 0.1194 0.0857 0.8880
168.775 0.1163 0.0864 0.8682
168.815 0.1148 0.0885 0.8561
168.854 0.1134 0.0866 0.8859
168.896 0.1116 0.0888 0.8471
168.936 0.1104 0.0905 0.8807
168.976 0.1102 0.0901 0.8671
169.016 0.1086 0.0899 0.8816
169.053 0.1079 0.0891 0.8748
169.097 0.1103 0.0867 0.8486
169.136 0.1105 0.0884 0.8887
169.177 0.1094 0.0903 0.8519
169.217 0.1100 0.0874 0.8543
169.254 0.1100 0.0838 0.8679
169.298 0.1055 0.0874 0.8627
169.338 0.1052 0.0841 0.9075
169.378 0.1022 0.0896 0.9132
169.418 0.1016 0.0879 0.9083
169.458 0.1017 0.0891 0.9288
169.498 0.0990 0.0900 0.8937
169.539 0.0970 0.0900 0.8861
169.579 0.0973 0.0903 0.9416
169.619 0.0969 0.0920 0.8816
169.658 0.0974 0.0908 0.9052
169.698 0.0947 0.0904 0.8936
169.739 0.0926 0.0910 0.8849
169.779 0.0929 0.0904 0.9098
169.819 0.0933 0.0931 0.9408
169.859 0.0949 0.0929 0.9268
169.897 0.0956 0.0893 0.9228
169.940 0.0973 0.0893 0.8857
169.980 0.1001 0.0913 0.8906
170.020 0.1036 0.0946 0.8881
170.060 0.1026 0.0932 0.9025
170.097 0.1012 0.0903 0.8948
170.141 0.0990 0.0904 0.8467
170.181 0.0984 0.0920 0.8673
170.221 0.1010 0.0942 0.8943
170.260 0.1008 0.0963 0.8566
170.301 0.1015 0.0954 0.8723
170.342 0.0983 0.0942 0.8723
170.382 0.1005 0.0958 0.8393
170.423 0.1012 0.0937 0.8227
170.462 0.1034 0.1012 0.8478
170.502 0.1047 0.1011 0.8761
170.542 0.1060 0.0956 0.8914
170.583 0.1141 0.0954 0.8609
170.623 0.1202 0.0932 0.8566
170.663 0.1289 0.0998 0.8469
170.702 0.1355 0.1025 0.8131
170.740 0.1401 0.0974 0.8609
170.784 0.1471 0.0987 0.8319
170.824 0.1559 0.0995 0.8653
170.864 0.1584 0.0987 0.8589
170.903 0.1605 0.1010 0.8584
170.941 0.1626 0.0999 0.8651
170.985 0.1632 0.0981 0.8867
171.024 NaN 0.0988 0.9109
171.065 NaN 0.0978 0.8849
171.104 NaN 0.0991 0.9056
171.143 NaN 0.1013 0.9146
171.185 NaN 0.0954 0.9080
171.225 NaN 0.0954 0.9018
171.265 NaN 0.0914 0.8973
171.305 NaN 0.0944 0.8809
