89.900 NaN 0.0845 0.8921
89.940 NaN 0.0877 0.9013
89.980 NaN 0.0852 0.9289
90.020 NaN 0.0816 0.9118
90.060 NaN 0.0807 0.8937
90.101 NaN 0.0785 0.8778
90.141 NaN 0.0806 0.9026
90.181 0.1873 0.0819 0.9189
90.220 0.1905 0.0826 0.9476
90.260 0.1949 0.0792 0.9138
90.301 0.2024 0.0787 0.8868
90.342 0.2088 0.0813 0.8977
90.382 0.2126 0.0824 0.8862
90.422 0.2192 0.0819 0.8868
90.459 0.2257 0.0816 0.9178
90.503 0.2311 0.0780 0.9224
90.543 0.2300 0.0823 0.9531
90.583 0.2272 0.0835 0.9181
90.623 0.2232 0.0885 0.9067
90.660 0.2230 0.0864 0.9086
90.704 0.2202 0.0822 0.9154
90.743 0.2194 0.0844 0.8854
90.783 0.2138 0.0850 0.9105
90.823 0.2066 0.0851 0.9159
90.863 0.2008 0.0826 0.9049
90.904 0.1920 0.0811 0.9273
90.944 0.1812 0.0812 0.9454
90.984 0.1766 0.0823 0.9216
91.024 0.1744 0.0819 0.8887
91.063 0.1710 0.0825 0.8895
91.103 0.1704 0.0776 0.9375
91.145 0.1694 0.0768 0.9082
91.185 0.1738 0.0782 0.9278
91.225 0.1753 0.0788 0.9045
91.264 0.1765 0.0817 0.9486
91.302 0.1804 0.0793 0.9171
91.346 0.1844 0.0817 0.9012
91.386 0.1863 0.0804 0.9421
91.425 0.1932 0.0808 0.9227
91.466 0.1956 0.0812 0.9450
91.504 0.1924 0.0796 0.9045
91.547 0.1900 0.0795 0.9165
91.587 0.1912 0.0787 0.9509
91.627 0.1918 0.0798 0.9195
91.667 0.1891 0.0837 0.8891
91.707 0.1859 0.0839 0.9392
91.748 0.1851 0.0831 0.9204
91.787 0.1792 0.0812 0.9238
91.828 0.1779 0.0785 0.9295
91.868 0.1793 0.0830 0.9096
91.907 0.1799 0.0814 0.8926
91.947 0.1752 0.0807 0.9088
91.988 0.1783 0.0822 0.8875
92.029 0.1840 0.0806 0.8834
92.068 0.1911 0.0796 0.9464
92.108 0.1949 0.0800 0.9165
92.146 0.1963 0.0798 0.9101
92.190 0.2032 0.0816 0.9440
92.229 0.2057 0.0806 0.9478
92.269 0.2134 0.0770 0.9478
92.309 0.2165 0.0765 0.9151
92.346 0.2136 0.0802 0.9592
92.390 0.2111 0.0802 0.9281
92.430 0.2164 0.0790 0.9175
92.470 0.2189 0.0784 0.9107
92.509 0.2233 0.0791 0.9161
92.550 0.2207 0.0801 0.9466
92.591 0.2180 0.0799 0.9431
92.631 0.2247 0.0780 0.9141
92.671 0.2292 0.0762 0.8741
92.711 0.2349 0.0779 0.8978
92.751 0.2362 0.0784 0.8945
92.790 0.2331 0.0809 0.8967
92.832 0.2376 0.0814 0.9391
92.872 0.2393 0.0759 0.9108
92.912 0.2371 0.0785 0.9197
92.952 0.2309 0.0767 0.9497
92.989 0.2231 0.0789 0.9811
93.033 0.2190 0.0802 0.9149
93.073 0.2191 0.0797 0.9502
93.113 0.2152 0.0780 0.8900
93.152 0.2110 0.0798 0.9361
93.190 0.2036 0.0801 0.8947
93.234 0.1928 0.0812 0.9290
93.273 0.1923 0.0792 0.9306
93.314 0.1905 0.0822 0.9353
93.353 0.1888 0.0812 0.9094
93.394 0.1842 0.0808 0.8986
93.434 0.1828 0.0832 0.9350
93.474 0.1841 0.0807 0.9524
93.514 0.1827 0.0822 0.9006
93.554 0.1834 0.0789 0.9375
93.593 0.1829 0.0817 0.9096
93.633 0.1776 0.0811 0.8840
93.675 0.1743 0.0806 0.8850
93.716 0.1737 0.0804 0.9346
93.756 0.1715 0.0784 0.9280
93.795 0.1693 0.0796 0.8925
93.833 0.1665 0.0779 0.9285
93.877 0.1644 0.0816 0.9148
93.916 0.1655 0.0786 0.9255
93.956 0.1655 0.0794 0.9037
93.998 0.1660 0.0767 0.8936
94.033 0.1594 0.0785 0.8986
94.078 0.1579 0.0805 0.9339
94.117 0.1597 0.0796 0.9013
94.157 0.1587 0.0782 0.8915
94.197 0.1541 0.0794 0.8935
94.236 0.1551 0.0779 0.9170
94.278 0.1538 0.0774 0.9190
94.318 0.1491 0.0792 0.9538
94.358 0.1457 0.0797 0.9087
94.398 0.1423 0.0779 0.9151
94.437 0.1405 0.0779 0.9054
94.477 0.1369 0.0795 0.9137
94.518 0.1425 0.0807 0.9181
94.559 0.1367 0.0766 0.9029
94.598 0.1312 0.0753 0.8846
94.638 0.1277 0.0761 0.9098
94.675 0.1317 0.0761 0.9128
94.720 0.1299 0.0769 0.8945
94.759 0.1272 0.0771 0.9012
94.800 0.1268 0.0801 0.9022
94.840 0.1280 0.0748 0.8939
94.877 0.1333 0.0757 0.9024
94.921 0.1391 0.0735 0.9393
94.960 0.1461 0.0754 0.9393
95.001 0.1487 0.0754 0.9216
95.040 0.1579 0.0760 0.9296
95.081 0.1672 0.0760 0.9050
95.122 0.1748 0.0737 0.9298
95.161 0.1778 0.0749 0.9039
95.201 0.1751 0.0752 0.9195
95.241 0.1763 0.0740 0.9151
95.281 0.1777 0.0743 0.9347
95.320 0.1751 0.0737 0.8991
95.362 0.1773 0.0748 0.9078
95.402 0.1754 0.0748 0.9084
95.442 0.1707 0.0752 0.9371
95.482 0.1681 0.0750 0.8969
95.519 0.1645 0.0768 0.9131
95.564 0.1649 0.0741 0.9223
95.603 0.1651 0.0746 0.9423
95.643 0.1644 0.0748 0.9255
95.682 0.1692 0.0752 0.9168
95.728 0.1784 0.0763 0.9182
95.763 0.1799 0.0730 0.9018
95.803 0.1845 0.0747 0.9377
95.843 0.1824 0.0760 0.9528
95.883 0.1804 0.0741 0.9189
95.924 0.1804 0.0732 0.9277
95.965 0.1790 0.0729 0.9175
96.005 0.1808 0.0734 0.9425
96.045 0.1798 0.0762 0.9415
96.085 0.1777 0.0791 0.9189
96.124 0.1738 0.0745 0.9551
96.164 0.1701 0.0777 0.9306
96.205 0.1648 0.0774 0.9257
96.246 0.1590 0.0816 0.9146
96.286 0.1596 0.0797 0.9126
96.325 0.1643 0.0796 0.9336
96.363 0.1665 0.0759 0.9336
96.407 0.1726 0.0776 0.9183
96.446 0.1773 0.0761 0.9343
96.486 0.1811 0.0786 0.9282
96.526 0.1780 0.0822 0.9656
96.563 0.1761 0.0786 0.9298
96.607 0.1753 0.0790 0.9508
96.647 0.1781 0.0762 0.9619
96.687 0.1779 0.0787 0.9619
96.727 0.1806 0.0805 0.9519
96.766 0.1788 0.0820 0.9042
96.807 0.1724 0.0778 0.9648
96.847 0.1701 0.0774 0.9556
96.888 0.1648 0.0764 0.9563
96.927 0.1584 0.0789 0.9555
96.967 0.1519 0.0799 0.9258
97.008 0.1468 0.0801 0.9270
97.049 0.1441 0.0775 0.8959
97.089 0.1462 0.0801 0.9019
97.129 0.1467 0.0792 0.8945
97.169 0.1483 0.0827 0.9512
97.206 0.1446 0.0831 0.9198
97.251 0.1448 0.0825 0.9173
97.290 0.1480 0.0826 0.9193
97.330 0.1507 0.0829 0.9132
97.370 0.1506 0.0854 0.8922
97.406 0.1537 0.0889 0.9181
97.451 0.1573 0.0879 0.9195
97.490 0.1632 0.0866 0.9229
97.530 0.1687 0.0842 0.9295
97.570 0.1677 0.0866 0.9096
97.610 0.1645 0.0878 0.9532
97.651 0.1582 0.0844 0.8883
97.691 0.1586 0.0841 0.9306
97.731 0.1562 0.0824 0.9516
97.771 0.1558 0.0850 0.9421
97.810 0.1540 0.0867 0.9084
97.850 0.1527 0.0845 0.9344
97.892 0.1517 0.0843 0.9277
97.932 0.1493 0.0838 0.9321
97.972 0.1471 0.0843 0.9007
98.011 0.1422 0.0846 0.9018
98.050 0.1379 0.0855 0.8919
98.093 0.1372 0.0825 0.9228
98.133 0.1383 0.0856 0.9029
98.173 0.1394 0.0857 0.9059
98.213 0.1445 0.0853 0.9167
98.250 0.1488 0.0854 0.9266
98.295 0.1567 0.0844 0.9216
98.334 0.1662 0.0837 0.9502
98.374 0.1730 0.0826 0.9266
98.414 0.1809 0.0817 0.9355
98.454 0.1840 0.0845 0.9302
98.495 0.1901 0.0828 0.9592
98.534 0.2003 0.0810 0.9416
98.575 0.2088 0.0792 0.9105
98.615 0.2178 0.0753 0.9406
98.654 0.2225 0.0825 0.9278
98.693 0.2252 0.0830 0.9019
98.735 0.2247 0.0811 0.9329
98.776 0.2184 0.0817 0.9152
98.815 0.2137 0.0810 0.8942
98.855 0.2128 0.0827 0.9398
98.892 0.2030 0.0859 0.9380
98.937 0.1994 0.0876 0.9645
98.976 0.1935 0.0868 0.9186
99.016 0.1778 0.0868 0.9346
99.056 0.1650 0.0853 0.9422
99.093 0.1550 0.0853 0.9751
99.137 0.1447 0.0841 0.9775
99.177 0.1356 0.0893 0.9404
99.217 0.1262 0.0881 0.9323
99.257 0.1240 0.0859 0.9323
99.298 0.1239 0.0863 0.9323
99.338 0.1142 0.0873 0.9221
99.378 0.1110 0.0865 0.9503
99.419 0.1066 0.0846 0.9466
99.458 0.1013 0.0846 0.8869
99.498 0.1083 0.0839 0.9122
99.537 0.1124 0.0840 0.9372
99.579 0.1097 0.0877 0.9544
99.619 0.1078 0.0850 0.9285
99.659 0.1094 0.0860 0.9383
99.698 0.1109 0.0850 0.9383
99.736 0.1103 0.0862 0.9500
99.780 0.1042 0.0864 0.9544
99.819 0.1009 0.0874 0.9495
99.860 0.1028 0.0857 0.9445
99.899 0.1075 0.0860 0.9085
99.936 0.1128 0.0864 0.9295
99.980 0.1155 0.0902 0.9225
100.020 0.1224 0.0906 0.9185
100.060 0.1286 0.0880 0.9289
100.100 0.1388 0.0883 0.9229
100.140 0.1442 0.0863 0.9249
100.181 0.1448 0.0874 0.9402
100.221 0.1487 0.0897 0.9441
100.261 0.1559 0.0892 0.9274
100.301 0.1613 0.0869 0.9371
100.341 0.1647 0.0873 0.9208
100.381 0.1660 0.0869 0.9069
100.422 0.1675 0.0877 0.9119
100.463 0.1676 0.0883 0.9078
100.503 0.1643 0.0864 0.9700
100.542 0.1625 0.0847 0.9111
100.579 0.1604 0.0852 0.9116
100.624 0.1561 0.0904 0.9383
100.663 0.1579 0.0894 0.9562
100.703 0.1617 0.0897 0.9258
100.743 0.1605 0.0901 0.9285
100.780 0.1573 0.0888 0.9555
100.824 0.1573 0.0873 0.9251
100.864 0.1567 0.0889 0.9251
100.904 0.1553 0.0894 0.9215
100.944 0.1556 0.0884 0.9165
100.984 0.1523 0.0878 0.9165
101.024 0.1516 0.0866 0.9165
101.064 0.1516 0.0868 0.9229
101.105 0.1506 0.0885 0.9315
101.145 0.1496 0.0890 0.9165
101.184 0.1471 0.0883 0.9475
101.224 0.1430 0.0886 0.9689
101.265 0.1430 0.0896 0.9424
101.305 0.1432 0.0913 0.9289
101.345 0.1426 0.0901 0.9576
101.385 0.1384 0.0898 0.9175
101.423 0.1338 0.0891 0.9290
101.467 0.1321 0.0889 0.9289
101.507 0.1331 0.0890 0.9254
101.547 0.1312 0.0897 0.9492
101.587 0.1295 0.0882 0.9503
101.623 0.1265 0.0903 0.9193
101.668 0.1264 0.0906 0.9349
101.707 0.1243 0.0881 0.8983
101.748 0.1231 0.0937 0.8959
101.787 0.1167 0.0938 0.9102
101.828 0.1128 0.0892 0.8840
101.868 0.1140 0.0861 0.9078
101.908 0.1165 0.0895 0.9248
101.948 0.1182 0.0911 0.9198
101.988 0.1174 0.0911 0.9097
102.027 0.1190 0.0933 0.8863
102.067 0.1198 0.0934 0.9083
102.108 0.1247 0.0902 0.8973
102.149 0.1269 0.0930 0.8956
102.189 0.1306 0.0935 0.9097
102.228 0.1334 0.0908 0.9387
102.266 0.1368 0.0901 0.9363
102.310 0.1442 0.0917 0.9176
102.350 0.1515 0.0893 0.9026
102.389 0.1585 0.0907 0.9327
102.429 0.1624 0.0901 0.9335
102.467 0.1654 0.0897 0.9322
102.510 0.1674 0.0914 0.8875
102.550 0.1691 0.0895 0.8900
102.591 0.1738 0.0901 0.9416
102.631 0.1744 0.0901 0.9382
102.670 0.1779 0.0920 0.9512
102.711 0.1789 0.0914 0.9335
102.752 0.1810 0.0889 0.9076
102.792 0.1833 0.0902 0.9076
102.832 0.1832 0.0927 0.9363
102.871 0.1780 0.0935 0.9165
102.911 0.1738 0.0935 0.8981
102.952 0.1721 0.0935 0.9326
102.992 0.1755 0.0920 0.9233
103.032 0.1799 0.0913 0.9198
103.072 0.1795 0.0927 0.9233
103.109 0.1773 0.0900 0.9305
103.154 0.1743 0.0884 0.9315
103.193 0.1728 0.0861 0.8991
103.233 0.1788 0.0851 0.9203
103.273 0.1800 0.0918 0.9068
103.310 0.1770 0.0922 0.9475
103.354 0.1777 0.0890 0.9226
103.394 0.1810 0.0890 0.9113
103.434 0.1873 0.0924 0.9606
103.474 0.1894 0.0945 0.9405
103.514 0.1887 0.0949 0.9343
103.554 0.1894 0.0919 0.9241
103.594 0.1924 0.0910 0.9400
103.635 0.1936 0.0901 0.9084
103.675 0.1958 0.0872 0.9636
103.714 0.1930 0.0890 0.9476
103.754 0.1904 0.0899 0.9516
103.796 0.1929 0.0900 0.9286
103.836 0.1928 0.0937 0.9775
103.876 0.1921 0.0892 0.9409
103.916 0.1913 0.0899 0.9537
103.953 0.1877 0.0964 0.9584
103.997 0.1857 0.0913 0.9345
104.037 0.1841 0.0903 0.9476
104.077 0.1815 0.0880 0.9165
104.116 0.1814 0.0881 0.9179
104.153 0.1817 0.0903 0.9137
104.198 0.1810 0.0892 0.9410
104.237 0.1805 0.0893 0.9352
104.277 0.1769 0.0871 0.9152
104.317 0.1778 0.0880 0.9214
104.357 0.1777 0.0898 0.9412
104.398 0.1748 0.0908 0.9137
104.438 0.1721 0.0882 0.9111
104.478 0.1686 0.0866 0.9320
104.518 0.1658 0.0912 0.9277
104.557 0.1658 0.0933 0.9379
104.597 0.1633 0.0947 0.9267
104.638 0.1615 0.0949 0.9203
104.679 0.1620 0.0907 0.9177
104.719 0.1619 0.0931 0.8831
104.758 0.1664 0.0950 0.9126
104.797 0.1675 0.0952 0.9156
104.841 0.1655 0.0991 0.9228
104.880 0.1651 0.0972 0.9228
104.920 0.1646 0.0973 0.8762
104.960 0.1650 0.0921 0.9095
104.997 0.1662 0.0979 0.9469
105.041 0.1616 0.0991 0.9191
105.081 0.1582 0.0987 0.9408
105.121 0.1614 0.0937 0.9559
105.161 0.1600 0.0966 0.9473
105.201 0.1606 0.0942 0.9225
105.242 0.1589 0.0939 0.9296
105.281 0.1578 0.0962 0.9289
105.322 0.1610 0.0969 0.9163
105.362 0.1628 0.0947 0.9400
105.401 0.1640 0.0963 0.8899
105.441 0.1656 0.0949 0.9306
105.482 0.1686 0.0968 0.9202
105.522 0.1703 0.0987 0.9026
105.562 0.1737 0.0955 0.9242
105.602 0.1747 0.0956 0.9446
105.639 0.1709 0.0979 0.9446
105.683 0.1674 0.0971 0.9120
105.723 0.1647 0.0966 0.9452
105.763 0.1626 0.0957 0.9437
105.802 0.1599 0.0957 0.9108
105.841 0.1583 0.0936 0.9045
105.884 0.1557 0.0965 0.9216
105.925 0.1558 0.0980 0.9216
105.965 0.1543 0.0956 0.9347
106.004 0.1482 0.0978 0.9219
106.044 0.1498 0.0975 0.9363
106.085 0.1495 0.0972 0.9265
106.125 0.1541 0.1016 0.9303
106.165 0.1567 0.0977 0.9220
106.205 0.1595 0.0974 0.9351
106.245 0.1591 0.1001 0.8973
106.284 0.1568 0.0945 0.9602
106.326 0.1558 0.0963 0.9222
106.366 0.1565 0.0976 0.9366
106.406 0.1566 0.0962 0.9551
106.445 0.1541 0.0941 0.9341
106.483 0.1620 0.0928 0.9112
106.527 0.1650 0.0915 0.9094
106.567 0.1645 0.0922 0.9535
106.606 0.1635 0.0909 0.9787
106.695 0.1659 0.0897 0.9025
106.723 0.1672 0.0881 0.9295
106.767 0.1751 0.0914 0.9348
106.807 0.1749 0.0944 0.9553
106.847 0.1745 0.0886 0.9442
106.887 0.1739 0.0880 0.9293
106.927 0.1776 0.0878 0.9864
106.968 0.1751 0.0878 0.9566
107.008 0.1702 0.0928 0.9307
107.049 0.1686 0.0928 0.9274
107.089 0.1663 0.0883 0.9241
107.128 0.1693 0.0931 0.9364
107.168 0.1683 0.0882 0.9387
107.209 0.1733 0.0906 0.9238
107.250 0.1722 0.0900 0.9691
107.290 0.1792 0.0908 0.9622
107.329 0.1845 0.0924 0.9387
107.366 0.1891 0.0893 0.9236
107.410 0.1883 0.0924 0.9277
107.450 0.1846 0.0925 0.9388
107.490 0.1821 0.0938 0.9596
107.530 0.1831 0.0902 0.9277
107.567 0.1858 0.0961 0.9411
107.611 0.1813 0.0887 0.9241
107.651 0.1753 0.0929 0.9247
107.691 0.1667 0.0917 0.9751
107.731 0.1605 0.0956 0.9661
107.770 0.1560 0.0932 0.9519
107.811 0.1482 0.0920 0.9269
107.851 0.1415 0.0929 0.9067
107.892 0.1340 0.0930 0.9459
107.931 0.1285 0.0930 0.9215
107.971 0.1253 0.0957 0.9174
108.010 0.1166 0.0952 0.9239
108.052 0.1128 0.0902 0.9241
108.092 0.1051 0.0957 0.9191
108.133 0.0991 0.0974 0.9043
108.173 0.0927 0.0942 0.9093
108.210 0.0865 0.0893 0.9055
108.254 0.0770 0.0900 0.9005
108.294 0.0718 0.0899 0.8943
108.334 0.0689 0.0883 0.9376
108.373 0.0686 0.0912 0.9336
108.411 0.0709 0.0892 0.9269
108.455 0.0764 0.0883 0.9138
108.494 0.0881 0.0908 0.8965
108.535 0.0907 0.0892 0.9207
108.574 0.0939 0.0906 0.9207
108.614 0.1001 0.0893 0.9228
108.655 0.1036 0.0897 0.9390
108.695 0.1104 0.0886 0.9302
108.735 0.1172 0.0947 0.9175
108.775 0.1230 0.0941 0.8992
108.815 0.1246 0.0945 0.8961
108.854 0.1254 0.0923 0.9016
108.895 0.1255 0.0904 0.9092
108.936 0.1234 0.0923 0.9113
108.976 0.1213 0.0961 0.9154
109.015 0.1183 0.0974 0.8986
109.053 0.1136 0.0912 0.8704
109.097 0.1128 0.0894 0.9527
109.137 0.1178 0.0883 0.9272
109.176 0.1221 0.0915 0.9075
109.217 0.1245 0.0925 0.9394
109.255 0.1222 0.0927 0.9215
109.298 0.1193 0.0904 0.9178
109.338 0.1195 0.0902 0.9436
109.378 0.1210 0.0903 0.9847
109.418 0.1249 0.0948 0.9752
109.458 0.1258 0.0945 0.9615
109.499 0.1222 0.0915 0.9288
109.538 0.1268 0.0950 0.9556
109.579 0.1292 0.0935 0.9170
109.619 0.1282 0.0968 0.9582
109.658 0.1248 0.0973 0.9485
109.697 0.1211 0.0987 0.9220
109.739 0.1196 0.0932 0.9454
109.779 0.1219 0.0950 0.9486
109.819 0.1278 0.0947 0.9439
109.859 0.1317 0.0956 0.9732
109.897 0.1280 0.0963 0.9682
109.940 0.1237 0.0938 0.9339
109.980 0.1279 0.0902 0.9348
110.020 0.1329 0.0912 0.9584
110.060 0.1306 0.0968 0.9749
110.096 0.1272 0.0988 0.9742
110.141 0.1256 0.0949 0.9544
110.181 0.1235 0.0949 0.9564
110.221 0.1237 0.0962 0.9816
110.261 0.1276 0.0950 0.9277
110.300 0.1238 0.0960 0.9415
110.342 0.1184 0.0966 0.9415
110.382 0.1189 0.0943 0.9319
110.422 0.1212 0.0913 0.9314
110.462 0.1225 0.0942 0.9110
110.502 0.1181 0.0977 0.9039
110.541 0.1155 0.0949 0.9284
110.583 0.1173 0.0943 0.9284
110.623 0.1185 0.0954 0.9284
110.663 0.1179 0.0943 0.9284
110.702 0.1195 0.0968 0.9006
110.740 0.1146 0.0987 0.9069
110.784 0.1125 0.0971 0.9117
110.824 0.1109 0.0979 0.9117
110.864 0.1112 0.0965 0.9006
110.903 0.1123 0.0959 0.8986
110.941 0.1093 0.0991 0.9051
110.985 0.1082 0.1000 0.9076
111.024 0.1098 0.0970 0.9450
111.064 0.1094 0.0960 0.9139
111.104 0.1066 0.0972 0.9216
111.144 0.1082 0.0986 0.9359
111.185 0.1067 0.0997 0.9493
111.225 0.1054 0.0995 0.9225
111.265 0.1037 0.0985 0.9365
111.305 0.1023 0.0977 0.9277
111.344 0.0998 0.0970 0.8883
111.384 0.0931 0.1000 0.8914
111.425 0.0892 0.0977 0.8889
111.467 0.0822 0.0982 0.8963
111.506 0.0750 0.0968 0.9012
111.546 0.0693 0.0985 0.9311
111.583 0.0660 0.0982 0.9250
111.627 0.0616 0.1001 0.9250
111.667 0.0590 0.0991 0.9338
111.707 0.0591 0.0994 0.8889
111.747 0.0637 0.0983 0.8983
111.784 0.0678 0.0977 0.9311
111.828 0.0666 0.1004 0.8939
111.868 0.0698 0.1015 0.9252
111.908 0.0774 0.0996 0.8787
111.948 0.0864 0.0996 0.8915
111.988 0.0977 0.0977 0.9429
112.029 0.1064 0.1044 0.9385
112.068 0.1121 0.1031 0.9355
112.109 0.1159 0.1018 0.9379
112.148 0.1229 0.1008 0.9125
112.188 0.1320 0.0981 0.9325
112.230 0.1353 0.1004 0.9204
112.269 0.1352 0.1015 0.9709
112.309 0.1401 0.0999 0.9317
112.349 0.1425 0.1000 0.9317
112.389 0.1423 0.0997 0.9085
112.426 0.1413 0.1028 0.9139
112.471 0.1394 0.1007 0.9348
112.510 0.1383 0.1017 0.9389
112.550 0.1380 0.0985 0.9389
112.591 0.1414 0.0968 0.9389
112.627 0.1423 0.0968 0.9299
112.672 0.1396 0.1002 0.9584
112.712 0.1412 0.0990 0.9996
112.752 0.1415 0.0975 0.9614
112.791 0.1397 0.0968 0.9442
112.832 0.1428 0.0959 0.9511
112.872 0.1434 0.0972 0.9412
112.912 0.1426 0.0998 0.9615
112.952 0.1414 0.0971 0.9587
112.992 0.1403 0.0977 0.9457
113.032 0.1392 0.0913 0.9402
113.071 0.1389 0.0933 0.9746
113.112 0.1445 0.0985 0.9746
113.153 0.1473 0.0961 0.9594
113.193 0.1433 0.0967 0.9206
113.232 0.1410 0.0977 0.9440
113.270 0.1402 0.0942 0.8996
113.314 0.1435 0.0943 0.9416
113.354 0.1462 0.0984 0.9429
113.393 0.1487 0.0959 0.9601
113.433 0.1518 0.0947 0.9233
113.470 0.1491 0.0914 0.9443
113.515 0.1528 0.0933 0.9475
113.554 0.1544 0.0945 0.9656
113.594 0.1507 0.0944 0.9503
113.634 0.1497 0.0945 0.9289
113.675 0.1527 0.0905 0.9303
113.716 0.1551 0.0928 0.9379
113.756 0.1606 0.0931 0.9554
113.796 0.1631 0.0932 0.9628
113.836 0.1626 0.0931 0.9364
113.875 0.1637 0.0932 0.9305
113.915 0.1608 0.0932 0.9363
113.956 0.1643 0.0949 0.9214
113.996 0.1655 0.0966 0.9272
114.036 0.1670 0.0920 0.9421
114.076 0.1709 0.0918 0.9261
114.113 0.1686 0.0959 0.9139
114.158 0.1709 0.0917 0.9429
114.197 0.1715 0.0967 0.9467
114.237 0.1748 0.0955 0.9467
114.277 0.1754 0.0976 0.9527
114.314 0.1766 0.1002 0.9467
114.358 0.1798 0.0971 0.9333
114.398 0.1795 0.1001 0.9575
114.438 0.1798 0.1038 0.9369
114.478 0.1785 0.1026 0.8867
114.518 0.1759 0.1010 0.9269
114.559 0.1713 0.1002 0.9309
114.598 0.1734 0.1023 0.9043
114.639 0.1691 0.1026 0.9203
114.678 0.1662 0.1039 0.9245
114.718 0.1614 0.1013 0.9229
114.758 0.1536 0.1030 0.9355
114.800 0.1489 0.0999 0.9429
114.840 0.1427 0.1011 0.9405
114.880 0.1404 0.1081 0.9295
114.920 0.1383 0.1041 0.8952
114.957 0.1357 0.1025 0.9032
115.001 0.1336 0.1084 0.8952
115.041 0.1349 0.1026 0.9043
115.081 0.1347 0.1109 0.8915
115.120 0.1323 0.1087 0.9061
115.158 0.1313 0.1078 0.9142
115.202 0.1345 0.1025 0.8867
115.241 0.1398 0.1067 0.8793
115.281 0.1427 0.1093 0.9145
115.321 0.1429 0.1075 0.8782
115.361 0.1405 0.1058 0.8763
115.402 0.1413 0.1036 0.8599
115.442 0.1441 0.1029 0.8765
115.482 0.1507 0.1030 0.8841
115.522 0.1560 0.1088 0.8873
115.561 0.1553 0.1079 0.9032
115.601 0.1530 0.1068 0.8963
115.642 0.1558 0.1045 0.9064
115.683 0.1561 0.1028 0.9064
115.723 0.1544 0.1060 0.9105
115.762 0.1570 0.1054 0.9799
115.800 0.1567 0.1019 0.9484
115.844 0.1608 0.1014 0.9042
115.884 0.1641 0.1002 0.9409
115.924 0.1656 0.1012 0.9530
115.964 0.1680 0.1014 1.0080
116.001 0.1682 0.0985 0.9773
116.045 0.1719 0.0983 0.9427
116.085 0.1758 0.0990 0.9476
116.125 0.1779 0.0988 0.9808
116.165 0.1801 0.0970 0.9898
116.205 0.1801 0.0976 0.9577
116.246 0.1748 0.0982 0.9538
116.285 0.1685 0.0965 0.9463
116.326 0.1625 0.0979 0.9492
116.366 0.1595 0.0956 0.9444
116.405 0.1581 0.0979 0.9435
116.445 0.1494 0.0984 0.9341
116.486 0.1409 0.0984 0.9542
116.526 0.1279 0.0972 0.9410
116.567 0.1219 0.0979 0.9172
116.606 0.1162 0.0953 0.9250
116.643 0.1080 0.0959 0.9328
116.688 0.1008 0.0952 0.9425
116.727 0.0952 0.0961 0.9370
116.767 0.0974 0.0961 0.9341
116.807 0.1020 0.0976 0.9378
116.844 0.1004 0.0985 0.9356
116.888 0.1007 0.0987 0.9389
116.928 0.1040 0.0977 0.9356
116.968 0.1078 0.0970 0.9392
117.008 0.1168 0.0975 0.9160
117.049 0.1205 0.0981 0.9078
117.089 0.1218 0.0963 0.9228
117.129 0.1268 0.0995 0.9298
117.169 0.1300 0.0982 0.9221
117.209 0.1333 0.0952 0.9045
117.249 0.1319 0.0984 0.9221
117.288 0.1303 0.0984 0.8922
117.330 0.1314 0.0961 0.9219
117.370 0.1263 0.0953 0.9117
117.410 0.1251 0.0947 0.9376
117.450 0.1256 0.0948 0.9527
117.487 0.1211 0.0981 0.9471
117.531 0.1149 0.0961 0.9438
117.571 0.1150 0.0968 0.9345
117.611 0.1125 0.0939 0.9218
117.650 0.1110 0.0955 0.9299
117.687 0.1098 0.0974 0.9299
117.731 0.1102 0.0980 0.8987
117.771 0.1076 0.0972 0.9257
117.811 0.1011 0.0954 0.9441
117.851 0.0997 0.0944 0.9396
117.891 0.0966 0.0947 0.9349
117.932 0.0870 0.0984 0.9350
117.972 0.0778 0.0951 0.9163
118.012 0.0700 0.0938 0.9647
118.052 0.0602 0.0933 0.9265
118.092 0.0484 0.0948 0.9265
118.132 0.0302 0.0975 0.9163
118.173 0.0284 0.0966 0.9437
118.213 0.0524 0.0947 0.9437
118.253 0.0732 0.0958 0.9499
118.293 0.0889 0.0943 0.9265
118.331 0.1027 0.0938 0.9426
118.375 0.1184 0.0995 0.9437
118.414 0.1312 0.0971 0.9321
118.454 0.1386 0.0960 0.8987
118.494 0.1468 0.0941 0.8996
118.531 0.1501 0.0963 0.9283
118.575 0.1379 0.0956 0.9475
118.615 0.1218 0.0966 0.9452
118.655 0.1070 0.0946 0.9298
118.695 0.0932 0.0942 0.9309
118.735 0.0812 0.0969 0.9238
118.776 0.0691 0.0955 0.8904
118.815 0.0605 0.0986 0.9213
118.856 0.0526 0.0990 0.9228
118.895 0.0443 0.0978 0.8849
118.935 0.0357 0.0978 0.9128
118.975 0.0256 0.0979 0.9108
119.016 0.0171 0.1033 0.8761
119.056 0.0141 0.0989 0.9108
119.096 0.0122 0.0989 0.9108
119.136 0.0061 0.0989 0.9140
119.174 0.0073 0.0979 0.9042
119.217 0.0082 0.1033 0.8781
119.258 0.0114 0.1026 0.8781
119.298 0.0166 0.0989 0.9108
119.338 0.0217 0.0989 0.8858
119.374 0.0288 0.0962 0.8872
119.419 0.0353 0.0986 0.8859
119.458 0.0360 0.1002 0.8849
119.499 0.0413 0.1002 0.8849
119.538 0.0470 0.1018 0.8859
119.578 0.0554 0.0978 0.8923
119.619 0.0633 0.0979 0.9043
119.659 0.0690 0.1005 0.9342
119.699 0.0758 0.0993 0.9028
119.739 0.0817 0.0970 0.9002
119.779 0.0842 0.0971 0.8982
119.818 0.0861 0.0951 0.9265
119.859 0.0901 0.0981 0.9443
119.900 0.0905 0.1010 0.9067
119.940 0.0936 0.1003 0.8955
119.979 0.0948 0.0993 0.8996
120.017 0.1007 0.0953 0.8971
120.061 0.1042 0.0997 0.8971
120.100 0.1034 0.1022 0.8971
120.140 0.1049 0.0999 0.9072
120.180 0.1048 0.0999 0.8671
120.217 0.1044 0.1012 0.9117
120.261 0.1053 0.0971 0.9087
120.301 0.1084 0.1018 0.9031
120.342 0.1070 0.1036 0.8971
120.382 0.1087 0.1036 0.8893
120.422 0.1107 0.1002 0.9073
120.463 0.1148 0.0983 0.8996
120.503 0.1195 0.0967 0.8996
120.543 0.1189 0.0974 0.8932
120.583 0.1179 0.0968 0.8932
120.622 0.1197 0.0968 0.9328
120.662 0.1205 0.0965 0.9117
120.703 0.1210 0.0965 0.9251
120.743 0.1224 0.0965 0.9287
120.783 0.1270 0.0962 0.8991
120.823 0.1318 0.0958 0.9347
120.860 0.1317 0.0949 0.9475
120.905 0.1332 0.0940 0.9335
120.944 0.1287 0.0959 0.9284
120.984 0.1211 0.0965 0.8675
121.024 0.1173 0.0989 0.8930
121.061 0.1180 0.0965 0.8791
121.105 0.1205 0.0957 0.9025
121.145 0.1206 0.0950 0.9604
121.185 0.1190 0.0950 0.9179
121.225 0.1169 0.0976 0.9059
121.264 0.1138 0.0944 0.9117
121.306 0.1083 0.0940 0.9146
121.345 0.1094 0.0941 0.9166
121.385 0.1083 0.0950 0.9011
121.425 0.1119 0.0946 0.9011
121.466 0.1176 0.0945 0.9011
121.506 0.1208 0.0931 0.9039
121.547 0.1220 0.0932 0.9039
121.587 0.1187 0.0939 0.8879
121.627 0.1182 0.0945 0.8931
121.667 0.1181 0.0948 0.9105
121.704 0.1184 0.0966 0.8943
121.748 0.1184 0.0975 0.8828
121.788 0.1172 0.0973 0.8803
121.828 0.1165 0.0978 0.9421
121.867 0.1176 0.1002 0.9352
121.905 0.1166 0.1010 0.9388
121.949 0.1138 0.0992 0.9169
121.988 0.1147 0.0983 0.8869
122.028 0.1122 0.1000 0.9216
122.068 0.1127 0.0982 0.9388
122.108 0.1112 0.0974 0.9389
122.149 0.1062 0.0956 0.9356
122.189 0.1054 0.0937 0.9179
122.229 0.1046 0.0945 0.9185
122.269 0.1061 0.0967 0.8862
122.308 0.1060 0.0962 0.9096
122.348 0.1035 0.0950 0.9188
122.389 0.1049 0.0952 0.9188
122.430 0.1059 0.0918 0.9371
122.470 0.1014 0.0922 0.9431
122.509 0.1015 0.0990 0.9136
122.547 0.1025 0.0947 0.9096
122.591 0.1016 0.0957 0.9200
122.659 0.1100 0.0972 0.9270
122.711 0.1160 0.0978 0.9450
122.751 0.1176 0.0975 0.9176
122.788 0.1183 0.0965 0.9108
122.832 0.1215 0.0963 0.9289
122.872 0.1240 0.0951 0.9097
122.912 0.1263 0.0996 0.9402
122.952 0.1301 0.0968 0.9559
122.992 0.1334 0.1018 0.8918
123.032 0.1346 0.0967 0.9488
123.072 0.1389 0.0976 0.9488
123.112 0.1376 0.0966 0.9061
123.153 0.1379 0.1006 0.9450
123.192 0.1375 0.0977 0.9450
123.232 0.1359 0.0962 0.9787
123.273 0.1375 0.0955 0.9189
123.313 0.1388 0.0973 0.9140
123.353 0.1346 0.0987 0.9313
123.393 0.1286 0.0991 0.9325
123.430 0.1252 0.1038 0.9160
123.474 0.1235 0.1033 0.9123
123.514 0.1261 0.1050 0.9063
123.554 0.1241 0.1036 0.9063
123.593 0.1280 0.0996 0.9265
123.632 0.1295 0.0987 0.9248
123.675 0.1301 0.0987 0.9454
123.715 0.1320 0.0965 0.9454
123.756 0.1353 0.0987 0.9378
123.795 0.1353 0.1058 0.9004
123.835 0.1378 0.1013 0.9252
123.876 0.1412 0.1004 0.9481
123.916 0.1459 0.0968 0.9098
123.956 0.1523 0.1030 0.8962
123.996 0.1537 0.0987 0.8865
124.035 0.1532 0.1044 0.9052
124.075 0.1512 0.1007 0.9065
124.116 0.1529 0.0987 0.9266
124.157 0.1540 0.1016 0.9209
124.197 0.1569 0.1017 0.9119
124.236 0.1541 0.1026 0.9255
124.274 0.1519 0.1011 0.9485
124.318 0.1505 0.1000 0.9470
124.358 0.1504 0.1017 0.9015
124.398 0.1506 0.0984 0.9261
124.437 0.1493 0.1011 0.9477
124.474 0.1431 0.0990 0.9447
124.518 0.1421 0.0994 0.8912
124.558 0.1421 0.0942 0.9222
124.598 0.1435 0.0973 0.9102
124.638 0.1456 0.0998 0.9450
124.678 0.1432 0.0985 0.9442
124.719 0.1429 0.0977 0.9149
124.759 0.1452 0.0978 0.9221
124.800 0.1442 0.0974 0.9533
124.840 0.1502 0.0968 0.9399
124.879 0.1511 0.1005 0.9379
124.919 0.1487 0.1004 0.9002
124.960 0.1508 0.0988 0.9077
125.000 0.1534 0.0990 0.9265
125.040 0.1606 0.0929 0.9311
125.080 0.1663 0.0979 0.9278
125.117 0.1627 0.0992 0.9123
125.163 0.1610 0.1001 0.9205
125.201 0.1640 0.1007 0.9335
125.241 0.1637 0.0950 0.9259
125.281 0.1719 0.0974 0.9257
125.318 0.1711 0.1001 0.9366
125.362 0.1738 0.0964 0.9410
125.402 0.1759 0.0953 0.9226
125.442 0.1756 0.0948 0.9480
125.482 0.1759 0.0953 0.9351
125.522 0.1748 0.0953 0.9413
125.563 0.1672 0.0968 0.9442
125.602 0.1664 0.0945 0.9432
125.643 0.1676 0.0926 0.9386
125.683 0.1670 0.0940 0.9372
125.722 0.1704 0.0950 0.9303
125.762 0.1631 0.0937 0.9303
125.803 0.1598 0.0943 0.9366
125.843 0.1560 0.0927 0.8782
125.883 0.1541 0.0918 0.9444
125.924 0.1563 0.0922 0.9691
125.961 0.1571 0.0946 0.9465
126.005 0.1604 0.0972 0.9657
126.045 0.1607 0.0925 0.9096
126.085 0.1653 0.0938 0.9746
126.125 0.1669 0.0924 0.9290
126.162 0.1678 0.0927 0.9295
126.207 0.1625 0.0980 0.9464
126.245 0.1669 0.0955 0.9464
126.285 0.1736 0.0932 0.9355
126.325 0.1788 0.0923 0.9342
126.365 0.1824 0.0931 0.9576
126.406 0.1851 0.0938 0.9566
126.446 0.1878 0.0957 0.9516
126.486 0.1821 0.0927 0.9432
126.526 0.1804 0.0908 0.9552
126.565 0.1790 0.0892 0.9349
126.605 0.1770 0.0930 0.9375
126.646 0.1747 0.0931 0.9387
126.687 0.1717 0.0909 0.9451
126.727 0.1688 0.0884 0.9539
126.766 0.1631 0.0889 0.9332
126.803 0.1595 0.0866 0.9492
126.848 0.1553 0.0881 0.9182
126.887 0.1497 0.0893 0.8755
126.927 0.1445 0.0884 0.9449
126.967 0.1448 0.0889 0.9188
127.006 0.1482 0.0886 0.9199
127.049 0.1492 0.0913 0.9399
127.089 0.1507 0.0917 0.9160
127.129 0.1559 0.0908 0.9098
127.169 0.1605 0.0879 0.9225
127.209 0.1645 0.0867 0.9435
127.250 0.1715 0.0890 0.9435
127.290 0.1718 0.0920 0.9026
127.330 0.1695 0.0932 0.9012
127.370 0.1709 0.0927 0.9139
127.409 0.1721 0.0871 0.9123
127.449 0.1706 0.0883 0.9119
127.490 0.1680 0.0887 0.9312
127.531 0.1627 0.0894 0.9379
127.570 0.1605 0.0882 0.9035
127.610 0.1567 0.0847 0.9042
127.647 0.1531 0.0863 0.9016
127.691 0.1492 0.0872 0.8878
127.731 0.1463 0.0890 0.9282
127.771 0.1449 0.0877 0.9226
127.811 0.1446 0.0859 0.9395
127.848 0.1482 0.0835 0.9125
127.892 0.1481 0.0851 0.9406
127.931 0.1497 0.0885 0.9076
127.972 0.1503 0.0852 0.9485
128.011 0.1507 0.0828 0.9301
128.051 0.1514 0.0803 0.9241
128.092 0.1519 0.0817 0.9546
128.133 0.1566 0.0847 0.9428
128.173 0.1624 0.0858 0.9457
128.213 0.1668 0.0838 0.9169
128.253 0.1686 0.0824 0.9169
128.292 0.1708 0.0813 0.9171
128.334 0.1708 0.0838 0.8912
128.416 0.1764 0.0828 0.9502
128.454 0.1777 0.0797 0.9110
128.493 0.1808 0.0804 0.9085
128.531 0.1823 0.0788 0.9085
128.575 0.1878 0.0835 0.9165
128.615 0.1887 0.0833 0.9294
128.655 0.1857 0.0806 0.9035
128.694 0.1859 0.0805 0.9083
128.731 0.1813 0.0794 0.8849
128.775 0.1780 0.0826 0.8679
128.815 0.1755 0.0819 0.9233
128.855 0.1728 0.0794 0.9262
128.895 0.1719 0.0777 0.8802
128.935 0.1751 0.0786 0.8758
128.976 0.1761 0.0790 0.9042
129.016 0.1786 0.0807 0.9042
129.056 0.1772 0.0809 0.9219
129.096 0.1721 0.0789 0.9279
129.135 0.1736 0.0764 0.9083
129.175 0.1706 0.0759 0.9249
129.217 0.1703 0.0781 0.9431
129.258 0.1731 0.0822 0.9359
129.298 0.1750 0.0803 0.9339
129.337 0.1783 0.0783 0.9162
129.375 0.1793 0.0777 0.8934
129.419 0.1756 0.0774 0.9115
129.458 0.1753 0.0783 0.9162
129.498 0.1746 0.0791 0.9061
129.538 0.1735 0.0768 0.9506
129.575 0.1744 0.0771 0.9427
129.619 0.1766 0.0767 0.9254
129.659 0.1749 0.0790 0.9137
129.699 0.1769 0.0790 0.9413
129.739 0.1771 0.0791 0.9019
129.779 0.1814 0.0765 0.9282
129.820 0.1782 0.0770 0.9061
129.859 0.1724 0.0763 0.8999
129.900 0.1742 0.0780 0.9072
129.939 0.1711 0.0780 0.9536
129.979 0.1687 0.0783 0.9269
130.019 0.1661 0.0768 0.8889
130.060 0.1697 0.0765 0.9579
130.100 0.1688 0.0809 0.9568
130.140 0.1677 0.0787 0.9171
130.180 0.1679 0.0768 0.9200
130.218 0.1673 0.0795 0.9467
130.262 0.1629 0.0776 0.9257
130.301 0.1641 0.0826 0.9331
130.342 0.1705 0.0819 0.9334
130.381 0.1694 0.0827 0.9259
130.419 0.1695 0.0809 0.9248
130.463 0.1693 0.0784 0.9233
130.502 0.1724 0.0814 0.9219
130.543 0.1683 0.0805 0.9121
130.583 0.1647 0.0801 0.8949
130.622 0.1665 0.0798 0.8739
130.663 0.1699 0.0805 0.8519
130.703 0.1723 0.0797 0.8479
130.743 0.1779 0.0794 0.9127
130.783 0.1837 0.0789 0.9475
130.823 0.1846 0.0776 0.9454
130.875 0.1836 0.0767 0.9596
130.903 0.1840 0.0778 0.9402
130.944 0.1881 0.0787 0.9005
130.984 0.1891 0.0791 0.9161
131.024 0.1910 0.0809 0.9207
131.061 0.1914 0.0777 0.9169
131.105 0.1939 0.0772 0.9347
131.144 0.1932 0.0783 0.9214
131.184 0.1866 0.0784 0.8995
131.224 0.1772 0.0802 0.9172
131.261 0.1676 0.0790 0.9224
131.305 0.1640 0.0776 0.9232
131.345 0.1677 0.0787 0.9232
131.385 0.1720 0.0781 0.9609
131.425 0.1757 0.0793 0.9328
131.465 0.1753 0.0811 0.9048
131.507 0.1726 0.0779 0.9098
131.547 0.1754 0.0776 0.9348
131.587 0.1733 0.0776 0.9236
131.627 0.1706 0.0793 0.8963
131.666 0.1726 0.0778 0.8966
131.706 0.1801 0.0786 0.9385
131.747 0.1863 0.0761 0.9406
131.788 0.1887 0.0750 0.9233
131.828 0.1867 0.0782 0.9032
131.867 0.1840 0.0819 0.9091
131.905 0.1781 0.0794 0.9391
131.949 0.1747 0.0759 0.9141
131.988 0.1827 0.0799 0.9286
132.028 0.1879 0.0788 0.9075
132.068 0.1919 0.0819 0.9358
132.105 0.1931 0.0821 0.9434
132.149 0.1959 0.0770 0.9338
132.189 0.1985 0.0777 0.9148
132.229 0.2003 0.0787 0.9114
132.269 0.2016 0.0814 0.9529
132.308 0.2016 0.0809 0.9196
132.349 0.2006 0.0798 0.8992
132.389 0.2013 0.0793 0.8710
132.430 0.1996 0.0774 0.9019
132.469 0.1966 0.0794 0.9376
132.509 0.1920 0.0809 0.9376
132.550 0.1823 0.0812 0.9036
132.591 0.1755 0.0792 0.9444
132.631 0.1718 0.0785 0.9463
132.671 0.1682 0.0789 0.9096
132.711 0.1650 0.0791 0.9673
132.748 0.1611 0.0794 0.9227
132.792 0.1586 0.0793 0.9269
132.832 0.1562 0.0800 0.8821
132.872 0.1548 0.0776 0.8993
132.911 0.1597 0.0790 0.9212
132.948 0.1569 0.0779 0.9104
132.993 0.1487 0.0765 0.8873
133.032 0.1500 0.0754 0.9171
133.072 0.1559 0.0750 0.9020
133.112 0.1591 0.0773 0.8816
133.151 0.1622 0.0801 0.8855
133.193 0.1625 0.0812 0.8952
133.233 0.1660 0.0787 0.9100
133.273 0.1659 0.0796 0.9002
133.313 0.1668 0.0804 0.9050
133.352 0.1677 0.0815 0.9026
133.392 0.1654 0.0830 0.9017
133.433 0.1649 0.0812 0.9206
133.474 0.1661 0.0814 0.9527
133.514 0.1708 0.0792 0.9167
133.553 0.1708 0.0784 0.9466
133.592 0.1702 0.0811 0.9126
133.635 0.1665 0.0791 0.9046
133.675 0.1654 0.0767 0.9252
133.715 0.1625 0.0783 0.9009
133.755 0.1611 0.0770 0.9216
133.792 0.1577 0.0783 0.9002
133.836 0.1572 0.0798 0.8735
133.876 0.1544 0.0800 0.8895
133.916 0.1575 0.0785 0.8813
133.956 0.1600 0.0789 0.8982
133.995 0.1571 0.0789 0.9242
134.037 0.1527 0.0795 0.9152
134.077 0.1516 0.0790 0.8965
134.117 0.1556 0.0770 0.8773
134.157 0.1552 0.0791 0.8880
134.196 0.1539 0.0777 0.8833
134.236 0.1487 0.0802 0.8793
134.277 0.1509 0.0806 0.8628
134.318 0.1534 0.0790 0.8959
134.357 0.1578 0.0780 0.8869
134.397 0.1488 0.0803 0.8905
134.434 0.1458 0.0821 0.8881
134.479 0.1433 0.0828 0.8963
134.518 0.1410 0.0833 0.8943
134.558 0.1407 0.0829 0.8952
134.598 0.1352 0.0762 0.8768
134.635 0.1327 0.0808 0.8722
134.679 0.1311 0.0833 0.8806
134.719 0.1356 0.0800 0.8930
134.759 0.1391 0.0797 0.8861
134.799 0.1416 0.0773 0.8450
134.839 0.1405 0.0798 0.8411
134.880 0.1493 0.0798 0.8669
134.920 0.1556 0.0785 0.9265
134.960 0.1633 0.0785 0.8940
135.000 0.1701 0.0768 0.8959
135.040 0.1782 0.0776 0.8811
135.079 0.1850 0.0759 0.9167
135.121 0.1902 0.0783 0.9174
135.161 0.1943 0.0791 0.9227
135.201 0.1964 0.0775 0.9558
135.241 0.1934 0.0762 0.9082
135.278 0.1885 0.0777 0.9686
135.322 0.1811 0.0796 0.9508
135.362 0.1716 0.0777 0.9714
135.402 0.1595 0.0786 0.9256
135.441 0.1490 0.0764 0.9216
135.478 0.1352 0.0766 0.9298
135.523 0.1190 0.0776 0.9374
135.562 0.1016 0.0803 0.9164
135.602 0.0852 0.0802 0.9064
135.642 0.0694 0.0793 0.9200
135.681 0.0589 0.0779 0.9331
135.723 0.0522 0.0781 0.9216
135.763 0.0461 0.0808 0.9030
135.803 0.0416 0.0815 0.8483
135.843 0.0355 0.0795 0.8719
135.883 0.0396 0.0785 0.8483
135.923 0.0397 0.0773 0.8629
135.964 0.0460 0.0807 0.8657
136.005 0.0507 0.0794 0.8629
136.045 0.0554 0.0791 0.8485
136.084 0.0617 0.0779 0.8739
136.122 0.0692 0.0787 0.8473
136.166 0.0718 0.0793 0.8593
136.205 0.0726 0.0827 0.8543
136.245 0.0722 0.0821 0.8327
136.285 0.0723 0.0800 0.8496
136.322 0.0756 0.0819 0.8327
136.366 0.0776 0.0809 0.8427
136.406 0.0750 0.0851 0.8455
136.446 0.0703 0.0863 0.8661
136.486 0.0664 0.0838 0.8383
136.526 0.0676 0.0815 0.8409
136.567 0.0689 0.0829 0.8383
136.606 0.0703 0.0846 0.8533
136.647 0.0708 0.0811 0.8729
136.687 0.0701 0.0827 0.8649
136.726 0.0724 0.0816 0.8436
136.766 0.0716 0.0822 0.8329
136.807 0.0704 0.0798 0.8549
136.847 0.0672 0.0822 0.8546
136.887 0.0668 0.0807 0.8496
136.927 0.0675 0.0788 0.8546
136.965 0.0684 0.0811 0.8407
137.008 0.0655 0.0811 0.8349
137.049 0.0669 0.0794 0.8176
137.089 0.0646 0.0815 0.8225
137.129 0.0640 0.0794 0.8176
137.166 0.0651 0.0819 0.8140
137.209 0.0671 0.0807 0.8239
137.250 0.0710 0.0822 0.8416
137.290 0.0728 0.0816 0.8149
137.329 0.0744 0.0830 0.8349
137.368 0.0768 0.0804 0.8550
137.410 0.0789 0.0784 0.8509
137.450 0.0833 0.0784 0.8543
137.490 0.0881 0.0804 0.8802
137.530 0.0875 0.0794 0.8707
137.569 0.0886 0.0784 0.8590
137.609 0.0908 0.0751 0.8666
137.651 0.0948 0.0796 0.8666
137.691 0.0986 0.0784 0.8354
137.731 0.0997 0.0786 0.8772
137.770 0.1034 0.0761 0.8731
137.808 0.1071 0.0771 0.9139
137.852 0.1133 0.0771 0.8675
137.892 0.1195 0.0754 0.8592
137.931 0.1217 0.0800 0.8534
137.971 0.1225 0.0785 0.8581
138.008 0.1239 0.0805 0.9051
138.053 0.1277 0.0782 0.9054
138.092 0.1333 0.0767 0.8987
138.133 0.1400 0.0783 0.8794
138.173 0.1378 0.0822 0.8722
138.213 0.1350 0.0804 0.8762
138.254 0.1329 0.0801 0.8951
138.294 0.1324 0.0788 0.8729
138.334 0.1340 0.0825 0.8959
138.374 0.1354 0.0854 0.8739
138.413 0.1360 0.0853 0.8645
138.453 0.1362 0.0828 0.9116
138.494 0.1411 0.0822 0.8966
138.535 0.1461 0.0822 0.9009
138.575 0.1476 0.0869 0.8913
138.614 0.1425 0.0871 0.9169
138.651 0.1415 0.0869 0.9090
138.696 0.1466 0.0853 0.9510
138.735 0.1485 0.0824 0.9336
138.775 0.1550 0.0824 0.9020
138.815 0.1542 0.0840 0.8891
138.852 0.1480 0.0838 0.9160
138.896 0.1453 0.0814 0.9102
138.936 0.1486 0.0836 0.9213
138.976 0.1517 0.0817 0.9233
139.016 0.1531 0.0813 0.8973
139.055 0.1514 0.0823 0.8973
139.096 0.1536 0.0812 0.8875
139.136 0.1553 0.0813 0.9233
139.176 0.1571 0.0814 0.9133
139.217 0.1622 0.0809 0.8640
139.257 0.1647 0.0854 0.9067
139.297 0.1672 0.0797 0.9425
139.338 0.1720 0.0805 0.9067
139.378 0.1775 0.0803 0.9186
139.418 0.1793 0.0834 0.9151
139.458 0.1783 0.0834 0.8633
139.495 0.1747 0.0829 0.8823
139.539 0.1761 0.0840 0.8999
139.579 0.1776 0.0811 0.9123
139.619 0.1804 0.0817 0.9085
139.658 0.1854 0.0819 0.9186
139.695 0.1840 0.0810 0.9026
139.740 0.1842 0.0810 0.9051
139.779 0.1836 0.0797 0.8751
139.820 0.1855 0.0804 0.9129
139.859 0.1886 0.0801 0.9122
139.898 0.1924 0.0801 0.8910
139.940 0.1927 0.0821 0.8803
139.980 0.1947 0.0813 0.8975
140.020 0.1966 0.0783 0.9075
140.060 0.1971 0.0761 0.9196
140.100 0.1980 0.0780 0.8869
140.139 0.1920 0.0777 0.8703
140.180 0.1908 0.0810 0.9189
140.221 0.1875 0.0788 0.9097
140.261 0.1855 0.0795 0.8759
140.300 0.1879 0.0789 0.8589
140.339 0.1861 0.0763 0.8848
140.383 0.1843 0.0800 0.8947
140.422 0.1830 0.0793 0.8592
140.462 0.1827 0.0801 0.8596
140.502 0.1819 0.0799 0.8599
140.539 0.1790 0.0787 0.8797
140.584 0.1742 0.0822 0.8846
140.623 0.1729 0.0786 0.9097
140.663 0.1694 0.0773 0.8900
140.703 0.1736 0.0776 0.8851
140.743 0.1764 0.0768 0.8578
140.784 0.1722 0.0819 0.9126
140.824 0.1729 0.0826 0.8930
140.864 0.1700 0.0829 0.8742
140.904 0.1648 0.0761 0.9257
140.943 0.1604 0.0782 0.9245
140.983 0.1577 0.0827 0.9147
141.024 0.1544 0.0846 0.9022
141.064 0.1509 0.0845 0.8791
141.104 0.1515 0.0851 0.8600
141.144 0.1612 0.0814 0.8742
141.182 0.1582 0.0848 0.8876
141.226 0.1563 0.0878 0.9027
141.265 0.1536 0.0884 0.8869
141.305 0.1516 0.0834 0.9113
141.345 0.1492 0.0843 0.9035
141.383 0.1506 0.0845 0.8822
141.426 0.1509 0.0883 0.9078
141.467 0.1512 0.0882 0.8802
141.507 0.1528 0.0882 0.9112
141.547 0.1585 0.0867 0.8945
141.585 0.1597 0.0869 0.8865
141.627 0.1509 0.0860 0.9029
141.667 0.1498 0.0911 0.9035
141.707 0.1435 0.0865 0.8723
141.747 0.1432 0.0855 0.8682
141.787 0.1427 0.0863 0.8564
141.826 0.1393 0.0854 0.8792
141.868 0.1368 0.0865 0.8781
141.908 0.1397 0.0853 0.8662
141.948 0.1409 0.0876 0.8431
141.988 0.1363 0.0828 0.8687
142.025 0.1301 0.0801 0.8803
142.069 0.1312 0.0857 0.8332
142.109 0.1353 0.0864 0.8655
142.149 0.1438 0.0820 0.8572
142.188 0.1506 0.0798 0.8500
142.226 0.1537 0.0810 0.8230
142.270 0.1475 0.0811 0.8370
142.309 0.1471 0.0822 0.8717
142.349 0.1455 0.0839 0.8336
142.389 0.1378 0.0817 0.8984
142.428 0.1338 0.0817 0.8735
142.470 0.1314 0.0798 0.8545
142.510 0.1342 0.0874 0.8699
142.550 0.1335 0.0868 0.8739
142.591 0.1308 0.0838 0.8709
142.630 0.1254 0.0850 0.8879
142.670 0.1174 0.0822 0.8643
142.711 0.1128 0.0837 0.8743
142.752 0.1142 0.0869 0.8653
142.792 0.1189 0.0857 0.8825
142.831 0.1199 0.0843 0.8607
142.869 0.1244 0.0846 0.8543
142.913 0.1264 0.0853 0.8744
142.952 0.1293 0.0872 0.9129
142.993 0.1292 0.0871 0.8791
143.032 0.1260 0.0842 0.8673
143.069 0.1252 0.0852 0.8313
143.113 0.1232 0.0850 0.8266
143.153 0.1241 0.0855 0.8557
143.193 0.1278 0.0862 0.8437
143.233 0.1344 0.0872 0.8187
143.272 0.1413 0.0851 0.8187
143.314 0.1428 0.0832 0.8406
143.353 0.1494 0.0825 0.8510
143.394 0.1574 0.0842 0.8673
143.434 0.1636 0.0884 0.8859
143.473 0.1687 0.0841 0.8716
143.513 0.1734 0.0824 0.8912
143.554 0.1777 0.0838 0.8948
143.594 0.1834 0.0836 0.9097
143.634 0.1886 0.0847 0.8745
143.675 0.1919 0.0835 0.8721
143.712 0.1914 0.0830 0.9084
143.756 0.1872 0.0829 0.9057
143.796 0.1867 0.0833 0.8911
143.836 0.1864 0.0836 0.8799
143.876 0.1816 0.0870 0.8931
143.913 0.1791 0.0843 0.9021
143.957 0.1788 0.0817 0.9018
143.997 0.1827 0.0826 0.9100
144.037 0.1885 0.0841 0.8968
144.076 0.1892 0.0797 0.8866
144.115 0.1909 0.0819 0.9154
144.157 0.1897 0.0791 0.8773
144.197 0.1886 0.0770 0.9076
144.237 0.1867 0.0807 0.8723
144.277 0.1880 0.0797 0.8892
144.316 0.1866 0.0796 0.9091
144.356 0.1852 0.0787 0.8995
144.398 0.1867 0.0742 0.9135
144.438 0.1907 0.0775 0.9109
144.478 0.1898 0.0792 0.8955
144.518 0.1823 0.0796 0.9446
144.555 0.1767 0.0790 0.9043
144.599 0.1739 0.0786 0.9032
144.638 0.1716 0.0783 0.9183
144.679 0.1723 0.0804 0.8903
144.718 0.1730 0.0824 0.9050
144.757 0.1707 0.0828 0.9050
144.800 0.1664 0.0822 0.8960
144.840 0.1676 0.0832 0.8653
144.880 0.1688 0.0803 0.9208
144.920 0.1692 0.0835 0.8642
144.960 0.1687 0.0839 0.8833
145.001 0.1742 0.0823 0.8866
145.041 0.1768 0.0810 0.9033
145.081 0.1764 0.0755 0.9083
145.121 0.1775 0.0834 0.9263
145.160 0.1761 0.0849 0.9177
145.200 0.1714 0.0842 0.9252
145.241 0.1722 0.0807 0.8923
145.281 0.1745 0.0797 0.8923
145.322 0.1750 0.0808 0.9103
145.361 0.1760 0.0817 0.9083
145.398 0.1720 0.0802 0.9103
145.443 0.1691 0.0814 0.9353
145.482 0.1657 0.0803 0.8890
145.522 0.1670 0.0837 0.8925
145.562 0.1689 0.0826 0.8959
145.599 0.1678 0.0834 0.9092
145.643 0.1668 0.0831 0.9182
145.683 0.1697 0.0829 0.8992
145.723 0.1712 0.0819 0.9043
145.762 0.1744 0.0817 0.9029
145.802 0.1748 0.0830 0.8874
145.843 0.1700 0.0822 0.8320
145.883 0.1649 0.0833 0.8419
145.924 0.1624 0.0813 0.9116
145.964 0.1595 0.0815 0.8906
146.003 0.1562 0.0828 0.8419
146.043 0.1500 0.0850 0.8506
146.085 0.1485 0.0837 0.8699
146.125 0.1440 0.0839 0.8396
146.165 0.1447 0.0839 0.8682
146.205 0.1477 0.0829 0.8732
146.242 0.1422 0.0850 0.8682
146.286 0.1390 0.0864 0.8733
146.326 0.1388 0.0855 0.8329
146.366 0.1433 0.0851 0.8475
146.405 0.1494 0.0852 0.8292
146.443 0.1533 0.0899 0.8309
146.486 0.1510 0.0873 0.8911
146.526 0.1522 0.0867 0.9282
146.567 0.1506 0.0835 0.9044
146.606 0.1511 0.0865 0.8931
146.645 0.1515 0.0908 0.9044
146.687 0.1453 0.0878 0.9069
146.727 0.1449 0.0873 0.9193
146.767 0.1450 0.0856 0.9028
146.807 0.1462 0.0858 0.9111
146.847 0.1501 0.0882 0.9183
146.886 0.1452 0.0919 0.9159
146.927 0.1421 0.0911 0.9139
146.968 0.1432 0.0894 0.8970
147.008 0.1467 0.0877 0.9191
147.048 0.1515 0.0898 0.9025
147.086 0.1550 0.0914 0.8849
147.130 0.1545 0.0922 0.8846
147.170 0.1581 0.0913 0.8500
147.209 0.1625 0.0882 0.8534
147.249 0.1662 0.0871 0.8672
147.286 0.1697 0.0881 0.8456
147.330 0.1683 0.0863 0.8616
147.370 0.1721 0.0853 0.8662
147.410 0.1742 0.0861 0.8906
147.450 0.1760 0.0813 0.8912
147.489 0.1794 0.0836 0.8642
147.531 0.1808 0.0829 0.8754
147.571 0.1805 0.0862 0.9024
147.611 0.1816 0.0830 0.8894
147.651 0.1807 0.0804 0.8599
147.690 0.1796 0.0804 0.8736
147.730 0.1764 0.0858 0.8927
147.771 0.1732 0.0865 0.9123
147.811 0.1714 0.0872 0.9061
147.851 0.1680 0.0872 0.9102
147.891 0.1622 0.0875 0.9073
147.928 0.1592 0.0873 0.8852
147.973 0.1529 0.0881 0.8622
148.012 0.1478 0.0874 0.8273
148.052 0.1459 0.0863 0.8736
148.092 0.1455 0.0857 0.8316
148.130 0.1483 0.0856 0.8322
148.174 0.1511 0.0850 0.8916
148.213 0.1561 0.0883 0.8534
148.254 0.1623 0.0867 0.8996
148.293 0.1678 0.0867 0.9316
148.332 0.1736 0.0844 0.8776
148.374 0.1819 0.0867 0.8726
148.414 0.1877 0.0911 0.9386
148.454 0.1925 0.0868 0.9495
148.494 0.1962 0.0849 0.9363
148.534 0.1986 0.0821 0.9185
148.573 0.1991 0.0787 0.9589
148.615 0.2028 0.0798 0.9255
148.655 0.2046 0.0822 0.9342
148.695 0.1973 0.0880 0.9297
148.735 0.1908 0.0808 0.9000
148.772 0.1879 0.0795 0.9065
148.816 0.1868 0.0835 0.9229
148.856 0.1856 0.0836 0.9255
148.896 0.1854 0.0850 0.8798
148.935 0.1858 0.0842 0.8643
148.972 0.1860 0.0824 0.8659
149.017 0.1868 0.0832 0.8837
149.056 0.1882 0.0835 0.8721
149.096 0.1838 0.0845 0.8869
149.136 0.1785 0.0835 0.9352
149.175 0.1807 0.0852 0.8983
149.217 0.1828 0.0831 0.8945
149.258 0.1834 0.0834 0.9198
149.298 0.1822 0.0839 0.9205
149.338 0.1814 0.0838 0.9195
149.377 0.1802 0.0813 0.9146
149.417 0.1773 0.0819 0.9026
149.458 0.1794 0.0817 0.9012
149.499 0.1781 0.0819 0.9003
149.539 0.1756 0.0829 0.8849
149.578 0.1753 0.0815 0.8857
149.616 0.1720 0.0822 0.8889
149.660 0.1704 0.0800 0.8805
149.699 0.1728 0.0800 0.8805
149.739 0.1746 0.0820 0.8977
149.779 0.1767 0.0827 0.9102
149.816 0.1801 0.0775 0.8851
149.860 0.1824 0.0778 0.8881
149.900 0.1830 0.0762 0.8901
149.939 0.1837 0.0797 0.8761
149.980 0.1844 0.0797 0.8670
150.019 0.1870 0.0780 0.8963
150.060 0.1896 0.0783 0.8972
150.100 0.1942 0.0766 0.8872
150.141 0.1962 0.0784 0.8536
150.180 0.1959 0.0831 0.8637
150.220 0.1966 0.0842 0.9169
150.260 0.1941 0.0801 0.8999
150.301 0.1889 0.0833 0.8749
150.342 0.1810 0.0795 0.8883
150.382 0.1791 0.0810 0.8803
150.422 0.1762 0.0846 0.8499
150.459 0.1745 0.0822 0.8849
150.503 0.1764 0.0878 0.8661
150.543 0.1717 0.0864 0.8641
150.583 0.1678 0.0913 0.8994
150.622 0.1657 0.0884 0.8682
150.660 0.1629 0.0890 0.8603
150.704 0.1609 0.0901 0.8676
150.744 0.1595 0.0817 0.9064
150.784 0.1590 0.0869 0.9053
150.823 0.1602 0.0909 0.9120
150.862 0.1604 0.0956 0.8799
150.904 0.1584 0.0861 0.8781
150.944 0.1539 0.0862 0.9189
150.984 0.1468 0.0889 0.8999
151.024 0.1476 0.0928 0.9051
151.063 0.1512 0.1020 0.8712
151.103 0.1511 0.0926 0.9268
151.144 0.1536 0.0931 0.9202
151.185 0.1533 0.0912 0.9112
151.225 0.1547 0.0995 0.8715
151.264 0.1527 0.0981 0.9061
151.302 0.1496 0.0955 0.8961
151.346 0.1492 0.0949 0.9480
151.385 0.1514 0.0961 0.9000
151.426 0.1552 0.0952 0.8865
151.466 0.1580 0.1010 0.9103
151.503 0.1566 0.0959 0.9255
151.547 0.1505 0.0949 0.9076
151.587 0.1482 0.0912 0.8693
151.627 0.1476 0.0935 0.9039
151.667 0.1495 0.0962 0.9039
151.706 0.1496 0.0969 0.9249
151.748 0.1465 0.0884 0.9047
151.788 0.1467 0.0896 0.9017
151.828 0.1477 0.0891 0.8999
151.868 0.1480 0.0982 0.8936
151.907 0.1454 0.0959 0.9381
151.947 0.1440 0.0922 0.9191
151.988 0.1428 0.0905 0.9173
152.028 0.1453 0.0901 0.8923
152.069 0.1482 0.1024 0.8854
152.108 0.1494 0.1025 0.8732
152.146 0.1479 0.0949 0.9124
152.190 0.1394 0.0902 0.8691
152.229 0.1367 0.0940 0.8705
152.269 0.1361 0.0906 0.8453
152.309 0.1367 0.0908 0.8723
152.346 0.1360 0.0925 0.9113
152.390 0.1324 0.0958 0.8839
152.430 0.1325 0.0932 0.8309
152.470 0.1305 0.0913 0.8903
152.509 0.1301 0.0907 0.8494
152.550 0.1312 0.0950 0.8703
152.591 0.1298 0.0946 0.9146
152.631 0.1287 0.0922 0.9027
152.671 0.1300 0.0912 0.8469
152.711 0.1365 0.0919 0.9039
152.751 0.1394 0.0897 0.8681
152.790 0.1370 0.0965 0.8843
152.832 0.1362 0.0904 0.9388
152.872 0.1393 0.0899 0.8701
152.912 0.1414 0.0898 0.8777
152.952 0.1440 0.0883 0.8661
152.989 0.1465 0.0876 0.9264
153.033 0.1465 0.0869 0.9170
153.072 0.1482 0.0876 0.9220
153.113 0.1523 0.0847 0.9470
153.153 0.1621 0.0852 0.9196
153.190 0.1647 0.0890 0.9050
153.234 0.1661 0.0887 0.9170
153.273 0.1692 0.0873 0.9089
153.313 0.1688 0.0848 0.9075
153.353 0.1708 0.0863 0.8883
153.392 0.1728 0.0873 0.9014
153.434 0.1726 0.0869 0.9089
153.474 0.1692 0.0870 0.9145
153.514 0.1685 0.0870 0.9216
153.554 0.1692 0.0842 0.9156
153.593 0.1696 0.0867 0.9202
153.633 0.1635 0.0872 0.9063
153.675 0.1586 0.0871 0.9059
153.716 0.1555 0.0854 0.9123
153.756 0.1545 0.0844 0.9123
153.795 0.1547 0.0858 0.8585
153.833 0.1547 0.0871 0.8909
153.877 0.1535 0.0851 0.9143
153.916 0.1576 0.0852 0.9186
153.957 0.1616 0.0844 0.9107
153.996 0.1644 0.0868 0.9227
154.033 0.1665 0.0834 0.8992
154.077 0.1679 0.0859 0.9414
154.117 0.1716 0.0871 0.9152
154.157 0.1742 0.0845 0.9186
154.197 0.1714 0.0812 0.9192
154.237 0.1716 0.0812 0.9286
154.278 0.1727 0.0808 0.8979
154.318 0.1712 0.0851 0.9137
154.357 0.1709 0.0821 0.8775
154.398 0.1669 0.0823 0.8939
154.437 0.1675 0.0796 0.9386
154.477 0.1644 0.0854 0.8876
154.518 0.1644 0.0881 0.8912
154.558 0.1643 0.0878 0.9234
154.598 0.1625 0.0857 0.9102
154.638 0.1604 0.0841 0.9242
154.676 0.1619 0.0880 0.8705
154.720 0.1661 0.0799 0.8769
154.759 0.1711 0.0878 0.9082
154.800 0.1765 0.0851 0.9039
154.840 0.1823 0.0842 0.8787
154.877 0.1833 0.0786 0.8935
154.921 0.1845 0.0794 0.9112
154.961 0.1893 0.0817 0.9123
155.001 0.1910 0.0828 0.9007
155.040 0.1934 0.0829 0.9167
155.079 0.1964 0.0815 0.9132
155.121 0.1963 0.0811 0.9154
155.161 0.2018 0.0866 0.9119
155.201 0.2001 0.0859 0.8904
155.241 0.1928 0.0866 0.8939
155.281 0.1901 0.0845 0.9125
155.320 0.1835 0.0861 0.8939
155.362 0.1832 0.0874 0.9287
155.402 0.1809 0.0875 0.9251
155.442 0.1803 0.0871 0.8883
155.482 0.1824 0.0868 0.8973
155.519 0.1784 0.0855 0.8583
155.563 0.1762 0.0855 0.8703
155.603 0.1746 0.0875 0.8617
155.643 0.1718 0.0843 0.8845
155.682 0.1712 0.0862 0.8779
155.719 0.1726 0.0851 0.8890
155.764 0.1720 0.0852 0.8510
155.803 0.1694 0.0875 0.8897
155.843 0.1647 0.0931 0.8933
155.883 0.1593 0.0899 0.9270
155.923 0.1530 0.0925 0.9026
155.965 0.1425 0.0877 0.8803
156.005 0.1405 0.0889 0.8898
156.045 0.1363 0.0899 0.9244
156.085 0.1346 0.0906 0.8894
156.124 0.1336 0.0889 0.8770
156.164 0.1285 0.0829 0.8876
156.205 0.1262 0.0846 0.8819
156.245 0.1253 0.0850 0.8719
156.286 0.1272 0.0926 0.9029
156.325 0.1314 0.0865 0.8767
156.363 0.1325 0.0885 0.8776
156.407 0.1372 0.0902 0.8691
156.446 0.1393 0.0889 0.8994
156.486 0.1411 0.0919 0.9047
156.526 0.1418 0.0909 0.8749
156.563 0.1415 0.0913 0.8965
156.607 0.1370 0.0904 0.8798
156.647 0.1368 0.0892 0.8749
156.687 0.1391 0.0901 0.8919
156.727 0.1388 0.0956 0.8909
156.766 0.1389 0.0936 0.8922
156.808 0.1355 0.0920 0.8922
156.847 0.1342 0.0876 0.9076
156.887 0.1293 0.0876 0.9189
156.927 0.1289 0.0921 0.9076
156.967 0.1252 0.0913 0.8931
157.008 0.1206 0.0873 0.8919
157.049 0.1176 0.0862 0.8671
157.089 0.1157 0.0858 0.9013
157.129 0.1184 0.0915 0.8879
157.169 0.1185 0.0892 0.8387
157.206 0.1172 0.0906 0.9055
157.250 0.1183 0.0859 0.8953
157.290 0.1189 0.0867 0.8649
157.330 0.1178 0.0885 0.8919
157.369 0.1185 0.0887 0.8559
157.407 0.1166 0.0857 0.8869
157.451 0.1229 0.0857 0.9002
157.491 0.1290 0.0863 0.8919
157.531 0.1316 0.0851 0.9350
157.570 0.1347 0.0839 0.9026
157.610 0.1333 0.0856 0.9032
157.651 0.1263 0.0850 0.9116
157.691 0.1259 0.0850 0.9132
157.731 0.1236 0.0819 0.9179
157.771 0.1245 0.0845 0.9257
157.810 0.1271 0.0867 0.9057
157.850 0.1301 0.0813 0.8963
157.891 0.1353 0.0810 0.9091
157.931 0.1357 0.0811 0.9076
157.971 0.1314 0.0832 0.9167
158.011 0.1308 0.0820 0.9266
158.050 0.1322 0.0831 0.8945
158.093 0.1402 0.0800 0.8996
158.133 0.1548 0.0810 0.9493
158.174 0.1634 0.0809 0.9170
158.213 0.1716 0.0817 0.9066
158.250 0.1732 0.0805 0.8956
158.294 0.1734 0.0809 0.9157
158.334 0.1792 0.0803 0.9010
158.374 0.1834 0.0799 0.9023
158.414 0.1874 0.0804 0.9017
158.453 0.1939 0.0810 0.9827
158.542 0.2044 0.0792 0.9162
158.575 0.2007 0.0811 0.8866
158.614 0.1947 0.0798 0.9396
158.654 0.1921 0.0809 0.9448
158.694 0.1888 0.0812 0.9080
158.734 0.1889 0.0780 0.9215
158.775 0.1937 0.0770 0.9196
158.815 0.1955 0.0772 0.8931
158.855 0.1941 0.0804 0.8921
158.895 0.1892 0.0797 0.9149
158.933 0.1841 0.0778 0.9174
158.976 0.1832 0.0782 0.8986
159.016 0.1800 0.0780 0.8898
159.056 0.1798 0.0783 0.9097
159.096 0.1827 0.0782 0.8738
159.133 0.1834 0.0773 0.8861
159.177 0.1810 0.0764 0.9342
159.217 0.1774 0.0762 0.8920
159.258 0.1746 0.0761 0.9213
159.297 0.1725 0.0773 0.9145
159.337 0.1708 0.0744 0.9292
159.378 0.1741 0.0762 0.9026
159.418 0.1804 0.0747 0.9016
159.458 0.1805 0.0772 0.9313
159.498 0.1823 0.0780 0.8988
159.538 0.1846 0.0761 0.9481
159.578 0.1824 0.0780 0.9523
159.619 0.1843 0.0781 0.9609
159.659 0.1867 0.0796 0.9137
159.699 0.1923 0.0760 0.8867
159.739 0.1954 0.0782 0.9406
159.777 0.1918 0.0783 0.9365
159.820 0.1911 0.0751 0.9442
159.860 0.1894 0.0765 0.8963
159.900 0.1857 0.0760 0.9534
159.939 0.1843 0.0750 0.9288
159.976 0.1826 0.0776 0.9576
160.021 0.1800 0.0789 0.9196
160.060 0.1808 0.0762 0.9133
160.101 0.1778 0.0731 0.8977
160.141 0.1779 0.0779 0.9520
160.180 0.1790 0.0833 0.9339
160.221 0.1775 0.0823 0.8916
160.261 0.1810 0.0814 0.9303
160.301 0.1836 0.0813 0.8916
160.342 0.1888 0.0815 0.9152
160.382 0.1930 0.0774 0.9133
160.421 0.1956 0.0800 0.9126
160.462 0.1982 0.0785 0.8897
160.503 0.2013 0.0787 0.9232
160.543 0.2047 0.0773 0.8998
160.582 0.2109 0.0755 0.9248
160.620 0.2082 0.0803 0.9158
160.664 0.2039 0.0783 0.9036
160.703 0.2051 0.0770 0.9338
160.743 0.2033 0.0764 0.9184
160.783 0.2014 0.0770 0.9179
160.820 0.1990 0.0771 0.8835
160.864 0.1950 0.0775 0.8866
160.904 0.1930 0.0776 0.8993
160.944 0.1954 0.0757 0.9083
160.984 0.1973 0.0751 0.9064
161.024 0.1976 0.0763 0.9064
161.064 0.1903 0.0782 0.9573
161.105 0.1932 0.0773 0.9573
161.144 0.1979 0.0751 0.9196
161.185 0.1979 0.0747 0.8827
161.224 0.2021 0.0766 0.8687
161.264 0.2049 0.0768 0.8737
161.305 0.2072 0.0774 0.9140
161.345 0.2092 0.0779 0.9162
161.385 0.2093 0.0727 0.8879
161.425 0.2065 0.0725 0.9360
161.463 0.2038 0.0745 0.9384
161.508 0.2003 0.0751 0.9376
161.547 0.2055 0.0721 0.9450
161.587 0.2026 0.0746 0.9145
161.627 0.2006 0.0740 0.9364
161.664 0.2053 0.0739 0.8976
161.708 0.2046 0.0772 0.9096
161.748 0.2092 0.0749 0.9470
161.788 0.2099 0.0747 0.9638
161.828 0.2071 0.0747 0.9348
161.867 0.2093 0.0766 0.9249
161.908 0.2126 0.0760 0.9259
161.948 0.2095 0.0783 0.8867
161.988 0.2093 0.0774 0.9318
162.028 0.2047 0.0756 0.9050
162.068 0.2038 0.0758 0.8819
162.108 0.2050 0.0749 0.9054
162.149 0.1963 0.0758 0.9189
162.189 0.1922 0.0791 0.9093
162.229 0.1843 0.0767 0.9093
162.269 0.1793 0.0747 0.9289
162.306 0.1797 0.0738 0.9289
162.350 0.1813 0.0776 0.9046
162.390 0.1794 0.0767 0.9336
162.430 0.1801 0.0756 0.9165
162.469 0.1786 0.0757 0.9045
162.507 0.1809 0.0730 0.9084
162.551 0.1854 0.0755 0.8883
162.591 0.1830 0.0779 0.9166
162.632 0.1843 0.0764 0.9266
162.671 0.1860 0.0765 0.9144
162.711 0.1848 0.0741 0.8894
162.752 0.1855 0.0750 0.9459
162.792 0.1833 0.0759 0.9358
162.832 0.1752 0.0784 0.9419
162.872 0.1688 0.0787 0.9178
162.911 0.1665 0.0776 0.9140
162.951 0.1637 0.0762 0.9139
162.992 0.1614 0.0784 0.9301
163.033 0.1542 0.0815 0.9024
163.073 0.1529 0.0806 0.9064
163.112 0.1525 0.0791 0.9362
163.150 0.1507 0.0785 0.9366
163.194 0.1523 0.0787 0.9712
163.233 0.1519 0.0818 0.9309
163.273 0.1514 0.0784 0.9049
163.313 0.1566 0.0759 0.9225
163.351 0.1625 0.0737 0.9435
163.394 0.1608 0.0724 0.9145
163.434 0.1643 0.0765 0.9540
163.474 0.1665 0.0801 0.9165
163.514 0.1702 0.0804 0.8986
163.554 0.1714 0.0798 0.8973
163.594 0.1704 0.0794 0.9131
163.634 0.1722 0.0814 0.8962
163.675 0.1726 0.0838 0.8829
163.715 0.1713 0.0837 0.8789
163.755 0.1732 0.0856 0.9063
163.795 0.1711 0.0848 0.9073
163.836 0.1679 0.0862 0.8703
163.876 0.1686 0.0861 0.8993
163.917 0.1695 0.0863 0.9126
163.956 0.1659 0.0856 0.9419
163.993 0.1630 0.0840 0.9365
164.038 0.1619 0.0850 0.9505
164.077 0.1677 0.0851 0.9453
164.117 0.1663 0.0862 0.8951
164.157 0.1656 0.0857 0.9320
164.194 0.1636 0.0814 0.9543
164.238 0.1622 0.0818 0.9619
164.278 0.1641 0.0817 0.9350
164.317 0.1671 0.0829 0.9437
164.357 0.1667 0.0825 0.8913
164.397 0.1674 0.0848 0.9408
164.438 0.1707 0.0818 0.9008
164.478 0.1775 0.0789 0.9177
164.518 0.1858 0.0803 0.9076
164.558 0.1816 0.0813 0.9314
164.598 0.1814 0.0815 0.9648
164.637 0.1794 0.0826 0.9105
164.679 0.1800 0.0791 0.8849
164.719 0.1804 0.0794 0.9049
164.759 0.1787 0.0825 0.9082
164.800 0.1753 0.0849 0.9016
164.838 0.1752 0.0815 0.9310
164.881 0.1767 0.0795 0.8807
164.921 0.1853 0.0779 0.9044
164.961 0.2000 0.0791 0.8495
165.000 0.2001 0.0862 0.8775
165.037 0.2019 0.0809 0.8867
165.081 0.2073 0.0780 0.9099
165.121 0.2139 0.0777 0.8992
165.161 0.2215 0.0769 0.9016
165.201 0.2273 0.0798 0.9187
165.241 0.2304 0.0810 0.9463
165.282 0.2323 0.0796 0.9286
165.322 0.2365 0.0796 0.9321
165.362 0.2427 0.0783 0.9075
165.402 0.2442 0.0843 0.9074
165.441 0.2326 0.0808 0.8858
165.481 0.2241 0.0806 0.8802
165.522 0.2192 0.0791 0.9295
165.562 0.2194 0.0803 0.9361
165.603 0.2172 0.0844 0.9089
165.642 0.2139 0.0852 0.9085
165.679 0.2093 0.0862 0.9045
165.723 0.2081 0.0851 0.9167
165.763 0.2094 0.0820 0.9342
165.803 0.2109 0.0810 0.9325
165.843 0.2044 0.0829 0.9111
165.881 0.1990 0.0835 0.9505
165.925 0.1951 0.0812 0.9208
165.965 0.1896 0.0801 0.9131
166.005 0.1913 0.0809 0.9231
166.044 0.1845 0.0821 0.9647
166.085 0.1791 0.0828 0.9303
166.125 0.1732 0.0826 0.9571
166.165 0.1672 0.0790 0.9046
166.205 0.1638 0.0837 0.9281
166.245 0.1598 0.0815 0.9463
166.285 0.1548 0.0845 0.9279
166.325 0.1506 0.0837 0.9120
166.365 0.1456 0.0830 0.9157
166.406 0.1391 0.0826 0.9333
166.446 0.1377 0.0859 0.9061
166.486 0.1355 0.0862 0.9192
166.523 0.1336 0.0911 0.9192
166.567 0.1316 0.0858 0.9167
166.607 0.1305 0.0840 0.9167
166.647 0.1322 0.0833 0.9103
166.686 0.1324 0.0833 0.9053
166.723 0.1309 0.0870 0.9073
166.768 0.1256 0.0852 0.9073
166.807 0.1250 0.0853 0.8741
166.848 0.1277 0.0842 0.8703
166.887 0.1306 0.0847 0.8703
166.927 0.1353 0.0856 0.8729
166.968 0.1366 0.0858 0.8669
167.008 0.1394 0.0875 0.8739
167.049 0.1436 0.0862 0.8663
167.089 0.1473 0.0862 0.8575
167.128 0.1496 0.0882 0.8755
167.168 0.1503 0.0890 0.8977
167.209 0.1527 0.0882 0.8977
167.250 0.1541 0.0904 0.9053
167.290 0.1561 0.0869 0.9043
167.329 0.1572 0.0895 0.8530
167.367 0.1589 0.0924 0.8986
167.411 0.1560 0.0913 0.9335
167.450 0.1523 0.0926 0.9075
167.490 0.1546 0.0899 0.8913
167.530 0.1556 0.0897 0.9135
167.567 0.1586 0.0884 0.9059
167.611 0.1597 0.0938 0.9179
167.651 0.1612 0.0920 0.9181
167.691 0.1633 0.0923 0.9396
167.731 0.1683 0.0905 0.9109
167.771 0.1725 0.0894 0.9528
167.811 0.1768 0.0909 0.9137
167.851 0.1769 0.0907 0.9014
167.892 0.1783 0.0910 0.9196
167.931 0.1825 0.0926 0.9458
167.971 0.1797 0.0891 0.9152
168.011 0.1775 0.0917 0.8941
168.052 0.1709 0.0911 0.9539
168.092 0.1665 0.0935 0.9371
168.133 0.1660 0.0935 0.9633
168.173 0.1651 0.0915 0.9001
168.210 0.1609 0.0917 0.9325
168.254 0.1561 0.0939 0.9110
168.294 0.1487 0.0948 0.8779
168.334 0.1435 0.0929 0.8779
168.374 0.1404 0.0930 0.8828
168.411 0.1342 0.0909 0.8779
168.455 0.1301 0.0971 0.8435
168.494 0.1270 0.0959 0.8960
168.535 0.1283 0.0960 0.9145
168.574 0.1296 0.0969 0.8764
168.614 0.1297 0.0968 0.8753
168.655 0.1295 0.0942 0.9150
168.695 0.1351 0.0991 0.9051
168.735 0.1438 0.0971 0.9298
168.775 0.1526 0.0966 0.9047
168.815 0.1635 0.0944 0.9347
168.854 0.1711 0.0936 0.9347
168.896 0.1768 0.0951 0.9189
168.936 0.1818 0.0951 0.9277
168.976 0.1851 0.0932 0.9180
169.016 0.1859 0.0914 0.9018
169.053 0.1887 0.0911 0.9255
169.097 0.1934 0.0898 0.9173
169.136 0.1993 0.0968 0.9326
169.177 0.2001 0.0900 0.9088
169.217 0.1971 0.0917 0.9333
169.254 0.1961 0.0905 0.9466
169.298 0.1971 0.0902 0.9216
169.338 0.1995 0.0947 0.9015
169.378 0.2001 0.0924 0.9381
169.418 0.1985 0.0890 0.9286
169.458 0.1978 0.0902 0.9175
169.498 0.1998 0.0877 0.9461
169.539 0.2016 0.0872 0.9494
169.579 0.2031 0.0919 0.8946
169.619 0.1999 0.0906 0.9312
169.658 0.1972 0.0889 0.9219
169.698 0.1918 0.0887 0.9092
169.739 0.1874 0.0938 0.9132
169.779 0.1860 0.0920 0.9018
169.819 0.1799 0.1000 0.9189
169.859 0.1782 0.0946 0.9177
169.897 0.1775 0.0869 0.9106
169.940 0.1758 0.0882 0.8919
169.980 0.1752 0.0934 0.9009
170.020 0.1742 0.0892 0.9246
170.060 0.1694 0.0989 0.9076
170.097 0.1668 0.0958 0.9180
170.141 0.1671 0.0865 0.9043
170.181 0.1709 0.0858 0.9244
170.221 0.1747 0.0899 0.9158
170.260 0.1689 0.0930 0.9337
170.301 0.1650 0.0904 0.9068
170.342 0.1621 0.0893 0.9490
170.382 0.1606 0.0876 0.9228
170.423 0.1607 0.0882 0.9429
170.462 0.1617 0.0888 0.9165
170.502 0.1607 0.0878 0.9275
170.542 0.1613 0.0884 0.9548
170.583 0.1612 0.0860 0.9429
170.623 0.1570 0.0851 0.9519
170.663 0.1541 0.0880 0.9178
170.702 0.1501 0.0876 0.9074
170.740 0.1512 0.0900 0.9392
170.784 0.1553 0.0879 0.9427
170.824 0.1590 0.0867 0.8831
170.864 0.1621 0.0863 0.9062
170.903 0.1643 0.0864 0.9332
170.941 0.1635 0.0864 0.9153
170.985 0.1655 0.0860 0.9276
171.024 0.1686 0.0875 0.8737
171.065 0.1710 0.0872 0.9331
171.104 0.1727 0.0903 0.9410
171.143 0.1731 0.0900 0.9439
171.185 0.1734 0.0918 0.9308
171.225 0.1712 0.0899 0.9421
171.265 0.1658 0.0913 0.9405
171.305 0.1602 0.0925 0.9405
171.345 0.1566 0.0960 0.9405
171.455 0.1506 0.0945 0.9325
171.506 0.1455 0.0946 0.9095
171.546 0.1388 0.0946 0.9020
171.586 0.1390 0.0977 0.9001
171.626 0.1383 0.0957 0.9236
171.664 0.1393 0.0962 0.9129
171.707 0.1406 0.0944 0.9231
171.747 0.1455 0.0968 0.8919
171.788 0.1476 0.1016 0.8919
171.827 0.1438 0.0989 0.8967
171.864 0.1410 0.0975 0.9254
171.907 0.1382 0.0951 0.8881
171.948 0.1360 0.0963 0.9075
171.988 0.1379 0.0972 0.8991
172.028 0.1422 0.1017 0.9113
172.067 0.1458 0.0968 0.9176
172.108 0.1473 0.0955 0.8773
172.149 0.1503 0.0966 0.8773
172.189 0.1564 0.0965 0.8627
172.229 0.1620 0.0964 0.8852
172.268 0.1649 0.0935 0.9051
172.308 0.1699 0.0949 0.9095
172.349 0.1784 0.0923 0.9112
172.389 0.1853 0.0917 0.8886
172.429 0.1972 0.0959 0.9291
172.469 0.2022 0.0963 0.9446
172.507 0.2077 0.0963 0.9342
172.550 0.2109 0.0965 0.9172
172.591 0.2118 0.0934 0.9446
172.631 0.2146 0.0901 0.9510
172.671 0.2113 0.0930 0.9348
172.708 0.2058 0.0944 0.9262
172.751 0.2037 0.0936 0.9386
172.792 0.2052 0.0934 0.9112
172.832 0.2065 0.0939 0.9194
172.871 0.2036 0.0947 0.9428
172.911 0.1999 0.0934 0.9506
172.953 0.1965 0.0917 0.9141
172.992 0.1939 0.0942 0.8902
173.033 0.1921 0.0927 0.9018
173.072 0.1937 0.0941 0.9508
173.111 0.1947 0.0935 0.8988
173.151 0.1934 0.0948 0.9028
173.193 0.1938 0.0965 0.9095
173.233 0.1948 0.0958 0.9215
173.273 0.1933 0.0941 0.8939
173.313 0.1827 0.0932 0.9108
173.350 0.1802 0.0990 0.8967
173.393 0.1784 0.0936 0.9464
173.434 0.1791 0.0950 0.9551
173.474 0.1782 0.0928 0.9174
173.513 0.1774 0.0970 0.9250
173.550 0.1747 0.0965 0.9217
173.594 0.1708 0.0965 0.9445
173.634 0.1671 0.0981 0.9257
173.675 0.1650 0.0955 0.9229
173.715 0.1629 0.1003 0.9072
173.754 0.1593 0.0969 0.9364
173.795 0.1633 0.0929 0.9216
173.836 0.1682 0.0900 0.9503
173.876 0.1739 0.0965 0.9197
173.916 0.1720 0.0938 0.9304
173.955 0.1733 0.0933 0.9650
173.995 0.1723 0.0946 0.9196
174.037 0.1730 0.0941 0.8976
174.077 0.1754 0.0893 0.9198
174.117 0.1816 0.0905 0.9242
174.156 0.1853 0.0919 0.8951
174.194 NaN 0.0928 0.9241
174.238 NaN 0.0923 0.9495
174.278 NaN 0.0929 0.8822
174.318 NaN 0.0947 0.9256
174.357 NaN 0.0936 0.9080
174.394 NaN 0.0947 0.9441
174.438 NaN 0.0974 0.8979
174.478 NaN 0.0921 0.9370
