73.033 NaN 0.1007 0.8596
73.072 NaN 0.1042 0.8563
73.112 NaN 0.1081 0.8448
73.153 NaN 0.1060 0.8448
73.193 NaN 0.1064 0.8173
73.233 NaN 0.1002 0.8511
73.273 NaN 0.1015 0.8511
73.313 0.0215 0.1038 0.8567
73.352 0.0208 0.1066 0.8511
73.394 0.0226 0.1009 0.7887
73.434 0.0190 0.1030 0.8173
73.474 0.0142 0.1007 0.8539
73.513 0.0127 0.1007 0.8491
73.551 0.0108 0.1066 0.8539
73.595 0.0085 0.1040 0.8449
73.635 0.0074 0.1032 0.8444
73.675 0.0081 0.1065 0.8383
73.715 0.0085 0.0996 0.8139
73.752 0.0081 0.1080 0.8301
73.797 0.0065 0.1059 0.8261
73.836 0.0065 0.1049 0.8475
73.876 0.0050 0.1035 0.8236
73.916 0.0045 0.1004 0.8139
73.956 0.0049 0.1035 0.8671
73.997 0.0069 0.1087 0.8645
74.037 0.0119 0.1052 0.8506
74.077 0.0188 0.1033 0.8255
74.117 0.0211 0.1004 0.8139
74.156 0.0227 0.1035 0.8120
74.196 0.0271 0.1046 0.8506
74.237 0.0293 0.1054 0.8596
74.278 0.0336 0.1027 0.8576
74.317 0.0350 0.1022 0.8505
74.357 0.0385 0.1027 0.8511
74.395 0.0412 0.1066 0.8511
74.439 0.0436 0.1069 0.8435
74.478 0.0466 0.1017 0.8525
74.518 0.0461 0.1039 0.8285
74.558 0.0418 0.1019 0.8196
74.595 0.0385 0.1054 0.8598
74.639 0.0363 0.1059 0.8429
74.679 0.0346 0.1038 0.8376
74.719 0.0343 0.1044 0.8376
74.758 0.0290 0.1048 0.8269
74.799 0.0285 0.1048 0.8016
74.841 0.0285 0.1033 0.8480
74.880 0.0240 0.1044 0.8545
74.926 0.0239 0.1042 0.8644
74.960 0.0221 0.1009 0.8470
75.000 0.0192 0.1025 0.8237
75.040 0.0157 0.1045 0.8424
75.081 0.0179 0.1042 0.8334
75.121 0.0218 0.1037 0.8502
75.161 0.0241 0.1025 0.8677
75.201 0.0224 0.1026 0.8424
75.238 0.0233 0.1001 0.8418
75.282 0.0224 0.1043 0.8238
75.322 0.0198 0.1041 0.8684
75.362 0.0203 0.1024 0.8791
75.402 0.0227 0.1005 0.8525
75.439 0.0208 0.1023 0.8525
75.483 0.0199 0.1044 0.8231
75.522 0.0237 0.1021 0.8525
75.563 0.0224 0.1077 0.8583
75.603 0.0255 0.1018 0.8525
75.642 0.0234 0.1006 0.8462
75.683 0.0231 0.1049 0.8357
75.723 0.0208 0.1076 0.8474
75.763 0.0199 0.1089 0.8462
75.803 0.0232 0.1089 0.8462
75.842 0.0231 0.1038 0.8385
75.883 0.0187 0.1044 0.8581
75.924 0.0190 0.1051 0.8255
75.965 0.0166 0.1092 0.8491
76.005 0.0131 0.1067 0.8491
76.044 0.0129 0.1054 0.8383
76.082 0.0056 0.1073 0.8435
76.126 0.0054 0.1053 0.8383
76.166 0.0029 0.1076 0.8383
76.205 0.0073 0.1067 0.8609
76.245 0.0076 0.1064 0.8609
76.282 0.0077 0.1069 0.8383
76.327 0.0059 0.1080 0.8383
76.366 0.0081 0.1077 0.8551
76.406 0.0063 0.1091 0.8345
76.446 0.0064 0.1071 0.8551
76.486 0.0062 0.1052 0.8345
76.527 0.0034 0.1058 0.8551
76.567 0.0054 0.1079 0.8383
76.607 0.0052 0.1091 0.8551
76.647 0.0039 0.1079 0.8383
76.686 0.0051 0.1056 0.8551
76.726 0.0048 0.1055 0.8383
76.767 0.0043 0.1001 0.8685
76.808 0.0042 0.1044 0.8743
76.847 0.0094 0.1033 0.8705
76.887 0.0139 0.1075 0.8551
76.925 0.0184 0.1057 0.8435
76.969 0.0189 0.1044 0.8521
77.008 0.0215 0.1052 0.8383
77.049 0.0272 0.1093 0.8551
77.089 0.0331 0.1079 0.8551
77.126 0.0346 0.1073 0.8473
77.170 0.0382 0.1063 0.8223
77.210 0.0396 0.1082 0.8223
77.250 0.0374 0.1082 0.8223
77.290 0.0371 0.1080 0.8223
77.330 0.0335 0.1071 0.8189
77.370 0.0298 0.1064 0.8102
77.410 0.0223 0.1063 0.8102
77.450 0.0177 0.1073 0.8102
77.490 0.0161 0.1067 0.8230
77.530 0.0137 0.1079 0.8102
77.570 0.0113 0.1052 0.8082
77.611 0.0061 0.1066 0.8082
77.651 0.0043 0.1067 0.8020
77.691 0.0038 0.1067 0.8230
77.731 0.0050 0.1075 0.8230
77.768 0.0047 0.1066 0.8199
77.812 0.0045 0.1049 0.8100
77.852 0.0068 0.1060 0.7946
77.892 0.0100 0.1076 0.8102
77.931 0.0100 0.1074 0.8352
77.969 0.0123 0.1067 0.7946
78.013 0.0148 0.1067 0.7946
78.052 0.0139 0.1055 0.7798
78.092 0.0184 0.1063 0.7815
78.133 0.0231 0.1063 0.7798
78.173 0.0259 0.1074 0.7684
78.214 0.0282 0.1061 0.7684
78.254 0.0283 0.1043 0.7684
78.294 0.0297 0.1060 0.7593
78.334 0.0288 0.1063 0.7815
78.373 0.0292 0.1069 0.7684
78.413 0.0328 0.1069 0.7396
78.454 0.0328 0.1069 0.7396
78.495 0.0331 0.1050 0.7530
78.535 0.0327 0.1057 0.7384
78.574 0.0349 0.1070 0.7696
78.612 0.0371 0.1055 0.7696
78.656 0.0426 0.1054 0.7696
78.695 0.0479 0.1062 0.7806
78.735 0.0480 0.1018 0.7786
78.775 0.0520 0.1052 0.7996
78.812 0.0562 0.1109 0.8083
78.857 0.0630 0.1055 0.8083
78.896 0.0660 0.1041 0.8723
78.936 0.0681 0.1077 0.8707
78.976 0.0675 0.1114 0.9123
79.016 0.0719 0.1042 0.8995
79.057 0.0739 0.1060 0.8919
79.096 0.0737 0.1051 0.8900
79.137 0.0692 0.1035 0.9157
79.177 0.0621 0.1062 0.8930
79.217 0.0611 0.1041 0.9124
79.257 0.0628 0.1096 0.8982
79.298 0.0624 0.1083 0.8750
79.339 0.0568 0.1069 0.8720
79.378 0.0528 0.1059 0.8793
79.418 0.0464 0.1039 0.8889
79.455 0.0459 0.1061 0.9221
79.500 0.0420 0.1001 0.9271
79.539 0.0368 0.1007 0.8914
79.579 0.0315 0.0979 0.9252
79.618 0.0271 0.1050 0.9084
79.656 0.0224 0.1035 0.9061
79.700 0.0198 0.1058 0.8716
79.740 0.0183 0.1036 0.8675
79.779 0.0154 0.1045 0.8679
79.819 0.0143 0.1006 0.8366
79.863 0.0117 0.1033 0.8675
79.900 0.0134 0.1055 0.8372
79.940 0.0121 0.1057 0.8911
79.980 0.0120 0.1053 0.8988
80.020 0.0115 0.0995 0.8366
80.059 0.0129 0.1092 0.8703
80.099 0.0121 0.1029 0.8752
80.140 0.0114 0.1007 0.8749
80.181 0.0113 0.1004 0.9027
80.221 0.0084 0.1006 0.8925
80.260 0.0062 0.1062 0.8487
80.299 0.0050 0.1111 0.8662
80.342 0.0037 0.1064 0.8867
80.382 0.0032 0.1087 0.8733
80.423 0.0041 0.1072 0.8703
80.462 0.0038 0.1051 0.8803
80.499 0.0043 0.1011 0.8867
80.543 0.0060 0.1064 0.9101
80.583 0.0097 0.1078 0.8733
80.623 0.0117 0.1076 0.8752
80.663 0.0098 0.1069 0.8823
80.703 0.0126 0.1039 0.8653
80.744 0.0122 0.1065 0.8903
80.783 0.0149 0.1067 0.8653
80.824 0.0173 0.1061 0.9091
80.864 0.0148 0.1023 0.8671
80.903 0.0171 0.1032 0.8896
80.943 0.0186 0.1022 0.8793
80.984 0.0220 0.1072 0.8639
81.025 0.0223 0.1032 0.8806
81.064 0.0271 0.1097 0.9012
81.104 0.0325 0.1040 0.8803
81.141 0.0354 0.1041 0.8835
81.186 0.0350 0.1048 0.8835
81.225 0.0421 0.1047 0.9007
81.265 0.0467 0.1048 0.8943
81.305 0.0473 0.1017 0.8673
81.342 0.0491 0.1040 0.8617
81.386 0.0521 0.0988 0.9020
81.426 0.0531 0.1106 0.8892
81.467 0.0509 0.0963 0.9007
81.507 0.0503 0.1025 0.8510
81.547 0.0498 0.1024 0.8757
81.602 0.0392 0.1017 0.8563
81.627 0.0362 0.1035 0.8426
81.667 0.0374 0.1039 0.8450
81.707 0.0356 0.1013 0.8426
81.747 0.0315 0.1043 0.8450
81.786 0.0267 0.1019 0.8535
81.828 0.0236 0.1018 0.8522
81.868 0.0188 0.1051 0.8535
81.908 0.0168 0.1019 0.8535
81.948 0.0151 0.1030 0.8535
81.986 0.0158 0.1055 0.8288
82.029 0.0119 0.1030 0.8535
82.069 0.0130 0.1054 0.8660
82.109 0.0146 0.1019 0.8535
82.149 0.0179 0.1044 0.8475
82.186 0.0166 0.1055 0.8288
82.230 0.0153 0.1026 0.8306
82.269 0.0170 0.1064 0.9057
82.310 0.0186 0.1064 0.8797
82.349 0.0218 0.1034 0.8660
82.389 0.0199 0.1034 0.8660
82.430 0.0211 0.1021 0.8660
82.470 0.0184 0.1005 0.8827
82.510 0.0194 0.1046 0.9044
82.550 0.0228 0.0995 0.8904
82.590 0.0276 0.1005 0.8726
82.630 0.0238 0.0999 0.8839
82.671 0.0244 0.1020 0.8878
82.712 0.0257 0.1005 0.8904
82.752 0.0285 0.1013 0.8907
82.791 0.0316 0.1036 0.8831
82.829 0.0311 0.1024 0.8773
82.873 0.0337 0.1013 0.8773
82.912 0.0364 0.1028 0.8916
82.952 0.0433 0.1028 0.8829
82.992 0.0378 0.1034 0.8595
83.029 0.0350 0.1028 0.8543
83.073 0.0288 0.1028 0.8427
83.113 0.0278 0.1024 0.8822
83.153 0.0260 0.1028 0.8427
83.193 0.0254 0.1028 0.8517
83.233 0.0228 0.1008 0.8743
83.274 0.0203 0.1019 0.8307
83.314 0.0207 0.1011 0.8723
83.354 0.0247 0.1025 0.8397
83.394 0.0246 0.1029 0.8527
83.433 0.0218 0.1044 0.8734
83.473 0.0228 0.1029 0.8811
83.514 0.0263 0.1033 0.8734
83.554 0.0267 0.1029 0.8679
83.594 0.0313 0.1030 0.8426
83.634 0.0297 0.1046 0.8335
83.673 0.0298 0.1006 0.8259
83.716 0.0296 0.1020 0.8239
83.756 0.0249 0.0984 0.8723
83.796 0.0187 0.0996 0.8723
83.836 0.0146 0.1007 0.8711
83.873 0.0089 0.1003 0.8581
83.917 0.0057 0.0985 0.8631
83.957 0.0083 0.0976 0.8711
83.997 0.0121 0.0994 0.8505
84.036 0.0155 0.1013 0.8545
84.077 0.0151 0.1010 0.8505
84.117 0.0159 0.0993 0.8545
84.157 0.0135 0.0987 0.8601
84.199 0.0105 0.0996 0.8239
84.237 0.0097 0.1020 0.8239
84.277 0.0076 0.1006 0.8203
84.317 0.0041 0.0981 0.8203
84.358 0.0043 0.0979 0.8545
84.398 0.0052 0.0981 0.8239
84.438 0.0074 0.1000 0.8295
84.477 0.0138 0.0985 0.8723
84.515 0.0153 0.0976 0.8723
84.559 0.0217 0.0985 0.8723
84.599 0.0222 0.0968 0.8723
84.639 0.0237 0.0976 0.8723
84.679 0.0268 0.0987 0.8859
84.716 0.0327 0.0997 0.8813
84.760 0.0315 0.0997 0.8813
84.800 0.0334 0.0984 0.8683
84.840 0.0332 0.1005 0.8683
84.880 0.0285 0.0998 0.8683
84.920 0.0242 0.1009 0.8601
84.961 0.0213 0.0998 0.8686
85.001 0.0199 0.1000 0.8545
85.041 0.0164 0.0992 0.8780
85.081 0.0131 0.1001 0.8545
85.120 0.0098 0.1010 0.8545
85.160 0.0071 0.1001 0.8545
85.201 0.0037 0.0985 0.8545
85.241 0.0042 0.0972 0.8609
85.282 0.0045 0.0985 0.8545
85.321 0.0042 0.0985 0.8545
85.359 0.0047 0.0994 0.8545
85.403 0.0038 0.0985 0.8545
85.442 0.0044 0.0996 0.8473
85.482 0.0054 0.0997 0.8683
85.522 0.0061 0.0994 0.8683
85.559 0.0045 0.1008 0.8683
85.604 0.0075 0.1008 0.8683
85.643 0.0092 0.0997 0.8683
85.683 0.0098 0.0995 0.8545
85.723 0.0127 0.0984 0.8683
85.763 0.0133 0.1010 0.8495
85.804 0.0141 0.1004 0.8545
85.843 0.0151 0.1001 0.8633
85.884 0.0170 0.1001 0.8633
85.925 0.0165 0.0994 0.8647
85.964 0.0184 0.1001 0.8391
86.004 0.0177 0.1001 0.8391
86.045 0.0181 0.0991 0.8391
86.085 0.0155 0.0997 0.8539
86.125 0.0171 0.1000 0.8539
86.164 0.0176 0.0987 0.8539
86.228 0.0208 0.1003 0.8419
86.286 0.0193 0.0990 0.8447
86.326 0.0207 0.0971 0.8149
86.366 0.0203 0.0984 0.8256
86.406 0.0193 0.0986 0.8354
86.443 0.0172 0.1028 0.8326
86.487 0.0182 0.0992 0.8620
86.526 0.0196 0.0976 0.8478
86.567 0.0189 0.0945 0.8538
86.606 0.0154 0.0982 0.8332
86.646 0.0143 0.0999 0.8478
86.687 0.0155 0.0981 0.8478
86.727 0.0134 0.1003 0.8478
86.767 0.0148 0.0976 0.8498
86.807 0.0125 0.0930 0.8538
86.847 0.0145 0.0995 0.8620
86.886 0.0134 0.1014 0.8498
86.927 0.0135 0.0976 0.8492
86.968 0.0128 0.0976 0.8320
87.008 0.0103 0.0937 0.8279
87.049 0.0114 0.0951 0.8769
87.086 0.0113 0.0973 0.8769
87.130 0.0083 0.0964 0.8780
87.170 0.0052 0.0965 0.8769
87.210 0.0039 0.0935 0.8769
87.249 0.0028 0.0925 0.8769
87.287 0.0063 0.0959 0.8970
87.331 0.0057 0.0967 0.8712
87.370 0.0072 0.0968 0.8769
87.410 0.0085 0.0949 0.8769
87.450 0.0055 0.0923 0.8769
87.490 0.0053 0.0957 0.8769
87.531 0.0052 0.0964 0.8620
87.571 0.0077 0.0953 0.8609
87.611 0.0119 0.0957 0.8682
87.651 0.0141 0.0947 0.8641
87.690 0.0169 0.0958 0.8739
87.730 0.0197 0.0965 0.8739
87.771 0.0202 0.0968 0.8649
87.812 0.0187 0.0956 0.8699
87.851 0.0172 0.0951 0.8715
87.891 0.0168 0.0937 0.8841
87.929 0.0145 0.0931 0.8710
87.972 0.0152 0.0970 0.8837
88.012 0.0140 0.0947 0.8862
88.052 0.0106 0.0942 0.8631
88.092 0.0062 0.0944 0.8491
88.131 0.0036 0.0939 0.8860
88.174 0.0036 0.0962 0.8747
88.214 0.0028 0.0945 0.8775
88.254 0.0030 0.0942 0.9009
88.294 0.0046 0.0947 0.9007
88.334 0.0054 0.0918 0.8873
88.374 0.0045 0.0950 0.8860
88.414 0.0078 0.0959 0.8729
88.454 0.0086 0.0949 0.8901
88.495 0.0083 0.0927 0.8873
88.534 0.0060 0.0916 0.8883
88.573 0.0047 0.0932 0.8883
88.615 0.0054 0.0940 0.8883
88.655 0.0050 0.0927 0.8883
88.695 0.0034 0.0949 0.8883
88.735 0.0030 0.0945 0.8883
88.772 0.0042 0.0910 0.8793
88.816 0.0056 0.0935 0.8883
88.856 0.0050 0.0968 0.8769
88.896 0.0062 0.0940 0.8883
88.936 0.0119 0.0927 0.8883
88.972 0.0107 0.0910 0.8793
89.017 0.0159 0.0963 0.8883
89.056 0.0234 0.0947 0.8883
89.096 0.0329 0.0936 0.8793
89.136 0.0449 0.0940 0.8973
89.176 0.0557 0.0934 0.9036
89.217 0.0658 0.0940 0.9047
89.258 0.0766 0.0947 0.8949
89.298 0.0851 0.0930 0.8883
89.338 0.0922 0.0933 0.8513
89.377 0.0982 0.0947 0.8651
89.417 0.0977 0.0963 0.8321
89.458 0.1015 0.0978 0.8419
89.499 0.1050 0.0969 0.8799
89.539 0.1057 0.0973 0.8757
89.578 0.1028 0.1022 0.8705
89.616 0.0952 0.1000 0.8717
89.660 0.0890 0.1023 0.8591
89.699 0.0852 0.1002 0.8619
89.739 0.0829 0.1037 0.8668
89.779 0.0864 0.0961 0.8496
89.816 0.1020 0.0982 0.8550
89.860 0.0966 0.0987 0.8550
89.900 0.0946 0.1064 0.9056
89.940 0.0930 0.1104 0.8727
89.980 0.0909 0.0994 0.8943
90.020 0.0853 0.0956 0.8943
90.060 0.0811 0.1079 0.6880
90.101 0.0801 0.1132 0.6921
90.141 0.0752 0.1242 0.6824
90.181 0.0683 0.1176 0.6986
90.220 0.0622 0.1115 0.6912
90.260 0.0565 0.1088 0.7038
90.301 0.0338 0.1024 0.7134
90.342 0.0272 0.1063 0.6894
90.382 0.0231 0.1122 0.7248
90.422 0.0188 0.1088 0.7356
90.459 0.0139 0.1077 0.7260
90.503 0.0113 0.1021 0.7241
90.543 0.0087 0.1018 0.7524
90.583 0.0061 0.1183 0.7433
90.623 0.0046 0.1159 0.7261
90.660 0.0043 0.1058 0.7463
90.704 0.0049 0.1047 0.7580
90.743 0.0046 0.1016 0.7614
90.783 0.0050 0.1135 0.7416
90.823 0.0053 0.1131 0.7709
90.863 0.0088 0.1102 0.7524
90.904 0.0106 0.1029 0.7690
90.944 0.0133 0.1016 0.7392
90.984 0.0195 0.1057 0.7524
91.024 0.0220 0.1097 0.7550
91.063 0.0228 0.1131 0.7530
91.103 0.0270 0.1023 0.7739
91.145 0.0298 0.1057 0.7593
91.185 0.0358 0.1088 0.7623
91.225 0.0358 0.1023 0.7542
91.264 0.0360 0.1036 0.7649
91.302 0.0353 0.1023 0.7542
91.346 0.0331 0.1040 0.7658
91.386 0.0290 0.1052 0.7446
91.425 0.0279 0.1019 0.7576
91.466 0.0212 0.1068 0.7708
91.504 0.0176 0.1100 0.7446
91.547 0.0154 0.1046 0.7486
91.587 0.0103 0.1023 0.7536
91.627 0.0045 0.1028 0.7536
91.667 0.0047 0.1026 0.7536
91.707 0.0090 0.1081 0.7824
91.748 0.0126 0.1066 0.7658
91.787 0.0184 0.1034 0.7536
91.828 0.0198 0.1026 0.7748
91.868 0.0198 0.1035 0.7562
91.907 0.0212 0.1050 0.7748
91.947 0.0228 0.1130 0.7572
91.988 0.0259 0.1136 0.7616
92.029 0.0242 0.1018 0.7658
92.068 0.0207 0.1029 0.7658
92.108 0.0190 0.1136 0.7532
92.146 0.0187 0.1041 0.7542
92.190 0.0169 0.1029 0.7649
92.229 0.0154 0.1018 0.7489
92.269 0.0113 0.1004 0.7727
92.309 0.0105 0.1047 0.7478
92.346 0.0085 0.1096 0.7730
92.390 0.0078 0.1030 0.7492
92.430 0.0098 0.1096 0.7480
92.470 0.0066 0.1018 0.7579
92.509 0.0073 0.1018 0.7579
92.550 0.0180 0.1079 0.7766
92.591 0.0352 0.1074 0.7840
92.631 0.0414 0.1106 0.7620
92.671 0.0468 0.1105 0.7620
92.711 0.0512 0.1006 0.7579
92.751 0.0562 0.1119 0.7669
92.790 0.0662 0.1109 0.7460
92.832 0.0730 0.1008 0.8516
92.872 0.0783 0.1006 0.8589
92.912 0.0807 0.0980 0.8450
92.952 0.0799 0.0999 0.8243
92.989 0.0847 0.0989 0.8513
93.033 0.0887 0.1088 0.8403
93.073 0.0754 0.1088 0.8714
93.113 0.0705 0.1033 0.8714
93.152 0.0689 0.1037 0.8673
93.190 0.0666 0.1062 0.8847
93.234 0.0690 0.1050 0.8653
93.273 0.0673 0.1026 0.8560
93.314 0.0671 0.1026 0.8335
93.353 0.0667 0.1011 0.8585
93.394 0.0648 0.1036 0.8492
93.434 0.0682 0.1078 0.8363
93.474 0.0707 0.1029 0.8867
93.514 0.0671 0.1022 0.8677
93.554 0.0665 0.1020 0.8661
93.593 0.0659 0.1025 0.8451
93.633 0.0624 0.1025 0.8579
93.675 0.0626 0.1025 0.8579
93.716 0.0632 0.1025 0.8719
93.756 0.0615 0.1022 0.8699
93.795 0.0586 0.1007 0.8426
93.833 0.0561 0.1029 0.8625
93.877 0.0577 0.1043 0.8422
93.916 0.0553 0.1014 0.8565
93.956 0.0550 0.0995 0.8519
93.998 0.0520 0.0981 0.8565
94.033 0.0510 0.0973 0.8509
94.078 0.0463 0.1012 0.8565
94.117 0.0485 0.1011 0.8565
94.157 0.0484 0.0973 0.8325
94.197 0.0499 0.0973 0.8335
94.236 0.0517 0.0983 0.8465
94.278 0.0519 0.0973 0.8486
94.318 0.0555 0.0996 0.8635
94.358 0.0545 0.0997 0.8269
94.398 0.0543 0.1008 0.8403
94.437 0.0509 0.0990 0.8437
94.477 0.0489 0.0964 0.8637
94.518 0.0453 0.0981 0.8490
94.559 0.0494 0.0981 0.8350
94.598 0.0491 0.0981 0.8440
94.638 0.0471 0.0977 0.8056
94.675 0.0414 0.0984 0.8056
94.720 0.0326 0.0977 0.8056
94.759 0.0277 0.0968 0.8056
94.800 0.0249 0.0980 0.8146
94.840 0.0230 0.0968 0.8146
94.877 0.0223 0.0961 0.8350
94.921 0.0199 0.0961 0.8350
94.960 0.0190 0.0992 0.8484
95.001 0.0205 0.0993 0.8219
95.040 0.0161 0.0950 0.8334
95.081 0.0112 0.0953 0.8100
95.122 0.0128 0.0962 0.8394
95.161 0.0117 0.0952 0.8394
95.201 0.0143 0.0941 0.8598
95.241 0.0149 0.0982 0.8449
95.281 0.0167 0.0955 0.8444
95.320 0.0147 0.0984 0.8455
95.362 0.0138 0.0952 0.8309
95.402 0.0148 0.0949 0.8450
95.442 0.0146 0.0919 0.8486
95.482 0.0186 0.0938 0.8660
95.519 0.0202 0.0961 0.8309
95.564 0.0212 0.0938 0.8424
95.603 0.0223 0.0947 0.8579
95.643 0.0239 0.0961 0.8309
95.682 0.0235 0.0955 0.8370
95.728 0.0286 0.0970 0.8394
95.763 0.0269 0.0941 0.8309
95.803 0.0260 0.0959 0.8309
95.843 0.0246 0.0943 0.8370
95.883 0.0265 0.0957 0.8293
95.924 0.0292 0.0934 0.8189
95.965 0.0248 0.0943 0.8042
96.005 0.0266 0.0954 0.8190
96.045 0.0261 0.0957 0.8626
96.085 0.0241 0.0956 0.8484
96.124 0.0254 0.0961 0.8103
96.164 0.0260 0.0949 0.8243
96.205 0.0234 0.0971 0.8243
96.246 0.0193 0.0949 0.8105
96.286 0.0185 0.0983 0.8363
96.325 0.0199 0.0926 0.8269
96.363 0.0201 0.0926 0.8076
96.407 0.0205 0.0935 0.8290
96.446 0.0218 0.0926 0.8248
96.486 0.0206 0.0935 0.8290
96.526 0.0239 0.0943 0.8451
96.563 0.0280 0.0962 0.8085
96.607 0.0283 0.0926 0.8288
96.647 0.0260 0.0926 0.8365
96.687 0.0257 0.0941 0.8399
96.727 0.0272 0.0973 0.8369
96.766 0.0328 0.0967 0.8399
96.807 0.0334 0.0950 0.8487
96.847 0.0313 0.0950 0.8447
96.888 0.0280 0.0932 0.8497
96.927 0.0264 0.0932 0.8500
96.967 0.0295 0.0932 0.8590
97.008 0.0301 0.0932 0.8473
97.049 0.0254 0.0940 0.8415
97.089 0.0242 0.0941 0.8356
97.129 0.0264 0.0932 0.8383
97.169 0.0291 0.0924 0.8493
97.206 0.0286 0.0941 0.8303
97.251 0.0254 0.0931 0.8365
97.290 0.0224 0.0953 0.8443
97.330 0.0223 0.0948 0.8018
97.370 0.0230 0.0954 0.8383
97.406 0.0249 0.0953 0.8383
97.451 0.0195 0.0968 0.8189
97.490 0.0179 0.0922 0.7934
97.530 0.0182 0.0913 0.8166
97.570 0.0159 0.0950 0.8149
97.610 0.0115 0.0977 0.7939
97.651 0.0116 0.0964 0.7806
97.691 0.0135 0.0904 0.8454
97.731 0.0107 0.0914 0.7756
97.771 0.0122 0.0911 0.7946
97.810 0.0130 0.0940 0.8359
97.850 0.0157 0.0905 0.7806
97.892 0.0185 0.0945 0.8036
97.932 0.0213 0.0914 0.7756
97.972 0.0192 0.0903 0.7756
98.011 0.0228 0.0947 0.7756
98.050 0.0260 0.0947 0.8310
98.093 0.0329 0.0940 0.8330
98.133 0.0307 0.0890 0.8083
98.173 0.0286 0.0873 0.8330
98.213 0.0303 0.0930 0.8310
98.250 0.0313 0.0944 0.8330
98.295 0.0314 0.0934 0.8310
98.334 0.0324 0.0932 0.8116
98.374 0.0304 0.0871 0.8330
98.414 0.0271 0.0890 0.8116
98.454 0.0239 0.0907 0.8330
98.495 0.0254 0.0964 0.7912
98.534 0.0252 0.0923 0.8008
98.575 0.0211 0.0929 0.7889
98.615 0.0205 0.0956 0.7682
98.654 0.0168 0.0937 0.7808
98.693 0.0131 0.0961 0.7933
98.735 0.0124 0.0937 0.7788
98.776 0.0137 0.0921 0.7682
98.815 0.0111 0.0936 0.7788
98.855 0.0119 0.0910 0.7808
98.892 0.0117 0.0977 0.7682
98.937 0.0139 0.0899 0.7802
98.976 0.0150 0.0946 0.7788
99.016 0.0129 0.0940 0.7788
99.056 0.0150 0.0935 0.7918
99.093 0.0160 0.0932 0.8088
99.137 0.0153 0.0932 0.8088
99.177 0.0169 0.0916 0.8058
99.217 0.0191 0.0909 0.7988
99.257 0.0185 0.0910 0.7988
99.298 0.0228 0.0924 0.8008
99.338 0.0276 0.0917 0.8178
99.378 0.0346 0.0920 0.8008
99.419 0.0323 0.0927 0.7689
99.458 0.0298 0.0932 0.7948
99.498 0.0334 0.0957 0.8246
99.537 0.0414 0.0941 0.8152
99.579 0.0484 0.0974 0.8321
99.619 0.0564 0.0949 0.8226
99.659 0.0595 0.0944 0.8186
99.698 0.0584 0.0920 0.8358
99.736 0.0557 0.0942 0.8678
99.780 0.0560 0.0967 0.8592
99.819 0.0622 0.0933 0.8662
99.860 0.0597 0.0964 0.8698
99.899 0.0581 0.0948 0.8524
99.936 0.0583 0.0975 0.8502
99.980 0.0527 0.0949 0.8262
100.020 0.0464 0.1010 0.8738
100.060 0.0446 0.0960 0.8488
100.100 0.0433 0.0964 0.8374
100.140 0.0385 0.0951 0.8262
100.181 0.0354 0.0931 0.8580
100.221 0.0420 0.0970 0.8764
100.261 0.0392 0.0978 0.8534
100.301 0.0363 0.0990 0.8573
100.341 0.0366 0.0962 0.8712
100.381 0.0383 0.0990 0.8534
100.422 0.0376 0.1014 0.8534
100.463 0.0433 0.1011 0.8594
100.503 0.0429 0.0980 0.8554
100.542 0.0415 0.0999 0.8534
100.579 0.0436 0.0978 0.8583
100.624 0.0414 0.0958 0.8602
100.663 0.0432 0.0990 0.8583
100.703 0.0372 0.0986 0.8506
100.743 0.0368 0.0979 0.8596
100.780 0.0355 0.0965 0.8410
100.824 0.0288 0.0951 0.8265
100.864 0.0257 0.0980 0.8584
100.904 0.0260 0.1005 0.8524
100.944 0.0236 0.0976 0.8431
100.984 0.0246 0.0994 0.8611
101.024 0.0244 0.1049 0.8667
101.064 0.0201 0.1037 0.8332
101.105 0.0244 0.1029 0.8584
101.145 0.0328 0.1041 0.8689
101.184 0.0387 0.1027 0.8651
101.224 0.0448 0.1023 0.8452
101.265 0.0454 0.1015 0.8496
101.305 0.0507 0.1018 0.8683
101.345 0.0601 0.1013 0.8564
101.385 0.0611 0.0988 0.8281
101.423 0.0647 0.1005 0.8463
101.467 0.0650 0.0995 0.8444
101.507 0.0708 0.0996 0.8445
101.547 0.0748 0.0996 0.8385
101.587 0.0770 0.0996 0.8846
101.623 0.0706 0.0996 0.8846
101.668 0.0652 0.0992 0.8782
101.707 0.0629 0.0996 0.8782
101.748 0.0614 0.1037 0.8722
101.787 0.0637 0.1062 0.8404
101.828 0.0593 0.1016 0.8265
101.868 0.0595 0.1053 0.8382
101.908 0.0545 0.1044 0.8512
101.948 0.0516 0.1062 0.8062
101.988 0.0508 0.1045 0.8160
102.027 0.0500 0.1041 0.8535
102.067 0.0435 0.1050 0.8338
102.108 0.0405 0.1024 0.8357
102.149 0.0397 0.1044 0.8485
102.189 0.0337 0.1038 0.8339
102.228 0.0303 0.1043 0.8599
102.266 0.0256 0.1039 0.8592
102.310 0.0259 0.1050 0.8538
102.350 0.0218 0.1027 0.8339
102.389 0.0208 0.1044 0.8538
102.429 0.0200 0.1045 0.8542
102.467 0.0175 0.1037 0.8538
102.510 0.0128 0.1047 0.8565
102.550 0.0126 0.1028 0.8279
102.591 0.0119 0.1037 0.8482
102.631 0.0154 0.1050 0.8516
102.670 0.0220 0.1032 0.8223
102.711 0.0266 0.1036 0.8482
102.752 0.0296 0.1035 0.8482
102.792 0.0270 0.0982 0.8505
102.832 0.0275 0.1021 0.8872
102.871 0.0339 0.1021 0.8351
102.911 0.0381 0.1031 0.8245
102.952 0.0378 0.1022 0.8161
102.992 0.0395 0.1026 0.8085
103.032 0.0398 0.1040 0.8161
103.072 0.0421 0.1042 0.8085
103.109 0.0419 0.0997 0.8419
103.154 0.0405 0.1007 0.8355
103.193 0.0380 0.0986 0.8370
103.233 0.0349 0.0996 0.8419
103.273 0.0385 0.1004 0.8350
103.310 0.0408 0.1001 0.8339
103.354 0.0433 0.0993 0.8467
103.394 0.0382 0.0997 0.8399
103.434 0.0379 0.0985 0.8312
103.474 0.0390 0.0997 0.8312
103.514 0.0391 0.0990 0.8620
103.554 0.0411 0.0985 0.8620
103.594 0.0428 0.0990 0.8592
103.635 0.0390 0.0989 0.8592
103.675 0.0360 0.0995 0.8629
103.714 0.0362 0.0979 0.8596
103.754 0.0361 0.0976 0.8371
103.796 0.0354 0.0999 0.8596
103.836 0.0316 0.1032 0.8565
103.876 0.0342 0.0999 0.8676
103.916 0.0340 0.0985 0.8676
103.953 0.0317 0.0985 0.8596
103.997 0.0322 0.0996 0.8320
104.037 0.0303 0.0970 0.8406
104.077 0.0288 0.0995 0.8292
104.116 0.0307 0.0979 0.8540
104.153 0.0338 0.1004 0.8306
104.198 0.0402 0.1032 0.8306
104.237 0.0417 0.1012 0.8295
104.277 0.0398 0.1007 0.8386
104.317 0.0405 0.0975 0.8376
104.357 0.0374 0.1015 0.8542
104.398 0.0362 0.1003 0.8673
104.438 0.0390 0.1010 0.8673
104.478 0.0386 0.1023 0.8370
104.518 0.0409 0.1004 0.8719
104.557 0.0415 0.1001 0.8629
104.597 0.0387 0.1001 0.8403
104.638 0.0357 0.1011 0.8479
104.679 0.0296 0.0992 0.8479
104.719 0.0227 0.0996 0.8260
104.758 0.0191 0.0991 0.8260
104.797 0.0168 0.1015 0.8669
104.841 0.0152 0.1017 0.8556
104.880 0.0145 0.1008 0.8669
104.920 0.0101 0.0992 0.8519
104.960 0.0086 0.0998 0.8199
104.997 0.0088 0.0998 0.8033
105.041 0.0047 0.0998 0.8769
105.081 0.0039 0.1017 0.8769
105.121 0.0053 0.0991 0.8769
105.161 0.0074 0.1002 0.8216
105.201 0.0114 0.0990 0.8419
105.242 0.0154 0.0988 0.8679
105.281 0.0215 0.1006 0.8679
105.322 0.0277 0.0992 0.8679
105.362 0.0335 0.0982 0.8679
105.401 0.0439 0.0992 0.8729
105.441 0.0483 0.0982 0.8679
105.482 0.0486 0.0991 0.8679
105.522 0.0546 0.1022 0.8556
105.562 0.0554 0.0986 0.8193
105.602 0.0599 0.1018 0.8370
105.639 0.0598 0.0993 0.8275
105.683 0.0583 0.1019 0.8162
105.723 0.0605 0.1027 0.8331
105.763 0.0585 0.1015 0.8073
105.802 0.0556 0.0992 0.8275
105.841 0.0502 0.0997 0.8053
105.884 0.0411 0.1024 0.8053
105.925 0.0362 0.1049 0.8525
105.965 0.0339 0.1035 0.8053
106.004 0.0263 0.1013 0.8275
106.044 0.0236 0.1004 0.8645
106.085 0.0201 0.1024 0.8443
106.125 0.0175 0.1026 0.8693
106.165 0.0180 0.1008 0.8357
106.205 0.0168 0.1016 0.8443
106.245 0.0136 0.1012 0.8443
106.284 0.0116 0.1033 0.8613
106.326 0.0130 0.1031 0.8307
106.366 0.0180 0.1056 0.8563
106.406 0.0201 0.1061 0.8682
106.445 0.0277 0.1044 0.8585
106.483 0.0327 0.1005 0.8357
106.527 0.0365 0.1030 0.8345
106.567 0.0378 0.1065 0.8767
106.606 0.0425 0.1061 0.8735
106.695 0.0480 0.1028 0.8903
106.723 0.0517 0.1029 0.8743
106.767 0.0558 0.1029 0.8705
106.807 0.0551 0.1054 0.8732
106.847 0.0556 0.1035 0.8685
106.887 0.0550 0.1029 0.8753
106.927 0.0568 0.1035 0.8753
106.968 0.0577 0.1027 0.8637
107.008 0.0559 0.1013 0.9109
107.049 0.0541 0.1023 0.8870
107.089 0.0533 0.1030 0.8826
107.128 0.0487 0.1020 0.8816
107.168 0.0460 0.0999 0.9052
107.209 0.0428 0.1033 0.8805
107.250 0.0389 0.1019 0.9012
107.290 0.0416 0.1027 0.8793
107.329 0.0411 0.1005 0.9116
107.366 0.0394 0.1005 0.9116
107.410 0.0383 0.1002 0.9282
107.450 0.0356 0.1019 0.9116
107.490 0.0373 0.0998 0.9282
107.530 0.0417 0.0989 0.9305
107.567 0.0478 0.0978 0.9193
107.611 0.0521 0.1005 0.9196
107.651 0.0594 0.1011 0.9196
107.691 0.0677 0.1009 0.9376
107.731 0.0727 0.1011 0.9146
107.770 0.0723 0.1006 0.9118
107.811 0.0698 0.0992 0.9109
107.851 0.0734 0.1024 0.8920
107.892 0.0787 0.1014 0.9498
107.931 0.0848 0.1015 0.8971
107.971 0.0878 0.0976 0.9236
108.010 0.0882 0.0946 0.9236
108.052 0.0792 0.0959 0.9236
108.092 0.0740 0.0976 0.9055
108.133 0.0740 0.0980 0.8907
108.173 0.0690 0.0983 0.9151
108.210 0.0639 0.1008 0.8898
108.254 0.0624 0.0963 0.9063
108.294 0.0662 0.0998 0.8937
108.334 0.0648 0.0955 0.9120
108.373 0.0598 0.0942 0.9134
108.411 0.0532 0.0972 0.8889
108.455 0.0478 0.0960 0.8738
108.494 0.0472 0.0959 0.8738
108.535 0.0498 0.0981 0.8726
108.574 0.0497 0.0979 0.8726
108.614 0.0509 0.0960 0.8816
108.655 0.0481 0.0948 0.8816
108.695 0.0500 0.0925 0.8682
108.735 0.0541 0.0972 0.8753
108.775 0.0569 0.0952 0.8759
108.815 0.0580 0.0927 0.8898
108.854 0.0593 0.0918 0.8886
108.895 0.0616 0.0927 0.8886
108.936 0.0636 0.0931 0.8848
108.976 0.0616 0.1008 0.8917
109.015 0.0638 0.1008 0.8966
109.053 0.0645 0.1011 0.8794
109.097 0.0628 0.0936 0.8923
109.137 0.0676 0.1026 0.8971
109.176 0.0780 0.0950 0.8986
109.217 0.1071 0.0980 0.9066
109.255 0.1003 0.0971 0.8988
109.298 0.0950 0.0975 0.9026
109.338 0.0963 0.0979 0.8936
109.378 0.0955 0.0965 0.9053
109.418 0.0930 0.0965 0.9053
109.458 0.0924 0.1222 0.7050
109.499 0.0876 0.1147 0.7390
109.538 0.0850 0.1133 0.7395
109.579 0.0860 0.1144 0.7390
109.619 0.0857 0.1172 0.7273
109.658 0.0825 0.1171 0.7212
109.697 0.0492 0.1159 0.7212
109.739 0.0366 0.1134 0.7008
109.779 0.0389 0.1174 0.6988
109.819 0.0412 0.1162 0.6988
109.859 0.0399 0.1134 0.7418
109.897 0.0375 0.1159 0.7120
109.940 0.0361 0.1140 0.7038
109.980 0.0352 0.1127 0.7248
110.020 0.0411 0.1159 0.7120
110.060 0.0437 0.1127 0.7373
110.096 0.0427 0.1111 0.7634
110.141 0.0356 0.1159 0.6961
110.181 0.0369 0.1119 0.7600
110.221 0.0397 0.1104 0.7560
110.261 0.0449 0.1104 0.7809
110.300 0.0419 0.1123 0.7809
110.342 0.0387 0.1109 0.7809
110.382 0.0364 0.1104 0.7809
110.422 0.0373 0.1109 0.7809
110.462 0.0391 0.1104 0.7770
110.502 0.0360 0.1104 0.7709
110.541 0.0302 0.1104 0.7488
110.583 0.0258 0.1109 0.7488
110.623 0.0284 0.1104 0.7488
110.663 0.0308 0.1108 0.7328
110.702 0.0337 0.1121 0.7218
110.740 0.0316 0.1115 0.7439
110.784 0.0265 0.1112 0.7489
110.824 0.0252 0.1121 0.7218
110.864 0.0293 0.1112 0.7426
110.903 0.0314 0.1093 0.7786
110.941 0.0322 0.1143 0.7429
110.985 0.0288 0.1140 0.7489
111.024 0.0295 0.1140 0.7489
111.064 0.0347 0.1107 0.7429
111.104 0.0364 0.1097 0.7489
111.144 0.0384 0.1087 0.7709
111.185 0.0371 0.1112 0.7690
111.225 0.0360 0.1125 0.7690
111.265 0.0384 0.1111 0.7739
111.305 0.0434 0.1073 0.7420
111.344 0.0487 0.1112 0.7469
111.384 0.0481 0.1099 0.7690
111.425 0.0466 0.1117 0.7966
111.467 0.0520 0.1096 0.7943
111.506 0.0578 0.1067 0.7856
111.546 0.0579 0.1075 0.7946
111.583 0.0594 0.1076 0.7780
111.627 0.0586 0.1126 0.7780
111.667 0.0588 0.1142 0.8030
111.707 0.0576 0.1099 0.7800
111.747 0.0584 0.1091 0.8313
111.784 0.0618 0.1091 0.8313
111.828 0.0578 0.1130 0.8263
111.868 0.0577 0.1130 0.7843
111.908 0.0585 0.1089 0.7781
111.948 0.0599 0.1077 0.8013
111.988 0.0579 0.1065 0.8357
112.029 0.0546 0.1140 0.8167
112.068 0.0530 0.1077 0.8476
112.109 0.0494 0.1088 0.8426
112.148 0.0510 0.1057 0.8063
112.188 0.0533 0.1023 0.8223
112.230 0.0575 0.1101 0.8223
112.269 0.0567 0.1111 0.8427
112.309 0.0547 0.1093 0.8153
112.349 0.0515 0.1076 0.8336
112.389 0.0505 0.1022 0.8677
112.426 0.0488 0.1046 0.8739
112.471 0.0469 0.1082 0.8567
112.510 0.0486 0.1075 0.8432
112.550 0.0470 0.1087 0.8623
112.591 0.0480 0.1085 0.8623
112.627 0.0453 0.1072 0.8623
112.672 0.0436 0.1074 0.8623
112.712 0.0402 0.1089 0.8802
112.752 0.0379 0.1070 0.8566
112.791 0.0378 0.1070 0.8566
112.832 0.0400 0.1092 0.8566
112.872 0.0423 0.1089 0.8488
112.912 0.0427 0.1069 0.8918
112.952 0.0386 0.1091 0.8709
112.992 0.0367 0.1062 0.8918
113.032 0.0337 0.1056 0.9123
113.071 0.0353 0.1042 0.9123
113.112 0.0371 0.1091 0.9123
113.153 0.0329 0.1074 0.9123
113.193 0.0358 0.1068 0.9123
113.232 0.0361 0.1048 0.9178
113.270 0.0354 0.1043 0.9018
113.314 0.0334 0.1052 0.9018
113.354 0.0341 0.1050 0.9178
113.393 0.0352 0.1050 0.9228
113.433 0.0414 0.1050 0.9128
113.470 0.0463 0.1050 0.9128
113.515 0.0518 0.1045 0.8965
113.554 0.0532 0.1050 0.8889
113.594 0.0551 0.1048 0.8889
113.634 0.0596 0.1034 0.8886
113.675 0.0583 0.1037 0.8930
113.716 0.0574 0.1037 0.9053
113.756 0.0573 0.1031 0.8852
113.796 0.0589 0.1056 0.9314
113.836 0.0569 0.1034 0.9148
113.875 0.0536 0.1025 0.9023
113.915 0.0513 0.1023 0.9159
113.956 0.0526 0.1018 0.9030
113.996 0.0518 0.1026 0.9030
114.036 0.0523 0.1035 0.9071
114.076 0.0528 0.1026 0.9071
114.113 0.0533 0.1030 0.9159
114.158 0.0552 0.1005 0.9046
114.197 0.0561 0.1039 0.9026
114.237 0.0578 0.1016 0.9187
114.277 0.0571 0.1000 0.9148
114.314 0.0567 0.0982 0.9274
114.358 0.0570 0.1040 0.8907
114.398 0.0571 0.1050 0.9259
114.438 0.0567 0.1024 0.9646
114.478 0.0545 0.1021 0.9483
114.518 0.0533 0.1026 0.9298
114.559 0.0555 0.1016 0.9298
114.598 0.0582 0.1026 0.9290
114.639 0.0610 0.1027 0.9444
114.678 0.0634 0.1000 0.9244
114.718 0.0688 0.1014 0.9244
114.758 0.0740 0.1006 0.9422
114.800 0.0766 0.0985 0.9422
114.840 0.0829 0.1002 0.9255
114.880 0.0871 0.1017 0.9387
114.920 0.0855 0.1018 0.9645
114.957 0.0850 0.0970 0.9820
115.001 0.0856 0.1009 0.8623
115.041 0.0858 0.0969 0.8587
115.081 0.0809 0.1009 0.8673
115.120 0.0771 0.0999 0.8673
115.158 0.0739 0.0977 0.8673
115.202 0.0714 0.0967 0.8734
115.241 0.0687 0.0968 0.8826
115.281 0.0718 0.0971 0.8859
115.321 0.0691 0.0981 0.8604
115.361 0.0666 0.0977 0.8520
115.402 0.0710 0.0955 0.8890
115.442 0.0701 0.0958 0.8636
115.482 0.0751 0.0957 0.8468
115.522 0.0759 0.0984 0.8589
115.561 0.0765 0.0975 0.8476
115.601 0.0784 0.0964 0.8476
115.642 0.0796 0.0960 0.8609
115.683 0.0796 0.0943 0.8715
115.723 0.0768 0.0947 0.8663
115.762 0.0720 0.0958 0.8653
115.800 0.0710 0.0955 0.8790
115.844 0.0718 0.0958 0.8423
115.884 0.0690 0.0958 0.8423
115.924 0.0704 0.0958 0.8493
115.964 0.0690 0.0962 0.8493
116.001 0.0671 0.0954 0.8473
116.045 0.0678 0.0959 0.8834
116.085 0.0653 0.0956 0.8834
116.125 0.0653 0.0966 0.8825
116.165 0.0670 0.0953 0.8741
116.205 0.0646 0.0963 0.8943
116.246 0.0650 0.0958 0.8721
116.285 0.0637 0.0963 0.8943
116.326 0.0663 0.0956 0.8887
116.366 0.0611 0.0963 0.8943
116.405 0.0599 0.0950 0.8665
116.445 0.0584 0.0950 0.8717
116.486 0.0573 0.0949 0.8717
116.526 0.0521 0.0949 0.8705
116.567 0.0491 0.0953 0.8619
116.606 0.0474 0.1015 0.8837
116.643 0.0460 0.0960 0.8839
116.688 0.0458 0.0946 0.8827
116.727 0.0480 0.0965 0.9039
116.767 0.0521 0.0964 0.9039
116.807 0.0543 0.0972 0.9039
116.844 0.0616 0.0975 0.8917
116.888 0.0648 0.0971 0.9151
116.928 0.0673 0.0948 0.9174
116.968 0.0684 0.0958 0.9174
117.008 0.0720 0.0948 0.9301
117.049 0.0748 0.0981 0.9199
117.089 0.0797 0.0987 0.9033
117.129 0.0806 0.0969 0.8953
117.169 0.0822 0.0949 0.8703
117.209 0.0864 0.0988 0.9031
117.249 0.0858 0.0966 0.9115
117.288 0.0812 0.0950 0.9031
117.330 0.0785 0.0964 0.9345
117.370 0.0765 0.0950 0.9294
117.410 0.0795 0.0950 0.9195
117.450 0.0811 0.0955 0.9088
117.487 0.0810 0.0950 0.9169
117.531 0.0848 0.0960 0.9140
117.571 0.0848 0.0955 0.9069
117.611 0.0827 0.0954 0.8829
117.650 0.0826 0.0944 0.8876
117.687 0.0789 0.0976 0.9160
117.731 0.0787 0.0979 0.8629
117.771 0.0796 0.0953 0.8879
117.811 0.0753 0.0937 0.8789
117.851 0.0757 0.0937 0.8993
117.891 0.0708 0.0937 0.8993
117.932 0.0664 0.0996 0.9040
117.972 0.0674 0.0973 0.9040
118.012 0.0658 0.0951 0.9011
118.052 0.0663 0.0950 0.8705
118.092 0.0679 0.0970 0.8745
118.132 0.0683 0.0961 0.8955
118.173 0.0741 0.0960 0.8745
118.213 0.0773 0.0944 0.8745
118.253 0.0751 0.0972 0.8682
118.293 0.0783 0.0945 0.8955
118.331 0.0776 0.0939 0.9010
118.375 0.0789 0.0949 0.8948
118.414 0.0809 0.0936 0.8948
118.454 0.0799 0.0928 0.8872
118.494 0.0794 0.0937 0.8929
118.531 0.0787 0.0928 0.8841
118.575 0.0773 0.0954 0.8841
118.615 0.0799 0.0969 0.9152
118.655 0.0792 0.0972 0.8597
118.695 0.0751 0.0922 0.8814
118.735 0.0782 0.0943 0.8787
118.776 0.0796 0.0963 0.8673
118.815 0.0815 0.0963 0.8875
118.856 0.0823 0.0931 0.8854
118.895 0.0830 0.0956 0.8854
118.935 0.0835 0.0893 0.8725
118.975 0.0820 0.0946 0.9217
119.016 0.0815 0.0969 0.9257
119.056 0.0856 0.0917 0.8888
119.096 0.0877 0.0948 0.8531
119.136 0.0844 0.0928 0.8712
119.174 0.0828 0.0906 0.8503
119.217 0.0806 0.0960 0.8364
119.258 0.0784 0.0949 0.8225
119.298 0.0757 0.0965 0.8659
119.338 0.0738 0.0948 0.9056
119.374 0.0738 0.0933 0.8749
119.419 0.0727 0.0950 0.8942
119.458 0.0723 0.0987 0.8942
119.499 0.0728 0.0977 0.9151
119.538 0.0681 0.0947 0.8772
119.578 0.0620 0.0939 0.9032
119.619 0.0619 0.0977 0.8763
119.659 0.0639 0.1016 0.8839
119.699 0.0644 0.1019 0.8789
119.739 0.0667 0.0991 0.8772
119.779 0.0665 0.0981 0.8772
119.818 0.0665 0.0955 0.8899
119.859 0.0636 0.0991 0.9105
119.900 0.0620 0.1059 0.8951
119.940 0.0628 0.0987 0.8955
119.979 0.0612 0.0964 0.8962
120.017 0.0589 0.0941 0.8775
120.061 0.0582 0.0947 0.9042
120.100 0.0561 0.1016 0.9001
120.140 0.0529 0.1010 0.8796
120.180 0.0552 0.0999 0.8846
120.217 0.0538 0.0981 0.8895
120.261 0.0509 0.0984 0.8929
120.301 0.0521 0.1006 0.8929
120.342 0.0569 0.1022 0.8615
120.382 0.0595 0.1013 0.8929
120.422 0.0618 0.1013 0.8909
120.463 0.0617 0.0935 0.8749
120.503 0.0657 0.0992 0.8689
120.543 0.0675 0.1011 0.8918
120.583 0.0721 0.0977 0.8922
120.622 0.0758 0.0952 0.9382
120.662 0.0752 0.0941 0.8929
120.703 0.0726 0.0944 0.8979
120.743 0.0746 0.0949 0.8925
120.783 0.0773 0.0973 0.8692
120.823 0.0764 0.0949 0.8945
120.860 0.0784 0.0949 0.8890
120.905 0.0776 0.0945 0.8990
120.944 0.0821 0.0961 0.8899
120.984 0.0839 0.0979 0.8819
121.024 0.0859 0.0991 0.8972
121.061 0.0856 0.1035 0.8869
121.105 0.0847 0.0989 0.9088
121.145 0.0859 0.0948 0.9178
121.185 0.0915 0.0965 0.9176
121.225 0.0926 0.0979 0.8669
121.264 0.0918 0.0978 0.8419
121.306 0.0898 0.0968 0.8273
121.345 0.0861 0.0980 0.8416
121.385 0.0817 0.1017 0.8536
121.425 0.0808 0.1010 0.8706
121.466 0.0792 0.1006 0.8726
121.506 0.0804 0.0961 0.8669
121.547 0.0808 0.0965 0.8749
121.587 0.0809 0.0949 0.8932
121.627 0.0833 0.0999 0.9133
121.667 0.0818 0.0986 0.9216
121.704 0.0812 0.0997 0.9063
121.748 0.0826 0.0975 0.9036
121.788 0.0849 0.0984 0.8930
121.828 0.0873 0.0978 0.9082
121.867 0.0880 0.0947 0.9022
121.905 0.0883 0.0938 0.9048
121.949 0.0870 0.0943 0.8599
121.988 0.0858 0.0926 0.8669
122.028 0.0847 0.0946 0.8729
122.068 0.0862 0.0960 0.8800
122.108 0.0859 0.0942 0.8800
122.149 0.0829 0.0935 0.9001
122.189 0.0815 0.0934 0.8549
122.229 0.0813 0.0955 0.8530
122.269 0.0821 0.0948 0.8769
122.308 0.0815 0.0932 0.8789
122.348 0.0828 0.0907 0.8749
122.389 0.0844 0.0907 0.8749
122.430 0.0836 0.0925 0.9152
122.470 0.0813 0.0925 0.8992
122.509 0.0804 0.0939 0.9023
122.547 0.0772 0.0917 0.8790
122.591 0.0728 0.0916 0.8790
122.659 0.0716 0.0987 0.8919
122.711 0.0695 0.0978 0.9169
122.751 0.0689 0.0987 0.8944
122.788 0.0684 0.0967 0.8465
122.832 0.0694 0.0949 0.8426
122.872 0.0665 0.0960 0.8583
122.912 0.0654 0.0969 0.8915
122.952 0.0696 0.0980 0.9016
122.992 0.0741 0.0971 0.9032
123.032 0.0778 0.0953 0.8982
123.072 0.0813 0.0954 0.8982
123.112 0.0811 0.0954 0.9069
123.153 0.0786 0.0985 0.9043
123.192 0.0762 0.0969 0.8848
123.232 0.0740 0.0969 0.9042
123.273 0.0724 0.0988 0.8644
123.313 0.0702 0.0980 0.8894
123.353 0.0657 0.1015 0.8737
123.393 0.0643 0.1006 0.8825
123.430 0.0624 0.0993 0.8825
123.474 0.0563 0.1021 0.8825
123.514 0.0524 0.0995 0.8825
123.554 0.0480 0.0997 0.8797
123.593 0.0468 0.1009 0.8797
123.632 0.0453 0.0998 0.8773
123.675 0.0469 0.0980 0.8782
123.715 0.0455 0.0973 0.8523
123.756 0.0457 0.0981 0.8666
123.795 0.0465 0.0995 0.9031
123.835 0.0539 0.0992 0.9007
123.876 0.0552 0.0995 0.8685
123.916 0.0615 0.0968 0.8435
123.956 0.0673 0.0953 0.8695
123.996 0.0694 0.1012 0.9017
124.035 0.0707 0.0993 0.9289
124.075 0.0691 0.0963 0.8879
124.116 0.0716 0.0950 0.8879
124.157 0.0744 0.0940 0.9009
124.197 0.0797 0.0946 0.9402
124.236 0.0839 0.0967 0.9151
124.274 0.0877 0.0978 0.8889
124.318 0.0876 0.0919 0.8909
124.358 0.0906 0.0937 0.8949
124.398 0.0870 0.0919 0.8827
124.437 0.0811 0.0944 0.8817
124.474 0.0781 0.0958 0.9236
124.518 0.0775 0.0929 0.9298
124.558 0.0813 0.0901 0.9298
124.598 0.0856 0.0901 0.9289
124.638 0.0869 0.0923 0.9309
124.678 0.0846 0.0930 0.9309
124.719 0.0848 0.0903 0.9117
124.759 0.0833 0.0911 0.9127
124.800 0.0801 0.0911 0.9139
124.840 0.0798 0.0930 0.9151
124.879 0.0809 0.0935 0.9165
124.919 0.0843 0.0926 0.9535
124.960 0.0869 0.0899 0.8811
125.000 0.0883 0.0898 0.8861
125.040 0.0909 0.0918 0.8861
125.080 0.0896 0.0953 0.8901
125.117 0.0892 0.0950 0.9064
125.163 0.0943 0.0947 0.8955
125.201 0.0970 0.0944 0.8892
125.241 0.0962 0.0929 0.8892
125.281 0.0957 0.0940 0.8819
125.318 0.0954 0.0940 0.8819
125.362 0.0979 0.0940 0.8946
125.402 0.0961 0.0920 0.9163
125.442 0.0951 0.0947 0.8711
125.482 0.0984 0.0933 0.8887
125.522 0.0964 0.0973 0.8887
125.563 0.0976 0.0982 0.8976
125.602 0.0978 0.0934 0.9021
125.643 0.0939 0.0934 0.8855
125.683 0.0894 0.0927 0.8855
125.722 0.0860 0.0953 0.8933
125.762 0.0848 0.0981 0.9021
125.803 0.0858 0.0961 0.8859
125.843 0.0855 0.0967 0.8873
125.883 0.0858 0.0949 0.8873
125.924 0.0878 0.0965 0.8910
125.961 0.0887 0.0983 0.8899
126.005 0.0916 0.1005 0.8429
126.045 0.0901 0.0953 0.8782
126.085 0.0894 0.0968 0.9233
126.125 0.0903 0.0978 0.8689
126.162 0.0921 0.0968 0.8515
126.207 0.0940 0.1014 0.9102
126.245 0.0944 0.1006 0.8806
126.285 0.0953 0.1008 0.8412
126.325 0.0937 0.0977 0.8532
126.365 0.0897 0.0999 0.8468
126.406 0.0904 0.1008 0.8662
126.446 0.0879 0.1024 0.8898
126.486 0.0851 0.1007 0.8909
126.526 0.0811 0.0975 0.8943
126.565 0.0767 0.1006 0.8713
126.605 0.0748 0.1003 0.8527
126.646 0.0730 0.1013 0.8479
126.687 0.0690 0.0990 0.8609
126.727 0.0676 0.1012 0.8439
126.766 0.0641 0.1005 0.8593
126.803 0.0596 0.1019 0.8453
126.848 0.0578 0.1031 0.8483
126.887 0.0563 0.1016 0.8523
126.927 0.0528 0.0999 0.8523
126.967 0.0506 0.0986 0.8440
127.006 0.0507 0.1013 0.8085
127.049 0.0537 0.1031 0.8236
127.089 0.0555 0.1031 0.8429
127.129 0.0543 0.1013 0.8085
127.169 0.0549 0.1020 0.8135
127.209 0.0547 0.1028 0.7850
127.250 0.0541 0.1022 0.7702
127.290 0.0538 0.1042 0.7739
127.330 0.0579 0.1030 0.7662
127.370 0.0576 0.1019 0.7642
127.409 0.0590 0.1019 0.7642
127.449 0.0565 0.1013 0.7642
127.490 0.0542 0.1029 0.7808
127.531 0.0563 0.1044 0.7750
127.570 0.0557 0.1042 0.7642
127.610 0.0579 0.1024 0.7773
127.647 0.0629 0.0985 0.7846
127.691 0.0570 0.1048 0.7846
127.731 0.0532 0.1135 0.7759
127.771 0.0595 0.1073 0.7780
127.811 0.0626 0.1099 0.7849
127.848 0.0623 0.1036 0.7663
127.892 0.0593 0.0971 0.8309
127.931 0.0646 0.1003 0.8350
127.972 0.0683 0.1054 0.7425
128.011 0.0708 0.0974 0.8699
128.051 0.0706 0.0931 0.8699
128.092 0.0690 0.0988 0.8685
128.133 0.0631 0.1054 0.8317
128.173 0.0710 0.1011 0.8443
128.213 0.0787 0.0994 0.8999
128.253 0.0768 0.0967 0.8652
128.292 0.0722 0.0961 0.8540
128.334 0.0719 0.0974 0.8962
128.416 0.0727 0.0917 0.8585
128.454 0.0744 0.0870 0.8992
128.493 0.0770 0.0860 0.8914
128.531 0.0785 0.0851 0.9216
128.575 0.0831 0.0866 0.8946
128.615 0.0871 0.0867 0.8966
128.655 0.0891 0.0874 0.9161
128.694 0.0919 0.0840 0.8295
128.731 0.0891 0.0840 0.8536
128.775 0.0894 0.0849 0.8579
128.815 0.0912 0.0843 0.8805
128.855 0.0961 0.0904 0.8889
128.895 0.0956 0.0870 0.8889
128.935 0.0935 0.0831 0.8793
128.976 0.0848 0.0850 0.8653
129.016 0.0840 0.0866 0.8653
129.056 0.0810 0.0888 0.8709
129.096 0.0773 0.0851 0.8633
129.135 0.0774 0.0851 0.8729
129.175 0.0708 0.0833 0.8696
129.217 0.0693 0.0914 0.8433
129.258 0.0690 0.0875 0.8999
129.298 0.0695 0.0863 0.8939
129.337 0.0678 0.0841 0.8367
129.375 0.0669 0.0810 0.8633
129.419 0.0679 0.0831 0.8657
129.458 0.0710 0.0859 0.8519
129.498 0.0681 0.0849 0.8773
129.538 0.0697 0.0834 0.8979
129.575 0.0691 0.0819 0.8423
129.619 0.0713 0.0837 0.8769
129.659 0.0762 0.0838 0.8665
129.699 0.0787 0.0836 0.8741
129.739 0.0825 0.0826 0.8613
129.779 0.0811 0.0807 0.8559
129.820 0.0742 0.0806 0.8451
129.859 0.0708 0.0822 0.8559
129.900 0.0681 0.0840 0.8480
129.939 0.0632 0.0822 0.8683
129.979 0.0625 0.0814 0.8620
130.019 0.0573 0.0819 0.8501
130.060 0.0548 0.0834 0.8199
130.100 0.0538 0.0869 0.8406
130.140 0.0470 0.0842 0.8100
130.180 0.0461 0.0814 0.8263
130.218 0.0443 0.0815 0.8160
130.262 0.0356 0.0805 0.8557
130.301 0.0397 0.0834 0.8557
130.342 0.0441 0.0862 0.8427
130.381 0.0487 0.0852 0.8427
130.419 0.0553 0.0817 0.8687
130.463 0.0587 0.0820 0.8681
130.502 0.0615 0.0817 0.8569
130.543 0.0679 0.0838 0.8681
130.583 0.0652 0.0839 0.8307
130.622 0.0669 0.0825 0.8269
130.663 0.0708 0.0830 0.8359
130.703 0.0664 0.0836 0.8671
130.743 0.0684 0.0844 0.8881
130.783 0.0696 0.0844 0.8867
130.823 0.0667 0.0851 0.8631
130.875 0.0625 0.0849 0.8473
130.903 0.0579 0.0845 0.8533
130.944 0.0534 0.0851 0.8533
130.984 0.0522 0.0858 0.8723
131.024 0.0500 0.0855 0.8473
131.061 0.0500 0.0846 0.8419
131.105 0.0505 0.0846 0.8162
131.144 0.0422 0.0869 0.8246
131.184 0.0405 0.0888 0.8246
131.224 0.0436 0.0884 0.8540
131.261 0.0432 0.0881 0.8540
131.305 0.0486 0.0879 0.8250
131.345 0.0496 0.0869 0.8520
131.385 0.0527 0.0888 0.8509
131.425 0.0565 0.0953 0.8359
131.465 0.0619 0.0901 0.8199
131.507 0.0597 0.0885 0.8629
131.547 0.0585 0.0878 0.8629
131.587 0.0583 0.0900 0.8919
131.627 0.0623 0.0961 0.8783
131.666 0.0681 0.0961 0.8733
131.706 0.0713 0.0973 0.8733
131.747 0.0704 0.0971 0.8876
131.788 0.0689 0.1000 0.8876
131.828 0.0693 0.0938 0.9029
131.867 0.0708 0.0954 0.9059
131.905 0.0768 0.0906 0.8738
131.949 0.0814 0.0907 0.8770
131.988 0.0857 0.0878 0.8881
132.028 0.0907 0.0877 0.9139
132.068 0.0907 0.0866 0.8904
132.105 0.0936 0.0868 0.8925
132.149 0.0939 0.0886 0.9061
132.189 0.0911 0.0850 0.8741
132.229 0.0943 0.0901 0.8688
132.269 0.0940 0.0892 0.8770
132.308 0.0984 0.0920 0.8854
132.349 0.1007 0.0919 0.8694
132.389 0.0965 0.0921 0.8619
132.430 0.0920 0.0910 0.8480
132.469 0.0888 0.0910 0.8622
132.509 0.0902 0.0930 0.8622
132.550 0.0906 0.0858 0.8953
132.591 0.0915 0.0823 0.8780
132.631 0.0913 0.0867 0.8893
132.671 0.0969 0.0796 0.8365
132.711 0.0974 0.0817 0.8529
132.748 0.1005 0.0824 0.8682
132.792 0.0990 0.0817 0.8738
132.832 0.0960 0.0882 0.8718
132.872 0.0928 0.0801 0.8863
132.911 0.0931 0.0837 0.8758
132.948 0.0930 0.0847 0.8645
132.993 0.0888 0.0814 0.8589
133.032 0.0891 0.0832 0.8536
133.072 0.0891 0.0820 0.8824
133.112 0.0885 0.0834 0.8824
133.151 0.0900 0.0857 0.8833
133.193 0.0884 0.0839 0.8493
133.233 0.0875 0.0839 0.8623
133.273 0.0880 0.0818 0.8674
133.313 0.0860 0.0807 0.8615
133.352 0.0880 0.0836 0.8669
133.392 0.0868 0.0832 0.8986
133.433 0.0832 0.0828 0.8795
133.474 0.0888 0.0842 0.8668
133.514 0.0899 0.0830 0.8748
133.553 0.0915 0.0844 0.8906
133.592 0.0914 0.0854 0.8651
133.635 0.0911 0.0861 0.8762
133.675 0.0872 0.0866 0.8712
133.715 0.0867 0.0845 0.8385
133.755 0.0842 0.0818 0.8795
133.792 0.0822 0.0822 0.8823
133.836 0.0855 0.0874 0.9015
133.876 0.0846 0.0836 0.8807
133.916 0.0861 0.0810 0.8513
133.956 0.0836 0.0841 0.8729
133.995 0.0785 0.0844 0.8729
134.037 0.0720 0.0858 0.8642
134.077 0.0758 0.0823 0.8898
134.117 0.0718 0.0803 0.8913
134.157 0.0685 0.0800 0.8599
134.196 0.0687 0.0860 0.8585
134.236 0.0675 0.0848 0.8132
134.277 0.0671 0.0871 0.8239
134.318 0.0658 0.0893 0.8390
134.357 0.0636 0.0848 0.8376
134.397 0.0604 0.0864 0.8206
134.434 0.0581 0.0898 0.8661
134.479 0.0594 0.0904 0.8455
134.518 0.0624 0.0886 0.8455
134.558 0.0623 0.0870 0.8402
134.598 0.0613 0.0851 0.8536
134.635 0.0662 0.0877 0.8532
134.679 0.0675 0.0881 0.8492
134.719 0.0686 0.0835 0.8750
134.759 0.0723 0.0866 0.8922
134.799 0.0732 0.0875 0.8480
134.839 0.0722 0.0841 0.8912
134.880 0.0755 0.0849 0.8779
134.920 0.0778 0.0844 0.8639
134.960 0.0770 0.0833 0.8569
135.000 0.0766 0.0810 0.8839
135.040 0.0758 0.0873 0.8645
135.079 0.0771 0.0888 0.8725
135.121 0.0787 0.0914 0.8519
135.161 0.0805 0.0933 0.8675
135.201 0.0859 0.0872 0.8846
135.241 0.0849 0.0843 0.8697
135.278 0.0850 0.0896 0.8580
135.322 0.0888 0.0865 0.8499
135.362 0.0910 0.0838 0.9019
135.402 0.1020 0.0861 0.8759
135.441 0.1403 0.0814 0.8879
135.478 0.1363 0.0799 0.8759
135.523 0.1221 0.0881 0.8749
135.562 0.1403 0.0896 0.8633
135.602 0.1358 0.0852 0.8773
135.642 0.1322 0.0860 0.8754
135.681 0.1213 0.0993 0.7300
135.723 0.1119 0.0870 0.8803
135.763 0.1036 0.0831 0.8763
135.803 0.0854 0.0985 0.7430
135.843 0.0741 0.0956 0.7410
135.883 0.0622 0.0953 0.7270
135.923 0.0499 0.0976 0.7120
135.964 0.0590 0.0968 0.6938
136.005 0.0658 0.0983 0.8869
136.045 0.0715 0.1004 0.6822
136.084 0.0713 0.0885 0.8759
136.122 0.0736 0.1004 0.7146
136.166 0.0731 0.0877 0.8759
136.205 0.0716 0.0976 0.8803
136.245 0.0604 0.0951 0.8713
136.285 0.0560 0.0892 0.8759
136.322 0.0483 0.0877 0.8759
136.366 0.0550 0.0848 0.8279
136.406 0.0592 0.0890 0.8759
136.446 0.0593 0.0888 0.8759
136.486 0.0705 0.0866 0.8759
136.526 0.0744 0.0842 0.8803
136.567 0.0785 0.0989 0.6988
136.606 0.0780 0.0973 0.7160
136.647 0.0925 0.0847 0.8955
136.687 0.0948 0.0876 0.8829
136.726 0.0950 0.0985 0.7052
136.766 0.0980 0.1000 0.7052
136.807 0.0729 0.0985 0.7052
136.847 0.0828 0.0817 0.8732
136.887 0.0900 0.0975 0.7154
136.927 0.0942 0.0978 0.7154
136.965 0.0669 0.1002 0.6918
137.008 0.0726 0.0948 0.7044
137.049 0.0803 0.1002 0.6930
137.089 0.0912 0.0979 0.7414
137.129 0.0605 0.0973 0.7456
137.166 0.0499 0.1019 0.6938
137.209 0.0553 0.1004 0.6938
137.250 0.0618 0.1040 0.6938
137.290 0.0640 0.1068 0.7000
137.329 0.0608 0.1038 0.7050
137.368 0.0597 0.1017 0.7090
137.410 0.0554 0.0995 0.6772
137.450 0.0561 0.0975 0.7006
137.490 0.0565 0.1010 0.7026
137.530 0.0532 0.1074 0.7246
137.569 0.0473 0.0982 0.7266
137.609 0.0449 0.1035 0.7059
137.651 0.0475 0.1004 0.7059
137.691 0.0483 0.1018 0.7059
137.731 0.0423 0.1026 0.7003
137.770 0.0363 0.1026 0.7003
137.808 0.0321 0.0999 0.7230
137.852 0.0352 0.0996 0.7213
137.892 0.0404 0.1008 0.7100
137.931 0.0438 0.1021 0.7133
137.971 0.0409 0.1023 0.7064
138.008 0.0385 0.1014 0.7224
138.053 0.0436 0.1007 0.7293
138.092 0.0484 0.1021 0.7293
138.133 0.0487 0.1009 0.7273
138.173 0.0468 0.1010 0.7414
138.213 0.0427 0.1010 0.7414
138.254 0.0400 0.1010 0.7414
138.294 0.0426 0.1036 0.7364
138.334 0.0453 0.1030 0.7343
138.374 0.0469 0.1037 0.7803
138.413 0.0428 0.1039 0.7963
138.453 0.0416 0.1035 0.7753
138.494 0.0420 0.1018 0.7623
138.535 0.0467 0.1013 0.7969
138.575 0.0463 0.1006 0.7943
138.614 0.0454 0.1034 0.8013
138.651 0.0421 0.1029 0.7919
138.696 0.0444 0.1030 0.7923
138.735 0.0471 0.1016 0.7853
138.775 0.0520 0.1020 0.7969
138.815 0.0512 0.1016 0.7963
138.852 0.0441 0.1016 0.8009
138.896 0.0450 0.1008 0.7803
138.936 0.0486 0.1008 0.7893
138.976 0.0505 0.1008 0.7893
139.016 0.0500 0.1016 0.7817
139.055 0.0462 0.1041 0.7817
139.096 0.0434 0.1032 0.7817
139.136 0.0437 0.1032 0.7817
139.176 0.0428 0.1009 0.8077
139.217 0.0448 0.1021 0.7873
139.257 0.0436 0.1032 0.7807
139.297 0.0405 0.1022 0.8263
139.338 0.0468 0.1010 0.8303
139.378 0.0480 0.1010 0.8303
139.418 0.0478 0.1010 0.8303
139.458 0.0519 0.1010 0.8303
139.495 0.0495 0.1006 0.8246
139.539 0.0476 0.1002 0.8133
139.579 0.0509 0.1006 0.8323
139.619 0.0536 0.0994 0.8224
139.658 0.0568 0.0993 0.8217
139.695 0.0556 0.1005 0.8267
139.740 0.0536 0.1020 0.8343
139.779 0.0547 0.1012 0.8267
139.820 0.0522 0.0974 0.8293
139.859 0.0528 0.0982 0.8162
139.898 0.0536 0.1026 0.8313
139.940 0.0507 0.1022 0.8287
139.980 0.0518 0.0990 0.8347
140.020 0.0541 0.0990 0.8287
140.060 0.0542 0.0978 0.8403
140.100 0.0531 0.0973 0.8237
140.139 0.0500 0.1018 0.8483
140.180 0.0509 0.1017 0.8383
140.221 0.0549 0.0994 0.8383
140.261 0.0545 0.0966 0.8508
140.300 0.0549 0.1006 0.8459
140.339 0.0552 0.0979 0.8631
140.383 0.0519 0.0995 0.8651
140.422 0.0496 0.0979 0.8573
140.462 0.0488 0.1005 0.8331
140.502 0.0503 0.0993 0.8191
140.539 0.0503 0.0987 0.8063
140.584 0.0495 0.1049 0.8361
140.623 0.0477 0.1028 0.8631
140.663 0.0497 0.0997 0.8426
140.703 0.0445 0.1006 0.8491
140.743 0.0441 0.0987 0.8426
140.784 0.0432 0.1005 0.8433
140.824 0.0432 0.1001 0.8553
140.864 0.0439 0.0986 0.8625
140.904 0.0485 0.0973 0.8739
140.943 0.0521 0.0972 0.8762
140.983 0.0570 0.0989 0.9142
141.024 0.0595 0.1009 0.9009
141.064 0.0575 0.0982 0.9009
141.104 0.0579 0.0954 0.8935
141.144 0.0625 0.0956 0.9293
141.182 0.0684 0.0972 0.9261
141.226 0.0662 0.0999 0.9189
141.265 0.0644 0.1003 0.9420
141.305 0.0603 0.0987 0.9186
141.345 0.0577 0.0944 0.9050
141.383 0.0493 0.1004 0.8936
141.426 0.0448 0.1001 0.8987
141.467 0.0348 0.1013 0.9179
141.507 0.0267 0.0964 0.9145
141.547 0.0221 0.0962 0.9244
141.585 0.0223 0.0962 0.9244
141.627 0.0225 0.0971 0.9145
141.667 0.0203 0.0986 0.9120
141.707 0.0204 0.0986 0.9336
141.747 0.0276 0.0994 0.9310
141.787 0.0353 0.0962 0.9216
141.826 0.0429 0.0949 0.9257
141.868 0.0522 0.1010 0.9333
141.908 0.0560 0.0984 0.9092
141.948 0.0660 0.0943 0.9093
141.988 0.0732 0.0950 0.8936
142.025 0.0763 0.0954 0.8989
142.069 0.0829 0.0954 0.8831
142.109 0.0839 0.0969 0.8955
142.149 0.0822 0.0964 0.8945
142.188 0.0852 0.0983 0.8945
142.226 0.0893 0.0974 0.9289
142.270 0.0864 0.0959 0.9173
142.309 0.0842 0.0985 0.9351
142.349 0.0817 0.0985 0.9376
142.389 0.0841 0.0973 0.9185
142.428 0.0833 0.0945 0.9064
142.470 0.0810 0.0972 0.8939
142.510 0.0849 0.0972 0.8939
142.550 0.0858 0.1012 0.8801
142.591 0.0861 0.1026 0.8939
142.630 0.0890 0.1012 0.9061
142.670 0.0902 0.0994 0.8904
142.711 0.0863 0.0980 0.8793
142.752 0.0841 0.1042 0.8991
142.792 0.0864 0.1027 0.9003
142.831 0.0911 0.1027 0.8791
142.869 0.0900 0.1020 0.8848
142.913 0.0879 0.1029 0.8791
142.952 0.0874 0.1025 0.8979
142.993 0.0852 0.1021 0.8979
143.032 0.0839 0.1006 0.9125
143.069 0.0866 0.1007 0.9201
143.113 0.0838 0.1009 0.8889
143.153 0.0808 0.1022 0.8607
143.193 0.0785 0.1028 0.8506
143.233 0.0781 0.1000 0.8779
143.272 0.0777 0.0995 0.8779
143.314 0.0678 0.0974 0.8967
143.353 0.0606 0.0985 0.8811
143.394 0.0589 0.1016 0.8738
143.434 0.0559 0.1021 0.8511
143.473 0.0493 0.0993 0.8793
143.513 0.0448 0.0982 0.8793
143.554 0.0380 0.0985 0.8793
143.594 0.0376 0.0997 0.8673
143.634 0.0325 0.1019 0.8662
143.675 0.0306 0.0998 0.8549
143.712 0.0276 0.0991 0.8549
143.756 0.0225 0.0998 0.8549
143.796 0.0213 0.0994 0.8549
143.836 0.0231 0.0998 0.8559
143.876 0.0237 0.1005 0.8275
143.913 0.0216 0.1008 0.8275
143.957 0.0218 0.1029 0.8089
143.997 0.0239 0.1005 0.8260
144.037 0.0270 0.1037 0.8723
144.076 0.0203 0.1046 0.8723
144.115 0.0190 0.1039 0.8473
144.157 0.0169 0.1027 0.8173
144.197 0.0198 0.1027 0.8173
144.237 0.0219 0.1053 0.8184
144.277 0.0207 0.1053 0.8100
144.316 0.0245 0.1053 0.8140
144.356 0.0223 0.1053 0.8024
144.398 0.0209 0.1046 0.8033
144.438 0.0229 0.1033 0.8024
144.478 0.0244 0.1078 0.8024
144.518 0.0244 0.1074 0.8100
144.555 0.0288 0.1040 0.8140
144.599 0.0318 0.1046 0.7736
144.638 0.0356 0.1035 0.7716
144.679 0.0367 0.1059 0.7716
144.718 0.0385 0.1055 0.7706
144.757 0.0405 0.1071 0.7706
144.800 0.0409 0.1056 0.7782
144.840 0.0407 0.1035 0.7666
144.880 0.0433 0.1076 0.7826
144.920 0.0447 0.1071 0.7786
144.960 0.0461 0.1063 0.7786
145.001 0.0463 0.1074 0.7786
145.041 0.0464 0.1059 0.7786
145.081 0.0499 0.1021 0.7992
145.121 0.0530 0.1049 0.8172
145.160 0.0540 0.1043 0.8172
145.200 0.0524 0.1038 0.8164
145.241 0.0538 0.1012 0.7969
145.281 0.0531 0.1022 0.7962
145.322 0.0558 0.1029 0.8001
145.361 0.0577 0.1058 0.8300
145.398 0.0588 0.1025 0.7986
145.443 0.0597 0.1038 0.8056
145.482 0.0623 0.1013 0.7986
145.522 0.0697 0.1010 0.8056
145.562 0.0720 0.1033 0.7786
145.599 0.0716 0.1030 0.8373
145.643 0.0686 0.1013 0.8286
145.683 0.0677 0.1022 0.8468
145.723 0.0683 0.1014 0.8425
145.762 0.0658 0.1009 0.8290
145.802 0.0655 0.1052 0.8157
145.843 0.0667 0.1042 0.8486
145.883 0.0642 0.1047 0.8156
145.924 0.0623 0.1047 0.8006
145.964 0.0632 0.1018 0.8450
146.003 0.0587 0.1047 0.8070
146.043 0.0529 0.1057 0.8320
146.085 0.0502 0.1052 0.8530
146.125 0.0501 0.1024 0.8703
146.165 0.0527 0.1002 0.8741
146.205 0.0548 0.1039 0.8555
146.242 0.0582 0.1013 0.8741
146.286 0.0598 0.1034 0.8741
146.326 0.0615 0.1011 0.8741
146.366 0.0685 0.1005 0.8491
146.405 0.0716 0.1011 0.8618
146.443 0.0728 0.1040 0.8741
146.486 0.0700 0.1033 0.8761
146.526 0.0732 0.1040 0.8621
146.567 0.0728 0.1045 0.8513
146.606 0.0721 0.1041 0.8839
146.645 0.0722 0.1053 0.8745
146.687 0.0678 0.1064 0.8725
146.727 0.0675 0.1040 0.8725
146.767 0.0659 0.1029 0.8497
146.807 0.0663 0.1026 0.8199
146.847 0.0625 0.1030 0.8123
146.886 0.0590 0.1050 0.8666
146.927 0.0582 0.1012 0.8625
146.968 0.0554 0.1041 0.8666
147.008 0.0525 0.0988 0.8661
147.048 0.0505 0.1041 0.8675
147.086 0.0486 0.1032 0.8783
147.130 0.0462 0.1010 0.8473
147.170 0.0448 0.1011 0.8783
147.209 0.0425 0.0995 0.8383
147.249 0.0430 0.0986 0.8383
147.286 0.0404 0.0984 0.8383
147.330 0.0385 0.1040 0.8785
147.370 0.0398 0.1006 0.8609
147.410 0.0406 0.1022 0.8319
147.450 0.0425 0.1009 0.8235
147.489 0.0479 0.0996 0.8423
147.531 0.0542 0.1010 0.8495
147.571 0.0593 0.1009 0.8485
147.611 0.0613 0.0988 0.8738
147.651 0.0656 0.0961 0.8423
147.690 0.0696 0.0966 0.8913
147.730 0.0703 0.0973 0.9178
147.771 0.0751 0.1005 0.8953
147.811 0.0781 0.1002 0.9003
147.851 0.0790 0.1007 0.8721
147.891 0.0799 0.0979 0.8821
147.928 0.0818 0.0990 0.8731
147.973 0.0862 0.0990 0.8731
148.012 0.0858 0.0990 0.8731
148.052 0.0873 0.0990 0.8773
148.092 0.0852 0.0985 0.8709
148.130 0.0900 0.0985 0.8873
148.174 0.0907 0.0981 0.8883
148.213 0.0909 0.1002 0.8883
148.254 0.0886 0.0993 0.8811
148.293 0.0863 0.1005 0.8805
148.332 0.0903 0.0985 0.8805
148.374 0.0883 0.0997 0.9146
148.414 0.0894 0.0993 0.9381
148.454 0.0849 0.0992 0.9198
148.494 0.0843 0.0981 0.9050
148.534 0.0826 0.0971 0.8963
148.573 0.0864 0.1003 0.8962
148.615 0.0867 0.0992 0.9012
148.655 0.0841 0.1002 0.8854
148.695 0.0875 0.0993 0.8843
148.735 0.0924 0.1001 0.8711
148.772 0.0964 0.0991 0.8711
148.816 0.0991 0.0989 0.8902
148.856 0.0994 0.1003 0.8729
148.896 0.0997 0.1013 0.8641
148.935 0.1041 0.1013 0.8715
148.972 0.1036 0.0963 0.8924
149.017 0.1010 0.0995 0.8879
149.056 0.1020 0.1017 0.8815
149.096 0.1033 0.1017 0.8725
149.136 0.1079 0.1005 0.8917
149.175 0.1083 0.1031 0.8681
149.217 0.1058 0.1020 0.8579
149.258 0.1039 0.0988 0.8572
149.298 0.0960 0.1026 0.8693
149.338 0.0925 0.1027 0.8782
149.377 0.0883 0.1014 0.8675
149.417 0.0800 0.0999 0.9132
149.458 0.0736 0.0984 0.9047
149.499 0.0691 0.1004 0.9088
149.539 0.0633 0.1004 0.9059
149.578 0.0566 0.0997 0.9259
149.616 0.0537 0.0988 0.9039
149.660 0.0479 0.1024 0.9099
149.699 0.0424 0.0965 0.9149
149.739 0.0391 0.1027 0.9050
149.779 0.0432 0.1013 0.9169
149.816 0.0440 0.0998 0.9149
149.860 0.0482 0.1006 0.9039
149.900 0.0529 0.0997 0.9139
149.939 0.0613 0.1025 0.9386
149.980 0.0680 0.1023 0.9056
150.019 0.0747 0.1007 0.9386
150.060 0.0825 0.0970 0.9065
150.100 0.0843 0.0981 0.9065
150.141 0.0929 0.0999 0.9065
150.180 0.0985 0.1025 0.9132
150.220 0.1059 0.1014 0.9112
150.260 0.1065 0.0978 0.9152
150.301 0.1083 0.0953 0.9415
150.342 0.1090 0.0925 0.9547
150.382 0.1105 0.0969 0.9277
150.422 0.1082 0.0961 0.9195
150.459 0.1058 0.0936 0.9108
150.503 0.1074 0.0959 0.8891
150.543 0.1086 0.1004 0.8706
150.583 0.1096 0.0954 0.9270
150.622 0.1007 0.0976 0.8968
150.660 0.0916 0.0968 0.9054
150.704 0.0876 0.0915 0.9008
150.744 0.0863 0.0908 0.9000
150.784 0.0883 0.0910 0.9111
150.823 0.0894 0.0948 0.8995
150.862 0.0929 0.0945 0.8999
150.904 0.0906 0.0918 0.8955
150.944 0.0900 0.0883 0.8905
150.984 0.0884 0.0894 0.8936
151.024 0.0864 0.0956 0.9195
151.063 0.0865 0.0950 0.8955
151.103 0.0896 0.0968 0.8955
151.144 0.0972 0.0939 0.8696
151.185 0.1015 0.0926 0.8696
151.225 0.1023 0.0926 0.8696
151.264 0.1005 0.0967 0.8565
151.302 0.0988 0.0935 0.9095
151.346 0.0943 0.0931 0.9049
151.385 0.0929 0.0922 0.8859
151.426 0.0970 0.0922 0.8815
151.466 0.1007 0.0978 0.8532
151.503 0.0992 0.0939 0.8622
151.547 0.0965 0.0923 0.8712
151.587 0.0921 0.0934 0.8802
151.627 0.0881 0.0947 0.8749
151.667 0.0887 0.0933 0.8869
151.706 0.0887 0.0942 0.8839
151.748 0.0876 0.0918 0.8819
151.788 0.0847 0.0921 0.8819
151.828 0.0832 0.0916 0.8819
151.868 0.0838 0.0919 0.8808
151.907 0.0814 0.0954 0.9348
151.947 0.0769 0.0957 0.8811
151.988 0.0746 0.0915 0.8936
152.028 0.0706 0.0918 0.9145
152.069 0.0696 0.0909 0.8693
152.108 0.0706 0.0919 0.9154
152.146 0.0688 0.0921 0.9087
152.190 0.0645 0.0926 0.8848
152.229 0.0613 0.0909 0.8848
152.269 0.0671 0.0907 0.8672
152.309 0.0700 0.0927 0.8847
152.346 0.0706 0.0920 0.8757
152.390 0.0738 0.0935 0.8670
152.430 0.0778 0.0930 0.8757
152.470 0.0800 0.0930 0.8757
152.509 0.0836 0.0931 0.8668
152.550 0.0878 0.0951 0.8712
152.591 0.0885 0.0966 0.8966
152.631 0.0878 0.0965 0.8695
152.671 0.0897 0.0941 0.8723
152.711 0.0938 0.0959 0.9101
152.751 0.0928 0.0944 0.8557
152.790 0.0877 0.0963 0.8815
152.832 0.0851 0.0964 0.8747
152.872 0.0831 0.0936 0.8756
152.912 0.0825 0.0936 0.8991
152.952 0.0816 0.0937 0.8616
152.989 0.0807 0.0956 0.8588
153.033 0.0780 0.0937 0.8588
153.072 0.0785 0.1026 0.8476
153.113 0.0782 0.0956 0.8588
153.153 0.0777 0.0957 0.8534
153.190 0.0756 0.0997 0.8641
153.234 0.0720 0.1046 0.8640
153.273 0.0709 0.0972 0.8832
153.313 0.0720 0.0966 0.8895
153.353 0.0710 0.0966 0.8728
153.392 0.0674 0.0966 0.8742
153.434 0.0616 0.0988 0.8872
153.474 0.0577 0.0971 0.8987
153.514 0.0569 0.1001 0.8911
153.554 0.0564 0.0963 0.8505
153.593 0.0591 0.0977 0.8599
153.633 0.0578 0.0986 0.8555
153.675 0.0595 0.0988 0.8404
153.716 0.0561 0.0976 0.8404
153.756 0.0582 0.0976 0.8493
153.795 0.0554 0.0977 0.8647
153.833 0.0563 0.0926 0.8791
153.877 0.0541 0.1022 0.8684
153.916 0.0533 0.0981 0.8535
153.957 0.0543 0.0962 0.8388
153.996 0.0525 0.0918 0.8476
154.033 0.0528 0.1024 0.8596
154.077 0.0493 0.1028 0.8596
154.117 0.0541 0.1036 0.8596
154.157 0.0556 0.1058 0.8453
154.197 0.0573 0.0981 0.8589
154.237 0.0602 0.0968 0.8400
154.278 0.0649 0.0988 0.8510
154.318 0.0702 0.1055 0.8510
154.357 0.0790 0.0980 0.9059
154.398 0.0896 0.0984 0.8866
154.437 0.0960 0.0952 0.8866
154.477 0.1007 0.0925 0.9105
154.518 0.1105 0.0931 0.9105
154.558 0.1168 0.0947 0.9116
154.598 0.1170 0.0933 0.8644
154.638 0.1180 0.0883 0.8542
154.676 0.1221 0.0882 0.8888
154.720 0.1247 0.0890 0.8803
154.759 0.1260 0.0902 0.8607
154.800 0.1270 0.0912 0.8886
154.840 0.1248 0.0897 0.8792
154.877 0.1209 0.0857 0.8512
154.921 0.1201 0.0861 0.8955
154.961 0.1233 0.0873 0.8955
155.001 0.1171 0.0883 0.8890
155.040 0.1138 0.0832 0.8811
155.079 0.1136 0.0863 0.8879
155.121 0.1100 0.0845 0.8890
155.161 0.1100 0.0863 0.8808
155.201 0.1067 0.0862 0.8935
155.241 0.1067 0.0860 0.8686
155.281 0.1057 0.0856 0.8598
155.320 0.1029 0.0856 0.8432
155.362 0.1042 0.0856 0.8728
155.402 0.1013 0.0924 0.8722
155.442 0.0997 0.0910 0.8655
155.482 0.0998 0.0893 0.8723
155.519 0.0985 0.0892 0.8489
155.563 0.0957 0.0865 0.8424
155.603 0.1006 0.0957 0.8273
155.643 0.1012 0.0938 0.8576
155.682 0.0984 0.0936 0.8556
155.719 0.0955 0.0921 0.8653
155.764 0.0932 0.0870 0.8839
155.803 0.0953 0.0954 0.8868
155.843 0.0940 0.0972 0.8937
155.883 0.0917 0.0903 0.8836
155.923 0.0874 0.0867 0.8566
155.965 0.0875 0.0858 0.8423
156.005 0.0882 0.0875 0.8568
156.045 0.0922 0.0875 0.8229
156.085 0.0898 0.0926 0.8595
156.124 0.0865 0.0885 0.8435
156.164 0.0843 0.0848 0.9039
156.205 0.0891 0.0860 0.8989
156.245 0.0913 0.0860 0.8905
156.286 0.0883 0.0860 0.8635
156.325 0.0850 0.0861 0.8895
156.363 0.0852 0.0902 0.8693
156.407 0.0916 0.0873 0.8693
156.446 0.0930 0.0896 0.8696
156.486 0.0901 0.0893 0.8838
156.526 0.0841 0.0927 0.8804
156.563 0.0819 0.0927 0.8934
156.607 0.0808 0.0881 0.8544
156.647 0.0847 0.0883 0.8640
156.687 0.0855 0.0906 0.8672
156.727 0.0830 0.0933 0.8660
156.766 0.0830 0.0890 0.9012
156.808 0.0858 0.0891 0.8947
156.847 0.0873 0.0890 0.9180
156.887 0.0831 0.0919 0.8578
156.927 0.0785 0.0930 0.8935
156.967 0.0773 0.0902 0.8919
157.008 0.0820 0.0877 0.8749
157.049 0.0835 0.0894 0.8866
157.089 0.0865 0.0878 0.8850
157.129 0.0870 0.0877 0.8804
157.169 0.0846 0.0887 0.8824
157.206 0.0814 0.0881 0.8760
157.250 0.0821 0.0881 0.8622
157.290 0.0828 0.0893 0.8714
157.330 0.0830 0.0903 0.8795
157.369 0.0828 0.0917 0.8991
157.407 0.0853 0.0906 0.8742
157.451 0.0889 0.0905 0.8709
157.491 0.0875 0.0906 0.8709
157.531 0.0903 0.0920 0.8682
157.570 0.0918 0.0914 0.8947
157.610 0.0918 0.0925 0.9009
157.651 0.0927 0.0936 0.8764
157.691 0.0955 0.0930 0.8438
157.731 0.0967 0.0927 0.8434
157.771 0.0985 0.0910 0.9044
157.810 0.1002 0.0965 0.9008
157.850 0.1044 0.0923 0.8648
157.891 0.1054 0.0922 0.8847
157.931 0.1094 0.0941 0.8725
157.971 0.1086 0.0924 0.8703
158.011 0.1061 0.0962 0.8641
158.050 0.1051 0.0954 0.8611
158.093 0.1036 0.0940 0.9157
158.133 0.1038 0.0942 0.8793
158.174 0.1041 0.0931 0.8829
158.213 0.1026 0.0968 0.8795
158.250 0.1021 0.0968 0.8795
158.294 0.0978 0.0952 0.8531
158.334 0.0943 0.0922 0.8924
158.374 0.0913 0.0926 0.8949
158.414 0.0869 0.0926 0.8495
158.453 0.0866 0.0936 0.8435
158.542 0.0836 0.0918 0.8737
158.575 0.0869 0.0947 0.8685
158.614 0.0841 0.0910 0.9014
158.654 0.0850 0.0914 0.9161
158.694 0.0905 0.0924 0.9101
158.734 0.0925 0.0920 0.8881
158.775 0.0941 0.0908 0.8925
158.815 0.0948 0.0908 0.9012
158.855 0.0956 0.0909 0.8919
158.895 0.0988 0.0946 0.8907
158.933 0.0964 0.0919 0.8829
158.976 0.0993 0.0932 0.9073
159.016 0.1036 0.0908 0.9105
159.056 0.1016 0.0901 0.9095
159.096 0.1055 0.0907 0.9425
159.133 0.1105 0.0924 0.8682
159.177 0.1124 0.0903 0.8710
159.217 0.1139 0.0903 0.8650
159.258 0.1195 0.0903 0.8811
159.297 0.1225 0.0908 0.9155
159.337 0.1279 0.0912 0.9091
159.378 0.1277 0.0897 0.9122
159.418 0.1354 0.0901 0.8964
159.458 0.1350 0.0883 0.9174
159.498 0.1351 0.0870 0.9174
159.538 0.1342 0.0889 0.9301
159.578 0.1324 0.0914 0.9278
159.619 0.1276 0.0904 0.9008
159.659 0.1234 0.0899 0.8959
159.699 0.1217 0.0889 0.9285
159.739 0.1185 0.0895 0.9319
159.777 0.1123 0.0913 0.9481
159.820 0.1104 0.0906 0.9110
159.860 0.1138 0.0875 0.9225
159.900 0.1113 0.0899 0.9225
159.939 0.1112 0.0911 0.9147
159.976 0.1140 0.0953 0.8660
160.021 0.1153 0.0929 0.8862
160.060 0.1184 0.0911 0.8832
160.101 0.1191 0.0911 0.8855
160.141 0.1205 0.0922 0.8970
160.180 0.1212 0.0925 0.9077
160.221 0.1184 0.0927 0.9120
160.261 0.1210 0.0907 0.8822
160.301 0.1197 0.0897 0.9016
160.342 0.1159 0.0909 0.8988
160.382 0.1106 0.0898 0.8714
160.421 0.1075 0.0931 0.8655
160.462 0.1046 0.0913 0.8416
160.503 0.1014 0.0914 0.8372
160.543 0.0967 0.0909 0.8692
160.582 0.0953 0.0915 0.8681
160.620 0.0930 0.0944 0.8885
160.664 0.0909 0.0920 0.8630
160.703 0.0896 0.0904 0.8707
160.743 0.0862 0.0907 0.8579
160.783 0.0856 0.0902 0.8619
160.820 0.0866 0.0910 0.8793
160.864 0.0885 0.0932 0.8452
160.904 0.0853 0.0918 0.8481
160.944 0.0829 0.0899 0.8263
160.984 0.0793 0.0890 0.8325
161.024 0.0787 0.0900 0.8947
161.064 0.0770 0.0932 0.8991
161.105 0.0735 0.0926 0.8515
161.144 0.0689 0.0894 0.9121
161.185 0.0644 0.0880 0.8827
161.224 0.0652 0.0896 0.8519
161.264 0.0665 0.0920 0.8757
161.305 0.0616 0.0920 0.8647
161.345 0.0560 0.0912 0.8713
161.385 0.0571 0.0920 0.8635
161.425 0.0561 0.0919 0.8619
161.463 0.0600 0.0918 0.8575
161.508 0.0582 0.0963 0.8594
161.547 0.0592 0.0927 0.8495
161.587 0.0597 0.0928 0.8615
161.627 0.0654 0.0902 0.8595
161.664 0.0682 0.0895 0.8595
161.708 0.0689 0.0955 0.9048
161.748 0.0674 0.0933 0.9048
161.788 0.0704 0.0920 0.8991
161.828 0.0737 0.0917 0.9099
161.867 0.0778 0.0917 0.8919
161.908 0.0797 0.0917 0.8685
161.948 0.0805 0.0941 0.8685
161.988 0.0839 0.0917 0.8685
162.028 0.0852 0.0939 0.8845
162.068 0.0879 0.0934 0.8845
162.108 0.0863 0.0924 0.8895
162.149 0.0890 0.0924 0.8892
162.189 0.0900 0.0939 0.8705
162.229 0.0905 0.0929 0.8245
162.269 0.0906 0.0929 0.8245
162.306 0.0906 0.0943 0.8592
162.350 0.0899 0.0990 0.8502
162.390 0.0912 0.0968 0.8829
162.430 0.0921 0.0958 0.8565
162.469 0.0926 0.0950 0.8657
162.507 0.0911 0.0905 0.8897
162.551 0.0918 0.0936 0.8739
162.591 0.0931 0.0956 0.8826
162.632 0.0921 0.0956 0.8997
162.671 0.0916 0.0939 0.8997
162.711 0.0910 0.0932 0.9095
162.752 0.0906 0.0916 0.8785
162.792 0.0896 0.0953 0.8705
162.832 0.0874 0.0989 0.8854
162.872 0.0860 0.0977 0.8945
162.911 0.0846 0.0973 0.8868
162.951 0.0830 0.0959 0.9040
162.992 0.0846 0.0959 0.9040
163.033 0.0864 0.0982 0.9040
163.073 0.0872 0.0958 0.8777
163.112 0.0877 0.0958 0.8777
163.150 0.0891 0.0975 0.8868
163.194 0.0913 0.0941 0.8827
163.233 0.0899 0.0981 0.8707
163.273 0.0907 0.0970 0.8927
163.313 0.0942 0.0963 0.8915
163.351 0.0945 0.0954 0.8915
163.394 0.0970 0.0954 0.8787
163.434 0.0970 0.0963 0.8913
163.474 0.0989 0.0967 0.8851
163.514 0.0996 0.0957 0.8669
163.554 0.1008 0.0978 0.9257
163.594 0.1025 0.0941 0.8890
163.634 0.1008 0.0952 0.8971
163.675 0.0976 0.0951 0.8698
163.715 0.1020 0.0990 0.8505
163.755 0.1047 0.0952 0.8737
163.795 0.1035 0.0942 0.8671
163.836 0.1073 0.0966 0.8835
163.876 0.1127 0.0994 0.8775
163.917 0.1158 0.0994 0.8988
163.956 0.1187 0.0955 0.9294
163.993 0.1185 0.0963 0.8737
164.038 0.1221 0.0975 0.8549
164.077 0.1226 0.0977 0.8549
164.117 0.1260 0.0971 0.9287
164.157 0.1305 0.0960 0.9122
164.194 0.1313 0.0957 0.9042
164.238 0.1350 0.0937 0.9061
164.278 0.1355 0.0906 0.9172
164.317 0.1382 0.0962 0.9225
164.357 0.1351 0.0922 0.9215
164.397 0.1310 0.0950 0.9161
164.438 0.1262 0.0958 0.9161
164.478 0.1250 0.0894 0.9185
164.518 0.1192 0.0920 0.9185
164.558 0.1166 0.0951 0.9358
164.598 0.1115 0.0937 0.9008
164.637 0.1076 0.0944 0.9182
164.679 0.1060 0.0917 0.9168
164.719 0.0973 0.0924 0.8869
164.759 0.0951 0.0926 0.8835
164.800 0.0935 0.0927 0.8869
164.838 0.0872 0.0922 0.8869
164.881 0.0853 0.0900 0.9085
164.921 0.0873 0.0895 0.9075
164.961 0.0874 0.0906 0.8815
165.000 0.0901 0.0943 0.8805
165.037 0.0878 0.0919 0.9222
165.081 0.0885 0.0909 0.9338
165.121 0.0902 0.0899 0.9218
165.161 0.0922 0.0899 0.9258
165.201 0.1039 0.0904 0.9258
165.241 0.1108 0.0932 0.9306
165.282 0.1145 0.0910 0.9295
165.322 0.1222 0.0906 0.9102
165.362 0.1301 0.0904 0.8648
165.402 0.1349 0.0934 0.9093
165.441 0.1333 0.0910 0.9162
165.481 0.1300 0.0894 0.8849
165.522 0.1363 0.0887 0.9365
165.562 0.1395 0.0875 0.8898
165.603 0.1424 0.0936 0.8977
165.642 0.1435 0.0934 0.9546
165.679 0.1356 0.0946 0.8954
165.723 0.1291 0.0946 0.9031
165.763 0.1198 0.0918 0.9217
165.803 0.1153 0.0929 0.9109
165.843 0.1125 0.0956 0.9109
165.881 0.1044 0.0971 0.9055
165.925 0.1007 0.0971 0.8929
165.965 0.1056 0.0963 0.8963
166.005 0.1057 0.0922 0.8915
166.044 0.1063 0.0914 0.8980
166.085 0.1025 0.0938 0.9102
166.125 0.1010 0.0941 0.8919
166.165 0.1007 0.0930 0.8781
166.205 0.1005 0.0931 0.8785
166.245 0.1095 0.0926 0.8884
166.285 0.1145 0.0936 0.8896
166.325 0.1163 0.0928 0.8757
166.365 0.1223 0.0948 0.9295
166.406 0.1303 0.0936 0.8931
166.446 0.1353 0.0938 0.8797
166.486 0.1368 0.0944 0.9149
166.523 0.1364 0.0953 0.8888
166.567 0.1420 0.0938 0.8966
166.607 0.1467 0.0937 0.8941
166.647 0.1543 0.0953 0.8592
166.686 0.1609 0.0941 0.8879
166.723 0.1605 0.0945 0.8777
166.768 0.1566 0.0923 0.9019
166.807 0.1544 0.0923 0.9019
166.848 0.1510 0.0905 0.8880
166.887 0.1491 0.0905 0.9150
166.927 0.1447 0.0944 0.9164
166.968 0.1428 0.0943 0.9200
167.008 0.1417 0.0958 0.9036
167.049 0.1429 0.0958 0.9072
167.089 0.1410 0.0957 0.9174
167.128 0.1368 0.0955 0.8919
167.168 0.1313 0.0950 0.9091
167.209 0.1300 0.0951 0.9127
167.250 0.1301 0.0931 0.9115
167.290 0.1299 0.0923 0.8751
167.329 0.1331 0.0893 0.8707
167.367 0.1334 0.0916 0.9129
167.411 0.1356 0.0991 0.8940
167.450 0.1357 0.0951 0.9020
167.490 0.1355 0.0931 0.9049
167.530 0.1318 0.0933 0.8889
167.567 0.1266 0.0921 0.8988
167.611 0.1268 0.0923 0.9320
167.651 0.1309 0.0935 0.9287
167.691 0.1353 0.0928 0.9037
167.731 0.1377 0.0938 0.8945
167.771 0.1398 0.0909 0.9279
167.811 0.1375 0.0943 0.9298
167.851 0.1380 0.0922 0.9048
167.892 0.1362 0.0892 0.8909
167.931 0.1338 0.0927 0.9036
167.971 0.1350 0.0908 0.9160
168.011 0.1343 0.0932 0.8927
168.052 0.1404 0.0951 0.8987
168.092 0.1430 0.0946 0.9199
168.133 0.1466 0.0945 0.8809
168.173 0.1448 0.0936 0.9089
168.210 0.1435 0.0928 0.9216
168.254 0.1458 0.0944 0.9166
168.294 0.1498 0.0947 0.9166
168.334 0.1540 0.0934 0.9334
168.374 0.1586 0.0938 0.8955
168.411 0.1640 0.0918 0.8825
168.455 0.1693 0.0924 0.8789
168.494 0.1755 0.0930 0.9022
168.535 0.1796 0.0933 0.8999
168.574 0.1776 0.0951 0.8951
168.614 0.1731 0.0923 0.9305
168.655 0.1705 0.0926 0.9039
168.695 0.1673 0.0961 0.8802
168.735 0.1614 0.0949 0.9067
168.775 0.1534 0.0940 0.8851
168.815 0.1433 0.0974 0.8979
168.854 0.1314 0.0935 0.8991
168.896 0.1224 0.0984 0.8973
168.936 0.1092 0.0968 0.9063
168.976 0.0974 0.0917 0.8893
169.016 0.0798 0.0948 0.9306
169.053 0.0700 0.0938 0.9186
169.097 0.0615 0.0948 0.9186
169.136 0.0493 0.0969 0.9182
169.177 0.0410 0.0938 0.9041
169.217 0.0353 0.0942 0.9098
169.254 0.0333 0.0950 0.8979
169.298 0.0302 0.0941 0.8888
169.338 0.0290 0.0945 0.8755
169.378 0.0234 0.0960 0.9098
169.418 0.0240 0.0969 0.9092
169.458 0.0235 0.0961 0.9052
169.498 0.0259 0.0919 0.8959
169.539 0.0255 0.0941 0.8789
169.579 0.0256 0.0937 0.8769
169.619 0.0296 0.0944 0.8769
169.658 0.0317 0.0937 0.8769
169.698 0.0331 0.0941 0.8972
169.739 0.0329 0.0931 0.8769
169.779 0.0325 0.0907 0.9028
169.819 0.0338 0.0941 0.8729
169.859 0.0368 0.0927 0.8968
169.897 0.0400 0.0909 0.9176
169.940 0.0393 0.0907 0.8968
169.980 0.0395 0.0905 0.8729
170.020 0.0424 0.0918 0.9131
170.060 0.0433 0.0901 0.9091
170.097 0.0423 0.0885 0.9097
170.141 0.0425 0.0885 0.9045
170.181 0.0388 0.0900 0.8805
170.221 0.0388 0.0931 0.8815
170.260 0.0397 0.0951 0.8892
170.301 0.0381 0.0894 0.9012
170.342 0.0363 0.0902 0.8892
170.382 0.0337 0.0885 0.9015
170.423 0.0336 0.0873 0.9032
170.462 0.0339 0.0979 0.8924
170.502 0.0353 0.0907 0.8924
170.542 0.0391 0.0892 0.9343
170.583 0.0427 0.0878 0.9431
170.623 0.0448 0.0892 0.9204
170.663 0.0529 0.0883 0.9019
170.702 0.0590 0.0952 0.9163
170.740 0.0612 0.0868 0.9311
170.784 0.0657 0.0906 0.8738
170.824 0.0674 0.0905 0.8891
170.864 0.0708 0.0946 0.8629
170.903 0.0743 0.0953 0.8768
170.941 0.0770 0.0959 0.8799
170.985 0.0799 0.0939 0.8889
171.024 0.0785 0.0926 0.8445
171.065 0.0779 0.0911 0.8545
171.104 0.0780 0.0981 0.8949
171.143 0.0760 0.0951 0.8997
171.185 0.0725 0.0943 0.8997
171.225 0.0722 0.0930 0.9017
171.265 0.0709 0.0928 0.8609
171.305 0.0745 0.0946 0.8618
171.345 0.0794 0.0978 0.8339
171.455 0.0816 0.0924 0.8713
171.506 0.0804 0.0913 0.8790
171.546 0.0817 0.0963 0.8419
171.586 0.0792 0.0940 0.8409
171.626 0.0766 0.0928 0.8409
171.664 0.0749 0.0938 0.8722
171.707 0.0763 0.0938 0.8623
171.747 0.0790 0.0949 0.8527
171.788 0.0792 0.0975 0.8409
171.827 0.0759 0.0947 0.8432
171.864 0.0750 0.0932 0.8598
171.907 0.0732 0.0915 0.8598
171.948 0.0703 0.0932 0.8955
171.988 0.0708 0.0935 0.8857
172.028 0.0664 0.0926 0.8569
172.067 0.0674 0.0917 0.8347
172.108 0.0681 0.0925 0.8603
172.149 0.0710 0.0944 0.8347
172.189 0.0718 0.0941 0.8309
172.229 0.0692 0.0933 0.8397
172.268 0.0657 0.0944 0.8791
172.308 0.0647 0.0930 0.9190
172.349 0.0637 0.0920 0.9223
172.389 0.0650 0.0942 0.8732
172.429 0.0668 0.0939 0.8787
172.469 0.0671 0.0944 0.8759
172.507 0.0686 0.0917 0.8657
172.550 0.0708 0.0919 0.9089
172.591 0.0740 0.0904 0.8927
172.631 0.0772 0.0915 0.8987
172.671 0.0771 0.0957 0.9161
172.708 0.0753 0.0967 0.8984
172.751 0.0783 0.0918 0.9057
172.792 0.0778 0.0919 0.8732
172.832 0.0774 0.0966 0.8861
172.871 0.0803 0.0992 0.8995
172.911 0.0786 0.0989 0.8761
172.953 0.0738 0.0924 0.8761
172.992 0.0762 0.0897 0.8942
173.033 0.0783 0.0945 0.8832
173.072 0.0798 0.1006 0.8811
173.111 0.0762 0.0969 0.8817
173.151 0.0766 0.0967 0.8857
173.193 0.0809 0.0918 0.8732
173.233 0.0813 0.0906 0.8919
173.273 0.0813 0.0934 0.8879
173.313 0.0864 0.0943 0.8879
173.350 0.0861 0.0958 0.8695
173.393 0.0873 0.0905 0.9154
173.434 0.0927 0.0981 0.9052
173.474 0.0965 0.0971 0.9102
173.513 0.0965 0.0952 0.9036
173.550 0.0954 0.1016 0.9036
173.594 0.1040 0.1015 0.8942
173.634 0.1051 0.0924 0.8759
173.675 0.1039 0.0912 0.8801
173.715 0.1048 0.0939 0.8987
173.754 0.1085 0.0966 0.9082
173.795 0.1074 0.0949 0.9147
173.836 0.1098 0.0937 0.9316
173.876 0.1125 0.0941 0.8937
173.916 0.1164 0.0956 0.9024
173.955 0.1159 0.0959 0.8965
173.995 0.1128 0.0953 0.8997
174.037 0.1119 0.0950 0.9064
174.077 0.1073 0.0930 0.8953
174.117 0.1080 0.0943 0.9064
174.156 0.1076 0.0943 0.8846
174.194 0.1072 0.0961 0.8971
174.238 0.1067 0.0967 0.9038
174.278 0.1067 0.0963 0.8869
174.318 0.1046 0.0951 0.9096
174.357 0.1024 0.0946 0.9193
174.394 0.0989 0.0981 0.9088
174.438 0.0990 0.0983 0.9138
174.478 0.1044 0.0968 0.9184
174.520 0.1062 0.0964 0.8898
174.650 0.1075 0.1012 0.8947
174.741 0.1088 0.0944 0.8623
174.799 0.1110 0.0978 0.8663
174.839 0.1126 0.0978 0.8653
174.880 0.1147 0.0982 0.8649
174.919 0.1148 0.0972 0.8688
174.959 0.1116 0.0947 0.8761
174.999 0.1078 0.0944 0.8797
175.040 0.1108 0.0967 0.8793
175.081 0.1136 0.0967 0.8969
175.121 0.1114 0.0945 0.9082
175.160 0.1096 0.0953 0.8914
175.197 0.1088 0.0935 0.8667
175.242 0.1087 0.0947 0.8794
175.281 0.1102 0.0952 0.8801
175.322 0.1127 0.0913 0.8576
175.361 0.1132 0.0964 0.8786
175.398 0.1128 0.0916 0.8890
175.443 0.1156 0.0913 0.8616
175.482 0.1189 0.0945 0.8802
175.522 0.1260 0.0956 0.8968
175.562 0.1275 0.0980 0.9086
175.602 0.1318 0.0958 0.9008
175.643 0.1363 0.0968 0.9098
175.682 0.1414 0.0956 0.9354
175.723 0.1478 0.0935 0.9238
175.763 0.1564 0.0914 0.9302
175.802 0.1600 0.0942 0.8957
175.842 0.1644 0.0909 0.9391
175.883 0.1669 0.0916 0.9499
175.924 0.1703 0.0912 0.9434
175.965 0.1730 0.0968 0.9348
176.004 0.1710 0.0934 0.9075
176.041 0.1694 0.0906 0.9378
176.086 0.1687 0.0919 0.9615
176.125 0.1726 0.0926 0.9301
176.165 0.1723 0.0945 0.9367
176.205 0.1727 0.0971 0.9205
176.242 0.1692 0.0966 0.9152
176.286 0.1646 0.0982 0.9519
176.326 0.1625 0.0980 0.8985
176.366 0.1650 0.0989 0.9139
176.405 0.1614 0.1003 0.9180
176.446 0.1594 0.0994 0.9023
176.486 0.1619 0.0976 0.9075
176.527 0.1612 0.0976 0.8985
176.567 0.1651 0.0974 0.8764
176.606 0.1615 0.0994 0.8824
176.646 0.1592 0.0962 0.9193
176.685 0.1564 0.0973 0.9233
176.727 0.1504 0.0979 0.8683
176.767 0.1486 0.0975 0.8759
176.807 0.1441 0.0987 0.8813
176.847 0.1386 0.0981 0.8797
176.884 0.1366 0.0973 0.8617
176.928 0.1335 0.0977 0.8856
176.969 0.1305 0.0975 0.8856
177.008 0.1325 0.0981 0.9196
177.048 0.1277 0.0970 0.9072
177.085 0.1223 0.0966 0.9050
177.130 0.1218 0.0967 0.9131
177.169 0.1215 0.0956 0.9225
177.209 0.1241 0.0948 0.9025
177.249 0.1242 0.0956 0.8781
177.290 0.1285 0.0949 0.8843
177.330 0.1334 0.0937 0.9038
177.370 0.1365 0.0945 0.9019
177.410 0.1407 0.0935 0.8931
177.450 0.1435 0.0927 0.9267
177.489 0.1407 0.0943 0.9194
177.529 0.1395 0.0953 0.9237
177.570 0.1433 0.0924 0.9297
177.610 0.1430 0.0921 0.8750
177.651 0.1448 0.0906 0.8978
177.690 0.1488 0.0979 0.9225
177.728 0.1504 0.0967 0.8990
177.772 0.1531 0.0967 0.9197
177.811 0.1529 0.0924 0.9290
177.852 0.1525 0.0943 0.9158
177.891 0.1516 0.1001 0.9180
177.929 0.1505 0.0999 0.9169
177.972 0.1498 0.0966 0.9103
178.011 0.1492 0.0960 0.9397
178.052 0.1477 0.0930 0.9119
178.092 0.1475 0.0930 0.9103
178.133 0.1497 0.0936 0.9346
178.174 0.1432 0.0933 0.9469
178.213 0.1418 0.0925 0.9366
178.253 0.1377 0.0918 0.9301
178.294 0.1356 0.0908 0.9129
178.340 0.1345 0.1025 0.9149
178.372 0.1359 0.1025 0.9118
178.414 0.1361 0.0957 0.9102
178.454 0.1390 0.0984 0.8579
178.494 0.1409 0.0970 0.8629
178.533 0.1430 0.0958 0.8785
178.571 0.1430 0.1013 0.8953
178.615 0.1396 0.0975 0.9040
178.655 0.1439 0.0935 0.8691
178.695 0.1450 0.0920 0.8629
178.734 0.1460 0.0951 0.8719
178.772 0.1468 0.0928 0.9037
178.816 0.1463 0.0984 0.8799
178.855 0.1461 0.0980 0.8729
178.896 0.1478 0.0967 0.8869
178.935 0.1447 0.0928 0.8817
178.975 0.1420 0.0973 0.8487
179.016 0.1431 0.0990 0.8929
179.056 0.1468 0.0975 0.9007
179.096 0.1504 0.0972 0.8719
179.136 0.1459 0.0912 0.8732
179.175 0.1426 0.0954 0.8759
179.216 0.1421 0.0977 0.8749
179.257 0.1472 0.0979 0.9022
179.298 0.1451 0.0983 0.9353
179.338 0.1465 0.0999 0.8985
179.377 0.1442 0.0929 0.8925
179.415 0.1432 0.0960 0.8806
179.459 0.1450 0.0992 0.8976
179.498 0.1427 0.0984 0.9145
179.539 0.1395 0.0947 0.8666
179.578 0.1334 0.0918 0.8716
179.615 0.1304 0.0933 0.8750
179.659 0.1312 0.0962 0.8716
179.699 0.1299 0.0943 0.8738
179.754 0.1208 0.0911 0.8957
179.779 0.1221 0.0922 0.8142
179.819 0.1188 0.0929 0.8308
179.859 0.1165 0.0954 0.8929
179.899 0.1140 0.0976 0.8851
179.939 0.1113 0.0943 0.8719
179.979 0.1118 0.0899 0.9105
180.019 0.1093 0.0952 0.9045
180.059 0.1093 0.1004 0.8524
180.100 0.1108 0.1034 0.8702
180.140 0.1117 0.1020 0.8577
180.180 0.1142 0.1021 0.8449
180.220 0.1179 0.0954 0.8876
180.258 0.1181 0.0985 0.8843
180.301 0.1188 0.0985 0.8747
180.342 0.1176 0.1026 0.8623
180.382 0.1199 0.0911 0.8997
180.422 0.1221 0.0922 0.9033
180.459 0.1215 0.0926 0.8945
180.503 0.1198 0.0900 0.9193
180.543 0.1250 0.0920 0.9040
180.583 0.1271 0.0932 0.9170
180.622 0.1267 0.0897 0.8971
180.662 0.1265 0.0878 0.9198
180.703 0.1217 0.0863 0.8939
180.743 0.1199 0.0868 0.8939
180.783 0.1166 0.0902 0.9111
180.823 0.1149 0.0849 0.9198
180.862 0.1121 0.0848 0.9370
180.902 0.1085 0.0858 0.9228
180.943 0.1080 0.0846 0.8608
180.984 0.1117 0.0858 0.9133
181.024 0.1079 0.0889 0.9290
181.064 0.1071 0.0826 0.9067
181.101 0.1069 0.0842 0.9008
181.144 0.1069 0.0863 0.9097
181.184 0.1085 0.0852 0.9021
181.225 0.1126 0.0880 0.8953
181.264 0.1160 0.0857 0.8908
181.301 0.1175 0.0854 0.8572
181.344 0.1200 0.0879 0.8933
181.385 0.1246 0.0883 0.8750
181.425 0.1251 0.0896 0.8866
181.466 0.1228 0.0885 0.8725
181.505 0.1207 0.0871 0.8931
181.546 0.1206 0.0978 0.8863
181.586 0.1217 0.0961 0.8752
181.627 0.1212 0.0972 0.8799
181.667 0.1195 0.0979 0.8677
181.706 0.1187 0.0985 0.8617
181.746 0.1191 0.0964 0.8589
181.787 0.1205 0.0933 0.9009
181.827 0.1234 0.0978 0.8641
181.867 0.1234 0.0986 0.8810
181.907 0.1247 0.0970 0.9078
181.944 0.1263 0.0992 0.8808
181.988 0.1314 0.0970 0.8739
182.028 0.1333 0.0982 0.9213
182.069 0.1317 0.1024 0.8690
182.109 0.1313 0.1030 0.8850
182.145 0.1308 0.1028 0.8834
182.188 0.1329 0.0961 0.8870
182.229 0.1315 0.0961 0.9110
182.269 0.1307 0.1016 0.9008
182.309 0.1274 0.1072 0.9107
182.348 0.1229 0.0970 0.9171
182.388 0.1192 0.0959 0.9182
182.429 0.1201 0.0932 0.9142
182.469 0.1197 0.0947 0.9058
182.509 0.1180 0.0994 0.9080
182.550 0.1180 0.1032 0.8911
182.590 0.1176 0.1021 0.8835
182.631 0.1181 0.0927 0.8630
182.671 0.1148 0.0947 0.8684
182.711 0.1132 0.0981 0.8772
182.751 0.1132 0.1013 0.8469
182.788 0.1114 0.0986 0.8709
182.832 0.1145 0.0951 0.8920
182.872 0.1154 0.0941 0.8720
182.914 0.1153 0.0978 0.8610
182.952 0.1135 0.0974 0.8788
182.989 0.1106 0.0975 0.9058
183.033 0.1120 0.0990 0.8899
183.073 0.1096 0.0943 0.8764
183.113 0.1089 0.0950 0.8753
183.152 0.1126 0.0953 0.8943
183.193 0.1155 0.0965 0.8839
183.233 0.1136 0.0977 0.8699
183.273 0.1174 0.0966 0.8844
183.313 0.1155 0.0956 0.8973
183.353 0.1201 0.0958 0.9191
183.393 0.1244 0.0981 0.8749
183.432 0.1274 0.0968 0.8800
183.474 0.1341 0.0940 0.9215
183.514 0.1331 0.0940 0.9088
183.554 0.1346 0.0945 0.8908
183.593 0.1407 0.0987 0.9088
183.632 0.1422 0.0987 0.9013
183.675 0.1420 0.0963 0.9225
183.716 0.1406 0.0982 0.9240
183.756 0.1372 0.0940 0.8736
183.797 0.1403 0.0958 0.8846
183.832 0.1401 0.0974 0.9165
183.877 0.1360 0.0992 0.9042
183.916 0.1357 0.0998 0.9042
183.956 0.1325 0.0987 0.9042
183.996 0.1370 0.0989 0.9083
184.036 0.1409 0.1002 0.9031
184.077 0.1392 0.0994 0.9031
184.117 0.1396 0.0980 0.9128
184.157 0.1392 0.0951 0.8859
184.197 0.1413 0.0986 0.9062
184.236 0.1458 0.0925 0.8817
184.276 0.1449 0.1017 0.9092
184.317 0.1408 0.1017 0.9092
184.357 0.1419 0.0980 0.9142
184.397 0.1404 0.0987 0.8869
184.437 0.1414 0.0992 0.9251
184.475 0.1374 0.1000 0.9042
184.519 0.1330 0.0980 0.9195
184.569 0.1276 0.0964 0.9195
184.598 0.1242 0.0938 0.8909
184.638 0.1192 0.0974 0.8812
184.675 0.1162 0.0938 0.8897
184.719 0.1127 0.1002 0.8850
184.759 0.1082 0.0992 0.8802
184.800 0.1093 0.0937 0.8800
184.840 0.1075 0.0953 0.9036
184.880 NaN 0.0983 0.9233
184.920 NaN 0.0992 0.9264
184.960 NaN 0.0938 0.9514
185.000 NaN 0.0976 0.8961
185.040 NaN 0.0954 0.8893
185.079 NaN 0.0964 0.8839
185.119 NaN 0.0957 0.8967
185.161 NaN 0.0980 0.9048
