23.997 NaN 0.1032 0.7920
24.037 NaN 0.1024 0.8346
24.077 NaN 0.1032 0.8126
24.117 NaN 0.1042 0.8170
24.158 NaN 0.1046 0.8170
24.197 NaN 0.1013 0.8190
24.237 NaN 0.1009 0.8243
24.276 0.1020 0.1027 0.8339
24.318 0.1041 0.1017 0.8764
24.358 0.1066 0.0979 0.8615
24.398 0.1144 0.0987 0.8615
24.438 0.1158 0.1004 0.8615
24.476 0.1143 0.1046 0.8580
24.519 0.1146 0.0994 0.8674
24.559 0.1163 0.0979 0.8956
24.599 0.1217 0.0963 0.9025
24.639 0.1305 0.0969 0.8981
24.676 0.1338 0.0952 0.8981
24.720 0.1463 0.0966 0.8790
24.759 0.1508 0.0944 0.8971
24.800 0.1609 0.0935 0.8982
24.840 0.1701 0.0942 0.9200
24.880 0.1757 0.0950 0.9179
24.921 0.1789 0.0966 0.9243
24.961 0.1843 0.0949 0.8969
25.001 0.1861 0.0981 0.9135
25.041 0.1872 0.0931 0.9361
25.080 0.1875 0.0971 0.9209
25.120 0.1803 0.0990 0.9089
25.161 0.1755 0.0992 0.9412
25.201 0.1700 0.0990 0.9226
25.242 0.1638 0.0949 0.9527
25.281 0.1521 0.0983 0.9439
25.319 0.1462 0.1038 0.9123
25.363 0.1365 0.1029 0.9428
25.402 0.1255 0.0994 0.9185
25.442 0.1170 0.0987 0.8989
25.482 0.1191 0.1008 0.9110
25.519 0.1181 0.0993 0.9059
25.563 0.1132 0.1019 0.9257
25.603 0.1142 0.1065 0.9343
25.643 0.1180 0.1065 0.9383
25.683 0.1183 0.0985 0.9383
25.723 0.1152 0.0985 0.9133
25.764 0.1230 0.1042 0.9254
25.804 0.1208 0.1046 0.9072
25.844 0.1239 0.1039 0.8785
25.884 0.1309 0.0996 0.9047
25.924 0.1416 0.1014 0.9061
25.964 0.1432 0.1002 0.9309
26.005 0.1404 0.1031 0.9606
26.045 0.1439 0.1006 0.9547
26.085 0.1456 0.0998 0.9454
26.125 0.1487 0.0975 0.9261
26.163 0.1470 0.1012 0.9261
26.206 0.1480 0.1030 0.9159
26.246 0.1421 0.1011 0.9159
26.286 0.1447 0.1014 0.9368
26.335 0.1414 0.0999 0.9067
26.362 0.1374 0.0999 0.9023
26.407 0.1330 0.0986 0.9111
26.446 0.1303 0.0991 0.9421
26.487 0.1333 0.0992 0.9421
26.526 0.1309 0.0992 0.9161
26.566 0.1279 0.0979 0.9023
26.607 0.1231 0.0987 0.9282
26.647 0.1242 0.1035 0.9753
26.687 0.1254 0.1039 0.9519
26.727 0.1268 0.1008 0.9010
26.766 0.1241 0.0986 0.9492
26.806 0.1168 0.1006 0.9238
26.847 0.1185 0.1012 0.9463
26.888 0.1191 0.1023 0.9317
26.928 0.1176 0.1007 0.8919
26.967 0.1124 0.0975 0.9019
27.006 0.1101 0.1014 0.9322
27.050 0.1090 0.1015 0.9212
27.089 0.1094 0.1049 0.9599
27.130 0.1091 0.1043 0.9205
27.169 0.1076 0.1017 0.9538
27.207 0.1062 0.1017 0.9509
27.250 0.1071 0.1012 0.9600
27.290 0.1121 0.1021 0.9040
27.330 0.1128 0.1018 0.9109
27.370 0.1136 0.0994 0.9269
27.410 0.1127 0.0996 0.9333
27.451 0.1138 0.1013 0.9333
27.491 0.1143 0.1036 0.8843
27.531 0.1162 0.1023 0.9073
27.571 0.1167 0.1026 0.8946
27.610 0.1163 0.1005 0.8946
27.650 0.1159 0.0990 0.9134
27.691 0.1169 0.1002 0.9202
27.731 0.1156 0.1026 0.8572
27.771 0.1158 0.1020 0.8922
27.811 0.1148 0.1002 0.8782
27.849 0.1122 0.1000 0.8782
27.892 0.1087 0.1007 0.8772
27.932 0.1073 0.1010 0.9025
27.972 0.1073 0.1022 0.9266
28.012 0.1060 0.0997 0.9115
28.049 0.1059 0.1015 0.8491
28.093 0.1042 0.1000 0.9195
28.133 0.1033 0.1000 0.9047
28.174 0.1029 0.0994 0.9169
28.214 0.1034 0.0997 0.9188
28.253 0.1042 0.0996 0.9102
28.294 0.1048 0.0984 0.8478
28.334 0.1042 0.0981 0.8478
28.374 0.1054 0.1000 0.8808
28.414 0.1062 0.1082 0.8575
28.454 0.1080 0.1060 0.8591
28.494 0.1078 0.1002 0.8605
28.535 0.1076 0.1065 0.8541
28.575 0.1077 0.1079 0.8258
28.615 0.1094 0.1077 0.8278
28.654 0.1083 0.1086 0.8521
28.692 0.1092 0.1041 0.8585
28.736 0.1043 0.1082 0.8575
28.775 0.1045 0.1075 0.8451
28.816 0.1060 0.1097 0.8409
28.855 0.1060 0.1096 0.8662
28.893 0.1079 0.1087 0.8673
28.937 0.1015 0.1090 0.8451
28.976 0.0989 0.1066 0.8584
29.016 0.0948 0.1111 0.8291
29.056 0.0938 0.1113 0.8312
29.096 0.0918 0.1073 0.8390
29.137 0.0866 0.1074 0.8621
29.177 0.0843 0.1054 0.8212
29.217 0.0825 0.1105 0.8365
29.258 0.0812 0.1166 0.8372
29.298 0.0778 0.1152 0.8372
29.337 0.0779 0.1105 0.8172
29.378 0.0728 0.1030 0.8172
29.419 0.0754 0.1098 0.8172
29.459 0.0758 0.1132 0.8442
29.498 0.0757 0.1131 0.8172
29.536 0.0780 0.1080 0.8236
29.580 0.0784 0.1050 0.8038
29.619 0.0822 0.1060 0.8076
29.659 0.0817 0.1050 0.8274
29.699 0.0844 0.1051 0.8281
29.736 0.0847 0.1086 0.8120
29.780 0.0870 0.1057 0.8062
29.820 0.0860 0.1057 0.8295
29.860 0.0896 0.1047 0.8215
29.900 0.0883 0.1055 0.8261
29.940 0.0903 0.1067 0.8272
29.981 0.0929 0.1033 0.8426
30.020 0.0952 0.1061 0.8219
30.061 0.0940 0.1022 0.8088
30.101 0.0969 0.1050 0.8612
30.155 0.0985 0.1082 0.8832
30.179 0.0992 0.1065 0.8531
30.221 0.1016 0.1031 0.8272
30.261 0.1014 0.1027 0.8263
30.301 0.1015 0.1052 0.7830
30.342 0.1014 0.1053 0.8334
30.379 0.1007 0.1053 0.8219
30.423 0.0958 0.1053 0.8181
30.463 0.0953 0.1046 0.7905
30.503 0.0897 0.1046 0.7856
30.542 0.0916 0.1063 0.7856
30.580 0.0873 0.1055 0.7840
30.624 0.0866 0.1061 0.7876
30.663 0.0849 0.1055 0.7946
30.704 0.0828 0.1033 0.7800
30.743 0.0836 0.1040 0.7856
30.783 0.0842 0.1040 0.7756
30.824 0.0847 0.1054 0.7620
30.864 0.0838 0.1033 0.7640
30.904 0.0857 0.1085 0.7576
30.944 0.0858 0.1078 0.7646
30.983 0.0877 0.1052 0.7655
31.023 0.0879 0.1041 0.7469
31.064 0.0896 0.1033 0.7480
31.105 0.0861 0.1033 0.7410
31.145 0.0862 0.1086 0.7250
31.184 0.0891 0.1025 0.7430
31.221 0.0932 0.1041 0.7786
31.266 0.0927 0.1041 0.7786
31.305 0.0894 0.0991 0.7148
31.345 0.0892 0.1017 0.7326
31.385 0.0921 0.1005 0.7306
31.423 0.0922 0.1242 0.6896
31.467 0.0977 0.1100 0.7326
31.507 0.0972 0.1030 0.6722
31.547 0.0985 0.1050 0.6284
31.587 0.1023 0.1028 0.6832
31.626 0.1061 0.1064 0.6698
31.668 0.1073 0.1030 0.6732
31.707 0.1036 0.1167 0.6443
31.748 0.1046 0.0999 0.5847
31.788 0.1083 0.0954 0.5922
31.827 0.1107 0.0979 0.5922
31.866 0.1125 0.1027 0.5922
31.908 0.1113 0.0969 0.6559
31.948 0.1106 0.0921 0.6372
31.988 0.1123 0.0909 0.6312
32.028 0.1095 0.0904 0.6058
32.066 0.1075 0.0888 0.6050
32.110 0.1058 0.0927 0.5832
32.149 0.1043 0.1004 0.5736
32.189 0.1071 0.1317 0.5474
32.229 0.1066 0.1267 0.5486
32.265 0.1055 0.1307 0.5817
32.310 0.1070 0.1098 0.5500
32.350 0.1052 0.1080 0.5660
32.390 0.1098 0.1151 0.5292
32.429 0.1089 0.1176 0.5354
32.468 0.1068 0.1160 0.5292
32.510 0.1058 0.1145 0.5662
32.550 0.1096 0.1190 0.5132
32.591 0.1072 0.1314 0.5180
32.631 0.1113 0.1292 0.5022
32.670 0.1071 0.1285 0.4752
32.710 0.1004 0.1285 0.4752
32.752 0.0974 0.1158 0.4974
32.792 0.0948 0.1145 0.4910
32.832 0.0920 0.1084 0.5499
32.871 0.0859 0.1103 0.5244
32.909 0.0808 0.1104 0.4800
32.953 0.0746 0.1123 0.5022
32.992 0.0772 0.0970 0.5244
33.032 0.0748 0.1134 0.5180
33.072 0.0794 0.1106 0.5180
33.110 0.0771 0.1012 0.5069
33.153 0.0803 0.0984 0.5132
33.193 0.0890 0.0999 0.5021
33.233 0.0946 0.0973 0.4752
33.273 0.1011 0.0964 0.4752
33.313 0.1035 0.0843 0.4864
33.354 0.1094 0.0805 0.4816
33.394 0.1167 0.0861 0.4910
33.434 0.1319 0.0861 0.4640
33.474 0.1353 0.0866 0.4640
33.515 0.1343 0.0839 0.4689
33.553 0.1333 0.0714 0.4799
33.594 0.1267 0.0714 0.4910
33.635 0.1307 0.0714 0.4926
33.675 0.1302 0.0678 0.4577
33.715 0.1332 0.0681 0.4465
33.753 0.1343 0.0662 0.4417
33.797 0.1318 0.0637 0.4195
33.836 0.1283 0.0673 0.4243
33.876 0.1282 0.0629 0.4465
33.916 0.1234 0.0576 0.4307
33.953 0.1222 0.0516 0.4355
33.997 0.1207 0.0543 0.4355
34.037 0.1181 0.0526 0.3925
34.077 0.1302 0.0468 0.3527
34.117 NaN 0.0460 0.3591
34.157 NaN 0.0427 0.3639
34.198 NaN 0.0450 0.3797
34.237 NaN 0.0459 0.3369
34.278 NaN 0.0487 0.3099
34.318 NaN 0.0396 0.3369
34.357 NaN 0.0370 0.3655
34.396 NaN 0.0332 0.3257
