181.225 NaN 0.0935 0.9809
181.264 NaN 0.0898 0.9381
181.301 NaN 0.0902 0.9293
181.344 NaN 0.0916 0.9414
181.385 NaN 0.0922 0.9264
181.425 NaN 0.0943 0.9634
181.466 NaN 0.0895 0.9426
181.505 0.1167 0.0917 0.9580
181.546 0.1202 0.0916 0.9120
181.586 0.1194 0.0915 0.9496
181.627 0.1200 0.0931 0.9432
181.667 0.1207 0.0933 0.9582
181.706 0.1178 0.0927 0.9309
181.746 0.1180 0.0912 0.9519
181.787 0.1175 0.0883 0.9615
181.827 0.1160 0.0895 0.9326
181.867 0.1133 0.0901 0.9596
181.907 0.1153 0.0890 0.9665
181.944 0.1154 0.0892 0.9451
181.988 0.1142 0.0876 0.9489
182.028 0.1056 0.0885 0.9519
182.069 0.0969 0.0924 0.9561
182.109 0.0945 0.0878 0.9553
182.145 0.0912 0.0895 0.9615
182.188 0.0925 0.0885 0.9347
182.229 0.0887 0.0874 0.9312
182.269 0.0848 0.0909 0.9223
182.309 0.0810 0.0906 0.9283
182.348 0.0826 0.0909 0.9519
182.388 0.0857 0.0887 0.9238
182.429 0.0876 0.0876 0.9249
182.469 0.0889 0.0893 0.9146
182.509 0.0914 0.0910 0.9355
182.550 0.0941 0.0897 0.9355
182.590 0.0956 0.0929 0.9243
182.631 0.0993 0.0913 0.9309
182.671 0.1011 0.0919 0.9148
182.711 0.1032 0.0920 0.9473
182.751 0.1052 0.0934 0.9286
182.788 0.1051 0.0926 0.9361
182.832 0.1066 0.0919 0.9031
182.872 0.1031 0.0911 0.9092
182.914 0.1011 0.0932 0.9391
182.952 0.0993 0.0923 0.9391
182.989 0.1010 0.0922 0.9391
183.033 0.1044 0.0904 0.9241
183.073 0.1088 0.0904 0.9241
183.113 0.1101 0.0898 0.9276
183.152 0.1108 0.0917 0.9239
183.193 0.1115 0.0941 0.9303
183.233 0.1130 0.0916 0.9315
183.273 0.1174 0.0916 0.9335
183.313 0.1194 0.0909 0.8915
183.353 0.1181 0.0935 0.9107
183.393 0.1148 0.0952 0.9057
183.432 0.1153 0.0944 0.9105
183.474 0.1127 0.0925 0.8831
183.514 0.1108 0.0926 0.9412
183.554 0.1061 0.0964 0.9327
183.593 0.1036 0.0930 0.9177
183.632 0.0980 0.0926 0.9552
183.675 0.0940 0.0926 0.9502
183.716 0.0927 0.0927 0.9326
183.756 0.0936 0.0930 0.9505
183.797 0.0927 0.0938 0.9480
183.832 0.0938 0.0949 0.9775
183.877 0.0949 0.0936 0.9636
183.916 0.0948 0.0932 0.9636
183.956 0.0960 0.0940 0.9442
183.996 0.0967 0.0931 0.9220
184.036 0.1018 0.0966 0.9615
184.077 0.0988 0.0974 0.9654
184.117 0.1031 0.0926 0.9519
184.157 0.1094 0.0907 0.9730
184.197 0.1143 0.0965 0.9492
184.236 0.1167 0.0948 0.9364
184.276 0.1204 0.0975 0.9680
184.317 0.1210 0.0971 0.9706
184.357 0.1298 0.0946 0.9368
184.397 0.1369 0.0949 0.9586
184.437 0.1425 0.0925 0.9548
184.475 0.1464 0.0945 0.9680
184.519 0.1455 0.0944 0.9527
184.569 0.1533 0.0913 0.9477
184.598 0.1556 0.0923 0.9699
184.638 0.1564 0.0914 0.9605
184.675 0.1575 0.0930 0.9463
184.719 0.1607 0.0986 0.9463
184.759 0.1619 0.0938 0.9671
184.800 0.1633 0.0885 0.9733
184.840 0.1618 0.0887 0.9720
184.880 0.1597 0.0884 0.9634
184.920 0.1557 0.0894 0.9787
184.960 0.1534 0.0922 0.9802
185.000 0.1531 0.0895 0.9877
185.040 0.1520 0.0864 0.9790
185.079 0.1487 0.0888 0.9735
185.119 0.1475 0.0927 0.9615
185.161 0.1461 0.0909 0.9614
185.201 0.1407 0.0915 0.9735
185.308 0.1358 0.0912 0.9632
185.360 0.1314 0.0904 0.9456
185.397 0.1300 0.0913 0.9603
185.442 0.1360 0.0893 0.9988
185.482 0.1377 0.0913 0.9516
185.522 0.1389 0.0913 0.9443
185.561 0.1396 0.0938 0.8946
185.599 0.1381 0.0954 0.9386
185.643 0.1368 0.0907 0.9491
185.682 0.1372 0.0905 0.9475
185.722 0.1372 0.0913 0.9047
185.762 0.1378 0.0951 0.9229
185.802 0.1366 0.0958 0.8831
185.843 0.1386 0.0957 0.9049
185.883 0.1431 0.0914 0.9327
185.924 0.1422 0.0906 0.9327
185.964 0.1400 0.0903 0.9372
186.003 0.1384 0.0992 0.9180
186.043 0.1353 0.0966 0.9434
186.084 0.1350 0.0940 0.9574
186.125 0.1375 0.0972 0.9045
186.165 0.1384 0.0939 0.9120
186.204 0.1379 0.0924 0.9045
186.242 0.1340 0.0971 0.8941
186.286 0.1331 0.0957 0.9281
186.325 0.1318 0.1021 0.9015
186.365 0.1277 0.1019 0.8823
186.405 0.1238 0.0998 0.8815
186.442 0.1219 0.1042 0.9217
186.486 0.1181 0.1008 0.9115
186.526 0.1179 0.0993 0.9222
186.566 0.1203 0.1012 0.9126
186.606 0.1171 0.0963 0.9059
186.646 0.1148 0.1081 0.9135
186.687 0.1114 0.1048 0.9436
186.726 0.1109 0.1037 0.9023
186.767 0.1080 0.0992 0.9377
186.807 0.1087 0.1021 0.9298
186.846 0.1107 0.0998 0.9086
186.885 0.1094 0.1015 0.9086
186.927 0.1060 0.0971 0.9336
186.967 0.1054 0.0978 0.9246
187.008 0.1038 0.0969 0.9246
187.048 0.1030 0.0959 0.9587
187.086 0.1043 0.1004 0.9787
187.129 0.1089 0.1001 0.9112
187.169 0.1122 0.0987 0.9150
187.209 0.1154 0.0970 0.9474
187.249 0.1202 0.0959 0.9359
187.286 0.1236 0.0981 0.9508
187.330 0.1206 0.0984 0.9309
187.369 0.1214 0.0962 0.9330
187.410 0.1227 0.0964 0.9163
187.449 0.1249 0.0958 0.9515
187.489 0.1290 0.0956 0.9421
187.530 0.1284 0.0996 0.9198
187.570 0.1257 0.0966 0.8992
187.610 0.1214 0.0940 0.8911
187.650 0.1166 0.0935 0.9025
187.690 0.1120 0.0926 0.9206
187.729 0.1089 0.0936 0.9132
187.771 0.1008 0.0948 0.9799
187.811 0.0960 0.0897 0.9025
187.851 0.0915 0.0902 0.9025
187.890 0.0854 0.0886 0.9036
187.928 0.0820 0.0895 0.9291
187.972 0.0786 0.0910 0.9654
188.012 0.0763 0.0924 0.9519
188.052 0.0786 0.0912 0.9107
188.092 0.0813 0.0889 0.9204
188.130 0.0824 0.0875 0.9541
188.174 0.0855 0.0900 0.9669
188.213 0.0885 0.0919 0.9590
188.253 0.0940 0.0927 0.9430
188.293 0.1001 0.0885 0.9294
188.333 0.1075 0.0893 0.9221
188.374 0.1160 0.0894 0.9422
188.414 0.1203 0.0916 0.9281
188.454 0.1239 0.0927 0.9575
188.494 0.1283 0.0902 0.9734
188.533 0.1262 0.0888 0.9369
188.573 0.1277 0.0882 0.9370
188.614 0.1277 0.0908 0.9576
188.654 0.1288 0.0936 0.9839
188.694 0.1248 0.0934 0.9864
188.734 0.1205 0.0913 0.9530
188.772 0.1198 0.0903 0.9454
188.816 0.1146 0.0930 0.9659
188.855 0.1090 0.0930 0.9326
188.895 0.1042 0.0951 0.9277
188.935 0.1002 0.0917 0.9189
188.972 0.0933 0.0885 0.9099
189.016 0.0892 0.0935 0.9367
189.056 0.0840 0.0935 0.9378
189.096 0.0799 0.0940 0.9216
189.136 0.0719 0.0940 0.9216
189.176 0.0694 0.0933 0.9605
189.217 0.0687 0.0912 0.9636
189.257 0.0622 0.0919 0.9636
189.298 0.0553 0.0949 0.9549
189.337 0.0484 0.0919 0.9641
189.377 0.0477 0.0911 0.9641
189.417 0.0425 0.0885 0.9614
189.458 0.0388 0.0901 0.9543
189.498 0.0375 0.0942 0.9593
189.538 0.0321 0.0915 0.9347
189.578 0.0266 0.0909 0.9547
189.615 0.0259 0.0898 0.9347
189.659 0.0214 0.0913 0.9347
189.699 0.0156 0.0914 0.9347
189.739 0.0142 0.0936 0.9621
189.778 0.0141 0.0923 0.9888
189.816 0.0144 0.0900 0.9646
189.860 0.0090 0.0901 0.9711
189.899 0.0087 0.0905 0.9711
189.939 0.0105 0.0902 0.9711
189.979 0.0116 0.0904 0.9597
190.019 0.0163 0.0916 0.9864
190.060 0.0230 0.0905 0.9597
190.100 0.0283 0.0908 0.9561
190.140 0.0413 0.0913 0.9561
190.180 0.0523 0.0926 0.9597
190.219 0.0562 0.0920 0.9812
190.259 0.0654 0.0908 0.9561
190.300 0.0745 0.0919 0.9311
190.342 0.0818 0.0910 0.9277
190.382 0.0905 0.0932 0.9562
190.421 0.0971 0.0937 0.9352
190.459 0.1055 0.0959 0.9603
190.503 0.1121 0.0917 0.9390
190.542 0.1202 0.0898 0.9292
190.583 0.1262 0.0923 0.9452
190.622 0.1301 0.0946 0.9239
190.659 0.1287 0.0926 0.9174
190.703 0.1369 0.0913 0.9055
190.743 0.1393 0.0920 0.8935
190.783 0.1373 0.0920 0.9477
190.823 0.1408 0.0959 0.9693
190.863 0.1410 0.0939 0.9515
190.904 0.1386 0.0933 0.9777
190.943 0.1364 0.0909 0.9725
190.984 0.1347 0.0901 0.9515
191.024 0.1304 0.0929 0.9515
191.063 0.1255 0.0961 0.9732
191.103 0.1205 0.0930 0.9943
191.144 0.1163 0.0896 0.9437
191.184 0.1115 0.0894 0.9437
191.224 0.1092 0.0895 0.9463
191.264 0.1090 0.0905 0.9483
191.302 0.1077 0.0953 0.9564
191.345 0.1074 0.0932 0.9404
191.385 0.1113 0.0901 0.9196
191.425 0.1092 0.0915 0.9472
191.466 0.1041 0.0918 0.9210
191.503 0.1015 0.0936 0.9196
191.547 0.1069 0.0932 0.9085
191.586 0.1083 0.0891 0.9400
191.627 0.1115 0.0896 0.9146
191.666 0.1178 0.0917 0.9683
191.706 0.1203 0.0951 0.9396
191.747 0.1196 0.0965 0.9302
191.787 0.1190 0.0889 0.9310
191.827 0.1216 0.0883 0.9111
191.867 0.1180 0.0911 0.9453
191.907 0.1200 0.0889 0.9065
191.946 0.1246 0.0892 0.9079
191.988 0.1280 0.0941 0.8732
192.028 0.1243 0.0924 0.8732
192.068 0.1220 0.0905 0.9443
192.108 0.1183 0.0949 0.9248
192.145 0.1137 0.0930 0.8969
192.190 0.1107 0.0961 0.8793
192.229 0.1115 0.0951 0.8615
192.269 0.1133 0.0978 0.9033
192.308 0.1101 0.0951 0.9155
192.346 0.1115 0.0963 0.9033
192.390 0.1087 0.0964 0.9033
192.429 0.1071 0.0972 0.8987
192.469 0.1091 0.0984 0.8963
192.509 0.1099 0.0959 0.9392
192.550 0.1102 0.0960 0.9122
192.591 0.1151 0.0974 0.8944
192.631 0.1199 0.0979 0.9217
192.671 0.1203 0.1003 0.9275
192.711 0.1217 0.0977 0.9295
192.750 0.1228 0.0954 0.9348
192.790 0.1221 0.0970 0.9145
192.831 0.1190 0.1005 0.9318
192.872 0.1228 0.0977 0.9469
192.912 0.1227 0.0960 0.9789
192.951 0.1210 0.0983 0.9608
192.989 0.1231 0.0986 0.9386
193.033 0.1250 0.1000 0.9678
193.072 0.1257 0.0998 0.9594
193.112 0.1186 0.0963 0.9459
193.152 0.1134 0.0974 0.9472
193.189 0.1092 0.0960 0.9472
193.233 0.1077 0.0971 0.9386
193.273 0.1081 0.0982 0.9768
193.313 0.1124 0.0979 0.9778
193.353 0.1094 0.0975 0.9598
193.393 0.1118 0.0965 0.9598
193.433 0.1107 0.0952 0.9762
193.473 0.1088 0.0961 0.9455
193.513 0.1053 0.0959 0.9762
193.554 0.0995 0.0949 0.9294
193.593 0.0991 0.0950 0.9432
193.633 0.0993 0.0952 0.9522
193.675 0.1016 0.0953 0.9263
193.715 0.0974 0.0957 0.9683
193.755 0.0947 0.0927 0.9294
193.795 0.0919 0.0927 0.9418
193.833 0.0935 0.0943 0.9076
193.876 0.0945 0.0930 0.9272
193.916 0.0971 0.0951 0.9175
193.956 0.0982 0.0951 0.9445
193.995 0.0974 0.0951 0.9355
194.032 0.0980 0.0922 0.8987
194.076 0.0989 0.0912 0.9216
194.116 0.1019 0.0949 0.9242
194.157 0.1010 0.0978 0.9291
194.196 0.1012 0.0958 0.9372
194.235 0.1035 0.0952 0.9233
194.277 0.1055 0.0931 0.9233
194.317 0.1055 0.0948 0.9156
194.357 0.1022 0.0948 0.9132
194.397 0.1000 0.0935 0.8934
194.436 0.0953 0.0959 0.9156
194.476 0.0923 0.0927 0.9091
194.517 0.0909 0.0956 0.9118
194.558 0.0924 0.0948 0.9296
194.598 0.0907 0.0937 0.9198
194.637 0.0860 0.0973 0.9204
194.675 0.0844 0.0941 0.9204
194.718 0.0821 0.0935 0.9256
194.759 0.0824 0.0954 0.9148
194.800 0.0825 0.0974 0.9200
194.839 0.0810 0.0965 0.9064
194.876 0.0807 0.0930 0.8899
194.919 0.0793 0.0951 0.8946
194.960 0.0833 0.0960 0.8858
195.000 0.0844 0.0956 0.9088
195.040 0.0828 0.0995 0.9319
195.079 0.0831 0.0947 0.9156
195.119 0.0874 0.0925 0.9231
195.161 0.0950 0.0939 0.9248
195.201 0.1015 0.0954 0.9393
195.241 0.1066 0.0969 0.9393
195.280 0.1067 0.0945 0.9393
195.320 0.1095 0.0944 0.9143
195.361 0.1113 0.0926 0.9437
195.402 0.1187 0.0955 0.9772
195.441 0.1225 0.0958 0.9461
195.481 0.1249 0.0965 0.9091
195.518 0.1268 0.0962 0.9003
195.561 0.1297 0.0975 0.9248
195.602 0.1299 0.0991 0.9379
195.642 0.1290 0.0977 0.9629
195.682 0.1227 0.0996 0.9548
195.719 0.1190 0.0976 0.9657
195.763 0.1172 0.0968 0.9552
195.803 0.1186 0.0975 0.9519
195.843 0.1175 0.0925 0.9380
195.883 0.1133 0.1018 0.9384
195.923 0.1097 0.0989 0.9535
195.963 0.1094 0.0973 0.9651
196.004 0.1121 0.0975 0.9552
196.044 0.1129 0.0991 0.9345
196.084 0.1190 0.0970 0.9496
196.124 0.1156 0.1058 0.9643
196.163 0.1186 0.1007 0.9633
196.205 0.1230 0.0967 0.9576
196.245 0.1258 0.0951 1.0012
196.289 0.1294 0.0978 0.9712
196.324 0.1314 0.0995 0.9701
196.362 0.1309 0.1062 0.9823
196.406 0.1343 0.0989 0.9627
196.446 0.1354 0.0950 0.9441
196.486 0.1361 0.0960 0.9648
196.526 0.1361 0.0987 0.9402
196.562 0.1322 0.0972 0.9233
196.605 0.1314 0.0960 0.9640
196.646 0.1339 0.0961 0.9484
196.687 0.1347 0.0954 0.9546
196.726 0.1354 0.0943 0.9676
196.765 0.1347 0.0935 0.9680
196.806 0.1312 0.0924 0.9669
196.847 0.1361 0.0939 0.9464
196.887 0.1368 0.0939 0.9389
196.927 0.1363 0.0934 0.9390
196.967 0.1354 0.0984 0.9185
197.007 0.1338 0.0963 0.9721
197.048 0.1296 0.0958 0.9603
197.089 0.1279 0.0928 0.9770
197.129 0.1309 0.0896 0.9470
197.168 0.1309 0.0908 0.9410
197.205 0.1308 0.0957 0.9708
197.249 0.1285 0.0923 0.9767
197.290 0.1272 0.0922 0.9669
197.330 0.1235 0.0906 0.9770
197.369 0.1210 0.0922 0.9529
197.406 0.1189 0.0955 0.9279
197.449 0.1142 0.0949 0.9488
197.490 0.1131 0.0911 0.9748
197.530 0.1133 0.0923 0.9009
197.570 0.1165 0.0898 0.9758
197.609 0.1150 0.0945 0.9265
197.651 0.1115 0.0923 0.9485
197.691 0.1081 0.0946 0.9435
197.731 0.1035 0.0876 0.9463
197.770 0.1012 0.0923 0.8905
197.810 0.1001 0.0951 0.9054
197.850 0.0981 0.0922 0.9067
197.891 0.0992 0.0922 0.9120
197.931 0.1010 0.0964 0.9198
197.972 0.1035 0.0964 0.9337
198.011 0.1068 0.0950 0.9229
198.049 0.1063 0.0919 0.9025
198.093 0.1057 0.0975 0.9367
198.133 0.1056 0.0959 0.9147
198.173 0.1053 0.0927 0.9085
198.213 0.1076 0.0921 0.9106
198.250 0.1111 0.0950 0.9694
198.294 0.1137 0.1002 0.9750
198.334 0.1170 0.1031 0.9739
198.374 0.1134 0.0986 0.9415
198.413 0.1123 0.0975 0.9064
198.454 0.1092 0.0984 0.9352
198.494 0.1033 0.0981 0.9363
198.534 0.1029 0.0969 0.9574
198.574 0.1000 0.0958 0.9833
198.614 0.0938 0.0990 0.9358
198.654 0.0909 0.1019 0.9555
198.693 0.0885 0.1022 0.9555
198.735 0.0856 0.1003 0.9807
198.775 0.0807 0.1057 0.9305
198.815 0.0735 0.0982 0.9615
198.855 0.0709 0.1021 0.8932
198.892 0.0696 0.0987 0.9789
198.936 0.0679 0.0985 0.9694
198.976 0.0670 0.0984 0.9669
199.016 0.0648 0.0993 0.9064
199.055 0.0659 0.0971 0.9064
199.092 0.0694 0.0993 0.9124
199.136 0.0718 0.1025 0.9258
199.176 0.0773 0.1008 0.9132
199.217 0.0771 0.0994 0.9715
199.257 0.0770 0.0995 0.9704
199.297 0.0805 0.0992 0.9295
199.338 0.0834 0.0987 0.9335
199.378 0.0846 0.0987 0.9249
199.418 0.0848 0.0995 0.9555
199.458 0.0835 0.0974 0.9452
199.497 0.0834 0.0980 0.9315
199.537 0.0794 0.0978 0.9315
199.578 0.0765 0.0967 0.9499
199.619 0.0723 0.0970 0.9450
199.659 0.0641 0.0989 0.9374
199.698 0.0600 0.0955 0.9180
199.736 0.0588 0.0970 0.9449
199.780 0.0519 0.0971 0.9528
199.819 0.0495 0.1011 0.9139
199.859 0.0469 0.0991 0.9528
199.899 0.0428 0.0968 0.9284
199.936 0.0435 0.0994 0.9199
199.979 0.0487 0.0955 0.9071
200.020 0.0484 0.0957 0.9198
200.060 0.0488 0.1015 0.9138
200.100 0.0477 0.0982 0.9182
200.139 0.0491 0.0965 0.9160
200.180 0.0510 0.0964 0.9002
200.220 0.0522 0.0982 0.9198
200.260 0.0530 0.1000 0.9209
200.300 0.0515 0.1007 0.9220
200.341 0.0538 0.0997 0.9209
200.380 0.0575 0.0979 0.9222
200.422 0.0609 0.0994 0.9222
200.462 0.0614 0.1003 0.9562
200.502 0.0653 0.1003 0.9562
200.542 0.0651 0.0990 0.9463
200.579 0.0690 0.0978 0.9513
200.622 0.0731 0.1012 0.9424
200.663 0.0826 0.1009 0.9290
200.703 0.0846 0.1007 0.9255
200.742 0.0915 0.1007 0.8956
200.780 0.0988 0.0998 0.9216
200.823 0.1007 0.0977 0.9305
200.863 0.1041 0.0988 0.9450
200.903 0.1051 0.1011 0.9167
200.943 0.1024 0.1027 0.9562
200.982 0.0966 0.1053 0.9447
201.024 0.0988 0.1065 0.9475
201.064 0.0987 0.1007 0.9588
201.104 0.0990 0.1032 0.9682
201.144 0.0932 0.1063 0.9553
201.183 0.0888 0.1024 0.9553
201.223 0.0849 0.1026 0.9517
201.264 0.0815 0.1027 0.9412
201.305 0.0816 0.1025 0.9535
201.345 0.0797 0.1049 0.9275
201.384 0.0741 0.1061 0.9425
201.423 0.0720 0.1050 0.9362
201.466 0.0732 0.1034 0.9544
201.507 0.0685 0.1032 0.9466
201.547 0.0643 0.1039 0.9544
201.586 0.0588 0.1050 0.9866
201.623 0.0517 0.1056 0.9544
201.668 0.0471 0.1033 0.9751
201.707 0.0460 0.1004 0.9664
201.747 0.0445 0.1048 0.9566
201.787 0.0446 0.1076 0.9923
201.826 0.0415 0.1036 0.9812
201.867 0.0465 0.1021 0.9207
201.908 0.0507 0.1022 0.9321
201.948 0.0553 0.1046 0.9642
201.988 0.0621 0.1037 0.9554
202.027 0.0686 0.1058 0.9753
202.067 0.0743 0.1040 0.9510
202.108 0.0845 0.1023 0.9441
202.148 0.0952 0.1052 0.9431
202.189 0.1023 0.1040 0.9158
202.228 0.1051 0.1050 0.9552
202.265 0.1040 0.1052 0.9438
202.310 0.1031 0.1044 0.9438
202.349 0.1032 0.1051 0.9190
202.389 0.1040 0.1043 0.9146
202.429 0.1040 0.1050 0.9334
202.467 0.1061 0.1050 0.9594
202.510 0.1043 0.1056 0.9435
202.550 0.1055 0.1044 0.9551
202.591 0.1057 0.1034 0.9810
202.630 0.1031 0.1038 0.9540
202.669 0.1023 0.1065 0.9505
202.710 0.0995 0.1060 0.9865
202.751 0.0983 0.1036 0.9063
202.791 0.1012 0.1037 0.9423
202.831 0.1042 0.1039 0.9542
202.871 0.1061 0.1044 0.9333
202.910 0.1073 0.1046 0.9194
202.952 0.1035 0.1049 0.9194
202.992 0.1037 0.1033 0.9057
203.032 0.1053 0.1016 0.9013
203.072 0.1086 0.1019 0.9079
203.109 0.1111 0.1038 0.9325
203.153 0.1075 0.1048 0.9358
203.193 0.1099 0.0996 0.9352
203.233 0.1157 0.1001 0.9154
203.272 0.1193 0.1001 0.9293
203.309 0.1195 0.1044 0.9355
203.353 0.1188 0.1041 0.8968
203.393 0.1179 0.1017 0.9160
203.433 0.1191 0.1008 0.9372
203.473 0.1177 0.0995 0.9285
203.512 0.1193 0.1009 0.9305
203.554 0.1177 0.1009 0.9432
203.594 0.1175 0.0995 0.9186
203.634 0.1220 0.0992 0.9142
203.675 0.1245 0.1040 0.9444
203.714 0.1255 0.1021 0.9326
203.754 0.1247 0.1015 0.9193
203.795 0.1248 0.1003 0.9562
203.836 0.1256 0.1004 0.9308
203.875 0.1247 0.1011 0.9476
203.915 0.1282 0.0966 0.9285
203.952 0.1316 0.1009 0.9372
203.997 0.1326 0.1042 0.9403
204.036 0.1339 0.0990 0.9463
204.076 0.1343 0.0997 0.9547
204.116 0.1362 0.0976 0.9404
204.153 0.1346 0.0976 0.9543
204.197 0.1352 0.1026 0.9231
204.237 0.1368 0.1023 0.9328
204.277 0.1418 0.1015 0.9682
204.317 0.1469 0.0984 0.9472
204.356 0.1543 0.0978 0.9718
204.398 0.1563 0.0996 0.9481
204.437 0.1540 0.0997 0.9584
204.478 0.1552 0.0984 0.9628
204.518 0.1557 0.0976 0.9561
204.557 0.1562 0.0966 0.9588
204.597 0.1517 0.0964 0.9508
204.638 0.1522 0.0985 0.9559
204.678 0.1505 0.0987 0.9893
204.719 0.1486 0.1002 0.9943
204.758 0.1482 0.0981 1.0042
204.796 0.1439 0.0966 0.9596
204.839 0.1331 0.0992 0.9581
204.880 0.1272 0.0983 0.9573
204.920 0.1271 0.0983 0.9623
204.960 0.1251 0.0977 0.9729
204.997 0.1251 0.0971 0.9813
205.040 0.1254 0.0992 0.9637
205.080 0.1275 0.0987 0.9588
205.120 0.1233 0.1004 0.9535
205.160 0.1209 0.0985 0.9194
205.199 0.1240 0.0976 0.9205
205.240 0.1227 0.0967 0.9048
205.281 0.1212 0.0987 0.9098
205.321 0.1251 0.1007 0.9528
205.361 0.1252 0.0985 0.9528
205.400 0.1261 0.0975 0.9156
205.440 0.1273 0.0961 0.9628
205.481 0.1278 0.0961 0.9548
205.522 0.1232 0.0976 0.9639
205.562 0.1219 0.0961 0.9242
205.601 0.1257 0.0954 0.9295
205.639 0.1303 0.0960 0.9696
205.682 0.1358 0.0938 0.9552
205.722 0.1359 0.0976 0.9568
205.763 0.1380 0.0997 0.9619
205.802 0.1407 0.0976 0.9663
205.840 0.1463 0.0948 0.9682
205.883 0.1486 0.0936 0.9453
205.924 0.1527 0.0957 0.9431
205.964 0.1528 0.1002 0.9720
206.004 0.1541 0.1023 0.9762
206.043 0.1534 0.0988 0.9419
206.084 0.1533 0.0990 0.9421
206.125 0.1541 0.0977 0.9455
206.165 0.1474 0.0989 0.9864
206.204 0.1427 0.1032 0.9542
206.244 0.1375 0.1004 0.9241
206.284 0.1345 0.1004 0.9328
206.325 0.1352 0.0991 0.9525
206.365 0.1362 0.0978 0.9795
206.405 0.1383 0.1051 0.9793
206.445 0.1385 0.1002 0.9657
206.482 0.1376 0.1021 0.9305
206.525 0.1382 0.0972 0.9638
206.566 0.1390 0.0945 0.9484
206.606 0.1375 0.1003 0.9615
206.646 0.1366 0.0941 0.9900
206.683 0.1380 0.0980 0.9712
206.727 0.1391 0.0977 0.9311
206.767 0.1450 0.0973 0.9441
206.807 0.1417 0.0963 0.9702
206.846 0.1358 0.1019 0.9849
206.886 0.1254 0.1041 0.9994
206.927 0.1116 0.1007 0.9662
206.967 0.1047 0.0965 0.9430
207.008 0.0972 0.1031 0.9148
207.048 0.0905 0.1063 0.9289
207.088 0.0792 0.1010 0.9109
207.127 0.0702 0.0990 0.9160
207.169 0.0620 0.0996 0.9160
207.209 0.0564 0.0972 0.9160
207.249 0.0442 0.0994 0.9020
207.288 0.0334 0.1016 0.9343
207.326 0.0267 0.0974 0.9475
207.369 0.0209 0.0965 0.9381
207.410 0.0221 0.0960 0.9121
207.450 0.0233 0.0968 0.9121
207.489 0.0256 0.0990 0.9340
207.527 0.0246 0.0968 0.9290
207.570 0.0246 0.0961 0.9290
207.610 0.0292 0.0949 0.9093
207.650 0.0280 0.0949 0.9093
207.690 0.0307 0.0963 0.9097
207.729 0.0328 0.0956 0.9097
207.770 0.0370 0.0955 0.9191
207.811 0.0373 0.0952 0.8933
207.851 0.0376 0.0945 0.8843
207.891 0.0408 0.0966 0.8489
207.930 0.0410 0.0975 0.8781
207.970 0.0381 0.0966 0.8781
208.011 0.0381 0.0968 0.8941
208.051 0.0411 0.0958 0.8941
208.092 0.0427 0.0958 0.8941
208.132 0.0444 0.0972 0.9191
208.169 0.0470 0.0979 0.9281
208.214 0.0529 0.0976 0.9333
208.253 0.0561 0.0965 0.9031
208.293 0.0607 0.0971 0.8859
208.333 0.0684 0.0955 0.8769
208.370 0.0731 0.0969 0.8769
208.413 0.0732 0.0977 0.8451
208.454 0.0765 0.0964 0.8323
208.494 0.0768 0.0960 0.8323
208.534 0.0772 0.0975 0.8413
208.573 0.0802 0.0969 0.8519
208.613 0.0833 0.0965 0.9141
208.655 0.0830 0.0954 0.8945
208.695 0.0826 0.0964 0.8751
208.735 0.0813 0.0948 0.8751
208.774 0.0830 0.0957 0.8792
208.813 0.0783 0.0968 0.8613
208.855 0.0731 0.0970 0.8757
208.895 0.0694 0.0970 0.8658
208.935 0.0670 0.0942 0.8828
208.975 0.0699 0.0979 0.8389
209.012 0.0722 0.0978 0.8759
209.057 0.0667 0.0997 0.8749
209.096 0.0653 0.0981 0.8659
209.136 0.0643 0.0964 0.8669
209.176 0.0608 0.0949 0.8659
209.213 0.0617 0.0973 0.8778
209.258 0.0567 0.1001 0.8869
209.298 0.0575 0.0984 0.8869
209.338 0.0582 0.0958 0.8447
209.377 0.0611 0.0957 0.8513
209.416 0.0648 0.0957 0.8426
209.458 0.0651 0.0962 0.8676
209.498 0.0641 0.0983 0.8606
209.538 0.0629 0.0976 0.8742
209.578 0.0599 0.0959 0.8736
209.617 0.0596 0.0958 0.8725
209.657 0.0610 0.0989 0.8785
209.698 0.0609 0.1012 0.8725
209.739 0.0554 0.0989 0.8815
209.779 0.0575 0.0961 0.8815
209.818 0.0617 0.0968 0.8815
209.856 0.0605 0.0984 0.8815
209.899 0.0613 0.0946 0.8390
209.939 0.0599 0.0968 0.8875
209.980 0.0612 0.0935 0.8875
210.019 0.0633 0.0946 0.9144
210.056 0.0682 0.0933 0.8976
210.099 0.0724 0.0971 0.9012
210.140 0.0733 0.0997 0.9045
210.180 0.0731 0.0986 0.9112
210.220 0.0786 0.0967 0.8855
210.259 0.0830 0.1010 0.8835
210.300 0.0821 0.0988 0.8576
210.341 0.0852 0.0971 0.9333
210.382 0.0843 0.1015 0.8961
210.422 0.0931 0.1000 0.9355
210.461 0.0963 0.1001 0.9129
210.501 0.1021 0.0958 0.9257
210.542 0.1058 0.0988 0.8995
210.582 0.1085 0.0983 0.9385
210.642 0.1127 0.0957 0.9131
210.662 0.1130 0.0960 0.8972
210.699 0.1133 0.0957 0.9159
210.742 0.1138 0.0955 0.9429
210.783 0.1137 0.0996 0.9413
210.823 0.1127 0.0974 0.9436
210.863 0.1131 0.0963 0.8980
210.900 0.1137 0.0959 0.9076
210.943 0.1108 0.0951 0.9125
210.983 0.1076 0.0996 0.9116
211.024 0.1026 0.1004 0.9611
211.063 0.1003 0.0947 0.9658
211.103 0.0983 0.0932 0.9167
211.144 0.0963 0.0933 0.9212
211.184 0.0969 0.0952 0.9159
211.224 0.0964 0.0954 0.9228
211.264 0.0940 0.0963 0.9085
211.304 0.0917 0.0941 0.9475
211.343 0.0910 0.0911 0.9327
211.384 0.0920 0.0934 0.9475
211.425 0.0918 0.0935 0.9400
211.466 0.0961 0.0926 0.9288
211.505 0.0997 0.0918 0.9456
211.543 0.1025 0.0904 0.9423
211.586 0.1038 0.0892 0.9486
211.626 0.1066 0.0905 0.9129
211.667 0.1103 0.0921 0.9772
211.706 0.1091 0.0897 0.9779
211.743 0.1075 0.0897 0.9574
211.786 0.1096 0.0909 0.9181
211.827 0.1150 0.0893 0.9381
211.867 0.1152 0.0887 0.9381
211.907 0.1145 0.0873 0.9463
211.946 0.1076 0.0880 0.9344
211.987 0.1044 0.0849 0.9291
212.028 0.1031 0.0855 0.9659
212.068 0.1070 0.0893 0.9569
212.108 0.1075 0.0888 0.9505
212.147 0.1035 0.0895 0.9505
212.187 0.1004 0.0887 0.9542
212.228 0.1047 0.0879 0.9479
212.269 0.1088 0.0879 0.9450
212.309 0.1065 0.0882 0.9757
212.348 0.1039 0.0902 0.9845
212.385 0.1038 0.0874 0.9070
212.428 0.1033 0.0874 0.9327
212.469 0.1076 0.0887 0.9267
212.509 0.1114 0.0904 0.9663
212.550 0.1091 0.0916 0.9443
212.587 0.1099 0.0938 0.9191
212.630 0.1117 0.0931 0.9209
212.671 0.1189 0.0932 0.8939
212.711 0.1206 0.0924 0.9123
212.751 0.1192 0.0919 0.9620
212.790 0.1176 0.0947 0.9354
212.830 0.1137 0.0917 0.9413
212.871 0.1097 0.0914 0.9160
212.911 0.1085 0.0926 0.9170
212.951 0.1033 0.0980 0.9313
212.991 0.0935 0.0961 0.8919
213.030 0.0827 0.1004 0.9017
213.072 0.0722 0.0903 0.9303
213.112 0.0659 0.0936 0.9287
213.152 0.0597 0.0911 0.9381
213.192 0.0557 0.0921 0.9381
213.229 0.0487 0.0934 0.9381
213.273 0.0442 0.0937 0.9307
213.313 0.0465 0.0933 0.9307
213.353 0.0500 0.0956 0.9267
213.392 0.0528 0.0928 0.9267
213.429 0.0560 0.0948 0.9197
213.473 0.0605 0.0947 0.9447
213.513 0.0686 0.0921 0.9213
213.553 0.0750 0.0908 0.9213
213.593 0.0829 0.0935 0.9496
213.633 0.0864 0.0983 0.9676
213.675 0.0866 0.0959 0.9331
213.715 0.0908 0.0969 0.9110
213.755 0.0943 0.0955 0.9081
213.795 0.0994 0.0929 0.8821
213.834 0.0973 0.0985 0.9542
213.874 0.0943 0.0994 0.9450
213.915 0.0871 0.0971 0.9339
213.956 0.0823 0.1084 0.9269
213.996 0.0760 0.1084 0.9294
214.035 0.0730 0.1091 0.9338
214.072 0.0669 0.0942 0.9404
214.117 0.0630 0.0942 0.9404
214.157 0.0584 0.1107 0.9024
214.197 0.0562 0.1020 0.9141
214.236 0.0541 0.0992 0.9170
214.273 0.0475 0.0996 0.9024
214.318 0.0423 0.0996 0.9024
214.357 0.0384 0.1025 0.9095
214.397 0.0394 0.0986 0.8896
214.437 0.0393 0.0923 0.8924
214.476 0.0392 0.0951 0.9291
214.517 0.0393 0.0973 0.9380
214.557 0.0393 0.0959 0.9260
214.598 0.0367 0.0940 0.9007
214.638 0.0393 0.0942 0.9007
214.677 0.0408 0.0940 0.9007
214.717 0.0483 0.0954 0.9007
214.758 0.0522 0.0954 0.9063
214.799 0.0563 0.0940 0.9153
214.839 0.0619 0.1022 0.9281
214.930 0.0708 0.0934 0.9225
214.956 0.0746 0.0923 0.9053
215.000 0.0784 0.1004 0.9053
215.040 0.0792 0.0941 0.8879
215.081 0.0826 0.0941 0.8949
215.120 0.0817 0.0908 0.8906
215.157 0.0815 0.0909 0.8887
215.201 0.0746 0.0909 0.8669
215.241 0.0714 0.0909 0.8657
215.281 0.0674 0.0897 0.8661
215.321 0.0636 0.0897 0.8601
215.360 0.0632 0.0897 0.8761
215.402 0.0614 0.0914 0.9031
215.441 0.0610 0.0914 0.9031
215.481 0.0581 0.0897 0.8533
215.521 0.0578 0.0915 0.8685
215.561 0.0593 0.0917 0.8775
215.600 0.0600 0.0930 0.9151
215.642 0.0623 0.0914 0.9151
215.682 0.0676 0.0914 0.9132
215.722 0.0707 0.0893 0.8968
215.762 0.0763 0.0913 0.8988
215.800 0.0799 0.0904 0.8825
215.844 0.0869 0.0931 0.9064
215.883 0.0906 0.0918 0.9269
215.924 0.0926 0.0914 0.9184
215.964 0.0965 0.0883 0.8956
216.000 0.1013 0.0908 0.9089
216.045 0.1013 0.0931 0.8819
216.084 0.1044 0.0902 0.8935
216.125 0.1019 0.0878 0.9073
216.164 0.0994 0.0863 0.8933
216.204 0.0943 0.0863 0.8957
216.245 0.0921 0.0934 0.9009
216.285 0.0916 0.0911 0.9116
216.325 0.0909 0.0907 0.8939
216.365 0.0867 0.0884 0.8679
216.407 0.0811 0.0871 0.8693
216.444 0.0759 0.0916 0.8843
216.485 0.0725 0.0928 0.8943
216.526 0.0734 0.0907 0.8943
216.566 0.0721 0.0953 0.8805
216.605 0.0768 0.0883 0.8749
216.643 0.0750 0.0926 0.8753
216.687 0.0805 0.0970 0.8753
216.726 0.0808 0.0981 0.9113
216.766 0.0818 0.0947 0.9052
216.806 0.0792 0.0935 0.9378
216.843 0.0785 0.0906 0.9258
216.888 0.0816 0.0953 0.9391
216.927 0.0884 0.1001 0.9265
216.967 0.0940 0.0944 0.9495
217.008 0.0971 0.0972 0.9125
217.048 0.0983 0.0952 0.9475
217.089 0.0961 0.0946 0.9318
217.129 0.0976 0.0978 0.9265
217.169 0.0925 0.0963 0.9489
217.209 0.0889 0.0928 0.9051
217.248 0.0829 0.0899 0.9025
217.288 0.0793 0.0917 0.8958
217.329 0.0790 0.0951 0.9011
217.369 0.0775 0.0944 0.9012
217.410 0.0728 0.0947 0.9282
217.449 0.0668 0.0941 0.9282
217.487 0.0647 0.0946 0.9282
217.531 0.0678 0.0930 0.9023
217.570 0.0676 0.0956 0.9221
217.610 0.0667 0.0956 0.9057
217.650 0.0678 0.0959 0.9251
217.688 0.0680 0.0942 0.9131
217.731 0.0725 0.0945 0.9352
217.771 0.0779 0.0926 0.9148
217.811 0.0784 0.0970 0.9525
217.851 0.0783 0.1000 0.8911
217.891 0.0804 0.0988 0.8911
217.931 0.0805 0.1003 0.8822
217.971 0.0758 0.0971 0.9051
218.012 0.0663 0.0990 0.9081
218.051 0.0609 0.1006 0.9145
218.092 0.0589 0.1017 0.9145
218.131 0.0546 0.0974 0.9125
218.173 0.0553 0.0986 0.9125
218.213 0.0555 0.1000 0.9125
218.253 0.0546 0.0988 0.9065
218.293 0.0576 0.0988 0.9076
218.331 0.0606 0.0999 0.8924
218.375 0.0623 0.0998 0.8977
218.414 0.0652 0.0991 0.9324
218.454 0.0660 0.1028 0.9082
218.494 0.0696 0.1022 0.9282
218.530 0.0706 0.0991 0.9382
218.575 0.0743 0.1004 0.9382
218.614 0.0799 0.1004 0.9053
218.655 0.0826 0.1054 0.9139
218.694 0.0810 0.1017 0.9053
218.734 0.0828 0.1017 0.9053
218.775 0.0795 0.1006 0.9225
218.815 0.0786 0.1001 0.8621
218.855 0.0792 0.1037 0.8854
218.895 0.0778 0.1036 0.9096
218.934 0.0790 0.1028 0.9087
218.974 0.0805 0.1019 0.9096
219.015 0.0814 0.1011 0.8999
219.056 0.0781 0.1008 0.8999
219.096 0.0780 0.1044 0.8949
219.135 0.0742 0.1017 0.8974
219.174 0.0765 0.1047 0.8883
219.217 0.0794 0.1008 0.8845
219.257 0.0823 0.1016 0.8978
219.298 0.0870 0.1040 0.8959
219.337 0.0848 0.1043 0.8872
219.375 0.0856 0.1043 0.8959
219.419 0.0869 0.1021 0.8921
219.458 0.0902 0.1029 0.9222
219.498 0.0949 0.1027 0.9154
219.538 0.1014 0.1037 0.9021
219.578 0.1034 0.1041 0.8992
219.619 0.1055 0.1036 0.9005
219.659 0.1056 0.1021 0.9005
219.699 0.1021 0.1024 0.9291
219.739 0.1020 0.1047 0.8881
219.778 0.0989 0.1051 0.8962
219.818 0.0984 0.1047 0.8962
219.859 0.1013 0.1008 0.9165
219.900 0.1048 0.1008 0.9089
219.939 0.1050 0.1001 0.9063
219.979 0.1049 0.1016 0.8930
220.016 0.1055 0.1028 0.8934
220.061 0.1015 0.1011 0.8737
220.100 0.1025 0.0998 0.9035
220.140 0.1087 0.1019 0.9242
220.180 0.1190 0.1024 0.8935
220.217 0.1233 0.1017 0.8914
220.261 0.1225 0.1011 0.9344
220.301 0.1255 0.1006 0.9333
220.342 0.1280 0.0980 0.9180
220.381 0.1300 0.0986 0.9038
220.422 0.1334 0.1016 0.9252
220.462 0.1366 0.1019 0.9421
220.502 0.1411 0.0981 0.9241
220.543 0.1495 0.0952 0.9273
220.582 0.1570 0.0928 0.9766
220.622 0.1605 0.0960 0.9550
220.661 0.1604 0.0940 0.9605
220.703 0.1627 0.0926 0.9102
220.743 0.1660 0.0915 0.9119
220.783 0.1720 0.0906 0.9118
220.823 0.1720 0.0934 0.9352
220.860 0.1681 0.0918 0.9437
220.903 0.1673 0.0918 0.9489
220.944 0.1679 0.0906 0.9497
220.984 0.1687 0.0898 0.9326
221.024 0.1656 0.0902 0.9213
221.061 0.1610 0.0932 0.9013
221.105 0.1566 0.0903 0.9141
221.144 0.1548 0.0919 0.9210
221.184 0.1504 0.0905 0.9616
221.224 0.1477 0.0925 0.9312
221.263 0.1469 0.0929 0.9043
221.305 0.1431 0.0941 0.9041
221.345 0.1447 0.0969 0.9158
221.385 0.1417 0.0965 0.9098
221.425 0.1424 0.0960 0.8859
221.465 0.1415 0.0973 0.9365
221.505 0.1405 0.1002 0.8989
221.547 0.1415 0.1002 0.8969
221.587 0.1439 0.0980 0.8808
221.627 0.1398 0.0966 0.8925
221.666 0.1376 0.0958 0.9001
221.703 0.1374 0.0997 0.9295
221.748 0.1327 0.1020 0.9374
221.787 0.1294 0.1018 0.9325
221.827 0.1291 0.0994 0.9522
221.867 0.1335 0.0996 0.9094
221.904 0.1333 0.1017 0.9094
221.947 0.1336 0.1050 0.9451
221.988 0.1342 0.1054 0.9539
222.028 0.1356 0.1024 0.9181
222.068 0.1338 0.1006 0.9088
222.107 0.1399 0.1024 0.9088
222.149 0.1440 0.0990 0.9358
222.189 0.1491 0.1005 0.9249
222.229 0.1541 0.0998 0.9571
222.269 0.1567 0.0962 0.9304
222.308 0.1624 0.0973 0.9165
222.348 0.1606 0.0990 0.9181
222.389 0.1609 0.0986 0.9508
222.429 0.1609 0.0997 0.9565
222.469 0.1573 0.0966 0.9221
222.509 0.1575 0.0942 0.9076
222.547 0.1568 0.1005 0.9541
222.591 0.1571 0.1006 0.9305
222.631 0.1556 0.1006 0.9064
222.671 0.1523 0.0976 0.8983
222.711 0.1460 0.1010 0.9093
222.748 0.1451 0.1006 0.9240
222.792 0.1430 0.1008 0.9323
222.831 0.1439 0.1024 0.9323
222.872 0.1460 0.1016 0.9171
222.911 0.1467 0.1027 0.8911
222.950 0.1504 0.1017 0.9007
222.992 0.1479 0.1010 0.8685
223.032 0.1493 0.1039 0.9230
223.072 0.1472 0.1071 0.9476
223.112 0.1464 0.1038 0.9372
223.152 0.1447 0.0969 0.9101
223.191 0.1432 0.0992 0.9392
223.233 0.1458 0.1022 0.9512
223.273 0.1441 0.1035 0.9552
223.313 0.1420 0.1024 0.9670
223.353 0.1374 0.1000 0.9472
223.390 0.1307 0.1011 0.9563
223.434 0.1245 0.0996 0.9262
223.474 0.1229 0.1020 0.9232
223.514 0.1208 0.1023 0.9338
223.553 0.1168 0.0998 0.9588
223.592 0.1171 0.0985 0.9595
223.635 0.1186 0.0986 0.9076
223.675 0.1241 0.0988 0.9425
223.715 0.1290 0.0988 0.9328
223.755 0.1362 0.0990 0.9555
223.794 0.1423 0.0986 0.9555
223.835 0.1468 0.0966 0.9433
223.876 0.1531 0.0971 0.9216
223.916 0.1554 0.1001 0.9511
223.956 0.1559 0.1027 0.9631
223.995 0.1562 0.0986 0.9561
224.035 0.1607 0.0974 0.9636
224.076 0.1620 0.0974 0.9632
224.116 0.1649 0.1027 0.9656
224.156 0.1629 0.1029 0.9753
224.196 0.1603 0.1021 0.9479
224.234 0.1560 0.0993 0.9133
224.278 0.1498 0.0989 0.9438
224.317 0.1477 0.0994 0.9108
224.357 0.1467 0.1000 0.9305
224.397 0.1478 0.0988 0.9430
224.434 0.1448 0.0978 0.9608
224.478 0.1466 0.0972 0.9279
224.518 0.1462 0.1004 0.9302
224.558 0.1432 0.1034 0.9511
224.598 0.1396 0.1034 0.9443
224.637 0.1370 0.1004 0.9745
224.678 0.1334 0.1000 0.9462
224.718 0.1310 0.1004 0.9426
224.759 0.1334 0.1010 0.9693
224.800 0.1332 0.1016 0.9287
224.839 0.1322 0.1012 0.9287
224.878 0.1282 0.1014 0.9327
224.920 0.1328 0.0974 0.9576
224.960 0.1347 0.0986 0.9203
225.000 0.1314 0.1016 0.9125
225.040 0.1318 0.1026 0.9422
225.077 0.1305 0.1001 0.8816
225.122 0.1268 0.1014 0.8982
225.161 0.1263 0.1002 0.8892
225.200 0.1270 0.0998 0.9300
225.241 0.1248 0.1008 0.9033
225.278 0.1227 0.0980 0.9154
225.322 0.1227 0.0990 0.9010
225.361 0.1251 0.0987 0.9512
225.402 0.1256 0.0980 0.9632
225.441 0.1214 0.1001 0.9263
225.480 0.1197 0.1007 0.9242
225.522 0.1170 0.0972 0.9052
225.562 0.1137 0.0970 0.9476
225.602 0.1126 0.0979 0.9313
225.642 0.1160 0.1023 0.9269
225.681 0.1137 0.1005 0.9057
225.721 0.1116 0.0978 0.9237
225.763 0.1093 0.0986 0.8945
225.803 0.1050 0.0980 0.9292
225.843 0.1010 0.0976 0.9295
225.883 0.0980 0.1030 0.9165
225.921 0.0947 0.1031 0.9645
225.965 0.0946 0.0992 0.9423
226.004 0.0958 0.0997 0.9028
226.045 0.0992 0.1004 0.9334
226.084 0.1012 0.1040 0.9500
226.121 0.0947 0.1028 0.9616
226.164 0.0928 0.0991 0.9492
226.205 0.0932 0.0982 0.9753
226.245 0.0927 0.0992 0.9551
226.285 0.0949 0.0968 0.9525
226.324 0.0956 0.1014 0.9559
226.364 0.0925 0.1033 0.9649
226.405 0.0934 0.1010 0.9749
226.446 0.0895 0.0967 0.9862
226.486 0.0891 0.0968 0.9588
226.525 0.0874 0.1036 0.9529
226.565 0.0844 0.1049 0.9799
226.606 0.0866 0.1017 0.9832
226.646 0.0872 0.1016 0.9832
226.686 0.0859 0.0977 0.9328
226.726 0.0875 0.0979 0.9378
226.763 0.0869 0.0972 0.9787
226.806 0.0870 0.0960 0.9849
226.847 0.0883 0.0968 0.9753
226.887 0.0928 0.0967 0.9932
226.927 0.0955 0.0954 0.9623
226.965 0.0978 0.0994 0.9882
227.008 0.0983 0.0999 0.9882
227.049 0.0984 0.1000 0.9520
227.089 0.0993 0.1006 0.9457
227.128 0.1023 0.1000 0.9461
227.168 0.1026 0.0986 0.9457
227.210 0.0999 0.0996 0.9457
227.249 0.0976 0.0996 0.9510
227.289 0.0939 0.0937 0.9160
227.329 0.0914 0.0937 0.9235
227.369 0.0858 0.0939 0.9584
227.408 0.0848 0.0969 0.9524
227.449 0.0824 0.0971 0.9538
227.490 0.0772 0.0944 0.9539
227.530 0.0699 0.0937 0.9542
227.569 0.0669 0.0943 0.9542
227.607 0.0606 0.1003 0.9272
227.650 0.0576 0.0992 0.9306
227.691 0.0532 0.0969 0.9516
227.731 0.0500 0.0974 0.9235
227.770 0.0483 0.0945 0.9610
227.807 0.0506 0.0958 0.9536
227.851 0.0493 0.0999 0.9510
227.891 0.0466 0.0989 0.9439
227.931 0.0471 0.0972 0.9351
227.971 0.0493 0.0942 0.9333
228.010 0.0552 0.0941 0.9376
228.052 0.0597 0.0995 0.9696
228.092 0.0627 0.0978 0.9536
228.133 0.0627 0.0977 0.9875
228.173 0.0677 0.0948 0.9825
228.213 0.0720 0.0939 0.9603
228.252 0.0766 0.0923 0.9500
228.293 0.0782 0.0950 0.9612
228.333 0.0781 0.0959 0.9438
228.374 0.0804 0.0952 0.9598
228.413 0.0817 0.0946 0.9548
228.450 0.0804 0.0915 0.9652
228.494 0.0837 0.0967 0.9302
228.534 0.0831 0.0981 0.9252
228.574 0.0839 0.0930 0.9818
228.614 0.0871 0.0942 0.9477
228.651 0.0892 0.0929 0.9658
228.694 0.0935 0.0952 0.9735
228.735 0.0946 0.0985 0.9620
228.775 0.0956 0.0940 0.9543
228.815 0.1008 0.0960 0.9555
228.854 0.1021 0.0950 0.9640
228.895 0.1038 0.0956 0.9544
228.936 0.1051 0.0975 0.9321
228.976 0.1036 0.0986 0.9519
229.015 0.1036 0.0942 0.9555
229.054 0.1050 0.0961 0.9616
229.094 0.1052 0.0939 0.9810
229.136 0.1082 0.0960 0.9466
229.176 0.1047 0.0995 0.9705
229.217 0.1085 0.0989 0.9318
229.257 0.1082 0.0974 0.9500
229.294 0.1063 0.0974 0.9588
229.338 0.1103 0.0968 0.9500
229.378 0.1112 0.0983 0.9436
229.418 0.1096 0.0956 0.9537
229.458 0.1088 0.0960 0.9598
229.494 0.1076 0.0965 0.9267
229.539 0.1061 0.0993 0.9387
229.579 0.1092 0.1016 0.9657
229.619 0.1045 0.1030 0.9832
229.658 0.1068 0.0964 0.9952
229.697 0.1048 0.0987 0.9450
229.739 0.1017 0.0966 0.9458
229.779 0.1043 0.0989 0.9458
229.819 0.1026 0.1019 0.9728
229.859 0.0988 0.0983 0.9472
229.898 0.1006 0.0997 0.9688
229.938 0.1017 0.1029 0.9262
229.980 0.1037 0.1006 0.9728
230.020 0.1071 0.1023 0.9706
230.060 0.1047 0.1021 0.9706
230.099 0.1041 0.1007 0.9443
230.137 0.1023 0.0988 0.9443
230.180 0.1068 0.0974 0.9056
230.221 0.1081 0.1000 0.9852
230.261 0.1080 0.1040 0.9702
230.300 0.1094 0.1007 0.9711
230.338 0.1095 0.0982 0.9812
230.382 0.1085 0.0995 0.9623
230.422 0.1059 0.0978 0.9753
230.462 0.1069 0.0991 0.9931
230.502 0.1066 0.0975 0.9257
230.541 0.1027 0.0981 0.9459
230.583 0.1022 0.0982 0.9230
230.623 0.1039 0.0987 0.9280
230.663 0.0967 0.0978 0.9372
230.702 0.0953 0.1012 0.9498
230.742 0.0937 0.0989 0.9413
230.782 0.0898 0.0991 0.9724
230.823 0.0897 0.0971 0.9716
230.863 0.0904 0.0980 0.9291
230.903 0.0944 0.1003 0.9672
230.943 0.0953 0.0982 0.9187
230.980 0.0951 0.0976 0.9277
231.025 0.0933 0.0968 0.9017
231.064 0.0952 0.0969 0.8977
231.104 0.0931 0.0976 0.9250
231.144 0.0930 0.1003 0.8982
231.181 0.0906 0.0988 0.8923
231.225 0.0887 0.1003 0.9171
231.265 0.0858 0.0950 0.8835
231.305 0.0821 0.0957 0.8986
231.345 0.0772 0.0958 0.8756
231.384 0.0705 0.0968 0.8706
231.425 0.0669 0.0968 0.8706
231.466 0.0634 0.0968 0.9078
231.506 0.0651 0.0968 0.9078
231.546 0.0620 0.0968 0.8770
231.586 0.0635 0.0988 0.9029
231.625 0.0637 0.0988 0.9029
231.667 0.0697 0.0969 0.9134
231.707 0.0731 0.0969 0.9089
231.747 0.0791 0.0993 0.9323
231.787 0.0861 0.0996 0.9209
231.824 0.0891 0.0987 0.9378
231.868 0.0935 0.0987 0.9293
231.908 0.0977 0.0981 0.9089
231.948 0.0978 0.0964 0.9215
231.987 0.0974 0.0972 0.9079
232.024 0.0988 0.0969 0.8965
232.068 0.1000 0.0969 0.9081
232.109 0.1029 0.0957 0.9021
232.148 0.1013 0.0947 0.9463
232.188 0.1013 0.0964 0.9093
232.227 0.1020 0.0977 0.9065
232.269 0.1003 0.0978 0.9197
232.309 0.1021 0.0962 0.9082
232.349 0.1080 0.0952 0.9125
232.389 0.1110 0.0940 0.9051
232.428 0.1146 0.1017 0.9281
232.468 0.1171 0.1034 0.9318
232.509 0.1243 0.0978 0.9411
232.550 0.1288 0.0962 0.9632
232.590 0.1323 0.0980 0.9174
232.630 0.1360 0.1017 0.9137
232.667 0.1377 0.1016 0.9007
232.712 0.1376 0.1011 0.9492
232.751 0.1325 0.0995 0.9425
232.791 0.1319 0.1019 0.9174
232.831 0.1269 0.0986 0.9632
232.868 0.1242 0.1010 0.9659
232.912 0.1220 0.0986 0.9209
232.952 0.1228 0.0976 0.9347
232.992 0.1183 0.0977 0.9519
233.032 0.1131 0.0961 0.9522
233.071 0.1078 0.0975 0.9445
233.112 0.1032 0.0956 0.9277
233.152 0.1011 0.0966 0.9498
233.193 0.0996 0.0950 0.9409
233.232 0.1022 0.0946 0.9625
233.272 0.1044 0.0926 0.9013
233.312 0.1053 0.0973 0.9389
233.353 0.1048 0.0926 0.9433
233.393 0.1053 0.0938 0.9477
233.433 0.1053 0.0934 0.9552
233.473 0.1069 0.0965 0.9391
233.510 0.1098 0.0933 0.9317
233.555 0.1128 0.0950 0.9383
233.594 0.1146 0.0952 0.9439
233.634 0.1142 0.0947 0.9389
233.674 0.1133 0.0940 0.9217
233.711 0.1133 0.0949 0.9376
233.756 0.1119 0.0947 0.9713
233.796 0.1113 0.0958 0.9483
233.836 0.1115 0.0947 0.9246
233.875 0.1124 0.0879 0.9512
233.914 0.1129 0.0888 0.9492
233.955 0.1121 0.0918 0.9423
233.996 0.1088 0.0898 0.9491
234.036 0.1085 0.0895 0.9491
234.076 0.1114 0.0905 0.9348
234.116 0.1137 0.0904 0.9430
234.155 0.1143 0.0886 0.9424
234.197 0.1185 0.0921 0.9544
234.237 0.1192 0.0892 0.9758
234.277 0.1223 0.0897 0.9840
234.316 0.1245 0.0881 0.9625
234.354 0.1237 0.0885 0.9654
234.398 0.1225 0.0883 0.9498
234.437 0.1194 0.0904 0.9714
234.478 0.1173 0.0892 0.9484
234.517 0.1180 0.0893 0.9183
234.554 0.1151 0.0895 0.9405
234.598 0.1142 0.0902 0.9345
234.638 0.1168 0.0915 0.9443
234.678 0.1134 0.0921 0.9527
234.718 0.1141 0.0851 0.9393
234.758 0.1149 0.0946 0.9617
234.799 0.1153 0.0946 0.9610
234.840 0.1172 0.0966 0.9494
234.880 0.1187 0.0949 0.9494
234.920 0.1223 0.0942 0.9494
234.959 0.1255 0.0976 0.9212
234.999 0.1266 0.0974 0.9212
235.040 0.1243 0.0904 0.9709
235.081 0.1247 0.0959 0.9628
235.121 0.1226 0.0949 0.9235
235.160 0.1206 0.0919 0.9089
235.197 0.1154 0.0908 0.9165
235.242 0.1097 0.0956 0.9139
235.281 0.1047 0.0960 0.9470
235.321 0.0994 0.0965 0.9750
235.361 0.0979 0.0968 0.9675
235.397 0.0949 0.0958 0.9394
235.441 0.0929 0.0968 0.9394
235.482 0.0914 0.0963 0.9405
235.522 0.0928 0.0963 0.9577
235.562 0.0912 0.0940 0.9448
235.600 0.0897 0.0917 0.9620
235.641 0.0887 0.0915 0.9782
235.682 0.0924 0.0915 0.9620
235.723 0.0964 0.0969 0.9637
235.762 0.0978 0.0942 0.9822
235.802 0.1051 0.0960 0.9306
235.842 0.1050 0.0919 0.9543
235.883 0.1046 0.0914 0.9671
235.924 0.1040 0.0954 0.9356
235.964 0.1016 0.0959 0.9327
236.004 0.1048 0.0974 0.9317
236.041 0.1087 0.0986 0.9341
236.084 0.1163 0.0970 0.9405
236.124 0.1192 0.0999 0.9264
236.165 0.1208 0.1015 0.9621
236.205 0.1246 0.0994 0.9709
236.241 0.1277 0.1000 0.9729
236.286 0.1301 0.0977 0.9703
236.325 0.1337 0.0924 0.9651
236.365 0.1399 0.1007 0.9620
236.405 0.1432 0.0970 1.0044
236.444 0.1454 0.0954 0.9462
236.486 0.1451 0.0945 0.9418
236.526 0.1448 0.0939 0.9586
236.566 0.1386 0.0953 0.9521
236.606 0.1331 0.0936 0.9334
236.645 0.1344 0.0942 0.9438
236.685 0.1308 0.0952 0.9449
236.726 0.1287 0.0939 0.9649
236.767 0.1236 0.0956 0.9376
236.807 0.1217 0.0965 0.9577
236.846 0.1176 0.0972 0.9409
236.884 0.1127 0.0960 0.9589
236.927 0.1154 0.0939 0.9704
236.967 0.1156 0.0905 0.9544
237.008 0.1153 0.0931 0.9271
237.048 0.1161 0.0952 0.9574
237.085 0.1195 0.0927 0.9574
237.129 0.1239 0.0942 0.9603
237.169 0.1264 0.0925 0.9269
237.209 0.1279 0.0944 0.9456
237.249 0.1278 0.0973 0.9169
237.288 0.1279 0.0963 0.9308
237.330 0.1248 0.0943 0.9161
237.370 0.1282 0.0917 0.9293
237.410 0.1287 0.0948 0.9175
237.449 0.1297 0.0939 0.9172
237.489 0.1303 0.1005 0.9464
237.529 0.1291 0.0978 0.9225
237.570 0.1287 0.0947 0.8839
237.610 0.1252 0.0992 0.9342
237.650 0.1246 0.0961 0.9195
237.690 0.1226 0.1020 0.9396
237.727 0.1222 0.0968 0.9273
237.771 0.1212 0.0921 0.9368
237.811 0.1216 0.0945 0.9184
237.851 0.1179 0.0955 0.8916
237.891 0.1195 0.0964 0.9430
237.927 0.1210 0.0982 0.9341
237.971 0.1201 0.0972 0.8953
238.012 0.1201 0.0962 0.8812
238.052 0.1177 0.0947 0.8859
238.092 0.1184 0.0988 0.9241
238.131 0.1162 0.1028 0.9031
238.172 0.1148 0.1026 0.9165
238.213 0.1134 0.1019 0.8915
238.253 0.1112 0.1022 0.8843
238.293 0.1095 0.1034 0.9200
238.332 0.1111 0.1035 0.8867
238.372 0.1049 0.1043 0.9491
238.414 0.1016 0.1028 0.9380
238.454 0.0972 0.1029 0.8943
238.494 0.0986 0.0993 0.9437
238.534 0.0971 0.0990 0.9355
238.571 0.0954 0.0993 0.9453
238.614 0.0969 0.0999 0.9516
238.655 0.0982 0.0975 0.9253
238.695 0.0997 0.0972 0.9162
238.734 0.1028 0.0982 0.9262
238.771 0.1025 0.1029 0.9290
238.816 0.1026 0.1012 0.9725
238.855 0.1050 0.1014 0.9468
238.895 0.1027 0.1013 0.9556
238.935 0.1035 0.1002 0.9339
238.974 0.1024 0.0990 0.9196
239.016 0.1042 0.1049 0.9245
239.056 0.1085 0.1039 0.9245
239.096 0.1074 0.1004 0.9297
239.136 0.1072 0.0986 0.9335
239.175 0.1090 0.0920 0.9687
239.216 0.1079 0.0963 0.9421
239.257 0.1086 0.0981 0.9472
239.297 0.1111 0.0958 0.9597
239.338 0.1126 0.0936 0.9717
239.377 0.1168 0.0901 0.9469
239.414 0.1228 0.0938 0.9393
239.458 0.1236 0.0975 0.9443
239.498 0.1278 0.0943 0.9861
239.538 0.1259 0.0943 0.9453
239.578 0.1261 0.0943 0.9355
239.615 0.1283 0.0948 0.9529
239.659 0.1266 0.0956 0.9529
239.699 0.1227 0.0954 0.9506
239.739 0.1180 0.0941 0.9507
239.779 0.1126 0.0926 0.9497
239.818 0.1130 0.0892 0.9213
239.859 0.1105 0.0923 0.9952
239.900 0.1056 0.0944 0.9901
239.940 0.1040 0.0957 0.9954
239.979 0.0997 0.0939 0.9635
240.019 0.0979 0.0910 0.9342
240.059 0.0989 0.0898 0.9367
240.100 0.0963 0.0934 0.9617
240.140 0.0921 0.0927 0.9910
240.180 0.0906 0.0913 1.0137
240.220 0.0946 0.0931 0.9682
240.258 0.1005 0.0916 0.9682
240.300 0.1050 0.0912 0.9473
240.342 0.1078 0.0935 0.9473
240.382 0.1121 0.0954 0.9701
240.421 0.1142 0.0956 0.9821
240.459 0.1148 0.0923 0.9794
240.502 0.1151 0.0923 0.9770
240.542 0.1170 0.0928 0.9636
240.583 0.1163 0.0915 0.9599
240.650 0.1219 0.0947 0.9788
240.701 0.1276 0.0929 0.9434
240.742 0.1263 0.0960 0.9668
240.783 0.1219 0.1013 0.9202
240.823 0.1191 0.0913 0.9330
240.863 0.1132 0.0919 0.9400
240.902 0.1107 0.0927 0.9240
240.942 0.1119 0.0927 0.9738
240.983 0.1145 0.0944 0.9732
241.024 0.1134 0.0910 0.9566
241.064 0.1130 0.0929 0.9364
241.103 0.1130 0.0885 0.9626
241.141 0.1114 0.0881 0.9415
241.184 0.1077 0.0903 0.9566
241.224 0.1048 0.0912 0.9730
241.264 0.1050 0.0893 0.9730
241.304 0.1052 0.0850 0.9099
241.342 0.1077 0.0842 0.9213
241.384 0.1087 0.0871 0.9205
241.425 0.1070 0.0924 0.9580
241.466 0.1040 0.0896 0.9456
241.506 0.0999 0.0871 0.9255
241.545 0.0956 0.0883 0.9232
241.587 0.0925 0.0873 0.9050
241.626 0.0913 0.0915 0.9442
241.667 0.0892 0.0928 0.9366
241.706 0.0897 0.0914 0.9260
241.746 0.0901 0.0885 0.8949
241.786 0.0910 0.0939 0.8876
241.827 0.0942 0.0860 0.9186
241.867 0.0932 0.0899 0.9326
241.907 0.0923 0.0886 0.9370
241.947 0.0921 0.0864 0.9402
241.984 0.0907 0.0856 0.9167
242.027 0.0938 0.0884 0.9142
242.068 0.0951 0.0889 0.9376
242.108 0.0939 0.0892 0.9437
242.148 0.0959 0.0891 0.9491
242.185 0.0993 0.0895 0.9401
242.229 0.1040 0.0868 0.9401
242.269 0.1095 0.0887 0.9477
242.309 0.1086 0.0886 0.9357
242.349 0.1077 0.0895 0.9002
242.388 0.1106 0.0870 0.9352
242.429 0.1101 0.0846 0.9466
242.469 0.1155 0.0899 0.9612
242.509 0.1192 0.0912 0.9387
242.550 0.1221 0.0895 0.9242
242.589 0.1246 0.0870 0.9274
242.630 0.1222 0.0874 0.9294
242.671 0.1218 0.0811 0.9333
242.711 0.1192 0.0844 0.9257
242.751 0.1160 0.0862 0.9517
242.790 0.1130 0.0847 0.9311
242.828 0.1121 0.0841 0.9319
242.872 0.1105 0.0848 0.9193
242.912 0.1115 0.0851 0.9193
242.952 0.1109 0.0907 0.9379
242.991 0.1077 0.0883 0.9193
243.028 0.1054 0.0867 0.9059
243.073 0.1039 0.0860 0.9111
243.112 0.1061 0.0849 0.9087
243.152 0.1019 0.0858 0.9407
243.192 0.0998 0.0903 0.9280
243.231 0.0956 0.0918 0.9001
243.273 0.0925 0.0882 0.8965
243.313 0.0902 0.0859 0.8837
243.353 0.0915 0.0887 0.8682
243.393 0.0923 0.0928 0.8834
243.432 0.0926 0.0917 0.8834
243.472 0.0918 0.0919 0.8925
243.513 0.0945 0.0901 0.9265
243.554 0.0939 0.0891 0.9227
243.594 0.0955 0.0901 0.8777
243.633 0.0989 0.0924 0.8965
243.672 0.0972 0.0966 0.9146
243.715 0.0983 0.0934 0.8793
243.755 0.0968 0.0895 0.9245
243.795 0.1000 0.0919 0.9131
243.835 0.0981 0.0932 0.8959
243.872 0.0965 0.0962 0.9376
243.916 0.0919 0.0959 0.8711
243.956 0.0912 0.0945 0.9043
243.996 0.0881 0.0935 0.8733
244.036 0.0877 0.0955 0.8733
244.075 0.0865 0.1023 0.8854
244.115 0.0831 0.0979 0.8993
244.157 0.0885 0.0980 0.8974
244.197 0.0877 0.0923 0.9050
244.366 0.0886 0.0984 0.8978
244.396 0.0870 0.0987 0.8783
244.436 0.0839 0.0934 0.8861
244.477 0.0866 0.0990 0.9027
244.517 0.0868 0.0996 0.9159
244.559 0.0872 0.1002 0.9063
244.597 0.0885 0.0946 0.9284
244.635 0.0831 0.1061 0.9156
244.678 0.0832 0.1035 0.9324
244.718 0.0849 0.1122 0.9158
244.759 0.0835 0.1067 0.9153
244.799 0.0818 0.1020 0.9313
244.836 0.0834 0.1059 0.9368
244.880 0.0848 0.0977 0.9498
244.920 0.0920 0.0977 0.9280
244.960 0.0912 0.1034 0.9148
245.000 0.0925 0.0949 0.9603
245.040 0.0927 0.0956 0.9239
245.081 0.0875 0.0901 0.8933
245.121 0.0916 0.0975 0.8933
245.161 0.0911 0.0986 0.9183
245.200 0.0893 0.0966 0.9245
245.240 0.0850 0.0910 0.9185
245.280 0.0830 0.0917 0.9295
245.321 0.0808 0.0887 0.9048
245.361 0.0827 0.0957 0.9179
245.401 0.0811 0.0987 0.9196
245.441 0.0784 0.0944 0.8972
245.478 0.0719 0.0936 0.9116
245.523 0.0679 0.0948 0.9170
245.562 0.0704 0.0971 0.9106
245.602 0.0704 0.0971 0.9170
245.641 0.0707 0.0980 0.8869
245.679 0.0686 0.0955 0.9262
245.723 0.0724 0.0947 0.9262
245.762 0.0778 0.0922 0.8851
245.803 0.0824 0.0948 0.8927
245.842 0.0821 0.0974 0.9090
245.883 0.0816 0.0962 0.8959
245.924 0.0835 0.0960 0.8959
245.964 0.0901 0.0951 0.8988
246.004 0.0955 0.0938 0.8912
246.044 0.0993 0.0951 0.8945
246.083 0.0998 0.0928 0.8937
246.123 0.0969 0.0924 0.8895
246.164 0.0956 0.0914 0.8849
246.205 0.0976 0.0900 0.9136
246.245 0.0947 0.0898 0.9026
246.284 0.0928 0.0942 0.9152
246.322 0.0899 0.0927 0.9069
246.366 0.0866 0.0928 0.8916
246.405 0.0850 0.0925 0.8756
246.445 0.0831 0.0931 0.8823
246.485 0.0818 0.0948 0.8901
246.522 0.0766 0.0963 0.9050
246.567 0.0738 0.0941 0.9272
246.606 0.0745 0.0934 0.9272
246.646 0.0784 0.0933 0.9232
246.686 0.0814 0.0957 0.9272
246.725 0.0838 0.0967 0.9187
246.766 0.0830 0.0940 0.9187
246.807 0.0854 0.0941 0.9359
246.847 0.0852 0.0934 0.9457
246.887 0.0857 0.0939 0.9457
246.926 0.0856 0.0963 0.9444
246.967 0.0832 0.0956 0.9466
247.008 0.0894 0.0943 0.9400
247.048 0.0881 0.0954 0.9450
247.088 0.0898 0.0930 0.9433
247.128 0.0908 0.0980 0.9553
247.165 0.0858 0.0953 0.9654
247.210 0.0832 0.0947 0.9593
247.249 0.0814 0.0925 0.9363
247.289 0.0785 0.0924 0.9274
247.329 0.0836 0.0980 0.9129
247.366 0.0855 0.0969 0.9301
247.410 0.0848 0.0961 0.9388
247.450 0.0837 0.0955 0.9560
247.490 0.0786 0.0942 0.9648
247.530 0.0785 0.0929 0.9648
247.570 0.0763 0.0979 0.9532
247.610 0.0702 0.0974 0.9466
247.650 0.0697 0.0949 0.9672
247.691 0.0686 0.0956 0.9620
247.730 0.0691 0.0951 0.9620
247.769 0.0684 0.0954 0.9620
247.809 0.0639 0.0997 0.9442
247.851 0.0583 0.0960 0.9507
247.891 0.0557 0.0970 0.9431
247.931 0.0550 0.0951 0.9529
247.971 0.0565 0.0951 0.9555
248.009 0.0552 0.1026 0.9515
248.052 0.0506 0.1009 0.9649
248.092 0.0517 0.0981 0.9658
248.133 0.0525 0.0975 0.9658
248.172 0.0520 0.0941 0.9503
248.209 0.0491 0.0954 0.9333
248.254 0.0475 0.0985 0.9347
248.293 0.0456 0.0981 0.9597
248.333 0.0451 0.0981 0.9347
248.373 0.0430 0.0976 0.9501
248.413 0.0447 0.0963 0.9633
248.454 0.0419 0.1031 0.9204
248.494 0.0392 0.1036 0.9095
248.534 0.0372 0.1014 0.9204
248.574 0.0350 0.1032 0.9151
248.613 0.0338 0.0969 0.9140
248.653 0.0313 0.0987 0.9233
248.694 0.0280 0.1048 0.9403
248.735 0.0268 0.0997 0.9493
248.775 0.0236 0.0998 0.9435
248.814 0.0197 0.0989 0.9435
248.852 0.0163 0.0980 0.9363
248.896 0.0129 0.1022 0.9180
248.935 0.0117 0.0988 0.9261
248.975 0.0099 0.0988 0.9312
249.015 0.0103 0.0988 0.9261
249.052 NaN 0.0963 0.9343
249.096 NaN 0.0964 0.9343
249.136 NaN 0.1024 0.9664
249.176 NaN 0.1033 0.9664
249.217 NaN 0.1033 0.9664
249.257 NaN 0.1023 0.9664
249.298 NaN 0.1023 0.9664
249.337 NaN 0.1012 0.9577
