188.092 NaN 0.0885 0.9107
188.130 NaN 0.0865 0.9233
188.174 NaN 0.0865 0.9133
188.213 NaN 0.0856 0.9352
188.253 NaN 0.0864 0.9352
188.293 NaN 0.0855 0.8903
188.333 NaN 0.0872 0.9007
188.374 0.1332 0.0874 0.8604
188.414 0.1335 0.0871 0.8949
188.454 0.1326 0.0881 0.9113
188.494 0.1332 0.0900 0.9214
188.533 0.1365 0.0899 0.9174
188.573 0.1370 0.0878 0.8812
188.614 0.1388 0.0878 0.9111
188.654 0.1422 0.0861 0.9385
188.694 0.1439 0.0893 0.9159
188.734 0.1479 0.0836 0.9160
188.772 0.1525 0.0870 0.8861
188.816 0.1608 0.0857 0.9243
188.855 0.1646 0.0887 0.8884
188.895 0.1675 0.0864 0.9418
188.935 0.1732 0.0882 0.9024
188.972 0.1770 0.0854 0.8960
189.016 0.1810 0.0828 0.8986
189.056 0.1888 0.0845 0.8938
189.096 0.1991 0.0860 0.9641
189.136 0.2045 0.0846 0.9173
189.176 0.2091 0.0862 0.9236
189.217 0.2117 0.0832 0.9567
189.257 0.2113 0.0848 0.9341
189.298 0.2047 0.0858 0.9377
189.337 0.1949 0.0868 0.9470
189.377 0.1821 0.0869 0.9565
189.417 0.1697 0.0852 0.9284
189.458 0.1588 0.0855 0.9284
189.498 0.1442 0.0859 0.9302
189.538 0.1304 0.0869 0.9698
189.578 0.1168 0.0848 0.9184
189.615 0.1024 0.0845 0.9184
189.659 0.0910 0.0834 0.9184
189.699 0.0820 0.0848 0.9255
189.739 0.0769 0.0871 0.9479
189.778 0.0770 0.0875 0.9219
189.816 0.0798 0.0853 0.9182
189.860 0.0881 0.0834 0.9084
189.899 0.0935 0.0833 0.9084
189.939 0.0995 0.0840 0.9600
189.979 0.1073 0.0860 0.9330
190.019 0.1183 0.0870 0.9178
190.060 0.1202 0.0866 0.9344
190.100 0.1245 0.0850 0.9270
190.140 0.1244 0.0861 0.9036
190.180 0.1221 0.0861 0.9279
190.219 0.1192 0.0871 0.9143
190.259 0.1144 0.0865 0.9119
190.300 0.1090 0.0844 0.9119
190.342 0.1070 0.0820 0.8912
190.382 0.1111 0.0848 0.8912
190.421 0.1111 0.0834 0.8902
190.459 0.1115 0.0856 0.9172
190.503 0.1125 0.0809 0.8709
190.542 0.1175 0.0831 0.8642
190.583 0.1183 0.0845 0.8843
190.622 0.1199 0.0847 0.9229
190.659 0.1254 0.0848 0.8779
190.703 0.1332 0.0855 0.9099
190.743 0.1327 0.0810 0.9061
190.783 0.1344 0.0840 0.9083
190.823 0.1373 0.0835 0.8835
190.863 0.1381 0.0841 0.9239
190.904 0.1370 0.0835 0.9503
190.943 0.1383 0.0842 0.9398
190.984 0.1357 0.0823 0.9328
191.024 0.1299 0.0821 0.9344
191.063 0.1272 0.0827 0.8974
191.103 0.1288 0.0834 0.9748
191.144 0.1261 0.0832 0.9400
191.184 0.1219 0.0819 0.9802
191.224 0.1261 0.0798 0.8959
191.264 0.1322 0.0848 0.8959
191.302 0.1372 0.0852 0.9478
191.345 0.1349 0.0834 0.9656
191.385 0.1392 0.0812 0.9435
191.425 0.1402 0.0798 0.9271
191.466 0.1400 0.0822 0.9271
191.503 0.1412 0.0810 0.9082
191.547 0.1434 0.0855 0.9020
191.586 0.1434 0.0809 0.9486
191.627 0.1428 0.0818 0.9150
191.666 0.1451 0.0835 0.9314
191.706 0.1477 0.0858 0.9223
191.747 0.1497 0.0858 0.9389
191.787 0.1464 0.0831 0.9463
191.827 0.1490 0.0819 0.9005
191.867 0.1497 0.0776 0.9030
191.907 0.1520 0.0836 0.9090
191.946 0.1551 0.0847 0.9041
191.988 0.1581 0.0792 0.8978
192.028 0.1592 0.0775 0.8959
192.068 0.1589 0.0784 0.9139
192.108 0.1651 0.0797 0.9157
192.145 0.1681 0.0801 0.9364
192.190 0.1673 0.0782 0.9095
192.229 0.1664 0.0804 0.8797
192.269 0.1686 0.0788 0.9071
192.308 0.1750 0.0790 0.8849
192.346 0.1777 0.0771 0.9402
192.390 0.1774 0.0785 0.9248
192.429 0.1794 0.0791 0.9393
192.469 0.1805 0.0767 0.9224
192.509 0.1818 0.0778 0.9208
192.550 0.1841 0.0767 0.9418
192.591 0.1853 0.0781 0.9643
192.631 0.1877 0.0790 0.9247
192.671 0.1899 0.0799 0.9197
192.711 0.1925 0.0792 0.9295
192.750 0.1973 0.0795 0.9471
192.790 0.1988 0.0797 0.9110
192.831 0.1996 0.0805 0.9284
192.872 0.2002 0.0804 0.9982
192.912 0.1983 0.0794 0.9477
192.951 0.2030 0.0786 0.9496
192.989 0.2070 0.0792 0.9165
193.033 0.2137 0.0796 0.9237
193.072 0.2092 0.0801 0.9573
193.112 0.2045 0.0803 0.9341
193.152 0.2005 0.0783 0.9161
193.189 0.1966 0.0782 0.9646
193.233 0.1951 0.0830 0.9612
193.273 0.1847 0.0793 0.9469
193.313 0.1746 0.0822 0.9393
193.353 0.1674 0.0807 0.9134
193.393 0.1677 0.0758 0.9061
193.433 0.1607 0.0801 0.8902
193.473 0.1515 0.0812 0.9125
193.513 0.1390 0.0816 0.9095
193.554 0.1368 0.0793 0.9001
193.593 0.1372 0.0792 0.9001
193.633 0.1366 0.0809 0.9372
193.675 0.1398 0.0827 0.8885
193.715 0.1318 0.0829 0.8819
193.755 0.1310 0.0854 0.9075
193.795 0.1353 0.0859 0.9021
193.833 0.1384 0.0826 0.8992
193.876 0.1380 0.0860 0.8949
193.916 0.1353 0.0857 0.9126
193.956 0.1347 0.0834 0.9164
193.995 0.1378 0.0833 0.9100
194.032 0.1390 0.0825 0.9001
194.076 0.1386 0.0824 0.9312
194.116 0.1415 0.0838 0.8915
194.157 0.1423 0.0817 0.9224
194.196 0.1470 0.0837 0.9584
194.235 0.1533 0.0803 0.9424
194.277 0.1539 0.0790 0.9424
194.317 0.1556 0.0808 0.9439
194.357 0.1533 0.0835 0.9429
194.397 0.1522 0.0849 0.9425
194.436 0.1536 0.0809 0.9348
194.476 0.1520 0.0774 0.8935
194.517 0.1545 0.0777 0.8874
194.558 0.1574 0.0799 0.9031
194.598 0.1627 0.0824 0.9402
194.637 0.1659 0.0849 0.9045
194.675 0.1708 0.0823 0.9055
194.718 0.1748 0.0806 0.8941
194.759 0.1830 0.0841 0.9123
194.800 0.1831 0.0837 0.9260
194.839 0.1854 0.0842 0.9046
194.876 0.1890 0.0823 0.9183
194.919 0.1893 0.0824 0.9081
194.960 0.1945 0.0835 0.9404
195.000 0.1970 0.0848 0.9383
195.040 0.1968 0.0852 0.9127
195.079 0.1924 0.0877 0.9132
195.119 0.1868 0.0848 0.9183
195.161 0.1784 0.0858 0.9044
195.201 0.1755 0.0847 0.9249
195.241 0.1664 0.0861 0.9126
195.280 0.1654 0.0868 0.9006
195.320 0.1629 0.0868 0.8892
195.361 0.1595 0.0858 0.9242
195.402 0.1583 0.0854 0.9227
195.441 0.1563 0.0884 0.9115
195.481 0.1550 0.0881 0.9091
195.518 0.1506 0.0835 0.9233
195.561 0.1489 0.0837 0.9161
195.602 0.1522 0.0853 0.9316
195.642 0.1611 0.0854 0.9104
195.682 0.1634 0.0873 0.9114
195.719 0.1667 0.0841 0.9499
195.763 0.1643 0.0855 0.9076
195.803 0.1664 0.0832 0.9150
195.843 0.1703 0.0826 0.8917
195.883 0.1757 0.0833 0.9408
195.923 0.1822 0.0814 0.9373
195.963 0.1798 0.0812 0.9043
196.004 0.1840 0.0787 0.9076
196.044 0.1854 0.0789 0.9424
196.084 0.1889 0.0852 0.9634
196.124 0.1848 0.0831 0.9267
196.163 0.1775 0.0834 0.9265
196.205 0.1743 0.0816 0.9167
196.245 0.1782 0.0818 0.9165
196.289 0.1836 0.0837 0.9514
196.324 0.1834 0.0846 0.9152
196.362 0.1796 0.0845 0.9443
196.406 0.1724 0.0837 0.9516
196.446 0.1710 0.0853 0.9503
196.486 0.1678 0.0857 0.8951
196.526 0.1664 0.0874 0.9334
196.562 0.1647 0.0879 0.9324
196.605 0.1633 0.0880 0.9380
196.646 0.1624 0.0856 0.9372
196.687 0.1620 0.0863 0.9238
196.726 0.1588 0.0879 0.9238
196.765 0.1490 0.0851 0.9508
196.806 0.1392 0.0838 0.9354
196.847 0.1373 0.0848 0.9392
196.887 0.1375 0.0829 0.8992
196.927 0.1375 0.0823 0.9555
196.967 0.1372 0.0829 0.9555
197.007 0.1361 0.0847 0.9045
197.048 0.1318 0.0847 0.9208
197.089 0.1285 0.0852 0.9001
197.129 0.1285 0.0833 0.9329
197.168 0.1265 0.0846 0.9309
197.205 0.1213 0.0877 0.9093
197.249 0.1219 0.0844 0.8943
197.290 0.1234 0.0844 0.8963
197.330 0.1256 0.0822 0.8972
197.369 0.1257 0.0895 0.8565
197.406 0.1278 0.0857 0.8895
197.449 0.1268 0.0858 0.8931
197.490 0.1292 0.0846 0.9003
197.530 0.1344 0.0858 0.8944
197.570 0.1323 0.0848 0.9012
197.609 0.1345 0.0868 0.8972
197.651 0.1401 0.0862 0.9399
197.691 0.1461 0.0865 0.9598
197.731 0.1489 0.0839 0.8944
197.770 0.1534 0.0833 0.8794
197.810 0.1514 0.0860 0.8931
197.850 0.1500 0.0835 0.9008
197.891 0.1457 0.0845 0.9192
197.931 0.1429 0.0861 0.8742
197.972 0.1415 0.0843 0.8681
198.011 0.1412 0.0834 0.8995
198.049 0.1410 0.0830 0.8983
198.093 0.1412 0.0842 0.8751
198.133 0.1373 0.0827 0.8629
198.173 0.1380 0.0817 0.8725
198.213 0.1393 0.0793 0.9136
198.250 0.1395 0.0838 0.8509
198.294 0.1391 0.0869 0.8709
198.334 0.1388 0.0830 0.8862
198.374 0.1429 0.0831 0.9209
198.413 0.1483 0.0837 0.8979
198.454 0.1575 0.0863 0.9021
198.494 0.1559 0.0872 0.8749
198.534 0.1544 0.0872 0.8789
198.574 0.1548 0.0858 0.9125
198.614 0.1566 0.0829 0.9029
198.654 0.1571 0.0856 0.8657
198.693 0.1533 0.0857 0.8960
198.735 0.1528 0.0846 0.9260
198.775 0.1552 0.0850 0.8766
198.815 0.1603 0.0852 0.8963
198.855 0.1627 0.0824 0.9095
198.892 0.1644 0.0825 0.8973
198.936 0.1630 0.0856 0.9393
198.976 0.1644 0.0837 0.9212
199.016 0.1705 0.0845 0.9331
199.055 0.1754 0.0842 0.9297
199.092 0.1755 0.0856 0.9508
199.136 0.1673 0.0855 0.9336
199.176 0.1696 0.0896 0.8741
199.217 0.1731 0.0860 0.9426
199.257 0.1746 0.0877 0.9322
199.297 0.1771 0.0862 0.9196
199.338 0.1828 0.0866 0.9470
199.378 0.1884 0.0873 0.9470
199.418 0.1895 0.0886 0.9289
199.458 0.1921 0.0848 0.8985
199.497 0.1946 0.0833 0.9040
199.537 0.1940 0.0803 0.9309
199.578 0.2001 0.0818 0.9497
199.619 0.2101 0.0804 0.9261
199.659 0.2155 0.0805 0.9313
199.698 0.2169 0.0819 0.9421
199.736 0.2127 0.0827 0.9194
199.780 0.2079 0.0827 0.8939
199.819 0.2065 0.0840 0.8819
199.859 0.1978 0.0861 0.9555
199.899 0.1958 0.0850 0.9451
199.936 0.1954 0.0842 0.9129
199.979 0.1933 0.0860 0.9056
200.020 0.1919 0.0870 0.9048
200.060 0.1881 0.0881 0.9216
200.100 0.1834 0.0852 0.9107
200.139 0.1829 0.0877 0.9290
200.180 0.1785 0.0878 0.9315
200.220 0.1789 0.0864 0.9200
200.260 0.1825 0.0895 0.9262
200.300 0.1776 0.0889 0.9483
200.341 0.1772 0.0901 0.9443
200.380 0.1743 0.0901 0.9181
200.422 0.1647 0.0892 0.9085
200.462 0.1569 0.0903 0.8955
200.502 0.1545 0.0894 0.9085
200.542 0.1508 0.0884 0.8988
200.579 0.1496 0.0850 0.9508
200.622 0.1456 0.0838 0.8935
200.663 0.1421 0.0887 0.8771
200.703 0.1409 0.0880 0.9083
200.742 0.1373 0.0877 0.9199
200.780 0.1336 0.0862 0.8966
200.823 0.1292 0.0882 0.9225
200.863 0.1298 0.0896 0.9112
200.903 0.1321 0.0911 0.9078
200.943 0.1332 0.0886 0.9334
200.982 0.1341 0.0924 0.9305
201.024 0.1382 0.0919 0.9321
201.064 0.1389 0.0881 0.9411
201.104 0.1413 0.0871 0.9195
201.144 0.1459 0.0883 0.9192
201.183 0.1470 0.0906 0.9064
201.223 0.1518 0.0891 0.8772
201.264 0.1544 0.0864 0.9042
201.305 0.1593 0.0877 0.9091
201.345 0.1620 0.0914 0.9075
201.384 0.1638 0.0908 0.8788
201.423 0.1654 0.0895 0.8693
201.466 0.1678 0.0882 0.9127
201.507 0.1659 0.0868 0.8815
201.547 0.1678 0.0893 0.8985
201.586 0.1685 0.0906 0.8897
201.623 0.1669 0.0897 0.8973
201.668 0.1727 0.0927 0.9009
201.707 0.1702 0.0916 0.9364
201.747 0.1743 0.0908 0.9266
201.787 0.1796 0.0942 0.9252
201.826 0.1804 0.0941 0.9088
201.867 0.1766 0.0921 0.9061
201.908 0.1747 0.0909 0.9303
201.948 0.1721 0.0900 0.9279
201.988 0.1729 0.0952 0.9236
202.027 0.1688 0.0941 0.9029
202.067 0.1680 0.0956 0.9049
202.108 0.1696 0.0899 0.9037
202.148 0.1641 0.0919 0.9009
202.189 0.1616 0.0869 0.8915
202.228 0.1606 0.0934 0.9026
202.265 0.1554 0.0903 0.9511
202.310 0.1525 0.0927 0.9181
202.349 0.1573 0.0924 0.9088
202.389 0.1637 0.0883 0.9099
202.429 0.1711 0.0891 0.9451
202.467 0.1730 0.0920 0.9611
202.510 0.1805 0.0906 0.9150
202.550 0.1832 0.0877 0.9279
202.591 0.1854 0.0858 0.9412
202.630 0.1904 0.0874 0.8855
202.669 0.2002 0.0878 0.9085
202.710 0.1997 0.0865 0.9162
202.751 0.2022 0.0868 0.9415
202.791 0.2070 0.0901 0.9216
202.831 0.2101 0.0888 0.9216
202.871 0.2140 0.0884 0.9235
202.910 0.2156 0.0863 0.9088
202.952 0.2241 0.0838 0.8868
202.992 0.2255 0.0822 0.8985
203.032 0.2310 0.0806 0.9127
203.072 0.2338 0.0823 0.8878
203.109 0.2346 0.0819 0.9136
203.153 0.2238 0.0827 0.9082
203.193 0.2206 0.0789 0.8912
203.233 0.2177 0.0802 0.9201
203.272 0.2177 0.0792 0.9280
203.309 0.2113 0.0848 0.9189
203.353 0.2063 0.0845 0.9388
203.393 0.2021 0.0801 0.9074
203.433 0.1935 0.0832 0.9180
203.473 0.1893 0.0846 0.8989
203.512 0.1843 0.0849 0.8891
203.554 0.1821 0.0857 0.9389
203.594 0.1802 0.0818 0.9189
203.634 0.1834 0.0843 0.8891
203.675 0.1848 0.0843 0.9186
203.714 0.1896 0.0839 0.9391
203.754 0.1862 0.0839 0.9394
203.795 0.1909 0.0843 0.9272
203.836 0.1917 0.0848 0.9414
203.875 0.1936 0.0848 0.9188
203.915 0.1971 0.0826 0.8869
203.952 0.1986 0.0832 0.8815
203.997 0.2037 0.0823 0.9085
204.036 0.2028 0.0847 0.8805
204.076 0.2040 0.0830 0.9128
204.116 0.2061 0.0837 0.8924
204.153 0.2127 0.0831 0.8959
204.197 0.2169 0.0830 0.9339
204.237 0.2210 0.0854 0.9258
204.277 0.2209 0.0859 0.8772
204.317 0.2190 0.0853 0.8951
204.356 0.2160 0.0845 0.9127
204.398 0.2100 0.0845 0.9089
204.437 0.2030 0.0875 0.9319
204.478 0.1968 0.0830 0.9277
204.518 0.1911 0.0812 0.8774
204.557 0.1880 0.0811 0.9096
204.597 0.1833 0.0777 0.8758
204.638 0.1745 0.0827 0.8559
204.678 0.1672 0.0855 0.8965
204.719 0.1615 0.0809 0.8847
204.758 0.1557 0.0797 0.9171
204.796 0.1497 0.0830 0.8749
204.839 0.1480 0.0814 0.8876
204.880 0.1449 0.0816 0.9036
204.920 0.1474 0.0817 0.8995
204.960 0.1462 0.0819 0.9067
204.997 0.1472 0.0809 0.9069
205.040 0.1457 0.0811 0.9175
205.080 0.1445 0.0813 0.9377
205.120 0.1447 0.0821 0.8851
205.160 0.1437 0.0862 0.9121
205.199 0.1449 0.0864 0.9110
205.240 0.1502 0.0821 0.9023
205.281 0.1554 0.0843 0.9393
205.321 0.1587 0.0844 0.9458
205.361 0.1631 0.0844 0.9532
205.400 0.1668 0.0820 0.9305
205.440 0.1674 0.0812 0.9071
205.481 0.1679 0.0808 0.9615
205.522 0.1676 0.0853 0.9537
205.562 0.1726 0.0845 0.8995
205.601 0.1775 0.0854 0.9311
205.639 0.1809 0.0856 0.9073
205.682 0.1824 0.0818 0.9132
205.722 0.1825 0.0844 0.8696
205.763 0.1859 0.0873 0.9070
205.802 0.1880 0.0837 0.8833
205.840 0.1899 0.0801 0.9323
205.883 0.1886 0.0792 0.9015
205.924 0.1900 0.0801 0.9398
205.964 0.1934 0.0819 0.9002
206.004 0.1943 0.0811 0.9031
206.043 0.1900 0.0798 0.9145
206.084 0.1830 0.0791 0.9265
206.125 0.1776 0.0798 0.9222
206.165 0.1770 0.0810 0.9127
206.204 0.1741 0.0842 0.8958
206.244 0.1681 0.0830 0.9633
206.284 0.1593 0.0844 0.8872
206.325 0.1514 0.0841 0.9172
206.365 0.1436 0.0877 0.8746
206.405 0.1369 0.0847 0.9452
206.445 0.1281 0.0829 0.9088
206.482 0.1238 0.0814 0.9152
206.525 0.1169 0.0803 0.9126
206.566 0.1117 0.0796 0.8823
206.606 0.1079 0.0825 0.9117
206.646 0.1002 0.0834 0.9318
206.683 0.0935 0.0815 0.9034
206.727 0.0857 0.0818 0.8764
206.767 0.0860 0.0805 0.8862
206.807 0.0835 0.0831 0.8925
206.846 0.0846 0.0819 0.8959
206.886 0.0878 0.0882 0.8737
206.927 0.0901 0.0882 0.8640
206.967 0.0916 0.0867 0.8640
207.008 0.0985 0.0819 0.9001
207.048 0.1055 0.0819 0.9012
207.088 0.1099 0.0819 0.8968
207.127 0.1142 0.0814 0.9025
207.169 0.1178 0.0824 0.9109
207.209 0.1245 0.0808 0.9025
207.249 0.1251 0.0820 0.8790
207.288 0.1270 0.0836 0.8719
207.326 0.1268 0.0817 0.8731
207.369 0.1241 0.0821 0.8749
207.410 0.1242 0.0831 0.8915
207.450 0.1221 0.0832 0.8797
207.489 0.1193 0.0833 0.8729
207.527 0.1151 0.0841 0.8881
207.570 0.1124 0.0838 0.8987
207.610 0.1104 0.0828 0.9159
207.650 0.1091 0.0809 0.8999
207.690 0.1067 0.0850 0.9228
207.729 0.1098 0.0842 0.9238
207.770 0.1112 0.0848 0.8924
207.811 0.1128 0.0842 0.8837
207.851 0.1155 0.0780 0.9055
207.891 0.1193 0.0802 0.9195
207.930 0.1224 0.0806 0.9291
207.970 0.1231 0.0811 0.9358
208.011 0.1244 0.0802 0.9232
208.051 0.1256 0.0790 0.8924
208.092 0.1258 0.0799 0.8848
208.132 0.1311 0.0803 0.8939
208.169 0.1376 0.0806 0.9182
208.214 0.1396 0.0810 0.9310
208.253 0.1392 0.0799 0.9154
208.293 0.1368 0.0787 0.8993
208.333 0.1417 0.0775 0.9207
208.370 0.1442 0.0810 0.8955
208.413 0.1458 0.0792 0.8937
208.454 0.1517 0.0792 0.8677
208.494 0.1562 0.0784 0.8619
208.534 0.1588 0.0773 0.8878
208.573 0.1610 0.0783 0.8869
208.613 0.1588 0.0782 0.9185
208.655 0.1553 0.0758 0.9149
208.695 0.1506 0.0770 0.9019
208.735 0.1474 0.0757 0.9207
208.774 0.1488 0.0761 0.9354
208.813 0.1457 0.0782 0.9263
208.855 0.1376 0.0770 0.9255
208.895 0.1326 0.0772 0.8905
208.935 0.1285 0.0741 0.9083
208.975 0.1257 0.0763 0.9309
209.012 0.1226 0.0785 0.9342
209.057 0.1269 0.0812 0.9264
209.096 0.1337 0.0800 0.9255
209.136 0.1346 0.0772 0.9527
209.176 0.1337 0.0759 0.9663
209.213 0.1359 0.0774 0.9205
209.258 0.1419 0.0773 0.9205
209.298 0.1474 0.0771 0.9475
209.338 0.1517 0.0771 0.9549
209.377 0.1582 0.0750 0.9166
209.416 0.1647 0.0766 0.9285
209.458 0.1650 0.0784 0.9392
209.498 0.1663 0.0761 0.9261
209.538 0.1642 0.0798 0.8895
209.578 0.1601 0.0788 0.8858
209.617 0.1581 0.0773 0.9186
209.657 0.1604 0.0800 0.9272
209.698 0.1576 0.0816 0.9593
209.739 0.1535 0.0803 0.8854
209.779 0.1499 0.0808 0.8967
209.818 0.1521 0.0800 0.9014
209.856 0.1544 0.0817 0.9043
209.899 0.1482 0.0826 0.9132
209.939 0.1475 0.0804 0.8985
209.980 0.1544 0.0815 0.9200
210.019 0.1612 0.0802 0.8769
210.056 0.1631 0.0803 0.8901
210.099 0.1670 0.0825 0.9162
210.140 0.1683 0.0823 0.8997
210.180 0.1754 0.0807 0.9157
210.220 0.1814 0.0805 0.9236
210.259 0.1831 0.0791 0.9026
210.300 0.1827 0.0788 0.9437
210.341 0.1773 0.0837 0.8959
210.382 0.1730 0.0803 0.9377
210.422 0.1760 0.0778 0.9300
210.461 0.1723 0.0772 0.9148
210.501 0.1628 0.0777 0.9129
210.542 0.1558 0.0776 0.9129
210.582 0.1499 0.0791 0.9042
210.642 0.1473 0.0806 0.8882
210.662 0.1454 0.0789 0.9069
210.699 0.1400 0.0794 0.9305
210.742 0.1378 0.0794 0.9433
210.783 0.1348 0.0795 0.9318
210.823 0.1320 0.0790 0.9258
210.863 0.1343 0.0791 0.9060
210.900 0.1334 0.0803 0.9012
210.943 0.1295 0.0788 0.9128
210.983 0.1287 0.0811 0.8705
211.024 0.1305 0.0788 0.8519
211.063 0.1333 0.0774 0.9329
211.103 0.1363 0.0823 0.8584
211.144 0.1364 0.0811 0.8903
211.184 0.1335 0.0823 0.8970
211.224 0.1323 0.0803 0.9026
211.264 0.1320 0.0827 0.8844
211.304 0.1337 0.0814 0.9027
211.343 0.1302 0.0808 0.9229
211.384 0.1295 0.0841 0.8865
211.425 0.1275 0.0844 0.8903
211.466 0.1282 0.0819 0.8793
211.505 0.1312 0.0846 0.8781
211.543 0.1320 0.0841 0.8965
211.586 0.1311 0.0841 0.8919
211.626 0.1264 0.0852 0.8736
211.667 0.1309 0.0842 0.8971
211.706 0.1368 0.0825 0.8662
211.743 0.1393 0.0824 0.8935
211.786 0.1397 0.0819 0.8808
211.827 0.1434 0.0834 0.8522
211.867 0.1461 0.0840 0.9082
211.907 0.1521 0.0828 0.9147
211.946 0.1534 0.0839 0.8645
211.987 0.1530 0.0823 0.9151
212.028 0.1573 0.0840 0.9151
212.068 0.1604 0.0817 0.9298
212.108 0.1637 0.0835 0.9216
212.147 0.1671 0.0833 0.9201
212.187 0.1660 0.0813 0.8963
212.228 0.1677 0.0803 0.9139
212.269 0.1707 0.0812 0.9077
212.309 0.1745 0.0838 0.9116
212.348 0.1785 0.0849 0.8770
212.385 0.1788 0.0817 0.9018
212.428 0.1816 0.0808 0.9330
212.469 0.1821 0.0807 0.9433
212.509 0.1791 0.0849 0.9063
212.550 0.1753 0.0812 0.9219
212.587 0.1757 0.0794 0.9131
212.630 0.1721 0.0818 0.9078
212.671 0.1668 0.0800 0.9051
212.711 0.1613 0.0834 0.8895
212.751 0.1535 0.0824 0.8808
212.790 0.1497 0.0854 0.8955
212.830 0.1445 0.0803 0.9348
212.871 0.1422 0.0775 0.9431
212.911 0.1376 0.0783 0.9172
212.951 0.1365 0.0783 0.9030
212.991 0.1328 0.0777 0.9033
213.030 0.1272 0.0761 0.9033
213.072 0.1209 0.0757 0.8775
213.112 0.1158 0.0782 0.9049
213.152 0.1170 0.0793 0.8851
213.192 0.1156 0.0813 0.8849
213.229 0.1173 0.0814 0.8849
213.273 0.1180 0.0813 0.8960
213.313 0.1212 0.0819 0.9050
213.353 0.1205 0.0814 0.9050
213.392 0.1207 0.0824 0.9116
213.429 0.1207 0.0829 0.8876
213.473 0.1224 0.0820 0.8726
213.513 0.1251 0.0803 0.8725
213.553 0.1284 0.0790 0.8854
213.593 0.1330 0.0796 0.8909
213.633 0.1350 0.0791 0.9019
213.675 0.1347 0.0799 0.8985
213.715 0.1368 0.0796 0.8726
213.755 0.1355 0.0796 0.8319
213.795 0.1324 0.0809 0.8599
213.834 0.1315 0.0821 0.8350
213.874 0.1313 0.0823 0.8829
213.915 0.1291 0.0835 0.8754
213.956 0.1248 0.0810 0.8697
213.996 0.1227 0.0820 0.8697
214.035 0.1219 0.0831 0.8656
214.072 0.1184 0.0833 0.8530
214.117 0.1171 0.0832 0.9062
214.157 0.1215 0.0820 0.9021
214.197 0.1247 0.0819 0.9002
214.236 0.1268 0.0819 0.9051
214.273 0.1303 0.0832 0.8759
214.318 0.1355 0.0869 0.8609
214.357 0.1390 0.0828 0.8632
214.397 0.1425 0.0818 0.9050
214.437 0.1476 0.0847 0.8475
214.476 0.1543 0.0841 0.8629
214.517 0.1568 0.0862 0.8963
214.557 0.1560 0.0839 0.9325
214.598 0.1571 0.0838 0.9107
214.638 0.1589 0.0818 0.9139
214.677 0.1595 0.0861 0.9352
214.717 0.1656 0.0889 0.9852
214.758 0.1657 0.0861 0.9095
214.799 0.1642 0.0866 0.9117
214.839 0.1642 0.0845 0.9049
214.930 0.1593 0.0889 0.9314
214.956 0.1567 0.0900 0.9113
215.000 0.1531 0.0866 0.9262
215.040 0.1547 0.0860 0.9326
215.081 0.1589 0.0837 0.9402
215.120 0.1579 0.0856 0.9106
215.157 0.1538 0.0929 0.8739
215.201 0.1430 0.0870 0.8934
215.241 0.1400 0.0857 0.9236
215.281 0.1390 0.0858 0.8769
215.321 0.1385 0.0857 0.9117
215.360 0.1391 0.0890 0.9209
215.402 0.1400 0.0890 0.9373
215.441 0.1402 0.0878 0.9159
215.481 0.1409 0.0878 0.9102
215.521 0.1425 0.0863 0.9287
215.561 0.1448 0.0894 0.9451
215.600 0.1444 0.0882 0.8929
215.642 0.1449 0.0883 0.9020
215.682 0.1490 0.0879 0.9277
215.722 0.1507 0.0851 0.9011
215.762 0.1512 0.0852 0.8873
215.800 0.1486 0.0842 0.8609
215.844 0.1438 0.0866 0.8956
215.883 0.1418 0.0890 0.8869
215.924 0.1429 0.0866 0.9113
215.964 0.1472 0.0836 0.8832
216.000 0.1519 0.0862 0.8893
216.045 0.1506 0.0862 0.8955
216.084 0.1493 0.0862 0.9009
216.125 0.1491 0.0860 0.9053
216.164 0.1455 0.0844 0.9169
216.204 0.1471 0.0847 0.8985
216.245 0.1497 0.0847 0.9245
216.285 0.1530 0.0837 0.9355
216.325 0.1576 0.0852 0.8925
216.365 0.1628 0.0847 0.9235
216.407 0.1678 0.0835 0.9173
216.444 0.1671 0.0848 0.9222
216.485 0.1632 0.0855 0.9070
216.526 0.1591 0.0840 0.8718
216.566 0.1599 0.0828 0.9065
216.605 0.1568 0.0828 0.9118
216.643 0.1569 0.0856 0.9475
216.687 0.1536 0.0850 0.9377
216.726 0.1480 0.0856 0.9309
216.766 0.1426 0.0872 0.8862
216.806 0.1383 0.0862 0.9044
216.843 0.1338 0.0860 0.9291
216.888 0.1291 0.0870 0.9206
216.927 0.1238 0.0895 0.9063
216.967 0.1197 0.0879 0.8759
217.008 0.1209 0.0879 0.8851
217.048 0.1203 0.0860 0.8981
217.089 0.1223 0.0847 0.8949
217.129 0.1265 0.0890 0.8930
217.169 0.1319 0.0851 0.9053
217.209 0.1382 0.0878 0.8968
217.248 0.1444 0.0853 0.8796
217.288 0.1475 0.0855 0.9032
217.329 0.1515 0.0873 0.9093
217.369 0.1529 0.0850 0.9104
217.410 0.1581 0.0852 0.8759
217.449 0.1615 0.0849 0.8966
217.487 0.1649 0.0846 0.9085
217.531 0.1676 0.0838 0.9089
217.570 0.1637 0.0860 0.9119
217.610 0.1640 0.0864 0.9198
217.650 0.1654 0.0833 0.9173
217.688 0.1689 0.0829 0.8742
217.731 0.1682 0.0841 0.8775
217.771 0.1704 0.0838 0.8863
217.811 0.1720 0.0859 0.8887
217.851 0.1749 0.0851 0.8968
217.891 0.1743 0.0833 0.9172
217.931 0.1768 0.0827 0.8563
217.971 0.1809 0.0859 0.8915
218.012 0.1816 0.0839 0.8980
218.051 0.1895 0.0849 0.9182
218.092 0.1956 0.0842 0.9259
218.131 0.1944 0.0834 0.9259
218.173 0.1876 0.0820 0.9149
218.213 0.1823 0.0854 0.8699
218.253 0.1792 0.0838 0.9209
218.293 0.1789 0.0841 0.8739
218.331 0.1771 0.0841 0.9219
218.375 0.1749 0.0856 0.9349
218.414 0.1725 0.0843 0.9539
218.454 0.1690 0.0856 0.8732
218.494 0.1660 0.0871 0.9063
218.530 0.1629 0.0863 0.9146
218.575 0.1575 0.0836 0.8699
218.614 0.1543 0.0832 0.9078
218.655 0.1531 0.0833 0.9209
218.694 0.1557 0.0863 0.8577
218.734 0.1572 0.0879 0.8986
218.775 0.1548 0.0822 0.9128
218.815 0.1515 0.0854 0.8940
218.855 0.1491 0.0868 0.8826
218.895 0.1490 0.0940 0.8660
218.934 0.1442 0.0848 0.8748
218.974 0.1408 0.0840 0.8813
219.015 0.1401 0.0824 0.8694
219.056 0.1381 0.0822 0.8848
219.096 0.1392 0.0890 0.8741
219.135 0.1438 0.0848 0.8920
219.174 0.1462 0.0822 0.8744
219.217 0.1495 0.0829 0.8911
219.257 0.1570 0.0823 0.8969
219.298 0.1653 0.0862 0.8613
219.337 0.1747 0.0868 0.8765
219.375 0.1801 0.0832 0.9271
219.419 0.1882 0.0839 0.9089
219.458 0.1927 0.0825 0.9429
219.498 0.1926 0.0864 0.9072
219.538 0.1924 0.0874 0.8987
219.578 0.1927 0.0859 0.9082
219.619 0.1914 0.0863 0.8889
219.659 0.1906 0.0865 0.9229
219.699 0.1931 0.0840 0.9455
219.739 0.1910 0.0874 0.8985
219.778 0.1847 0.0855 0.9251
219.818 0.1754 0.0835 0.9382
219.859 0.1745 0.0831 0.9211
219.900 0.1677 0.0832 0.9265
219.939 0.1675 0.0853 0.8955
219.979 0.1685 0.0876 0.9288
220.016 0.1701 0.0844 0.9408
220.061 0.1717 0.0841 0.9200
220.100 0.1710 0.0817 0.8988
220.140 0.1655 0.0832 0.8837
220.180 0.1565 0.0853 0.9113
220.217 0.1486 0.0847 0.9113
220.261 0.1424 0.0838 0.9096
220.301 0.1421 0.0885 0.9129
220.342 0.1325 0.0859 0.8695
220.381 0.1249 0.0872 0.8829
220.422 0.1191 0.0909 0.8973
220.462 0.1079 0.0899 0.8795
220.502 0.0984 0.0907 0.8855
220.543 0.0893 0.0906 0.8669
220.582 0.0808 0.0884 0.8795
220.622 0.0769 0.0894 0.8967
220.661 0.0748 0.0894 0.8757
220.703 0.0738 0.0880 0.8777
220.743 0.0743 0.0880 0.8777
220.783 0.0738 0.0921 0.8551
220.823 0.0739 0.0925 0.8551
220.860 0.0775 0.0925 0.8589
220.903 0.0817 0.0908 0.8649
220.944 0.0877 0.0901 0.8507
220.984 0.0951 0.0901 0.8557
221.024 0.1015 0.0886 0.8779
221.061 0.1095 0.0891 0.8686
221.105 0.1200 0.0862 0.9046
221.144 0.1297 0.0864 0.8633
221.184 0.1389 0.0841 0.8741
221.224 0.1436 0.0861 0.8777
221.263 0.1490 0.0886 0.9101
221.305 0.1522 0.0895 0.9031
221.345 0.1573 0.0908 0.8592
221.385 0.1599 0.0853 0.8832
221.425 0.1630 0.0857 0.8872
221.465 0.1674 0.0849 0.8804
221.505 0.1696 0.0929 0.8806
221.547 0.1702 0.0939 0.9027
221.587 0.1695 0.0972 0.8461
221.627 0.1683 0.0910 0.9071
221.666 0.1655 0.0893 0.8818
221.703 0.1629 0.0929 0.9052
221.748 0.1610 0.0986 0.9129
221.787 0.1584 0.0953 0.9041
221.827 0.1518 0.0938 0.8883
221.867 0.1454 0.0954 0.8632
221.904 0.1391 0.0977 0.8669
221.947 0.1303 0.0973 0.8886
221.988 0.1240 0.0950 0.8925
222.028 0.1214 0.0993 0.8567
222.068 0.1174 0.0970 0.8572
222.107 0.1126 0.0939 0.8535
222.149 0.1083 0.0967 0.8605
222.189 0.1053 0.0977 0.8503
222.229 0.1007 0.0948 0.8747
222.269 0.0968 0.0976 0.8499
222.308 0.0988 0.0977 0.8673
222.348 0.0997 0.0963 0.8723
222.389 0.1027 0.0923 0.8857
222.429 0.1021 0.0948 0.8777
222.469 0.1034 0.0985 0.8756
222.509 0.1020 0.0903 0.9007
222.547 0.0974 0.0976 0.8711
222.591 0.0965 0.0986 0.8459
222.631 0.0934 0.0960 0.8796
222.671 0.0954 0.0926 0.8750
222.711 0.0995 0.0923 0.8767
222.748 0.0996 0.0927 0.9014
222.792 0.0994 0.0919 0.8825
222.831 0.0990 0.0926 0.9063
222.872 0.0950 0.0925 0.8896
222.911 0.0926 0.0925 0.8896
222.950 0.0929 0.0919 0.8625
222.992 0.0909 0.0931 0.8712
223.032 0.0905 0.0956 0.8712
223.072 0.0892 0.0932 0.8949
223.112 0.0915 0.0910 0.8519
223.152 0.0937 0.0880 0.8583
223.191 0.0917 0.0910 0.8509
223.233 0.0972 0.0909 0.9036
223.273 0.1021 0.0949 0.8739
223.313 0.1071 0.0927 0.8583
223.353 0.1121 0.0908 0.8407
223.390 0.1203 0.0896 0.8685
223.434 0.1300 0.0920 0.8965
223.474 0.1335 0.0926 0.8858
223.514 0.1363 0.0915 0.9014
223.553 0.1390 0.0902 0.8805
223.592 0.1405 0.0884 0.8952
223.635 0.1420 0.0901 0.8927
223.675 0.1396 0.0957 0.9011
223.715 0.1359 0.0931 0.8812
223.755 0.1271 0.0934 0.8552
223.794 0.1156 0.0948 0.8532
223.835 0.1067 0.0921 0.8816
223.876 0.0989 0.0918 0.8695
223.916 0.0856 0.0945 0.8852
223.956 0.0748 0.0929 0.8881
223.995 0.0695 0.0896 0.8734
224.035 0.0641 0.0947 0.9264
224.076 0.0649 0.0902 0.9264
224.116 0.0575 0.0954 0.8819
224.156 0.0522 0.0941 0.8559
224.196 0.0451 0.0941 0.8559
224.234 0.0396 0.0941 0.8559
224.278 0.0386 0.0932 0.8559
224.317 0.0391 0.0948 0.8559
224.357 0.0361 0.0889 0.8735
224.397 0.0358 0.0949 0.8502
224.434 0.0350 0.0889 0.8668
224.478 0.0351 0.0894 0.8315
224.518 0.0353 0.0894 0.8315
224.558 0.0298 0.0894 0.8585
224.598 0.0237 0.0923 0.8585
224.637 0.0198 0.0945 0.8611
224.678 0.0172 0.0929 0.8659
224.718 0.0137 0.0945 0.8611
224.759 0.0097 0.0946 0.8854
224.800 0.0087 0.0953 0.8604
224.839 0.0100 0.0906 0.8449
224.878 0.0094 0.0899 0.8396
224.920 0.0085 0.0904 0.8286
224.960 0.0106 0.0897 0.8434
225.000 0.0127 0.0941 0.8333
225.040 0.0142 0.0945 0.8321
225.077 0.0189 0.0910 0.8165
225.122 0.0292 0.0889 0.8169
225.161 0.0381 0.0841 0.8326
225.200 0.0452 0.0889 0.8310
225.241 0.0481 0.0859 0.8326
225.278 0.0512 0.0885 0.8326
225.322 0.0543 0.0901 0.8326
225.361 0.0555 0.0901 0.8315
225.402 0.0622 0.0906 0.8266
225.441 0.0667 0.0902 0.8286
225.480 0.0687 0.0948 0.8315
225.522 0.0713 0.0928 0.8315
225.562 0.0748 0.0918 0.8315
225.602 0.0809 0.0877 0.8176
225.642 0.0843 0.0929 0.8562
225.681 0.0885 0.0914 0.8299
225.721 0.0937 0.0867 0.8436
225.763 0.1016 0.0854 0.8250
225.803 0.1074 0.0889 0.8355
225.843 0.1141 0.0869 0.8278
225.883 0.1196 0.0908 0.8355
225.921 0.1209 0.0903 0.8038
225.965 0.1225 0.0872 0.8079
226.004 0.1274 0.0852 0.8038
226.045 0.1323 0.0903 0.8349
226.084 0.1366 0.0890 0.8449
226.121 0.1370 0.0891 0.8835
226.164 0.1308 0.0900 0.8560
226.205 0.1284 0.0887 0.8685
226.245 0.1251 0.0863 0.8625
226.285 0.1222 0.0907 0.8676
226.324 0.1192 0.0920 0.8536
226.364 0.1162 0.0865 0.8120
226.405 0.1129 0.0883 0.8375
226.446 0.1129 0.0883 0.8326
226.486 0.1116 0.0868 0.8306
226.525 0.1082 0.0926 0.8306
226.565 0.0995 0.0869 0.8576
226.606 0.0943 0.0860 0.8593
226.646 0.1002 0.0860 0.8306
226.686 0.1048 0.0856 0.8487
226.726 0.1080 0.0856 0.8749
226.763 0.1115 0.0893 0.8573
226.806 0.1140 0.0879 0.8573
226.847 0.1167 0.0836 0.8609
226.887 0.1185 0.0842 0.8196
226.927 0.1217 0.0847 0.8259
226.965 0.1219 0.0895 0.8295
227.008 0.1226 0.0902 0.8380
227.049 0.1263 0.0898 0.8380
227.089 0.1302 0.0861 0.7989
227.128 0.1336 0.0841 0.8488
227.168 0.1333 0.0877 0.8556
227.210 0.1354 0.0879 0.8578
227.249 0.1363 0.0895 0.8666
227.289 0.1341 0.0873 0.8696
227.329 0.1311 0.0871 0.8635
227.369 0.1298 0.0875 0.8880
227.408 0.1283 0.0858 0.8742
227.449 0.1279 0.0876 0.8599
227.490 0.1287 0.0834 0.8850
227.530 0.1282 0.0882 0.8960
227.569 0.1326 0.0871 0.8716
227.607 0.1308 0.0834 0.8944
227.650 0.1276 0.0838 0.8718
227.691 0.1274 0.0845 0.8718
227.731 0.1218 0.0828 0.8718
227.770 0.1207 0.0849 0.8369
227.807 0.1188 0.0857 0.8639
227.851 0.1220 0.0857 0.9023
227.891 0.1242 0.0825 0.9097
227.931 0.1256 0.0825 0.9097
227.971 0.1239 0.0819 0.9138
228.010 0.1236 0.0803 0.8779
228.052 0.1219 0.0826 0.8605
228.092 0.1160 0.0845 0.8966
228.133 0.1104 0.0849 0.8586
228.173 0.1085 0.0812 0.8732
228.213 0.1078 0.0800 0.8629
228.252 0.1053 0.0854 0.8546
228.293 0.1060 0.0846 0.8854
228.333 0.1052 0.0862 0.8720
228.374 0.0985 0.0794 0.8734
228.413 0.0959 0.0809 0.8584
228.450 0.0928 0.0818 0.8653
228.494 0.0940 0.0841 0.8852
228.534 0.0935 0.0839 0.8986
228.574 0.0952 0.0844 0.8996
228.614 0.1000 0.0821 0.8898
228.651 0.1015 0.0827 0.8845
228.694 0.1035 0.0848 0.8632
228.735 0.1073 0.0837 0.9025
228.775 0.1120 0.0840 0.8731
228.815 0.1163 0.0818 0.8791
228.854 0.1254 0.0842 0.8522
228.895 0.1301 0.0853 0.8913
228.936 0.1389 0.0887 0.8963
228.976 0.1451 0.0838 0.9129
229.015 0.1495 0.0830 0.9052
229.054 0.1513 0.0830 0.9075
229.094 0.1544 0.0879 0.8915
229.136 0.1572 0.0866 0.8925
229.176 0.1567 0.0905 0.9409
229.217 0.1517 0.0896 0.9108
229.257 0.1476 0.0862 0.9345
229.294 0.1414 0.0870 0.8510
229.338 0.1351 0.0854 0.9001
229.378 0.1352 0.0880 0.9160
229.418 0.1326 0.0890 0.8695
229.458 0.1296 0.0895 0.8308
229.494 0.1257 0.0871 0.8466
229.539 0.1242 0.0873 0.8316
229.579 0.1252 0.0870 0.8652
229.619 0.1230 0.0877 0.8905
229.658 0.1209 0.0875 0.8905
229.697 0.1229 0.0875 0.8842
229.739 0.1291 0.0839 0.8662
229.779 0.1325 0.0871 0.8645
229.819 0.1321 0.0877 0.8782
229.859 0.1312 0.0855 0.9041
229.898 0.1288 0.0855 0.9071
229.938 0.1266 0.0847 0.9175
229.980 0.1265 0.0859 0.9175
230.020 0.1249 0.0876 0.8704
230.060 0.1229 0.0851 0.8866
230.099 0.1253 0.0851 0.9368
230.137 0.1259 0.0839 0.9463
230.180 0.1275 0.0828 0.8647
230.221 0.1243 0.0828 0.8548
230.261 0.1236 0.0839 0.8726
230.300 0.1276 0.0848 0.8716
230.338 0.1276 0.0820 0.8959
230.382 0.1267 0.0818 0.8716
230.422 0.1264 0.0818 0.8716
230.462 0.1259 0.0865 0.8780
230.502 0.1264 0.0856 0.8748
230.541 0.1301 0.0834 0.8966
230.583 0.1357 0.0813 0.8847
230.623 0.1447 0.0813 0.8772
230.663 0.1532 0.0829 0.8725
230.702 0.1590 0.0841 0.8725
230.742 0.1614 0.0838 0.8799
230.782 0.1616 0.0817 0.9172
230.823 0.1669 0.0813 0.8944
230.863 0.1731 0.0828 0.8635
230.903 0.1755 0.0864 0.9282
230.943 0.1763 0.0836 0.8917
230.980 0.1741 0.0834 0.9125
231.025 0.1704 0.0822 0.8758
231.064 0.1608 0.0826 0.8593
231.104 0.1486 0.0846 0.8838
231.144 0.1372 0.0849 0.9296
231.181 0.1309 0.0882 0.8763
231.225 0.1273 0.0799 0.8433
231.265 0.1294 0.0796 0.9053
231.305 0.1275 0.0811 0.8995
231.345 0.1213 0.0844 0.9063
231.384 0.1184 0.0799 0.8935
231.425 0.1124 0.0818 0.8883
231.466 0.1133 0.0817 0.8737
231.506 0.1133 0.0815 0.9334
231.546 0.1141 0.0821 0.9144
231.586 0.1129 0.0826 0.8933
231.625 0.1141 0.0809 0.8945
231.667 0.1150 0.0783 0.8790
231.707 0.1162 0.0786 0.8840
231.747 0.1132 0.0770 0.8682
231.787 0.1115 0.0822 0.8932
231.824 0.1106 0.0831 0.8932
231.868 0.1108 0.0791 0.8934
231.908 0.1162 0.0790 0.8967
231.948 0.1203 0.0753 0.9131
231.987 0.1254 0.0790 0.9283
232.024 0.1280 0.0806 0.9390
232.068 0.1312 0.0840 0.8753
232.109 0.1351 0.0800 0.9196
232.148 0.1391 0.0782 0.9316
232.188 0.1368 0.0827 0.8446
232.227 0.1370 0.0863 0.8499
232.269 0.1366 0.0784 0.9002
232.309 0.1391 0.0867 0.8527
232.349 0.1412 0.0811 0.8628
232.389 0.1408 0.0788 0.8706
232.428 0.1425 0.0758 0.8762
232.468 0.1404 0.0832 0.8817
232.509 0.1410 0.0768 0.8598
232.550 0.1433 0.0766 0.8787
232.590 0.1462 0.0780 0.9116
232.630 0.1458 0.0793 0.8947
232.667 0.1485 0.0812 0.9095
232.712 0.1530 0.0812 0.8857
232.751 0.1563 0.0784 0.9097
232.791 0.1564 0.0807 0.8600
232.831 0.1590 0.0815 0.8789
232.868 0.1596 0.0841 0.8988
232.912 0.1541 0.0833 0.8903
232.952 0.1521 0.0840 0.8684
232.992 0.1497 0.0824 0.8825
233.032 0.1477 0.0829 0.8843
233.071 0.1496 0.0829 0.8716
233.112 0.1480 0.0876 0.8600
233.152 0.1486 0.0836 0.8697
233.193 0.1496 0.0825 0.8820
233.232 0.1457 0.0854 0.8721
233.272 0.1457 0.0863 0.8433
233.312 0.1407 0.0883 0.8806
233.353 0.1368 0.0868 0.8805
233.393 0.1364 0.0974 0.9088
233.433 0.1370 0.0861 0.8638
233.473 0.1328 0.0885 0.8895
233.510 0.1317 0.0909 0.9073
233.555 0.1248 0.0912 0.9146
233.594 0.1184 0.0872 0.9303
233.634 0.1128 0.0911 0.8398
233.674 0.1083 0.0899 0.8578
233.711 0.1052 0.0886 0.8899
233.756 0.1050 0.0958 0.8709
233.796 0.1056 0.0958 0.8709
233.836 0.1094 0.0941 0.8846
233.875 0.1118 0.0938 0.8711
233.914 0.1086 0.0902 0.8490
233.955 0.1092 0.0944 0.8681
233.996 0.1084 0.0921 0.8868
234.036 0.1096 0.0926 0.8328
234.076 0.1129 0.0951 0.8747
234.116 0.1153 0.0920 0.8692
234.155 0.1146 0.0912 0.9041
234.197 0.1136 0.0929 0.8715
234.237 0.1121 0.0974 0.8589
234.277 0.1145 0.0923 0.8593
234.316 0.1130 0.0927 0.8593
234.354 0.1109 0.0903 0.8622
234.398 0.1107 0.0958 0.8143
234.437 0.1133 0.0939 0.8493
234.478 0.1152 0.0932 0.8522
234.517 0.1165 0.0942 0.8616
234.554 0.1174 0.0916 0.8665
234.598 0.1181 0.0940 0.8315
234.638 0.1162 0.0943 0.8904
234.678 0.1166 0.0949 0.8873
234.718 0.1154 0.0974 0.8701
234.758 0.1132 0.0990 0.8253
234.799 0.1086 0.0925 0.8753
234.840 0.1071 0.0965 0.9077
234.880 0.1070 0.0954 0.9077
234.920 0.1062 0.0981 0.9077
234.959 0.1069 0.0962 0.8807
234.999 0.1042 0.0959 0.8679
235.040 0.0997 0.0987 0.8793
235.081 0.0991 0.1022 0.8855
235.121 0.0989 0.0990 0.8859
235.160 0.1002 0.0977 0.8593
235.197 0.1040 0.0935 0.8673
235.242 0.1068 0.0975 0.8671
235.281 0.1124 0.0972 0.8703
235.321 0.1166 0.0988 0.8759
235.361 0.1219 0.0993 0.8759
235.397 0.1242 0.0930 0.8513
235.441 0.1238 0.0966 0.8945
235.482 0.1269 0.0989 0.8629
235.522 0.1298 0.0950 0.9112
235.562 0.1323 0.0991 0.8809
235.600 0.1350 0.0929 0.9039
235.641 0.1345 0.0983 0.8903
235.682 0.1341 0.0944 0.8723
235.723 0.1308 0.0964 0.8799
235.762 0.1291 0.0956 0.8978
235.802 0.1257 0.0938 0.8867
235.842 0.1242 0.0937 0.8818
235.883 0.1231 0.0927 0.8758
235.924 0.1245 0.0934 0.9006
235.964 0.1249 0.0936 0.8987
236.004 0.1250 0.0957 0.8516
236.041 0.1234 0.0923 0.8828
236.084 0.1215 0.0913 0.8741
236.124 0.1251 0.0999 0.8738
236.165 0.1290 0.1021 0.8747
236.205 0.1352 0.0936 0.9039
236.241 0.1389 0.0934 0.8653
236.286 0.1392 0.0925 0.8601
236.325 0.1389 0.0923 0.8655
236.365 0.1358 0.0946 0.8179
236.405 0.1324 0.0930 0.8860
236.444 0.1315 0.0938 0.8595
236.486 0.1282 0.0953 0.8391
236.526 0.1301 0.0909 0.8761
236.566 0.1334 0.0913 0.8945
236.606 0.1332 0.0911 0.8861
236.645 0.1287 0.0938 0.8689
236.685 0.1226 0.0926 0.9033
236.726 0.1136 0.0903 0.8832
236.767 0.1128 0.0914 0.8589
236.807 0.1106 0.0922 0.8846
236.846 0.1106 0.0951 0.8946
236.884 0.1161 0.0931 0.8819
236.927 0.1162 0.0929 0.8647
236.967 0.1173 0.0911 0.8647
237.008 0.1193 0.0944 0.9008
237.048 0.1190 0.0942 0.8801
237.085 0.1229 0.0948 0.8781
237.129 0.1239 0.0921 0.9101
237.169 0.1276 0.0910 0.9116
237.209 0.1343 0.0909 0.8924
237.249 0.1405 0.0960 0.8869
237.288 0.1420 0.0920 0.8842
237.330 0.1432 0.0934 0.9049
237.370 0.1434 0.0936 0.8969
237.410 0.1420 0.0917 0.8922
237.449 0.1434 0.0911 0.9132
237.489 0.1429 0.0925 0.9315
237.529 0.1410 0.0928 0.9121
237.570 0.1359 0.0917 0.9116
237.610 0.1334 0.0907 0.8832
237.650 0.1340 0.0920 0.8826
237.690 0.1344 0.0942 0.8830
237.727 0.1288 0.0914 0.9108
237.771 0.1248 0.0919 0.9158
237.811 0.1238 0.0900 0.9038
237.851 0.1249 0.0893 0.8830
237.891 0.1231 0.0922 0.9160
237.927 0.1212 0.0941 0.9329
237.971 0.1207 0.0887 0.9220
238.012 0.1183 0.0868 0.9137
238.052 0.1210 0.0851 0.9293
238.092 0.1253 0.0868 0.8859
238.131 0.1290 0.0920 0.9265
238.172 0.1286 0.0896 0.9265
238.213 0.1341 0.0872 0.9479
238.253 0.1404 0.0865 0.9446
238.293 0.1474 0.0870 0.9358
238.332 0.1494 0.0886 0.9362
238.372 0.1515 0.0891 0.9105
238.414 0.1572 0.0857 0.9158
238.454 0.1587 0.0861 0.8898
238.494 0.1657 0.0870 0.8898
238.534 0.1673 0.0880 0.9070
238.571 0.1631 0.0896 0.8793
238.614 0.1616 0.0885 0.8905
238.655 0.1611 0.0901 0.9322
238.695 0.1596 0.0832 0.9290
238.734 0.1588 0.0842 0.9031
238.771 0.1571 0.0891 0.8915
238.816 0.1554 0.0899 0.9215
238.855 0.1573 0.0950 0.8945
238.895 0.1593 0.0919 0.8851
238.935 0.1628 0.0900 0.9151
238.974 0.1644 0.0893 0.8713
239.016 0.1642 0.0929 0.8827
239.056 0.1687 0.0929 0.8823
239.096 0.1704 0.0944 0.8922
239.136 0.1715 0.0928 0.8647
239.175 0.1726 0.0936 0.8503
239.216 0.1669 0.0943 0.8892
239.257 0.1651 0.0954 0.8867
239.297 0.1639 0.0956 0.8902
239.338 0.1658 0.0961 0.8949
239.377 0.1653 0.0946 0.9253
239.414 0.1601 0.0983 0.9009
239.458 0.1563 0.0992 0.9236
239.498 0.1550 0.0986 0.9236
239.538 0.1547 0.0986 0.9277
239.578 0.1532 0.0979 0.9228
239.615 0.1511 0.0949 0.8965
239.659 0.1505 0.0971 0.9032
239.699 0.1515 0.0981 0.9374
239.739 0.1505 0.0975 0.9346
239.779 0.1531 0.0993 0.9152
239.818 0.1497 0.0942 0.9013
239.859 0.1459 0.0962 0.9456
239.900 0.1479 0.1036 0.8821
239.940 0.1506 0.0968 0.9120
239.979 0.1500 0.0980 0.9132
240.019 0.1468 0.0947 0.9089
240.059 0.1445 0.0930 0.9068
240.100 0.1406 0.1034 0.8994
240.140 0.1322 0.1000 0.9089
240.180 0.1297 0.0961 0.9080
240.220 0.1302 0.0928 0.9461
240.258 0.1265 0.0911 0.9339
240.300 0.1241 0.0995 0.8945
240.342 0.1207 0.0928 0.9392
240.382 0.1187 0.0915 0.9246
240.421 0.1151 0.0907 0.9406
240.459 0.1129 0.0900 0.9466
240.502 0.1163 0.0909 0.9245
240.542 0.1234 0.0916 0.9313
240.583 0.1294 0.0982 0.9092
240.650 0.1362 0.0957 0.9043
240.701 0.1403 0.0939 0.9465
240.742 0.1407 0.0943 0.9310
240.783 0.1389 0.0965 0.9404
240.823 0.1396 0.0977 0.9060
240.863 0.1373 0.0953 0.9243
240.902 0.1344 0.0953 0.9124
240.942 0.1361 0.0937 0.9243
240.983 0.1368 0.0958 0.9243
241.024 0.1307 0.0961 0.8771
241.064 0.1273 0.0971 0.8872
241.103 0.1244 0.0960 0.9397
241.141 0.1245 0.0950 0.9271
241.184 0.1273 0.0952 0.9048
241.224 0.1286 0.0978 0.9185
241.264 0.1318 0.0975 0.9087
241.304 0.1348 0.0964 0.9013
241.342 0.1368 0.0975 0.9616
241.384 0.1408 0.0976 0.9415
241.425 0.1396 0.0991 0.8879
241.466 0.1386 0.1000 0.9211
241.506 0.1369 0.0974 0.9236
241.545 0.1343 0.0948 0.9501
241.587 0.1342 0.0948 0.9441
241.626 0.1377 0.0960 0.9088
241.667 0.1313 0.0953 0.9235
241.706 0.1272 0.0973 0.9203
241.746 0.1284 0.0966 0.9321
241.786 0.1300 0.0966 0.9265
241.827 0.1311 0.0975 0.8886
241.867 0.1341 0.0976 0.9108
241.907 0.1379 0.0976 0.9158
241.947 0.1379 0.0992 0.9312
241.984 0.1390 0.0968 0.8841
242.027 0.1434 0.0934 0.9005
242.068 0.1513 0.0960 0.9076
242.108 0.1551 0.1001 0.9039
242.148 0.1600 0.0917 0.8843
242.185 0.1650 0.0899 0.9057
242.229 0.1728 0.0911 0.8995
242.269 0.1745 0.0889 0.8613
242.309 0.1756 0.0962 0.8979
242.349 0.1748 0.0945 0.8866
242.388 0.1736 0.0955 0.9113
242.429 0.1743 0.0930 0.8950
242.469 0.1777 0.0942 0.8833
242.509 0.1822 0.0954 0.8822
242.550 0.1805 0.0954 0.8988
242.589 0.1788 0.0918 0.8919
242.630 0.1762 0.0906 0.8958
242.671 0.1801 0.0949 0.8722
242.711 0.1774 0.0937 0.8981
242.751 0.1732 0.0965 0.9172
242.790 0.1703 0.0956 0.8733
242.828 0.1663 0.0920 0.9108
242.872 0.1627 0.0906 0.9172
242.912 0.1626 0.0934 0.9097
242.952 0.1601 0.0945 0.8805
242.991 0.1524 0.0933 0.8863
243.028 0.1457 0.0910 0.8872
243.073 0.1368 0.0909 0.8653
243.112 0.1344 0.0921 0.8653
243.152 0.1289 0.0922 0.8529
243.192 0.1244 0.0959 0.8883
243.231 0.1205 0.0930 0.8913
243.273 0.1193 0.0946 0.8916
243.313 0.1228 0.0921 0.8916
243.353 0.1266 0.0902 0.9073
243.393 0.1265 0.0930 0.8912
243.432 0.1240 0.0922 0.8616
243.472 0.1252 0.0913 0.9179
243.513 0.1316 0.0909 0.9041
243.554 0.1363 0.0900 0.9128
243.594 0.1387 0.0900 0.9128
243.633 0.1411 0.0949 0.9063
243.672 0.1417 0.0962 0.9066
243.715 0.1425 0.0944 0.9056
243.755 0.1482 0.0949 0.9315
243.795 0.1492 0.0950 0.9007
243.835 0.1504 0.0951 0.9189
243.872 0.1470 0.0956 0.8919
243.916 0.1488 0.0911 0.9188
243.956 0.1500 0.0931 0.9075
243.996 0.1459 0.0914 0.9251
244.036 0.1421 0.0911 0.9375
244.075 0.1394 0.0953 0.8885
244.115 0.1355 0.0941 0.9479
244.157 0.1411 0.0951 0.8716
244.197 0.1423 0.0945 0.9116
244.366 0.1436 0.0956 0.9265
244.396 0.1466 0.0948 0.8803
244.436 0.1519 0.0971 0.8684
244.477 0.1523 0.0962 0.8759
244.517 0.1507 0.0988 0.9185
244.559 0.1538 0.0963 0.9009
244.597 0.1549 0.0926 0.9194
244.635 0.1491 0.0942 0.9015
244.678 0.1480 0.0911 0.9159
244.718 0.1469 0.0946 0.9142
244.759 0.1429 0.0918 0.9197
244.799 0.1476 0.0917 0.9285
244.836 0.1499 0.0924 0.9198
244.880 0.1476 0.0920 0.9171
244.920 0.1425 0.0937 0.9330
244.960 0.1433 0.0993 0.9182
245.000 0.1470 0.0975 0.9120
245.040 0.1460 0.0931 0.9093
245.081 0.1458 0.0944 0.9088
245.121 0.1504 0.0947 0.9022
245.161 0.1515 0.0966 0.9032
245.200 0.1513 0.0962 0.9222
245.240 0.1546 0.0991 0.9352
245.280 0.1512 0.0978 0.9280
245.321 0.1512 0.0925 0.9336
245.361 0.1573 0.0967 0.9233
245.401 0.1639 0.0961 0.9233
245.441 0.1678 0.0960 0.9655
245.478 0.1690 0.0943 0.9675
245.523 0.1751 0.0920 0.9348
245.562 0.1768 0.0923 0.9393
245.602 0.1781 0.0935 0.9457
245.641 0.1805 0.0928 0.9285
245.679 0.1845 0.0924 0.9221
245.723 0.1900 0.0912 0.9143
245.762 0.1986 0.0919 0.9419
245.803 0.1992 0.0885 0.9462
245.842 0.1985 0.0918 0.9269
245.883 0.1976 0.0901 0.8854
245.924 0.1943 0.0903 0.9279
245.964 0.1910 0.0907 0.9256
246.004 0.1854 0.0938 0.8921
246.044 0.1855 0.0947 0.9145
246.083 0.1860 0.0964 0.8807
246.123 0.1837 0.0933 0.9171
246.164 0.1838 0.0929 0.9094
246.205 0.1792 0.0932 0.9083
246.245 0.1707 0.0979 0.8735
246.284 0.1711 0.0973 0.9194
246.322 0.1689 0.0956 0.8632
246.366 0.1677 0.0956 0.8866
246.405 0.1647 0.0921 0.8965
246.445 0.1684 0.0953 0.8835
246.485 0.1747 0.0943 0.8899
246.522 0.1779 0.0928 0.9306
246.567 0.1780 0.0925 0.8832
246.606 0.1796 0.0922 0.8924
246.646 0.1826 0.0904 0.9272
246.686 0.1833 0.0938 0.8914
246.725 0.1858 0.0956 0.9041
246.766 0.1867 0.0931 0.9299
246.807 0.1858 0.0927 0.9331
246.847 0.1890 0.0912 0.9548
246.887 0.1917 0.0925 0.9382
246.926 0.1896 0.0980 0.9426
246.967 0.1834 0.0994 0.9296
247.008 0.1804 0.0961 0.9516
247.048 0.1812 0.0921 0.9151
247.088 0.1811 0.0970 0.8671
247.128 0.1792 0.0961 0.9472
247.165 0.1761 0.1004 0.9295
247.210 0.1760 0.0961 0.9134
247.249 0.1715 0.0952 0.9503
247.289 0.1735 0.0950 0.9486
247.329 0.1720 0.0953 0.9205
247.366 0.1663 0.0952 0.9194
247.410 0.1661 0.0988 0.9414
247.450 0.1679 0.1014 0.9399
247.490 0.1668 0.0995 0.9399
247.530 0.1599 0.0971 0.9560
247.570 0.1563 0.0984 0.9531
247.610 0.1532 0.0978 0.9432
247.650 0.1506 0.0986 0.9431
247.691 0.1441 0.0971 0.9280
247.730 0.1435 0.0944 0.9108
247.769 0.1424 0.0974 0.8933
247.809 0.1373 0.0965 0.9335
247.851 0.1331 0.0976 0.9569
247.891 0.1272 0.0930 0.9616
247.931 0.1235 0.0932 0.9138
247.971 0.1206 0.0953 0.9439
248.009 0.1195 0.0999 0.9194
248.052 0.1183 0.1009 0.9464
248.092 0.1139 0.0979 0.9444
248.133 0.1113 0.0964 0.9167
248.172 0.1117 0.0940 0.8985
248.209 0.1113 0.0926 0.8963
248.254 0.1092 0.0951 0.9154
248.293 0.1061 0.0949 0.9106
248.333 0.1037 0.0954 0.8968
248.373 0.1022 0.0941 0.9151
248.413 0.0987 0.0951 0.8901
248.454 0.0940 0.0985 0.9038
248.494 0.0932 0.0974 0.9001
248.534 0.0933 0.0989 0.9001
248.574 0.0909 0.0977 0.9091
248.613 0.0876 0.0965 0.8777
248.653 0.0858 0.0971 0.9005
248.694 0.0830 0.0986 0.9163
248.735 0.0776 0.0974 0.9087
248.775 0.0762 0.0962 0.9025
248.814 0.0777 0.0951 0.9087
248.852 0.0791 0.0969 0.9056
248.896 0.0821 0.0943 0.9037
248.935 0.0876 0.0978 0.9309
248.975 0.0908 0.0971 0.9215
249.015 0.0916 0.0974 0.8993
249.052 0.0944 0.0967 0.8855
249.096 0.1016 0.0994 0.9027
249.136 0.1052 0.1021 0.8941
249.176 0.1036 0.1011 0.9027
249.217 0.1042 0.0997 0.8998
249.257 0.1076 0.0927 0.9044
249.298 0.1093 0.0929 0.8834
249.337 0.1100 0.0978 0.8834
249.377 0.1136 0.0979 0.8847
249.462 0.1120 0.0987 0.8972
249.497 0.1139 0.0965 0.9052
249.537 0.1165 0.1004 0.9160
249.578 0.1177 0.0953 0.9229
249.618 0.1176 0.0951 0.9189
249.659 0.1224 0.0937 0.9121
249.698 0.1296 0.0925 0.9239
249.736 0.1314 0.0938 0.9179
249.780 0.1324 0.0927 0.9249
249.819 0.1324 0.0941 0.9126
249.859 0.1272 0.0930 0.8729
249.899 0.1260 0.0916 0.9122
249.936 0.1256 0.0931 0.9122
249.980 0.1246 0.0960 0.9039
250.020 0.1246 0.0996 0.8879
250.060 0.1203 0.0962 0.8829
250.099 0.1170 0.0976 0.8879
250.140 0.1146 0.0920 0.8747
250.180 0.1128 0.0927 0.8907
250.220 0.1151 0.0958 0.9201
250.260 0.1129 0.0955 0.9047
250.300 0.1146 0.0949 0.9056
250.341 0.1174 0.0928 0.8773
250.380 0.1205 0.0928 0.8773
250.422 0.1252 0.0976 0.8639
250.462 0.1299 0.0977 0.8909
250.502 0.1282 0.0968 0.8565
250.541 0.1330 0.0933 0.8955
250.580 0.1355 0.0935 0.8426
250.623 0.1405 0.0930 0.8656
250.663 0.1428 0.0964 0.9032
250.702 0.1413 0.0952 0.9032
250.742 0.1388 0.0969 0.8746
250.779 0.1344 0.0932 0.8613
250.824 0.1317 0.0906 0.8613
250.863 0.1303 0.0922 0.8773
250.903 0.1275 0.1001 0.9182
250.943 0.1222 0.0950 0.8973
250.983 0.1187 0.1033 0.9159
251.024 0.1106 0.0964 0.8932
251.064 0.1078 0.0926 0.8995
251.104 0.1073 0.0959 0.9092
251.144 0.1036 0.0949 0.9092
251.183 0.0966 0.0938 0.8922
251.223 0.0946 0.0940 0.8902
251.264 0.0974 0.0938 0.8866
251.305 0.0990 0.0939 0.9019
251.344 0.0998 0.0939 0.9402
251.384 0.0970 0.0993 0.8942
251.423 0.0947 0.0950 0.9063
251.467 0.0963 0.0964 0.8803
251.506 0.1040 0.1026 0.8992
251.546 0.1078 0.0977 0.9222
251.586 0.1020 0.0956 0.9859
251.623 0.1007 0.0974 0.8919
251.667 0.0984 0.0976 0.8919
251.707 0.1001 0.1005 0.9235
251.747 0.1003 0.0966 0.9219
251.787 0.0995 0.0956 0.9219
251.827 0.0983 0.0969 0.9306
251.867 0.1034 0.0977 0.9063
251.907 0.1058 0.0942 0.9544
251.948 0.1099 0.0980 0.9511
251.987 0.1099 0.1036 0.9216
252.027 0.1075 0.0989 0.9450
252.067 0.1095 0.1004 0.9216
252.108 0.1105 0.0997 0.8979
252.148 0.1140 0.0980 0.9002
252.188 0.1178 0.0990 0.9449
252.228 0.1171 0.1030 0.9162
252.265 0.1199 0.1004 0.9253
252.308 0.1229 0.0969 0.9392
252.349 0.1215 0.0948 0.9232
252.389 0.1176 0.1002 0.9310
252.429 0.1157 0.1024 0.8912
252.467 0.1120 0.1001 0.9318
252.509 0.1091 0.0981 0.9400
252.550 0.1088 0.0940 0.9203
252.591 0.1081 0.0966 0.9282
252.630 0.1105 0.0992 0.9277
252.669 0.1081 0.1004 0.9202
252.710 0.1084 0.1016 0.9229
252.751 0.1075 0.0998 0.8936
252.791 0.1057 0.0961 0.9222
252.831 0.1070 0.0989 0.9295
252.871 0.1092 0.0992 0.9233
252.910 0.1102 0.1004 0.9059
252.951 0.1128 0.0982 0.9172
252.992 0.1175 0.0972 0.8912
253.032 0.1271 0.0946 0.9466
253.071 0.1320 0.0950 0.9428
253.109 0.1319 0.0994 0.9028
253.152 0.1351 0.0963 0.9122
253.193 0.1397 0.0956 0.9062
253.233 0.1428 0.0972 0.9355
253.272 0.1481 0.0973 0.9054
253.309 0.1432 0.0979 0.9025
253.353 0.1462 0.0976 0.8955
253.393 0.1472 0.0977 0.9179
253.433 0.1451 0.0965 0.9189
253.473 0.1422 0.0958 0.9002
253.513 0.1343 0.0978 0.8929
253.554 0.1297 0.0988 0.8907
253.594 0.1272 0.1007 0.8705
253.634 0.1232 0.0989 0.9224
253.675 0.1222 0.0975 0.8756
253.713 0.1219 0.1021 0.8575
253.754 0.1180 0.1009 0.8488
253.795 0.1173 0.0999 0.8701
253.835 0.1133 0.0990 0.8923
253.875 0.1101 0.0991 0.8833
253.915 0.1146 0.0952 0.8404
253.952 0.1166 0.1007 0.8847
253.997 0.1220 0.0971 0.9011
254.036 0.1235 0.0989 0.8892
254.076 0.1256 0.0990 0.8935
254.116 0.1296 0.0958 0.8823
254.153 0.1325 0.0955 0.9335
254.197 0.1282 0.0961 0.9216
254.237 0.1266 0.0950 0.8851
254.277 0.1282 0.0958 0.9269
254.317 0.1329 0.0941 0.9102
254.356 0.1388 0.0982 0.8889
254.397 0.1331 0.0954 0.9369
254.437 0.1372 0.0969 0.9197
254.478 0.1355 0.0937 0.8765
254.517 0.1358 0.0928 0.9297
254.557 0.1342 0.0904 0.9099
254.597 0.1370 0.0951 0.9027
254.651 0.1358 0.0991 0.9377
254.678 0.1411 0.0990 0.9402
254.718 0.1457 0.0975 0.9115
254.758 0.1519 0.0957 0.9082
254.796 0.1522 0.0956 0.8765
254.840 0.1474 0.0983 0.8966
254.880 0.1526 0.1004 0.9049
254.920 0.1492 0.1003 0.8863
254.959 0.1446 0.0984 0.8629
254.996 0.1398 0.0978 0.8949
255.040 0.1358 0.0974 0.8961
255.080 0.1283 0.0996 0.8999
255.120 0.1249 0.0990 0.8802
255.160 0.1154 0.0996 0.9048
255.200 0.1064 0.0968 0.8912
255.241 0.0947 0.0962 0.9095
255.281 0.0864 0.0985 0.9135
255.321 0.0821 0.0987 0.9293
255.361 0.0757 0.0982 0.9252
255.571 0.0632 0.0972 0.8939
255.600 0.0605 0.1001 0.9200
255.641 0.0609 0.0963 0.9132
255.682 0.0615 0.0962 0.9282
255.722 0.0596 0.0966 0.9122
255.761 0.0571 0.0987 0.9356
255.800 0.0595 0.0961 0.8929
255.843 0.0599 0.0972 0.9019
255.883 0.0581 0.0950 0.9019
255.924 0.0613 0.0973 0.9052
255.963 0.0645 0.0990 0.9052
256.000 0.0680 0.0957 0.8749
256.045 0.0701 0.0956 0.8983
256.084 0.0750 0.0949 0.8959
256.124 0.0747 0.0963 0.8949
256.164 0.0750 0.0950 0.9029
256.203 0.0776 0.0953 0.9605
256.245 0.0835 0.0962 0.9239
256.285 0.0855 0.0990 0.9239
256.325 0.0867 0.1047 0.9052
256.364 0.0871 0.1035 0.9534
256.404 0.0880 0.1098 0.9372
256.444 0.0886 0.1056 0.9225
256.485 0.0892 0.1074 0.9523
256.526 0.0895 0.1089 0.9565
256.565 0.0885 0.1036 0.9411
256.605 0.0907 0.1088 0.9268
256.642 0.0919 0.1089 0.9268
256.687 0.0913 0.1068 0.9257
256.726 0.0940 0.1069 0.8998
256.767 0.0923 0.1030 0.9111
256.806 0.0902 0.1038 0.9391
256.843 0.0924 0.1061 0.9378
256.887 0.0962 0.1056 0.9378
256.927 0.0962 0.1056 0.9134
256.967 0.0962 0.1018 0.9414
257.008 0.0971 0.1023 0.9252
257.048 0.0959 0.1043 0.9435
257.088 0.0913 0.1043 0.9008
257.128 0.0905 0.1016 0.9422
257.168 0.0922 0.1024 0.9389
257.208 0.0906 0.1023 0.9389
257.248 0.0921 0.1033 0.9378
257.287 0.0964 0.1063 0.9576
257.329 0.0975 0.1032 0.9443
257.369 0.0973 0.1032 0.9442
257.409 0.0987 0.1015 0.9186
257.448 0.0988 0.1054 0.9512
257.486 0.0976 0.1043 0.9786
257.531 0.0950 0.1038 0.9742
257.570 0.0986 0.1055 0.9326
257.610 0.1005 0.1054 0.9352
257.649 0.1026 0.1032 0.9362
257.687 0.1039 0.1051 0.9282
257.731 0.1055 0.1061 0.9483
257.771 0.1076 0.1050 0.9213
257.811 0.1113 0.1059 0.9285
257.850 0.1084 0.1051 0.9495
257.890 0.1083 0.1038 0.9312
257.931 0.1103 0.1073 0.9285
257.971 0.1128 0.1065 0.9431
258.011 0.1186 0.1064 0.9521
258.051 0.1241 0.1024 0.9726
258.091 0.1274 0.1019 0.9360
258.131 0.1293 0.1054 0.9186
258.172 0.1337 0.1026 0.9399
258.213 0.1378 0.1036 0.9611
258.253 0.1366 0.1031 0.9259
258.292 0.1372 0.1040 0.9115
258.329 0.1418 0.1036 0.9165
258.374 0.1467 0.1057 0.9361
258.413 0.1468 0.1046 0.9359
258.453 0.1462 0.1077 0.9097
258.493 0.1428 0.1044 0.9112
258.530 0.1372 0.1055 0.9280
258.575 0.1357 0.1074 0.9247
258.614 0.1329 0.1071 0.9641
258.654 0.1304 0.1043 0.9492
258.694 0.1258 0.1020 0.9519
258.734 0.1241 0.1028 0.9399
258.775 0.1205 0.1028 0.9494
258.814 0.1184 0.1044 0.9508
258.855 0.1124 0.1036 0.9470
258.895 0.1096 0.1016 0.9470
258.934 0.1095 0.0993 0.9458
258.974 0.1132 0.0985 0.9508
259.015 0.1187 0.1000 0.9679
259.055 0.1226 0.0999 0.9284
259.095 0.1264 0.0985 0.9506
259.135 0.1269 0.0949 0.9027
259.173 0.1260 0.0971 0.8999
259.217 0.1284 0.0963 0.9409
259.257 0.1316 0.0969 0.9072
259.297 0.1327 0.0957 0.9147
259.336 0.1362 0.0946 0.9061
259.374 0.1333 0.0961 0.9290
259.418 0.1344 0.0961 0.9260
259.457 0.1298 0.0986 0.9290
259.498 0.1260 0.1004 0.9339
259.537 0.1247 0.0965 0.9271
259.578 0.1236 0.0996 0.9444
259.618 0.1238 0.0970 0.9444
259.658 0.1261 0.0965 0.9064
259.698 0.1272 0.1027 0.9209
259.738 0.1261 0.0978 0.9223
259.778 0.1247 0.0981 0.8603
259.817 0.1197 0.0981 0.8653
259.859 0.1231 0.0977 0.9099
259.899 0.1236 0.0968 0.9118
259.939 0.1280 0.1003 0.9107
259.978 0.1316 0.1008 0.9016
260.016 0.1306 0.0967 0.8736
260.060 0.1305 0.0976 0.8681
260.099 0.1319 0.1013 0.8846
260.140 0.1329 0.0993 0.9293
260.179 0.1325 0.1011 0.9241
260.217 0.1348 0.0975 0.9063
260.260 0.1390 0.0958 0.9173
260.300 0.1428 0.1003 0.9243
260.341 0.1474 0.1006 0.8835
260.381 0.1503 0.1007 0.8672
260.421 0.1492 0.0995 0.9139
260.462 0.1499 0.0969 0.9139
260.502 0.1495 0.0984 0.9368
260.542 0.1474 0.1007 0.9098
260.582 0.1440 0.0983 0.9122
260.621 0.1396 0.1009 0.9098
260.661 0.1379 0.1003 0.9078
260.702 0.1347 0.0954 0.9161
260.743 0.1294 0.0990 0.9043
260.782 0.1279 0.1007 0.9106
260.822 0.1242 0.1031 0.9002
260.860 0.1205 0.0997 0.9089
260.904 0.1190 0.0979 0.9285
260.943 0.1172 0.0954 0.9229
260.983 0.1191 0.0994 0.9133
261.023 0.1204 0.0981 0.8973
261.061 0.1234 0.0958 0.9228
261.104 0.1285 0.0941 0.9058
261.144 0.1285 0.0940 0.9176
261.184 0.1305 0.0954 0.9288
261.224 0.1317 0.0960 0.9682
261.264 0.1312 0.0953 0.9682
261.305 0.1293 0.0951 0.9394
261.344 0.1280 0.0931 0.9020
261.385 0.1259 0.0920 0.9225
261.425 0.1268 0.0987 0.9269
261.465 0.1265 0.0967 0.9278
261.504 0.1268 0.0946 0.8964
261.546 0.1258 0.0967 0.9312
261.586 0.1206 0.0961 0.9582
261.626 0.1246 0.0961 0.9481
261.666 0.1254 0.0997 0.9428
261.703 0.1295 0.0985 0.9261
261.747 0.1331 0.0967 0.9280
261.787 0.1383 0.0981 0.9306
261.827 0.1397 0.0975 0.9358
261.867 0.1409 0.0988 0.9316
261.904 0.1437 0.0983 0.9219
262.055 0.1413 0.0993 0.9366
262.108 0.1382 0.0993 0.9349
262.148 0.1368 0.0984 0.9369
262.187 0.1338 0.0982 0.9250
262.228 0.1272 0.0972 0.9500
262.269 0.1232 0.0979 0.9230
262.308 0.1214 0.0991 0.9383
262.348 0.1239 0.0975 0.9681
262.393 0.1230 0.0985 0.9109
262.428 0.1171 0.0985 0.9368
262.468 0.1171 0.0985 0.9330
262.509 0.1184 0.0964 0.9351
262.550 0.1187 0.0990 0.8891
262.590 0.1187 0.0983 0.9126
262.630 0.1198 0.0967 0.9216
262.667 0.1188 0.0966 0.9347
262.711 0.1238 0.0969 0.9269
262.751 0.1286 0.0988 0.9487
262.791 0.1286 0.1003 0.9561
262.830 0.1316 0.0984 0.9560
262.868 0.1324 0.0984 0.9417
262.912 0.1328 0.0959 0.9329
262.951 0.1325 0.0978 0.9341
262.991 0.1364 0.0988 0.9868
263.031 0.1395 0.0949 0.9165
263.071 0.1396 0.0966 0.9570
263.112 0.1413 0.0963 0.9660
263.152 0.1410 0.0968 0.9539
263.192 0.1414 0.0974 0.9284
263.232 0.1398 0.0982 0.9236
263.272 0.1380 0.0922 0.9247
263.311 0.1371 0.0953 0.9699
263.352 0.1367 0.0903 1.0232
263.393 0.1416 0.0951 0.9407
263.433 0.1461 0.0938 0.9560
263.472 0.1479 0.0912 0.9610
263.510 0.1439 0.0912 0.9462
263.554 NaN 0.0899 0.9167
263.594 NaN 0.0923 0.9157
263.633 NaN 0.0954 0.9399
263.674 NaN 0.0917 0.9344
263.711 NaN 0.0922 0.9167
263.755 NaN 0.0958 0.8945
263.795 NaN 0.0951 0.8964
263.835 NaN 0.0961 0.9148
