7.731 NaN 0.0787 0.9097
7.771 NaN 0.0799 0.9399
7.808 NaN 0.0797 0.9099
7.855 NaN 0.0776 0.9214
7.892 NaN 0.0782 0.9143
7.932 NaN 0.0812 0.9305
7.972 NaN 0.0803 0.9482
8.012 0.2869 0.0810 0.8963
8.052 0.2855 0.0792 0.9043
8.092 0.2856 0.0814 0.8989
8.133 0.2822 0.0787 0.9388
8.173 0.2771 0.0809 0.8999
8.212 0.2673 0.0818 0.9083
8.252 0.2533 0.0791 0.9423
8.294 0.2409 0.0840 0.9491
8.334 0.2315 0.0834 0.9193
8.374 0.2244 0.0866 0.9789
8.414 0.2133 0.0848 0.9518
8.451 0.2049 0.0837 0.9308
8.498 0.1947 0.0820 0.8967
8.535 0.1863 0.0832 0.9268
8.575 0.1737 0.0876 0.9510
8.614 0.1593 0.0829 0.9338
8.652 0.1455 0.0832 0.9338
8.696 0.1341 0.0809 0.9409
8.735 0.1310 0.0823 0.9379
8.776 0.1268 0.0840 0.9416
8.815 0.1236 0.0839 0.9766
8.856 0.1172 0.0853 0.9496
8.896 0.1140 0.0810 0.9351
8.936 0.1153 0.0821 0.9180
8.976 0.1163 0.0863 0.9072
9.016 0.1198 0.0879 0.9029
9.056 0.1285 0.0857 0.8899
9.096 0.1375 0.0853 0.9209
9.137 0.1496 0.0858 0.9469
9.177 0.1560 0.0882 0.9561
9.217 0.1616 0.0910 0.9379
9.257 0.1674 0.0873 0.9563
9.295 0.1709 0.0864 0.9199
9.339 0.1757 0.0847 0.9502
9.379 0.1780 0.0839 0.9452
9.419 0.1778 0.0870 0.9266
9.458 0.1776 0.0882 0.9462
9.495 0.1749 0.0908 0.9242
9.539 0.1726 0.0912 0.9294
9.579 0.1736 0.0889 0.9452
9.619 0.1698 0.0952 0.9490
9.659 0.1706 0.0955 0.9610
9.699 0.1739 0.0975 0.9528
9.740 0.1765 0.0976 0.9524
9.780 0.1788 0.0915 0.9749
9.820 0.1857 0.0932 0.9643
9.860 0.1926 0.0964 0.9483
9.899 0.1965 0.0999 0.9492
9.939 0.1996 0.1006 0.9589
9.980 0.2021 0.0987 0.9355
10.021 0.2024 0.0966 0.9105
10.061 0.1978 0.1000 0.9521
10.100 0.1968 0.1015 0.9282
10.138 0.1934 0.0996 0.9262
10.182 0.1994 0.1008 0.9144
10.221 0.2048 0.0996 0.8949
10.261 0.2107 0.0961 0.9162
10.305 0.2189 0.1015 0.9227
10.339 0.2178 0.1023 0.9365
10.383 0.2160 0.0986 0.9618
10.423 0.2163 0.0954 0.9233
10.463 0.2253 0.0973 0.9129
10.506 0.2385 0.0993 0.9114
10.542 0.2465 0.1019 0.9367
10.583 0.2510 0.1022 0.9514
10.623 0.2570 0.0998 0.9429
10.663 0.2581 0.0981 0.9512
10.703 0.2549 0.0993 0.9449
10.743 0.2534 0.0992 0.9717
10.782 0.2473 0.0986 0.9450
10.824 0.2479 0.0995 0.9541
10.864 0.2476 0.0939 0.9260
10.904 0.2546 0.0948 0.9588
10.943 0.2562 0.0974 0.9301
10.981 0.2487 0.0956 0.9385
11.025 0.2447 0.0945 0.9404
11.065 0.2440 0.0927 0.9122
11.105 0.2492 0.0913 0.9023
11.144 0.2497 0.0939 0.9080
11.181 0.2481 0.0921 0.9235
11.225 0.2474 0.0952 0.9041
11.265 0.2493 0.0957 0.8848
11.305 0.2428 0.0946 0.8929
11.345 0.2411 0.0917 0.8897
11.385 0.2374 0.0976 0.9019
11.426 0.2294 0.1020 0.8755
11.467 0.2253 0.1040 0.9618
11.507 0.2228 0.0994 0.9385
11.547 0.2223 0.0932 0.9173
11.586 0.2169 0.0982 0.9376
11.630 0.2096 0.0958 0.9370
11.667 0.2102 0.0984 0.9198
11.708 0.2105 0.0951 0.9608
11.748 0.2104 0.0960 0.9468
11.787 0.2122 0.0890 0.9519
11.824 0.2116 0.0930 0.9088
11.869 0.2145 0.0906 0.9132
11.908 0.2124 0.0941 0.9562
11.948 0.2145 0.0870 0.9298
11.988 0.2121 0.0868 0.9218
12.026 0.2087 0.0933 0.9319
12.070 0.2051 0.0898 0.9272
12.109 0.2105 0.0858 0.9691
12.149 0.2100 0.0869 0.9161
12.189 0.2075 0.0851 0.9410
12.229 0.2050 0.0829 0.9327
12.269 0.2033 0.0836 0.9693
12.318 0.2034 0.0852 0.9085
12.350 0.1998 0.0835 0.8851
12.390 0.2020 0.0866 0.9159
12.429 0.2023 0.0830 0.9192
12.468 0.1995 0.0886 0.9527
12.510 0.1973 0.0917 0.9322
12.550 0.1958 0.0864 0.9201
12.591 0.1891 0.0907 0.9132
12.631 0.1856 0.0864 0.8790
12.669 0.1814 0.0937 0.9008
12.712 0.1833 0.0929 0.9444
12.752 0.1821 0.0965 0.9132
12.792 0.1847 0.0920 0.8698
12.832 0.1840 0.0923 0.9020
12.869 0.1817 0.0888 0.8954
12.913 0.1801 0.0915 0.9001
12.953 0.1791 0.1018 0.9156
12.993 0.1794 0.1002 0.8931
13.033 0.1784 0.0961 0.8911
13.073 0.1817 0.0948 0.9289
13.113 0.1825 0.0968 0.9208
13.153 0.1902 0.1073 0.9059
13.193 0.1918 0.1069 0.9124
13.233 0.1936 0.1054 0.9082
13.273 0.1947 0.0954 0.8662
13.312 0.1948 0.1013 0.9202
13.354 0.1926 0.0995 0.9122
13.394 0.1914 0.0981 0.9325
13.434 0.1938 0.0876 0.9229
13.473 0.1996 0.0908 0.9116
13.511 0.2041 0.0935 0.9000
13.555 0.2115 0.0919 0.9056
13.595 0.2153 0.0951 0.9500
13.635 0.2149 0.0928 0.9278
13.675 0.2167 0.0856 0.8992
13.713 0.2185 0.0831 0.8922
13.757 0.2145 0.0868 0.9175
13.796 0.2130 0.0917 0.9446
13.836 0.2182 0.0915 0.8752
13.876 0.2211 0.0850 0.8986
13.916 0.2233 0.0894 0.9566
13.956 0.2246 0.0845 0.9841
13.997 0.2269 0.0883 0.9581
14.037 0.2215 0.0877 0.9380
14.077 0.2179 0.0882 0.9347
14.116 0.2148 0.0842 0.9250
14.156 0.2088 0.0879 0.9348
14.197 0.2014 0.0879 0.9760
14.238 0.1999 0.0884 0.9647
14.278 0.1978 0.0884 0.9672
14.317 0.1956 0.0867 0.9639
14.355 0.1890 0.0871 0.9467
14.399 0.1835 0.0905 0.9299
14.438 0.1771 0.0915 0.9162
14.479 0.1663 0.0910 0.9389
14.518 0.1620 0.0919 0.9044
14.555 0.1594 0.0936 0.9422
14.599 0.1597 0.0922 0.9361
14.639 0.1632 0.0932 0.9335
14.679 0.1684 0.0950 0.9341
14.719 0.1628 0.0938 0.9221
14.759 0.1656 0.0945 0.9429
14.800 0.1655 0.0929 0.9230
14.840 0.1712 0.1004 0.9205
14.881 0.1789 0.0955 0.8837
14.920 0.1843 0.0935 0.8633
14.960 0.1869 0.0929 0.8632
15.001 0.1918 0.0937 0.8885
15.041 0.1960 0.0913 0.8848
15.081 0.1972 0.0955 0.8863
15.121 0.1947 0.0978 0.8873
15.161 0.1932 0.0951 0.8706
15.198 0.1975 0.0935 0.8679
15.242 0.1964 0.0934 0.8839
15.282 0.1961 0.0950 0.8744
15.322 0.1905 0.0973 0.8796
15.361 0.1848 0.0962 0.9157
15.399 0.1760 0.0966 0.9129
15.442 0.1753 0.0948 0.9048
15.482 0.1764 0.0949 0.8813
15.523 0.1779 0.0933 0.9092
15.562 0.1744 0.0967 0.9006
15.602 0.1758 0.0963 0.9061
15.643 0.1701 0.0882 0.8494
15.683 0.1699 0.0933 0.8458
15.723 0.1730 0.0956 0.8661
15.763 0.1746 0.0935 0.8819
15.803 0.1807 0.0942 0.8629
15.842 0.1850 0.0924 0.8571
15.883 0.1925 0.0928 0.8758
15.925 0.1995 0.0945 0.8910
15.965 0.2044 0.0952 0.8850
16.004 0.2008 0.0910 0.8756
16.042 0.2025 0.0939 0.9016
16.086 0.2050 0.0905 0.8751
16.125 0.2153 0.0889 0.8676
16.165 0.2210 0.0928 0.9063
16.205 0.2216 0.0936 0.9271
16.242 0.2186 0.0924 0.8955
16.286 0.2200 0.0877 0.8869
16.326 0.2201 0.0872 0.8924
16.366 0.2213 0.0880 0.9459
16.406 0.2198 0.0889 0.9282
16.446 0.2125 0.0928 0.8875
16.487 0.2131 0.0919 0.9404
16.526 0.2157 0.0882 0.8685
16.567 0.2204 0.0863 0.8863
16.607 0.2220 0.0881 0.8940
16.646 0.2205 0.0875 0.9235
16.686 0.2209 0.0864 0.8911
16.727 0.2317 0.0865 0.9186
16.767 0.2361 0.0843 0.8933
16.807 0.2392 0.0866 0.9114
16.847 0.2409 0.0869 0.9152
16.885 0.2425 0.0916 0.8891
16.929 0.2508 0.0845 0.9159
16.968 0.2539 0.0833 0.8788
17.008 0.2548 0.0932 0.9133
17.049 0.2543 0.0894 0.9071
17.087 0.2547 0.0949 0.9442
17.130 0.2522 0.0864 0.8927
17.170 0.2530 0.0890 0.9126
17.210 0.2492 0.0847 0.9277
17.250 0.2427 0.0903 0.9232
17.290 0.2426 0.0897 0.9354
17.330 0.2443 0.0885 0.9150
17.370 0.2424 0.0866 0.9402
17.411 0.2407 0.0850 0.9213
17.450 0.2398 0.0856 0.9320
17.490 0.2422 0.0892 0.9396
17.529 0.2464 0.0889 0.9115
17.571 0.2435 0.0879 0.9388
17.611 0.2403 0.0850 0.9338
17.651 0.2366 0.0817 0.9146
17.691 0.2334 0.0847 0.9297
17.729 0.2291 0.0887 0.9293
17.772 0.2248 0.0847 0.9756
17.812 0.2195 0.0848 0.9142
17.852 0.2177 0.0838 0.9431
17.891 0.2124 0.0873 0.9565
17.928 0.2075 0.0924 0.9360
17.973 0.2017 0.0954 0.9256
18.012 0.1937 0.0934 0.9396
18.053 0.1910 0.0886 0.9362
18.092 0.1905 0.0894 0.9849
18.133 0.1903 0.0897 0.9609
18.174 0.1868 0.0949 0.9585
18.214 0.1885 0.0896 0.9291
18.254 0.1910 0.0897 0.9491
18.295 0.1916 0.0898 0.8998
18.333 0.1880 0.0944 0.9262
18.373 0.1843 0.0977 0.9085
18.414 0.1853 0.0964 0.9043
18.455 0.1863 0.0960 0.8993
18.495 0.1905 0.0938 0.9270
18.534 0.1966 0.0948 0.9270
18.572 0.1981 0.0946 0.9778
18.616 0.2027 0.0942 0.9282
18.655 0.2061 0.0956 0.9468
18.695 0.2076 0.0939 0.9605
18.735 0.2122 0.0938 0.9605
18.772 0.2148 0.0962 0.9269
18.816 0.2205 0.0962 0.9696
18.856 0.2306 0.0965 0.9693
18.896 0.2367 0.0945 0.9562
18.936 0.2369 0.0964 0.9437
18.976 0.2408 0.0932 0.9347
19.017 0.2378 0.0952 0.9304
19.056 0.2343 0.0957 0.9325
19.097 0.2354 0.0935 0.9257
19.137 0.2314 0.0942 0.9229
19.176 0.2350 0.0932 0.9145
19.217 0.2331 0.0953 0.9408
19.258 0.2313 0.0960 0.9489
19.299 0.2278 0.0945 0.9446
19.338 0.2229 0.0944 0.9323
19.378 0.2170 0.0931 0.9414
19.416 0.2151 0.0957 0.9571
19.460 0.2096 0.0986 0.9736
19.499 0.2036 0.0960 0.9405
19.539 0.1989 0.0957 0.9620
19.579 0.1914 0.0951 0.9689
19.616 0.1909 0.0926 0.9223
19.660 0.1880 0.0953 0.9551
19.699 0.1895 0.0959 0.9821
19.740 0.1928 0.0932 0.9899
19.779 0.1973 0.0913 0.9664
19.819 0.2000 0.0932 0.9573
19.860 0.2043 0.0904 0.9543
19.900 0.2083 0.0926 0.9268
19.940 0.2137 0.0959 0.9499
19.980 0.2174 0.0914 0.9519
20.019 0.2225 0.0972 0.8945
20.059 0.2288 0.0905 0.9344
20.101 0.2336 0.0924 0.9777
20.141 0.2362 0.0918 0.9463
20.181 0.2356 0.0908 0.9749
20.220 0.2297 0.0856 0.9527
20.258 0.2237 0.0847 0.9611
20.302 0.2192 0.0911 0.9629
20.342 0.2183 0.0899 0.9443
20.383 0.2194 0.0897 0.9651
20.422 0.2122 0.0905 0.9744
20.459 0.2038 0.0906 0.9139
20.504 0.2027 0.0907 0.9479
20.543 0.2014 0.0936 0.9571
20.583 0.1989 0.0911 0.9405
20.623 0.2003 0.0915 0.9585
20.663 0.1974 0.0909 0.9357
20.704 0.2017 0.0884 0.9589
20.744 0.2059 0.0884 0.9542
20.784 0.2070 0.0914 0.9657
20.824 0.2049 0.0902 0.9631
20.863 0.1970 0.0897 0.9755
20.903 0.1949 0.0888 0.9636
20.944 0.1979 0.0910 0.9763
20.985 0.1977 0.0948 0.9661
21.025 0.1997 0.0926 0.9463
21.064 0.2020 0.0932 0.9694
21.102 0.2005 0.0933 0.9304
21.146 0.2059 0.0919 0.9195
21.185 0.2072 0.0942 0.8959
21.225 0.2047 0.0939 0.9641
21.265 0.2007 0.0947 0.9457
21.302 0.2000 0.0943 0.9153
21.346 0.2045 0.0899 0.9399
21.386 0.2056 0.0957 0.9472
21.426 0.2076 0.0972 0.9821
21.467 0.2106 0.0938 0.9562
21.507 0.2062 0.0963 0.9358
21.547 0.2058 0.0946 0.8992
21.588 0.2065 0.0944 0.9942
21.628 0.2045 0.0970 0.9452
21.668 0.2011 0.0948 0.9620
21.707 0.1985 0.0942 0.9664
21.747 0.1996 0.0915 0.9610
21.788 0.2039 0.0920 0.9390
21.828 0.2080 0.0937 0.9533
21.868 0.2040 0.0937 0.9260
21.908 0.2055 0.0926 0.9132
21.945 0.2014 0.0944 0.9170
21.989 0.2040 0.0923 0.9358
22.029 0.2041 0.0929 0.9458
22.069 0.2053 0.0956 0.9667
22.109 0.2033 0.0963 0.9246
22.146 0.1996 0.0945 0.9290
22.190 0.1980 0.0941 0.9395
22.229 0.1987 0.0935 0.9456
22.270 0.1987 0.0944 0.9342
22.310 0.1913 0.0951 0.9586
22.350 0.1925 0.0964 0.9244
22.390 0.1884 0.0943 0.9945
22.430 0.1858 0.0933 0.9638
22.470 0.1821 0.0941 0.9150
22.510 0.1817 0.0961 0.9760
22.550 0.1803 0.0963 0.9617
22.590 0.1798 0.0952 0.9744
22.631 0.1905 0.0937 0.9718
22.672 0.1968 0.0930 0.9536
22.712 0.1994 0.0957 0.9228
22.751 0.1991 0.0978 0.9519
22.789 0.1982 0.0934 0.9356
22.833 0.1980 0.0948 0.9762
22.872 0.2045 0.0931 0.9019
22.912 0.2128 0.0961 0.9602
22.952 0.2163 0.0996 0.9615
22.989 0.2179 0.0974 0.9681
23.034 0.2164 0.0947 0.9296
23.073 0.2137 0.0916 0.9481
23.113 0.2086 0.0948 0.9632
23.152 0.2047 0.0976 0.9658
23.193 0.2011 0.0961 0.9186
23.234 0.1992 0.0961 0.9638
23.273 0.2016 0.0941 0.9680
23.314 0.2084 0.0931 0.9305
23.354 0.2089 0.0938 0.9520
23.393 0.2080 0.0976 0.9446
23.433 0.2085 0.0951 0.9455
23.474 0.2076 0.0931 0.9336
23.515 0.2047 0.0937 0.9266
23.554 0.2083 0.0931 0.9620
23.594 0.2095 0.0952 0.9533
23.633 0.2055 0.0927 0.9671
23.676 0.2097 0.0931 0.9230
23.716 0.2122 0.0919 0.9516
23.756 0.2141 0.0907 0.9260
23.796 0.2144 0.0965 0.9423
23.833 0.2174 0.0982 0.9770
23.877 0.2163 0.0963 0.9598
23.917 0.2190 0.0937 0.9528
23.957 0.2227 0.0934 0.9525
23.997 0.2281 0.0976 0.9335
24.037 0.2293 0.0993 0.9882
24.077 0.2294 0.0960 0.9900
24.117 0.2365 0.0954 0.9486
24.158 0.2354 0.0962 0.9542
24.197 0.2366 0.0961 0.9586
24.237 0.2401 0.0997 0.9677
24.276 0.2393 0.1000 0.9553
24.318 0.2342 0.0986 0.9272
24.358 0.2333 0.0948 0.9539
24.398 0.2334 0.0957 0.9596
24.438 0.2349 0.0962 0.9475
24.476 0.2361 0.0975 0.9466
24.519 0.2420 0.0963 0.9647
24.559 0.2462 0.0948 0.9392
24.599 0.2448 0.0946 0.9450
24.639 0.2432 0.0943 0.8892
24.676 0.2434 0.0971 0.9542
24.720 0.2382 0.0968 0.9312
24.759 0.2358 0.0944 0.9623
24.800 0.2373 0.0936 0.9363
24.840 0.2405 0.0936 0.9476
24.880 0.2398 0.0946 0.9616
24.921 0.2356 0.0941 0.9595
24.961 0.2349 0.0917 0.9455
25.001 0.2333 0.0906 0.9466
25.041 0.2301 0.0912 0.9367
25.080 0.2306 0.0939 0.9306
25.120 0.2331 0.0963 0.9446
25.161 0.2338 0.0963 0.9519
25.201 0.2333 0.0907 0.9788
25.242 0.2369 0.0881 0.9638
25.281 0.2386 0.0923 0.9555
25.319 0.2356 0.0923 0.9771
25.363 0.2367 0.0946 0.9502
25.402 0.2423 0.0898 0.9758
25.442 0.2428 0.0950 0.9796
25.482 0.2393 0.0927 0.9562
25.519 0.2403 0.0880 0.9714
25.563 0.2427 0.0936 0.9465
25.603 0.2454 0.0917 0.9417
25.643 0.2479 0.0889 0.9570
25.683 0.2539 0.0900 0.9207
25.723 0.2533 0.0883 0.9271
25.764 0.2490 0.0950 0.9015
25.804 0.2475 0.0950 0.9260
25.844 0.2482 0.0962 0.9347
25.884 0.2433 0.0951 0.9232
25.924 0.2411 0.0939 0.9413
25.964 0.2452 0.0947 0.9479
26.005 0.2495 0.0971 0.9777
26.045 0.2494 0.0960 0.9631
26.085 0.2444 0.0960 0.9415
26.125 0.2503 0.0940 0.9345
26.163 0.2458 0.0950 0.9511
26.206 0.2484 0.0978 0.9519
26.246 0.2536 0.0954 0.9685
26.286 0.2643 0.0948 0.9552
26.335 0.2675 0.0968 0.9493
26.362 0.2712 0.0996 1.0008
26.407 0.2774 0.0989 0.9679
26.446 0.2788 0.0975 0.9573
26.487 0.2756 0.0976 0.9825
26.526 0.2736 0.0941 1.0008
26.566 0.2758 0.0941 0.9501
26.607 0.2734 0.0944 0.9765
26.647 0.2734 0.0966 0.9729
26.687 0.2702 0.1000 0.9142
26.727 0.2668 0.0969 0.9552
26.766 0.2571 0.0983 0.9183
26.806 0.2472 0.0979 0.9412
26.847 0.2372 0.0985 0.9291
26.888 0.2326 0.0985 0.9246
26.928 0.2306 0.0998 0.9312
26.967 0.2335 0.0976 0.9500
27.006 0.2332 0.0941 0.9606
27.050 0.2290 0.0946 0.9158
27.089 0.2239 0.0970 0.9339
27.130 0.2209 0.0973 0.9386
27.169 0.2191 0.0937 0.9415
27.207 0.2176 0.0962 0.9649
27.250 0.2204 0.0935 0.9388
27.290 0.2278 0.0958 0.9735
27.330 0.2361 0.0991 0.9501
27.370 0.2383 0.0985 0.9704
27.410 0.2390 0.0964 0.9553
27.451 0.2372 0.0950 0.9250
27.491 0.2386 0.1002 0.9574
27.531 0.2448 0.0984 0.9898
27.571 0.2450 0.0980 0.9909
27.610 0.2467 0.0980 0.9620
27.650 0.2492 0.0960 0.9464
27.691 0.2537 0.0972 0.9846
27.731 0.2562 0.0965 0.9847
27.771 0.2549 0.0948 0.9555
27.811 0.2500 0.0968 0.9474
27.849 0.2478 0.0947 0.9674
27.892 0.2451 0.0929 0.9498
27.932 0.2443 0.0923 0.9275
27.972 0.2425 0.0947 0.9510
28.012 0.2384 0.0930 0.9301
28.049 0.2332 0.0943 0.9396
28.093 0.2291 0.0932 0.9542
28.133 0.2267 0.0929 0.9390
28.174 0.2240 0.0945 0.9463
28.214 0.2253 0.0953 0.9535
28.253 0.2238 0.0925 0.9360
28.294 0.2288 0.0957 0.9432
28.334 0.2372 0.0938 0.9335
28.374 0.2405 0.0961 0.9812
28.414 0.2444 0.0936 0.9616
28.454 0.2486 0.0932 0.9650
28.494 0.2480 0.0940 0.9479
28.535 0.2599 0.0930 0.9732
28.575 0.2653 0.0947 0.9812
28.615 0.2702 0.0983 0.9658
28.654 0.2744 0.0972 0.9548
28.692 0.2676 0.0948 1.0095
28.736 0.2658 0.0946 0.9388
28.775 0.2684 0.0938 0.9664
28.816 0.2605 0.1001 0.9531
28.855 0.2531 0.0982 0.9508
28.893 0.2450 0.0964 0.9237
28.937 0.2344 0.0944 0.9486
28.976 0.2293 0.0942 0.9422
29.016 0.2182 0.0983 0.9923
29.056 0.2124 0.0990 0.9521
29.096 0.2102 0.0982 0.9262
29.137 0.2061 0.0990 0.9536
29.177 0.2077 0.0994 0.9479
29.217 0.2110 0.1001 0.8974
29.258 0.2085 0.0990 0.9286
29.298 0.2093 0.0997 0.9622
29.337 0.2113 0.0980 0.9315
29.378 0.2199 0.0984 0.9278
29.419 0.2290 0.0971 0.9208
29.459 0.2377 0.1018 0.9494
29.498 0.2427 0.1042 0.9355
29.536 0.2455 0.1002 0.9208
29.580 0.2439 0.0993 0.9380
29.619 0.2437 0.0992 0.9500
29.659 0.2509 0.0978 0.9500
29.699 0.2526 0.0998 0.9500
29.736 0.2517 0.0996 0.9404
29.780 0.2515 0.0986 0.9525
29.820 0.2559 0.0958 0.9464
29.860 0.2588 0.0977 0.9712
29.900 0.2536 0.1013 0.9405
29.940 0.2586 0.1001 0.9540
29.981 0.2566 0.0998 0.9396
30.020 0.2549 0.0974 0.9430
30.061 0.2574 0.0983 0.9352
30.101 0.2618 0.0976 0.9082
30.155 0.2532 0.0995 0.9657
30.179 0.2480 0.1000 0.9057
30.221 0.2425 0.0973 0.9009
30.261 0.2387 0.0968 0.9338
30.301 0.2403 0.0944 0.9196
30.342 0.2397 0.0997 0.9187
30.379 0.2373 0.0989 0.9356
30.423 0.2341 0.0984 0.9437
30.463 0.2344 0.0971 0.9409
30.503 0.2428 0.0958 0.9411
30.542 0.2479 0.0999 0.9224
30.580 0.2475 0.0993 0.9499
30.624 0.2453 0.0970 0.9291
30.663 0.2485 0.0951 0.9149
30.704 0.2571 0.0923 0.9411
30.743 0.2626 0.0935 0.9749
30.783 0.2626 0.0952 0.9716
30.824 0.2539 0.0941 0.9885
30.864 0.2521 0.0928 0.9625
30.904 0.2522 0.0945 0.9393
30.944 0.2515 0.0971 0.9388
30.983 0.2447 0.0961 0.9660
31.023 0.2352 0.0958 0.9553
31.064 0.2317 0.0976 0.9784
31.105 0.2296 0.0937 0.9708
31.145 0.2345 0.0962 0.9802
31.184 0.2348 0.0967 0.9397
31.221 0.2350 0.0930 0.9524
31.266 0.2339 0.0938 0.9447
31.305 0.2316 0.0927 0.9364
31.345 0.2328 0.0885 0.9727
31.385 0.2331 0.0905 0.9433
31.423 0.2288 0.0973 0.9487
31.467 0.2248 0.0931 0.9798
31.507 0.2280 0.0924 0.9588
31.547 0.2303 0.0922 0.9526
31.587 0.2306 0.0944 0.9579
31.626 0.2309 0.0979 0.9691
31.668 0.2306 0.0986 0.9744
31.707 0.2316 0.1003 0.9436
31.748 0.2290 0.0976 0.9718
31.788 0.2331 0.0942 0.9654
31.827 0.2381 0.0960 0.9551
31.866 0.2373 0.1012 0.9550
31.908 0.2396 0.0997 0.9718
31.948 0.2451 0.1013 0.9175
31.988 0.2475 0.0951 0.9065
32.028 0.2485 0.0921 0.9689
32.066 0.2500 0.0931 0.9734
32.110 0.2509 0.0953 0.9562
32.149 0.2491 0.0917 0.9790
32.189 0.2476 0.0925 0.9348
32.229 0.2502 0.0933 0.9471
32.265 0.2514 0.0934 0.9566
32.310 0.2527 0.0966 0.9216
32.350 0.2572 0.0953 0.9249
32.390 0.2569 0.0921 0.9258
32.429 0.2609 0.0903 0.9101
32.468 0.2635 0.0908 0.8979
32.510 0.2621 0.0943 0.9135
32.550 0.2637 0.0935 0.9332
32.591 0.2656 0.0923 0.8839
32.631 0.2699 0.0925 0.9389
32.670 0.2703 0.0940 0.9392
32.710 0.2703 0.0952 0.9293
32.752 0.2692 0.1007 0.9469
32.792 0.2633 0.0973 0.9367
32.832 0.2541 0.0969 0.9528
32.871 0.2488 0.0973 0.9322
32.909 0.2415 0.0964 0.9216
32.953 0.2283 0.1063 0.8866
32.992 0.2209 0.0977 0.8805
33.032 0.2163 0.0959 0.8703
33.072 0.2213 0.0966 0.8946
33.110 0.2168 0.0999 0.8363
33.153 0.2150 0.0954 0.8619
33.193 0.2136 0.0959 0.8761
33.233 0.2084 0.0958 0.8709
33.273 0.2061 0.1014 0.8243
33.313 0.2104 0.0959 0.9137
33.354 0.2199 0.0905 0.9308
33.394 0.2234 0.0940 0.9616
33.434 0.2302 0.0960 0.8989
33.474 0.2404 0.0949 0.9597
33.515 0.2521 0.0941 0.9323
33.553 0.2485 0.0914 0.9541
33.594 0.2465 0.0926 0.9112
33.635 0.2487 0.0878 0.9421
33.675 0.2472 0.0888 0.9085
33.715 0.2518 0.0861 0.9286
33.753 0.2555 0.0835 0.9230
33.797 0.2607 0.0857 0.9446
33.836 0.2567 0.0862 0.9272
33.876 0.2576 0.0916 0.9558
33.916 0.2591 0.0839 0.9359
33.953 0.2558 0.0838 0.9399
33.997 0.2527 0.0830 0.9544
34.037 0.2480 0.0866 0.9259
34.077 0.2474 0.0880 0.9455
34.117 0.2467 0.0886 0.9821
34.157 0.2436 0.0886 0.9636
34.198 0.2362 0.0868 0.9626
34.237 0.2343 0.0903 0.9506
34.278 0.2342 0.0951 0.9813
34.318 0.2325 0.0939 0.9660
34.357 0.2333 0.0909 0.9586
34.396 0.2298 0.0904 0.9563
34.438 0.2300 0.0906 0.9313
34.490 0.2283 0.0928 0.9283
34.518 0.2288 0.0937 0.9355
34.558 0.2294 0.0907 0.9197
34.596 0.2287 0.0899 0.9399
34.640 0.2327 0.0862 0.9388
34.679 0.2401 0.0884 0.9416
34.719 0.2463 0.0885 0.9289
34.759 0.2452 0.0904 0.9032
34.797 0.2462 0.0899 0.9085
34.841 0.2440 0.0926 0.8946
34.880 0.2454 0.0915 0.9149
34.921 0.2461 0.0911 0.9065
34.960 0.2449 0.0936 0.9149
35.000 0.2435 0.0991 0.8865
35.041 0.2488 0.0929 0.9188
35.081 0.2512 0.0905 0.9248
35.121 0.2544 0.1006 0.9143
35.161 0.2521 0.0953 0.9413
35.201 0.2543 0.0995 0.9343
35.240 0.2555 0.0922 0.9459
35.281 0.2577 0.0906 0.8981
35.322 0.2613 0.0931 0.9222
35.362 0.2637 0.0985 0.9429
35.401 0.2676 0.0970 0.9348
35.439 0.2698 0.0895 0.9443
35.483 0.2734 0.0901 0.9026
35.522 0.2702 0.0917 0.9615
35.563 0.2659 0.0943 0.9248
35.602 0.2566 0.0946 0.9582
35.639 0.2523 0.0933 0.9437
35.684 0.2415 0.0914 0.9535
35.723 0.2340 0.0910 0.9369
35.763 0.2285 0.0915 0.9312
35.803 0.2242 0.0940 0.9446
35.843 0.2164 0.0938 0.9555
35.884 0.2153 0.0902 0.9814
35.925 0.2160 0.0946 0.9092
35.965 0.2171 0.0943 0.9028
36.005 0.2195 0.0935 0.9238
36.044 0.2155 0.0957 0.9399
36.084 0.2090 0.0961 0.9049
36.125 0.2018 0.0938 0.9189
36.165 0.2067 0.0909 0.9253
36.205 0.2066 0.0939 0.9262
36.270 0.2064 0.0926 0.9501
36.323 0.2075 0.0924 0.8914
36.380 0.2038 0.0914 0.8932
36.406 0.2017 0.0942 0.9233
36.446 0.1969 0.0959 0.9049
36.486 0.1907 0.0927 0.9067
36.523 0.1873 0.0924 0.9119
36.567 0.1956 0.0933 0.9161
36.607 0.2089 0.0888 0.9032
36.647 0.2119 0.0910 0.8956
36.687 0.2152 0.0923 0.9215
36.727 0.2213 0.0875 0.9441
36.767 0.2239 0.0890 0.9216
36.807 0.2261 0.0864 0.9616
36.847 0.2300 0.0879 0.9590
36.887 0.2327 0.0892 0.9458
36.927 0.2394 0.0872 0.9539
36.967 0.2438 0.0868 0.9636
37.008 0.2479 0.0882 0.9544
37.050 0.2519 0.0855 0.9269
37.090 0.2526 0.0879 0.9459
37.129 0.2588 0.0913 0.9165
37.166 0.2598 0.0905 0.9325
37.210 0.2583 0.0891 0.9349
37.250 0.2567 0.0880 0.9266
37.290 0.2552 0.0888 0.9107
37.329 0.2541 0.0910 0.9132
37.367 0.2521 0.0901 0.8932
37.410 0.2449 0.0914 0.9246
37.450 0.2416 0.0859 0.8808
37.490 0.2351 0.0903 0.9042
37.530 0.2305 0.0914 0.9016
37.570 0.2244 0.0925 0.8686
37.611 0.2183 0.0930 0.8948
37.651 0.2148 0.0916 0.9179
37.691 0.2142 0.0908 0.9405
37.731 0.2169 0.0923 0.9229
37.771 0.2205 0.0931 0.9089
37.810 0.2201 0.0918 0.8981
37.851 0.2213 0.0920 0.9379
37.892 0.2239 0.0891 0.9309
37.931 0.2265 0.0912 0.9236
37.971 0.2344 0.0940 0.9599
38.009 0.2386 0.0957 0.9052
38.053 0.2452 0.0945 0.9119
38.092 0.2470 0.0895 0.9431
38.133 0.2499 0.0903 0.9161
38.173 0.2521 0.0913 0.9259
38.210 0.2507 0.0915 0.9216
38.254 0.2439 0.0898 0.9383
38.294 0.2420 0.0877 0.9542
38.334 0.2431 0.0889 0.9606
38.374 0.2462 0.0902 0.9374
38.414 0.2499 0.0930 0.9531
38.455 0.2504 0.0922 0.9150
38.494 0.2489 0.0930 0.9483
38.535 0.2467 0.0889 0.9377
38.575 0.2449 0.0924 0.9363
38.614 0.2436 0.0921 0.9221
38.654 0.2404 0.0919 0.9240
38.695 0.2392 0.0906 0.9604
38.735 0.2377 0.0882 0.9669
38.775 0.2394 0.0856 0.9431
38.815 0.2377 0.0881 0.9559
38.852 0.2285 0.0890 0.9458
38.896 0.2232 0.0875 0.9410
38.936 0.2174 0.0880 0.9281
38.976 0.2180 0.0927 0.9015
39.015 0.2229 0.0925 0.8921
39.053 0.2253 0.0908 0.9222
39.097 0.2254 0.0896 0.9222
39.137 0.2287 0.0893 0.9076
39.177 0.2259 0.0887 0.8656
39.218 0.2322 0.0892 0.9620
39.258 0.2380 0.0921 0.9446
39.298 0.2438 0.0929 0.9527
39.338 0.2599 0.0919 0.9879
39.379 0.2627 0.0923 0.9155
39.418 0.2684 0.0873 0.8893
39.458 0.2810 0.0873 0.9313
39.498 0.2856 0.0911 0.9436
39.539 0.2911 0.0911 0.9576
39.579 0.2972 0.0916 0.9139
39.619 0.3004 0.0893 0.9325
39.659 0.3091 0.0884 0.8919
39.696 0.3083 0.0881 0.9492
39.740 0.3077 0.0888 0.9570
39.780 0.3050 0.0879 0.9251
39.820 0.2999 0.0879 0.9195
39.860 0.2955 0.0857 0.9281
39.897 0.3020 0.0882 0.9181
39.941 0.2924 0.0908 0.9014
39.980 0.2817 0.0919 0.9347
40.020 0.2713 0.0890 0.8815
40.060 0.2647 0.0913 0.8898
40.100 0.2633 0.0900 0.9245
40.141 0.2548 0.0952 0.9327
40.181 0.2494 0.0958 0.8967
40.221 0.2449 0.0937 0.9297
40.261 0.2422 0.0924 0.8949
40.300 0.2396 0.0923 0.9483
40.366 0.2400 0.0907 0.9439
40.422 0.2308 0.0946 0.9217
40.463 0.2296 0.0905 0.9381
40.503 0.2367 0.0923 0.9241
40.542 0.2452 0.0936 0.9274
40.580 0.2388 0.0926 0.9356
40.624 0.2301 0.0932 0.9323
40.663 0.2332 0.0907 0.9065
40.703 0.2323 0.0890 0.9285
40.743 0.2315 0.0898 0.9212
40.780 0.2327 0.0937 0.9242
40.824 0.2322 0.0933 0.9052
40.864 0.2279 0.0924 0.9212
40.904 0.2265 0.0918 0.9336
40.944 0.2271 0.0885 0.9267
40.984 0.2263 0.0915 0.9149
41.025 0.2132 0.0916 0.9342
41.065 0.2107 0.0911 0.9339
41.105 0.2129 0.0908 0.8966
41.145 0.2165 0.0887 0.9536
41.184 0.2211 0.0905 0.9579
41.224 0.2305 0.0923 0.9646
41.265 0.2288 0.0929 0.9636
41.305 0.2237 0.0933 0.9417
41.345 0.2252 0.0875 0.9415
41.385 0.2353 0.0896 0.9347
41.423 0.2399 0.0882 0.9283
41.467 0.2393 0.0915 0.9495
41.507 0.2426 0.0878 0.9555
41.547 0.2471 0.0866 0.9388
41.587 0.2510 0.0915 0.9637
41.624 0.2533 0.0872 0.9846
41.668 0.2510 0.0889 0.9901
41.708 0.2443 0.0885 0.9843
41.748 0.2458 0.0879 0.9424
41.788 0.2452 0.0858 0.9773
41.832 0.2541 0.0857 0.9047
41.869 0.2523 0.0858 0.9091
41.908 0.2504 0.0864 0.9439
41.948 0.2502 0.0871 0.9594
41.988 0.2551 0.0913 0.9542
42.028 0.2602 0.0868 0.9636
42.068 0.2604 0.0900 0.9422
42.109 0.2582 0.0909 0.9408
42.149 0.2593 0.0939 0.9076
42.189 0.2630 0.0925 0.9085
42.228 0.2602 0.0868 0.8837
42.266 0.2554 0.0881 0.9241
42.310 0.2532 0.0922 0.9616
42.350 0.2478 0.0932 0.9528
42.390 0.2476 0.0925 0.9042
42.429 0.2475 0.0898 0.8981
42.467 0.2441 0.0924 0.8938
42.511 0.2326 0.0940 0.8932
42.550 0.2239 0.0950 0.8859
42.592 0.2215 0.0961 0.9483
42.631 0.2220 0.0941 0.9375
42.671 0.2182 0.0944 0.9277
42.711 0.2194 0.0950 0.9042
42.752 0.2268 0.0970 0.9248
42.792 0.2277 0.0953 0.9432
42.832 0.2308 0.0963 0.9129
42.871 0.2311 0.0960 0.9139
42.911 0.2306 0.0993 0.9173
42.952 0.2347 0.0972 0.9746
42.992 0.2328 0.1021 0.9567
43.032 0.2335 0.0999 0.9371
43.072 0.2378 0.1016 0.9576
43.109 0.2350 0.0961 0.9227
43.154 0.2316 0.0986 0.9359
43.193 0.2276 0.1003 0.9189
43.233 0.2244 0.1005 0.9076
43.273 0.2221 0.0994 0.9399
43.310 0.2195 0.0940 0.9296
43.354 0.2153 0.0943 0.9546
43.394 0.2158 0.0964 0.9297
43.434 0.2113 0.0963 0.9414
43.473 0.2100 0.0955 0.9373
43.514 0.2110 0.0915 0.9423
43.555 0.2138 0.0928 0.9464
43.594 0.2142 0.0930 0.9349
43.634 0.2147 0.0955 0.9399
43.675 0.2148 0.0928 0.9805
43.715 0.2099 0.0922 0.9789
43.754 0.2069 0.0923 0.9637
43.796 0.2083 0.0892 0.9484
43.836 0.2133 0.0890 1.0026
43.876 0.2153 0.0955 0.9375
43.915 0.2171 0.0930 0.9291
43.953 0.2164 0.0928 0.9355
43.997 0.2199 0.0934 0.9681
44.037 0.2197 0.0961 0.9725
44.077 0.2148 0.0945 0.9586
44.116 0.2188 0.0963 0.9388
44.153 0.2225 0.0942 0.9399
44.198 0.2289 0.0948 0.9185
44.237 0.2337 0.0927 0.9513
44.277 0.2366 0.0940 0.9592
44.317 0.2379 0.0975 0.9365
44.356 0.2365 0.0966 0.9286
44.399 0.2344 0.0971 0.9445
44.438 0.2362 0.0920 0.9388
44.478 0.2368 0.0922 0.9362
44.518 0.2360 0.0966 0.9292
44.558 0.2422 0.0943 0.9083
44.597 0.2407 0.0910 0.9454
44.638 0.2396 0.0903 0.9492
44.679 0.2417 0.0900 0.9255
44.719 0.2442 0.0942 0.9608
44.758 0.2503 0.0949 0.9489
44.797 0.2467 0.0953 0.9463
44.841 0.2428 0.0979 0.9377
44.880 0.2416 0.0942 0.9525
44.920 0.2429 0.0994 0.9464
44.960 0.2413 0.0999 0.9161
44.997 0.2407 0.0959 0.9886
45.041 0.2416 0.0937 0.9454
45.081 0.2443 0.0951 0.9734
45.121 0.2461 0.0950 0.9572
45.161 0.2461 0.0972 0.9510
45.201 0.2480 0.0978 0.9514
45.243 0.2432 0.0948 0.9431
45.282 0.2411 0.0931 0.9608
45.322 0.2392 0.0926 0.9262
45.362 0.2395 0.0943 0.9464
45.401 0.2333 0.0943 0.9656
45.441 0.2315 0.0938 0.9612
45.482 0.2303 0.0928 0.9651
45.523 0.2281 0.0920 0.9551
45.563 0.2213 0.0920 0.9709
45.602 0.2185 0.0951 0.9598
45.640 0.2185 0.0933 0.9265
45.684 0.2158 0.0913 0.9111
45.723 0.2112 0.0903 0.9198
45.763 0.2234 0.0891 0.9118
45.803 0.2315 0.0947 0.9449
45.841 0.2346 0.0917 0.9410
45.884 0.2354 0.0875 0.9200
45.925 0.2290 0.0912 0.9225
45.979 0.2443 0.0893 0.9709
46.004 0.2453 0.0916 0.9512
46.045 0.2561 0.0975 0.9648
46.113 0.2585 0.0966 0.9297
46.181 0.2558 0.0931 0.9520
46.205 0.2566 0.0968 0.9299
46.245 0.2545 0.0954 0.9475
46.284 0.2486 0.0970 0.9619
46.324 0.2481 0.0971 0.9648
46.365 0.2515 0.0961 0.9747
46.406 0.2593 0.0924 0.9831
46.446 0.2545 0.0953 0.9561
46.485 0.2468 0.0966 0.9595
46.523 0.2389 0.0932 0.9546
46.567 0.2349 0.0948 0.9270
46.606 0.2353 0.0919 0.9635
46.647 0.2353 0.0923 0.9475
46.687 0.2396 0.0925 0.9475
46.724 0.2363 0.0936 0.9303
46.768 0.2351 0.0923 0.9217
46.807 0.2343 0.0923 0.9393
46.847 0.2265 0.0910 0.9378
46.887 0.2257 0.0944 0.9380
46.927 0.2277 0.0931 0.9293
46.968 0.2338 0.0930 0.9318
47.008 0.2388 0.0913 0.9120
47.049 0.2462 0.0920 0.9063
47.088 0.2458 0.0914 0.9491
47.128 0.2519 0.0921 0.9222
47.168 0.2491 0.0953 0.9194
47.209 0.2494 0.0944 0.9333
47.251 0.2477 0.0944 0.9439
47.290 0.2442 0.0930 0.9499
47.329 0.2482 0.0925 0.9581
47.367 0.2465 0.0958 0.9369
47.411 0.2500 0.0953 0.9173
47.450 0.2469 0.0929 0.9335
47.490 0.2424 0.0958 0.9247
47.530 0.2357 0.0958 0.9311
47.567 0.2354 0.0955 0.9378
47.611 0.2302 0.0948 0.9407
47.651 0.2266 0.0947 0.9392
47.691 0.2271 0.0903 0.9446
47.731 0.2290 0.0941 0.9322
47.771 0.2311 0.0952 0.9615
47.811 0.2267 0.0955 0.9365
47.851 0.2322 0.0967 0.9444
47.891 0.2312 0.0919 0.8935
47.931 0.2311 0.0930 0.9435
47.971 0.2318 0.0927 0.9740
48.010 0.2285 0.0960 0.9395
48.052 0.2271 0.0918 0.9303
48.092 0.2230 0.0933 0.9389
48.133 0.2266 0.0920 0.9352
48.173 0.2286 0.0937 0.9336
48.210 0.2305 0.0915 0.9770
48.254 0.2329 0.0916 0.9376
48.294 0.2405 0.0938 0.9252
48.334 0.2403 0.0879 0.9342
48.373 0.2382 0.0870 0.9691
48.411 0.2367 0.0898 0.9370
48.455 0.2395 0.0909 0.9327
48.494 0.2430 0.0878 1.0121
48.534 0.2458 0.0882 0.9402
48.574 0.2507 0.0854 0.9790
48.614 0.2509 0.0885 0.9424
48.655 0.2519 0.0909 0.9603
48.695 0.2470 0.0905 0.9510
48.735 0.2408 0.0859 0.9734
48.775 0.2406 0.0846 0.9323
48.814 0.2388 0.0848 0.9605
48.854 0.2373 0.0877 0.9401
48.895 0.2366 0.0915 0.9941
48.936 0.2344 0.0917 0.9595
48.976 0.2327 0.0896 0.9799
49.015 0.2316 0.0888 1.0061
49.053 0.2297 0.0904 0.9658
49.097 0.2278 0.0922 0.9326
49.136 0.2211 0.0896 0.9631
49.176 0.2203 0.0901 0.9543
49.217 0.2278 0.0893 0.9537
49.254 0.2255 0.0921 0.9077
49.298 0.2235 0.0920 0.9402
49.338 0.2255 0.0958 0.9714
49.378 0.2264 0.0905 0.9852
49.418 0.2226 0.0909 0.9275
49.458 0.2244 0.0926 0.9123
49.499 0.2276 0.0925 0.9028
49.538 0.2299 0.0945 0.9498
49.579 0.2309 0.0923 0.9442
49.618 0.2383 0.0922 0.9161
49.658 0.2411 0.0896 0.9613
49.697 0.2376 0.0913 0.9051
49.739 0.2382 0.0959 0.9312
49.779 0.2377 0.1003 0.9330
49.819 0.2355 0.0935 0.9558
49.859 0.2360 0.0930 0.9155
49.897 0.2386 0.0940 0.9338
49.940 0.2446 0.0935 0.9623
49.980 0.2430 0.0944 0.9737
50.020 0.2407 0.0953 0.9016
50.059 0.2401 0.0947 0.9571
50.097 0.2408 0.0903 0.9334
50.141 0.2400 0.0923 0.9375
50.180 0.2449 0.0908 0.9612
50.221 0.2476 0.0923 0.9348
50.260 0.2500 0.0918 0.9389
50.300 0.2513 0.0891 0.9439
50.342 0.2532 0.0926 0.9242
50.382 0.2596 0.0905 0.9464
50.422 0.2605 0.0923 0.9609
50.462 0.2614 0.0921 0.9527
50.502 0.2620 0.0888 0.9172
50.541 0.2600 0.0905 0.9516
50.583 0.2541 0.0895 0.9621
50.623 0.2533 0.0935 0.9222
50.663 0.2466 0.0905 0.9508
50.703 0.2394 0.0866 0.9325
50.740 0.2309 0.0852 0.9491
50.783 0.2275 0.0867 0.9331
50.824 0.2268 0.0869 0.9482
50.864 0.2187 0.0893 0.9487
50.903 0.2097 0.0877 0.9253
50.940 0.2032 0.0875 0.9253
50.984 0.1981 0.0890 0.9248
51.024 0.2003 0.0876 0.9350
51.064 0.2032 0.0932 0.9690
51.104 0.2044 0.0918 0.9371
51.144 0.2105 0.0908 0.9352
51.185 0.2150 0.0919 0.9131
51.225 0.2204 0.0874 0.9366
51.265 0.2260 0.0903 0.9120
51.305 0.2268 0.0920 0.9257
51.344 0.2286 0.0916 0.9734
51.384 0.2301 0.0901 0.9581
51.425 0.2363 0.0901 0.9549
51.467 0.2421 0.0899 0.9401
51.506 0.2438 0.0915 0.9508
51.546 0.2457 0.0897 0.9527
51.584 0.2468 0.0922 0.9592
51.627 0.2461 0.0899 0.9221
51.667 0.2459 0.0878 0.9232
51.707 0.2421 0.0919 0.9317
51.747 0.2520 0.0925 0.9357
51.784 0.2497 0.0912 0.9420
51.828 0.2468 0.0912 0.9460
51.868 0.2482 0.0912 0.9065
51.908 0.2443 0.0875 0.9215
51.962 0.2427 0.0937 0.9079
51.987 0.2421 0.0962 0.9416
52.029 0.2401 0.0939 0.9756
52.068 0.2380 0.0918 0.9055
52.109 0.2376 0.0945 0.9445
52.148 0.2323 0.0957 0.9457
52.188 0.2380 0.0965 0.9129
52.227 0.2323 0.0963 0.9501
52.269 0.2255 0.0946 0.9225
52.311 0.2266 0.0926 0.9201
52.349 0.2222 0.0927 0.8955
52.389 0.2222 0.0950 0.9302
52.427 0.2197 0.0934 0.9181
52.470 0.2198 0.0936 0.9291
52.510 0.2182 0.0950 0.9559
52.550 0.2226 0.0919 0.9498
52.591 0.2241 0.1036 0.9195
52.628 0.2294 0.0999 0.9393
52.672 0.2288 0.0963 0.9483
52.711 0.2331 0.0930 0.9555
52.752 0.2378 0.0952 0.9683
52.791 0.2416 0.0980 0.9211
52.831 0.2473 0.0981 0.9474
52.872 0.2504 0.0997 0.9912
52.912 0.2537 0.0930 0.9064
52.952 0.2515 0.0930 0.9749
52.992 0.2510 0.0944 0.9640
53.032 0.2500 0.0937 0.9525
53.071 0.2426 0.0933 0.9735
53.112 0.2388 0.0931 0.9491
53.153 0.2358 0.0936 0.9412
53.193 0.2328 0.0959 0.9521
53.232 0.2326 0.0939 0.9298
53.270 0.2269 0.0929 0.9322
53.315 0.2197 0.0921 0.9361
53.354 0.2202 0.0929 0.9115
53.394 0.2218 0.0908 0.9137
53.433 0.2252 0.0919 0.8611
53.470 0.2281 0.0907 0.9030
53.515 0.2267 0.0920 0.9053
53.554 0.2317 0.0897 0.8769
53.594 0.2304 0.0925 0.9012
53.634 0.2327 0.0914 0.9225
53.675 0.2349 0.0934 0.9160
53.716 0.2297 0.0988 0.9501
53.756 0.2284 0.0918 0.9222
53.796 0.2317 0.0914 0.9587
53.836 0.2357 0.0932 0.9582
53.875 0.2377 0.0925 0.9303
53.915 0.2368 0.0924 0.9529
53.956 0.2374 0.0917 1.0061
53.997 0.2405 0.0933 0.9203
54.037 0.2398 0.0906 0.9151
54.076 0.2443 0.0909 0.9442
54.113 0.2447 0.0938 0.9471
54.158 0.2413 0.0951 0.9206
54.197 0.2427 0.0912 0.9582
54.237 0.2482 0.0896 0.9647
54.277 0.2498 0.0916 0.9372
54.314 0.2485 0.0922 0.9249
54.358 0.2422 0.0907 0.9550
54.398 0.2380 0.0912 0.9348
54.438 0.2366 0.0909 0.9107
54.478 0.2351 0.0872 0.9250
54.517 0.2366 0.0937 0.9192
54.559 0.2322 0.0912 0.9369
54.598 0.2306 0.0947 0.9139
54.639 0.2305 0.0890 0.9052
54.678 0.2290 0.0929 0.9175
54.718 0.2226 0.0871 0.9378
54.758 0.2202 0.0894 0.9393
54.800 0.2191 0.0913 0.8969
54.840 0.2163 0.0911 0.9581
54.880 0.2150 0.0912 0.9572
54.920 0.2132 0.0900 0.9006
54.958 0.2132 0.0926 0.9288
55.001 0.2109 0.0989 0.9096
55.041 0.2084 0.0943 0.9376
55.081 0.2066 0.0930 0.9258
55.121 0.2105 0.0939 0.9434
55.157 0.2112 0.0983 0.8992
55.202 0.2186 0.1012 0.9314
55.241 0.2195 0.0984 0.9315
55.282 0.2218 0.0986 0.8846
55.322 0.2240 0.0959 0.9409
55.361 0.2280 0.0951 0.9253
55.402 0.2339 0.0914 0.9472
55.442 0.2377 0.1009 0.9579
55.482 0.2371 0.0966 0.9479
55.522 0.2385 0.0929 0.9523
55.562 0.2433 0.0911 0.9485
55.601 0.2410 0.0922 0.9270
55.643 0.2427 0.1001 0.8955
55.683 0.2373 0.0958 0.9833
55.723 0.2345 0.0954 0.9241
55.763 0.2279 0.0948 0.9453
55.800 0.2216 0.0928 0.9089
55.844 0.2182 0.0913 0.9606
55.884 0.2123 0.0917 0.9536
55.925 0.2055 0.0921 0.9402
55.965 0.2040 0.0916 0.9305
56.001 0.2007 0.0925 0.9541
56.046 0.1984 0.0911 0.9315
56.085 0.1960 0.0904 0.9005
56.125 0.1889 0.0925 0.9463
56.165 0.1835 0.0901 0.9294
56.205 0.1808 0.0916 0.9454
56.246 0.1785 0.0880 0.9393
56.286 0.1802 0.0898 0.9242
56.326 0.1794 0.0909 0.9032
56.366 0.1788 0.0893 0.9451
56.405 0.1791 0.0884 0.9492
56.445 0.1759 0.0880 0.9172
56.486 0.1770 0.0886 0.9277
56.527 0.1833 0.0971 0.9775
56.567 0.1864 0.0921 0.9552
56.645 0.1903 0.0894 0.9603
56.684 0.1910 0.0895 0.9595
56.728 0.1902 0.0934 0.9814
56.767 0.1912 0.0949 0.9793
56.807 0.1872 0.0970 0.9421
56.847 0.1881 0.0958 0.9345
56.884 0.1902 0.0963 0.9343
56.928 0.1907 0.0945 0.9551
56.968 0.1894 0.0976 0.9595
57.008 0.1841 0.0978 0.9491
57.049 0.1772 0.0965 0.9507
57.089 0.1814 0.0922 0.9604
57.130 0.1786 0.0949 0.9213
57.169 0.1752 0.1011 0.9277
57.210 0.1796 0.0980 0.8966
57.250 0.1772 0.0991 0.9369
57.289 0.1776 0.0929 0.9370
57.329 0.1776 0.0952 0.8967
57.370 0.1753 0.0955 0.8957
57.410 0.1743 0.0977 0.9124
57.450 0.1729 0.0971 0.9091
57.490 0.1668 0.0931 0.8903
57.527 0.1663 0.0959 0.8851
57.572 0.1633 0.0958 0.8968
57.611 0.1614 0.1015 0.9151
57.651 0.1650 0.0974 0.8861
57.690 0.1621 0.0984 0.8706
57.727 0.1616 0.0975 0.8592
57.772 0.1677 0.0970 0.8342
57.811 0.1703 0.0968 0.8939
57.851 0.1736 0.0981 0.9002
57.891 0.1763 0.0963 0.9082
57.931 0.1808 0.0932 0.9291
57.972 0.1895 0.0912 0.9335
58.012 0.1940 0.0962 0.9249
58.052 0.1925 0.0980 0.9858
58.092 0.1945 0.0962 0.8891
58.132 0.2016 0.0969 0.8951
58.172 0.2070 0.0964 0.9484
58.213 0.2148 0.0949 0.9129
58.254 0.2173 0.0988 0.9537
58.294 0.2179 0.0995 0.9095
58.333 0.2173 0.0967 0.9382
58.371 0.2165 0.0970 0.9463
58.415 0.2164 0.0956 0.9117
58.454 0.2117 0.0967 0.9432
58.495 0.2064 0.0983 0.9415
58.534 0.2026 0.1009 0.9029
58.571 0.1976 0.0962 0.9205
58.615 0.1916 0.0934 0.9167
58.655 0.1864 0.0940 0.9345
58.695 0.1793 0.0989 0.9101
58.735 0.1744 0.0997 0.9682
58.775 0.1687 0.0970 0.9715
58.816 0.1702 0.0964 0.9511
58.855 0.1702 0.0963 0.9308
58.896 0.1697 0.0981 0.9330
58.936 0.1680 0.0976 0.9308
58.975 0.1659 0.0999 0.9541
59.015 0.1662 0.0976 0.9615
59.056 0.1721 0.0968 0.9395
59.096 0.1702 0.0988 0.9433
59.136 0.1757 0.1004 0.9819
59.176 0.1780 0.1000 0.9452
59.214 0.1751 0.0998 0.9164
59.258 0.1769 0.0978 0.9386
59.298 0.1770 0.0948 0.8633
59.338 0.1798 0.0949 0.9098
59.378 0.1734 0.0980 0.9601
59.415 0.1672 0.0994 0.9266
59.459 0.1635 0.0983 0.9266
59.499 0.1650 0.0976 0.9036
59.539 0.1660 0.0980 0.9446
59.579 0.1724 0.1012 0.9430
59.618 0.1729 0.0984 0.9574
59.659 0.1773 0.0971 0.9574
59.699 0.1862 0.0979 0.9458
59.739 0.1943 0.0991 0.9249
59.779 0.1959 0.0978 0.9412
59.819 0.1947 0.0972 0.9306
59.858 0.1988 0.0944 0.9615
59.900 0.2114 0.0952 0.9583
59.940 0.2228 0.0952 0.9552
59.980 0.2280 0.0946 0.9577
60.020 0.2332 0.0951 0.9343
60.057 0.2306 0.0926 0.9686
60.101 0.2322 0.0955 0.9391
60.141 0.2329 0.0930 0.9610
60.181 0.2345 0.0933 0.9192
60.220 0.2315 0.0961 0.8966
60.258 0.2361 0.0943 0.9266
60.301 0.2433 0.0945 0.9230
60.342 0.2438 0.0952 0.9290
60.382 0.2384 0.0970 0.9267
60.422 0.2341 0.0989 0.9432
60.461 0.2326 0.0978 0.9128
60.503 0.2267 0.0952 0.8642
60.543 0.2305 0.0911 0.8767
60.583 0.2272 0.0893 0.8690
60.623 0.2261 0.0931 0.9015
60.662 0.2208 0.0978 0.8935
60.702 0.2173 0.0918 0.9025
60.743 0.2144 0.0940 0.9085
60.784 0.2077 0.0897 0.9799
60.824 0.2099 0.0898 0.9185
60.863 0.2159 0.0908 0.9262
60.901 0.2178 0.0894 0.9398
60.945 0.2219 0.0885 0.9394
60.984 0.2221 0.0907 0.9341
61.024 0.2189 0.0897 0.9236
61.064 0.2190 0.0948 0.9405
61.102 0.2195 0.1006 0.9651
61.145 0.2197 0.0978 0.9342
61.185 0.2178 0.0959 0.9083
61.225 0.2186 0.0952 0.9241
61.265 0.2175 0.0932 0.9251
61.305 0.2171 0.0951 0.9490
61.346 0.2116 0.0977 0.9288
61.385 0.2134 0.0961 0.9151
61.425 0.2098 0.0952 0.9167
61.467 0.2097 0.0944 0.9106
61.506 0.2096 0.0979 0.9195
61.546 0.2092 0.0994 0.9478
61.587 0.2086 0.0979 0.8907
61.627 0.2006 0.0994 0.9251
61.667 0.2040 0.0984 0.8988
61.707 0.2037 0.0976 0.8976
61.745 0.2027 0.1001 0.9027
61.789 0.1980 0.0955 0.8854
61.828 0.1932 0.0968 0.9043
61.868 0.1859 0.0960 0.9251
61.908 0.1831 0.0915 0.9305
61.945 0.1828 0.0963 0.9128
61.989 0.1809 0.0970 0.9166
62.028 0.1827 0.0977 0.9069
62.069 0.1822 0.0960 0.9182
62.108 0.1844 0.0980 0.8949
62.148 0.1861 0.0938 0.9196
62.189 0.1786 0.0970 0.9274
62.229 0.1816 0.0948 0.9442
62.269 0.1874 0.0958 0.9152
62.309 0.1905 0.0922 0.9429
62.348 0.1921 0.0950 0.9330
62.388 0.1931 0.0970 0.9322
62.429 0.1909 0.0919 0.9573
62.470 0.1911 0.0896 0.9677
62.510 0.1937 0.0884 0.9213
62.550 0.1942 0.0895 0.9241
62.588 0.1948 0.0938 0.9668
62.632 0.1942 0.0955 0.9442
62.672 0.1986 0.0890 0.9250
62.711 0.1959 0.0907 0.9152
62.751 0.1908 0.0870 0.9376
62.788 0.1866 0.0884 0.9474
62.833 0.1871 0.0900 0.9277
62.872 0.1884 0.0882 0.9372
62.912 0.1931 0.0868 0.9257
62.952 0.2008 0.0880 0.9157
62.992 0.2026 0.0856 0.9542
63.033 0.2049 0.0892 0.9204
63.072 0.2120 0.0894 0.9208
63.113 0.2138 0.0916 0.9595
63.153 0.2164 0.0869 0.9118
63.192 0.2191 0.0873 0.9501
63.232 0.2189 0.0865 0.9222
63.273 0.2256 0.0892 0.9667
63.313 0.2313 0.0891 0.9519
63.353 0.2358 0.0888 0.9239
63.393 0.2382 0.0880 0.9466
63.430 0.2344 0.0867 0.9692
63.475 0.2325 0.0907 0.9466
63.514 0.2321 0.0912 0.9318
63.554 0.2295 0.0925 0.9586
63.594 0.2297 0.0899 0.9466
63.632 0.2254 0.0905 0.9487
63.675 0.2269 0.0917 0.9664
63.716 0.2292 0.0953 0.9638
63.756 0.2261 0.0976 0.9632
63.796 0.2200 0.0953 0.9501
63.835 0.2150 0.0942 0.9397
63.876 0.2088 0.0931 0.9214
63.916 0.2121 0.0972 0.9345
63.956 0.2080 0.0961 0.9575
63.996 0.2028 0.0938 0.9505
64.036 0.1996 0.0935 0.9432
64.076 0.1926 0.0942 0.9507
64.117 0.1925 0.0957 0.9429
64.157 0.1891 0.0940 0.8987
64.197 0.1885 0.0952 0.9015
64.237 0.1920 0.0929 0.9246
64.274 0.1912 0.0937 0.9126
64.318 0.1907 0.0933 0.8899
64.358 0.1947 0.0941 0.8903
64.398 0.1916 0.0971 0.8933
64.438 0.1922 0.0938 0.8763
64.474 0.1944 0.0948 0.8933
64.519 0.1916 0.0933 0.9400
64.559 0.1917 0.0922 0.9064
64.598 0.1889 0.0948 0.8973
64.638 0.1910 0.0963 0.9150
64.678 0.1939 0.0967 0.8927
64.719 0.1957 0.0964 0.8959
64.759 0.1938 0.0953 0.9045
64.800 0.1941 0.0972 0.9065
64.840 0.1934 0.0980 0.9097
64.879 0.1939 0.0978 0.9131
64.919 0.1941 0.0939 0.9421
64.960 0.2011 0.0946 0.9197
65.001 0.2070 0.0946 0.9519
65.041 0.2112 0.0952 0.9461
65.080 0.2179 0.0945 0.9226
65.117 0.2190 0.0952 0.9253
65.162 0.2251 0.0943 0.9579
65.201 0.2216 0.0936 0.9832
65.241 0.2276 0.0964 0.9419
65.281 0.2288 0.0945 0.9547
65.318 0.2299 0.0905 0.9434
65.362 0.2308 0.0890 0.9563
65.402 0.2328 0.0903 0.9434
65.442 0.2342 0.0925 0.9789
65.482 0.2324 0.0924 0.9467
65.522 0.2305 0.0941 0.9691
65.563 0.2275 0.0926 0.9615
65.602 0.2293 0.0906 0.9517
65.643 0.2266 0.0928 0.9636
65.683 0.2168 0.0920 0.9602
65.722 0.2050 0.0949 0.9631
65.762 0.1998 0.0927 0.9445
65.803 0.1989 0.0892 0.9466
65.843 0.1972 0.0916 0.9371
65.883 0.1974 0.0916 0.9070
65.924 0.1934 0.0928 0.9304
65.962 0.1891 0.0892 0.9209
66.006 0.1881 0.0902 0.8995
66.045 0.1887 0.0913 0.9280
66.085 0.1901 0.0905 0.9571
66.124 0.1902 0.0915 0.9691
66.162 0.1973 0.0909 0.9645
66.206 0.2086 0.0899 0.9506
66.245 0.2196 0.0891 0.9617
66.286 0.2270 0.0889 0.9471
66.325 0.2273 0.0917 0.9626
66.365 0.2323 0.0905 0.9807
66.406 0.2328 0.0917 0.9093
66.446 0.2347 0.0917 0.9331
66.486 0.2378 0.0909 0.9902
66.526 0.2422 0.0950 0.9543
66.566 0.2426 0.0953 0.9342
66.605 0.2352 0.0967 0.9603
66.646 0.2278 0.0933 0.9362
66.687 0.2229 0.0931 0.9300
66.727 0.2172 0.0959 0.9544
66.767 0.2104 0.0967 0.9868
66.804 0.2084 0.0979 0.9587
66.848 0.2041 0.0977 0.9077
66.888 0.1998 0.0942 0.9127
66.928 0.2004 0.0973 0.9167
66.968 0.1997 0.0976 0.8975
67.005 0.1972 0.0969 0.9379
67.050 0.1946 0.0977 0.8917
67.089 0.2034 0.0965 0.9118
67.129 0.2139 0.0950 0.8855
67.169 0.2224 0.0949 0.9275
67.208 0.2284 0.0983 0.9365
67.250 0.2335 0.0956 0.9204
67.290 0.2417 0.0940 0.9226
67.330 0.2479 0.0901 0.9127
67.370 0.2561 0.0893 0.9161
67.409 0.2584 0.0900 0.9250
67.449 0.2583 0.0943 0.9171
67.490 0.2578 0.0933 0.9189
67.531 0.2567 0.0927 0.9335
67.571 0.2508 0.0919 0.9295
67.610 0.2467 0.0898 0.9337
67.648 0.2401 0.0938 0.8940
67.692 0.2326 0.0920 0.9181
67.731 0.2290 0.0937 0.9534
67.771 0.2254 0.0910 0.9408
67.811 0.2221 0.0923 0.9408
67.848 0.2193 0.0935 0.9623
67.892 0.2156 0.0930 0.9417
67.932 0.2154 0.0978 0.9117
67.972 0.2172 0.0913 0.9407
68.012 0.2228 0.0921 0.9225
68.052 0.2294 0.0920 0.9345
68.093 0.2276 0.0940 0.9679
68.133 0.2287 0.0912 0.9603
68.174 0.2324 0.0912 0.9401
68.214 0.2355 0.0936 0.9655
68.253 0.2332 0.0926 0.9506
68.293 0.2279 0.0957 0.9207
68.334 0.2216 0.0891 0.9047
68.374 0.2185 0.0904 0.9201
68.414 0.2143 0.0864 0.9305
68.454 0.2121 0.0865 0.9287
68.491 0.2038 0.0936 0.9137
68.535 0.1975 0.0903 0.9109
68.575 0.1930 0.0902 0.9399
68.615 0.1924 0.0861 0.9252
68.655 0.1913 0.0839 0.9606
68.692 0.1870 0.0876 0.9157
68.736 0.1841 0.0816 0.9309
68.776 0.1870 0.0860 0.9764
68.816 0.1916 0.0816 0.9055
68.855 0.1922 0.0814 0.9378
68.895 0.1913 0.0797 0.9475
68.936 0.1999 0.0820 0.9271
68.976 0.2015 0.0794 0.9289
69.016 0.1991 0.0785 0.9642
69.056 0.2027 0.0816 0.9345
69.095 0.2060 0.0801 0.9303
69.147 0.2016 0.0815 0.9179
69.176 0.2018 0.0837 0.9303
69.217 0.2043 0.0817 0.9336
69.258 0.2049 0.0821 0.9266
69.297 0.2045 0.0809 0.9418
69.335 0.2009 0.0829 0.9508
69.379 0.2037 0.0825 0.9429
69.419 0.1967 0.0833 0.9458
69.458 0.1949 0.0834 0.9458
69.498 0.1977 0.0792 0.9260
69.535 0.1989 0.0806 0.8996
69.579 0.1956 0.0833 0.9192
69.619 0.1986 0.0849 0.8864
69.659 0.2026 0.0870 0.9316
69.698 0.2027 0.0829 0.8886
69.739 0.2043 0.0813 0.8917
69.780 0.2035 0.0827 0.8729
69.819 0.2057 0.0813 0.8730
69.860 0.2066 0.0800 0.9734
69.900 0.2043 0.0852 0.8695
69.939 0.2033 0.0811 0.8981
69.979 0.2023 0.0815 0.9015
70.020 0.2046 0.0854 0.9107
70.060 0.2067 0.0886 0.9343
70.100 0.2108 0.0879 0.9369
70.140 0.2156 0.0921 0.9153
70.177 0.2157 0.0901 0.9020
70.222 0.2185 0.0900 0.9163
70.262 0.2191 0.0894 0.9323
70.301 0.2215 0.0886 0.9328
70.342 0.2240 0.0901 0.9705
70.379 0.2290 0.0903 0.9578
70.423 0.2351 0.0882 0.9316
70.463 0.2406 0.0902 0.9573
70.503 0.2373 0.0903 0.9732
70.543 0.2370 0.0907 0.9838
70.583 0.2301 0.0904 0.9182
70.623 0.2225 0.0879 0.9378
70.663 0.2194 0.0882 0.9550
70.703 0.2180 0.0908 0.9306
70.743 0.2182 0.0899 0.9611
70.783 0.2156 0.0879 0.9423
70.822 0.2118 0.0892 0.9351
70.864 0.2098 0.0891 0.9118
70.904 0.2053 0.0915 0.9378
70.944 0.2034 0.0910 0.9541
70.984 0.2072 0.0925 0.9304
71.021 0.2037 0.0893 0.8865
71.065 0.2076 0.0875 0.9303
71.105 0.2082 0.0896 0.8989
71.145 0.2101 0.0900 0.9482
71.185 0.2084 0.0898 0.9256
71.221 0.2056 0.0875 0.9496
71.266 0.2077 0.0863 0.9104
71.305 0.2084 0.0862 0.8829
71.345 0.2100 0.0862 0.9455
71.385 0.2123 0.0863 0.9545
71.425 0.2062 0.0830 0.9266
71.467 0.1956 0.0890 0.8793
71.507 0.1939 0.0824 0.9063
71.547 0.1941 0.0833 0.9140
71.587 0.1932 0.0872 0.9548
71.626 0.1893 0.0853 0.9376
71.666 0.1882 0.0822 0.8892
71.707 0.1862 0.0842 0.9317
71.748 0.1843 0.0840 0.9317
71.788 0.1842 0.0860 0.9410
71.827 0.1805 0.0803 0.9541
71.865 0.1730 0.0817 0.9541
71.909 0.1769 0.0820 0.9425
71.948 0.1847 0.0813 0.9064
71.988 0.1947 0.0803 0.9530
72.028 0.1989 0.0793 0.9492
72.065 0.2005 0.0793 0.9584
72.110 0.2005 0.0759 0.9424
72.149 0.2016 0.0771 0.9217
72.189 0.2063 0.0813 0.9298
72.229 0.2098 0.0812 0.9289
72.269 0.2122 0.0795 0.9486
72.310 0.2101 0.0815 0.9035
72.349 0.2119 0.0805 0.8854
72.390 0.2154 0.0802 0.9254
72.430 0.2160 0.0806 0.9238
72.469 0.2097 0.0832 0.9515
72.509 0.2012 0.0801 0.9421
72.550 0.1976 0.0796 0.9376
72.592 0.1979 0.0798 0.9228
72.631 0.1976 0.0818 0.9438
72.671 0.1961 0.0812 0.9382
72.708 0.1913 0.0798 0.9404
72.753 0.1873 0.0823 0.9107
72.792 0.1876 0.0814 0.9085
72.832 0.1922 0.0790 0.9152
72.872 0.1906 0.0815 0.9096
72.909 0.1843 0.0832 0.9242
72.953 0.1796 0.0832 0.9071
72.993 0.1818 0.0794 0.9071
73.033 0.1808 0.0789 0.9269
73.072 0.1768 0.0809 0.9454
73.112 0.1743 0.0835 0.9131
73.153 0.1724 0.0806 0.9775
73.193 0.1703 0.0819 0.9344
73.233 0.1674 0.0786 0.9246
73.273 0.1621 0.0784 0.9181
73.313 0.1567 0.0825 0.8998
73.352 0.1494 0.0820 0.9438
73.394 0.1445 0.0832 0.9442
73.434 0.1400 0.0810 0.9179
73.474 0.1349 0.0800 0.9298
73.513 0.1322 0.0776 0.9289
73.551 0.1277 0.0810 0.9544
73.595 0.1244 0.0790 0.9539
73.635 0.1162 0.0777 0.9519
73.675 0.1091 0.0767 0.9479
73.715 0.1079 0.0812 0.8875
73.752 0.1042 0.0819 0.9434
73.797 0.0989 0.0798 0.9405
73.836 0.0954 0.0809 0.9576
73.876 0.0936 0.0787 0.9189
73.916 0.0984 0.0779 0.8999
73.956 0.1048 0.0814 0.9075
73.997 0.1039 0.0811 0.9051
74.037 0.1072 0.0831 0.9051
74.077 0.1116 0.0819 0.9079
74.117 0.1197 0.0775 0.9041
74.156 0.1346 0.0798 0.9041
74.196 0.1345 0.0809 0.9215
74.237 0.1414 0.0799 0.8931
74.278 0.1429 0.0776 0.8631
74.317 0.1476 0.0764 0.8536
74.357 0.1529 0.0732 0.8516
74.395 0.1559 0.0778 0.8846
74.439 0.1513 0.0780 0.8890
74.478 0.1450 0.0762 0.8992
74.518 0.1411 0.0777 0.8992
74.558 0.1395 0.0756 0.9012
74.595 0.1366 0.0751 0.8955
74.639 0.1265 0.0818 0.8716
74.679 0.1214 0.0782 0.9165
74.719 0.1156 0.0766 0.8981
74.758 0.1150 0.0766 0.8981
74.799 0.1197 0.0778 0.9102
74.841 0.1243 0.0783 0.8846
74.880 0.1224 0.0782 0.9182
74.926 0.1234 0.0811 0.8879
74.960 0.1288 0.0788 0.9013
75.000 0.1342 0.0803 0.9133
75.040 0.1353 0.0791 0.8732
75.081 0.1355 0.0798 0.8745
75.121 0.1337 0.0799 0.8670
75.161 0.1362 0.0829 0.9046
75.201 0.1373 0.0804 0.9084
75.238 0.1387 0.0840 0.9095
75.282 0.1345 0.0824 0.8755
75.322 0.1285 0.0839 0.8863
75.362 0.1292 0.0824 0.8775
75.402 0.1308 0.0841 0.9009
75.439 0.1336 0.0821 0.8945
75.483 0.1342 0.0850 0.8945
75.522 0.1338 0.0853 0.8761
75.563 0.1327 0.0826 0.8303
75.603 0.1325 0.0886 0.8502
75.642 0.1330 0.0831 0.8964
75.683 0.1341 0.0841 0.8878
75.723 0.1359 0.0839 0.8839
75.763 0.1387 0.0843 0.8725
75.803 0.1449 0.0830 0.9025
75.842 0.1489 0.0829 0.9255
75.883 0.1475 0.0807 0.8690
75.924 0.1483 0.0833 0.8867
75.965 0.1502 0.0834 0.8867
76.005 0.1559 0.0822 0.8923
76.044 0.1647 0.0813 0.8850
76.082 0.1699 0.0824 0.8890
76.126 0.1790 0.0825 0.8973
76.166 0.1823 0.0868 0.8970
76.205 0.1840 0.0870 0.8826
76.245 0.1824 0.0846 0.9251
76.282 0.1812 0.0838 0.9251
76.327 0.1801 0.0822 0.9301
76.366 0.1814 0.0834 0.9402
76.406 0.1791 0.0884 0.9382
76.446 0.1770 0.0838 0.9126
76.486 0.1731 0.0848 0.9077
76.527 0.1658 0.0850 0.9235
76.567 0.1603 0.0874 0.9173
76.607 0.1542 0.0869 0.8939
76.647 0.1544 0.0872 0.9129
76.686 0.1528 0.0834 0.9205
76.726 0.1576 0.0846 0.8946
76.767 0.1600 0.0860 0.8995
76.808 0.1573 0.0855 0.8960
76.847 0.1603 0.0867 0.8897
76.887 0.1650 0.0920 0.8738
76.925 0.1703 0.0863 0.8995
76.969 0.1776 0.0864 0.8709
77.008 0.1772 0.0889 0.8955
77.049 0.1805 0.0910 0.8793
77.089 0.1809 0.0864 0.9100
77.126 0.1777 0.0893 0.9140
77.170 0.1827 0.0897 0.9063
77.210 0.1835 0.0887 0.8972
77.250 0.1825 0.0937 0.9314
77.290 0.1820 0.0962 0.8921
77.330 0.1810 0.0930 0.9019
77.370 0.1797 0.0930 0.9427
77.410 0.1756 0.0962 0.9159
77.450 0.1675 0.0976 0.9224
77.490 0.1655 0.0994 0.9186
77.530 0.1640 0.1014 0.9213
77.570 0.1636 0.0994 0.9167
77.611 0.1653 0.0941 0.8936
77.651 0.1585 0.0958 0.9454
77.691 0.1510 0.1008 0.9264
77.731 0.1427 0.0986 0.9469
77.768 0.1385 0.0997 0.8922
77.812 0.1330 0.0977 0.9010
77.852 0.1288 0.0943 0.8768
77.892 0.1241 0.0950 0.9358
77.931 0.1237 0.0982 0.8808
77.969 0.1245 0.0994 0.8846
78.013 0.1272 0.0962 0.8510
78.052 0.1249 0.0982 0.8611
78.092 0.1228 0.0994 0.9012
78.133 0.1265 0.1000 0.8703
78.173 0.1271 0.1006 0.8949
78.214 0.1344 0.1001 0.8905
78.254 0.1384 0.0975 0.9023
78.294 0.1429 0.0996 0.8846
78.334 0.1479 0.1026 0.8607
78.373 0.1556 0.0992 0.8607
78.413 0.1601 0.0971 0.8726
78.454 0.1624 0.0975 0.8607
78.495 0.1580 0.0979 0.8713
78.535 0.1597 0.0957 0.8928
78.574 0.1632 0.0971 0.9111
78.612 0.1618 0.0991 0.8895
78.656 0.1648 0.0963 0.9093
78.695 0.1625 0.0932 0.8952
78.735 0.1631 0.0948 0.9029
78.775 0.1648 0.0944 0.8988
78.812 0.1649 0.0931 0.9003
78.857 0.1615 0.0946 0.8936
78.896 0.1608 0.0918 0.9382
78.936 0.1630 0.0900 0.9316
78.976 0.1694 0.0924 0.9166
79.016 0.1758 0.0928 0.9424
79.057 0.1798 0.0962 0.9210
79.096 0.1854 0.0893 0.9237
79.137 0.1913 0.0895 0.9196
79.177 0.1943 0.0861 0.9227
79.217 0.1948 0.0929 0.9055
79.257 0.1928 0.0881 0.9488
79.298 0.1915 0.0869 0.9261
79.339 0.1889 0.0858 0.9379
79.378 0.1904 0.0879 0.9209
79.418 0.1897 0.0866 0.9220
79.455 0.1842 0.0915 0.9129
79.500 0.1748 0.0851 0.9084
79.539 0.1751 0.0849 0.8810
79.579 0.1710 0.0845 0.9011
79.618 0.1695 0.0829 0.9039
79.656 0.1719 0.0843 0.9075
79.700 0.1753 0.0852 0.9099
79.740 0.1823 0.0855 0.9170
79.779 0.1867 0.0786 0.9386
79.819 0.1945 0.0839 0.8702
79.863 0.1991 0.0868 0.8749
79.900 0.1999 0.0927 0.9089
79.940 0.2061 0.0860 0.9219
79.980 0.2189 0.0846 0.8928
80.020 0.2251 0.0806 0.9149
80.059 0.2320 0.0854 0.9083
80.099 0.2351 0.0851 0.8975
80.140 0.2321 0.0817 0.9019
80.181 0.2329 0.0805 0.9072
80.221 0.2315 0.0804 0.9222
80.260 0.2321 0.0824 0.9165
80.299 0.2325 0.0842 0.9218
80.342 0.2268 0.0839 0.9096
80.382 0.2252 0.0824 0.9189
80.423 0.2193 0.0781 0.9439
80.462 0.2151 0.0773 0.9640
80.499 0.2086 0.0815 0.9451
80.543 0.2027 0.0799 0.9591
80.583 0.1977 0.0810 0.9244
80.623 0.1974 0.0812 0.9434
80.663 0.1945 0.0819 0.9412
80.703 0.1883 0.0801 0.9088
80.744 0.1829 0.0819 0.9266
80.783 0.1777 0.0840 0.9173
80.824 0.1782 0.0818 0.9309
80.864 0.1725 0.0805 0.9355
80.903 0.1734 0.0801 0.9205
80.943 0.1721 0.0809 0.9447
80.984 0.1693 0.0847 0.9519
81.025 0.1655 0.0857 0.9281
81.064 0.1610 0.0794 0.9212
81.104 0.1600 0.0823 0.9441
81.141 0.1592 0.0823 0.9389
81.186 0.1584 0.0823 0.9573
81.225 0.1592 0.0854 0.9143
81.265 0.1621 0.0841 0.9165
81.305 0.1583 0.0825 0.9404
81.342 0.1590 0.0785 0.9223
81.386 0.1645 0.0844 0.9183
81.426 0.1645 0.0849 0.9222
81.467 0.1655 0.0849 0.9290
81.507 0.1676 0.0845 0.9245
81.547 0.1724 0.0806 0.8887
81.602 0.1718 0.0811 0.8910
81.627 0.1722 0.0853 0.9334
81.667 0.1770 0.0853 0.9192
81.707 0.1844 0.0857 0.8878
81.747 0.1873 0.0801 0.9339
81.786 0.1878 0.0792 0.9431
81.828 0.1921 0.0835 0.9079
81.868 0.1930 0.0839 0.9019
81.908 0.1900 0.0843 0.8903
81.948 0.1919 0.0801 0.9062
81.986 0.1884 0.0786 0.8719
82.029 0.1906 0.0808 0.8832
82.069 0.1949 0.0807 0.9104
82.109 0.1961 0.0785 0.9169
82.149 0.1946 0.0817 0.9338
82.186 0.1892 0.0764 0.9226
82.230 0.1859 0.0756 0.8816
82.269 0.1892 0.0772 0.8952
82.310 0.1889 0.0773 0.9375
82.349 0.1867 0.0776 0.9093
82.389 0.1852 0.0782 0.9078
82.430 0.1852 0.0739 0.9270
82.470 0.1910 0.0779 0.9419
82.510 0.1915 0.0783 0.9182
82.550 0.1908 0.0775 0.9338
82.590 0.1959 0.0749 0.9098
82.630 0.1994 0.0757 0.9153
82.671 0.2056 0.0731 0.9165
82.712 0.2078 0.0747 0.9304
82.752 0.2130 0.0729 0.9574
82.791 0.2154 0.0745 0.9435
82.829 0.2144 0.0728 0.8995
82.873 0.2191 0.0726 0.9328
82.912 0.2182 0.0738 0.9303
82.952 0.2160 0.0780 0.9202
82.992 0.2142 0.0748 0.9835
83.029 0.2207 0.0706 0.8916
83.073 0.2214 0.0717 0.9616
83.113 0.2249 0.0749 0.9387
83.153 0.2261 0.0749 0.9398
83.193 0.2334 0.0770 0.8895
83.233 0.2289 0.0728 0.9272
83.274 0.2226 0.0755 0.9052
83.314 0.2222 0.0700 0.9085
83.354 0.2189 0.0784 0.9210
83.394 0.2170 0.0749 0.9135
83.433 0.2141 0.0747 0.9534
83.473 0.2110 0.0723 0.9265
83.514 0.2040 0.0721 0.9514
83.554 0.2019 0.0711 0.9454
83.594 0.1983 0.0757 0.9294
83.634 0.1916 0.0739 0.9432
83.673 0.1813 0.0762 0.9003
83.716 0.1738 0.0728 0.9143
83.756 0.1766 0.0709 0.9085
83.796 0.1770 0.0791 0.9241
83.836 0.1762 0.0800 0.9456
83.873 0.1747 0.0787 0.9513
83.917 0.1738 0.0749 0.9081
83.957 0.1806 0.0770 0.8773
83.997 0.1835 0.0776 0.8783
84.036 0.1809 0.0771 0.9283
84.077 0.1742 0.0749 0.9257
84.117 0.1705 0.0756 0.9072
84.157 0.1742 0.0757 0.9429
84.199 0.1772 0.0757 0.9259
84.237 0.1764 0.0780 0.9556
84.277 0.1715 0.0743 0.9317
84.317 0.1707 0.0770 0.9565
84.358 0.1744 0.0732 0.9566
84.398 0.1794 0.0731 0.9529
84.438 0.1807 0.0740 0.9698
84.477 0.1804 0.0775 0.9229
84.515 0.1796 0.0728 0.9096
84.559 0.1785 0.0736 0.8869
84.599 0.1775 0.0728 0.9338
84.639 0.1782 0.0718 0.9168
84.679 0.1750 0.0756 0.9475
84.716 0.1743 0.0756 0.9179
84.760 0.1801 0.0725 0.8871
84.800 0.1848 0.0709 0.8861
84.840 0.1871 0.0723 0.9378
84.880 0.1866 0.0740 0.9431
84.920 0.1849 0.0727 0.9028
84.961 0.1834 0.0731 0.9447
85.001 0.1876 0.0728 0.9243
85.041 0.1905 0.0706 0.9062
85.081 0.1995 0.0728 0.9307
85.120 0.1983 0.0747 0.9233
85.160 0.1970 0.0751 0.8764
85.201 0.1944 0.0727 0.8764
85.241 0.1897 0.0721 0.9294
85.282 0.1856 0.0734 0.9192
85.321 0.1826 0.0745 0.9009
85.359 0.1794 0.0754 0.9048
85.403 0.1745 0.0717 0.8835
85.442 0.1752 0.0701 0.8925
85.482 0.1728 0.0731 0.8719
85.522 0.1675 0.0753 0.9289
85.559 0.1604 0.0794 0.9203
85.604 0.1591 0.0738 0.9290
85.643 0.1646 0.0748 0.9009
85.683 0.1700 0.0711 0.9278
85.723 0.1746 0.0722 0.9292
85.763 0.1764 0.0784 0.9392
85.804 0.1800 0.0784 0.8939
85.843 0.1816 0.0763 0.8987
85.884 0.1908 0.0768 0.9181
85.925 0.1993 0.0722 0.9056
85.964 0.2038 0.0748 0.9807
86.004 0.2072 0.0758 0.9863
86.045 0.2096 0.0723 0.9633
86.085 0.2085 0.0719 0.9571
86.125 0.2053 0.0708 0.9388
86.164 0.2060 0.0736 0.9381
86.228 0.2008 0.0768 0.9480
86.286 0.1999 0.0729 0.9425
86.326 0.1985 0.0709 0.9126
86.366 0.1980 0.0738 0.9313
86.406 0.1921 0.0746 0.9682
86.443 0.1865 0.0739 0.9402
86.487 0.1861 0.0730 0.9478
86.526 0.1909 0.0740 0.9543
86.567 0.1938 0.0720 0.9165
86.606 0.1925 0.0728 0.9640
86.646 0.1899 0.0770 0.9154
86.687 0.1919 0.0745 0.9232
86.727 0.1954 0.0746 0.9135
86.767 0.1968 0.0734 0.9044
86.807 0.1972 0.0724 0.9064
86.847 0.1903 0.0734 0.9423
86.886 0.1859 0.0741 0.9810
86.927 0.1828 0.0749 0.9153
86.968 0.1785 0.0742 0.9258
87.008 0.1794 0.0740 0.9394
87.049 0.1741 0.0742 0.9091
87.086 0.1728 0.0774 0.9154
87.130 0.1773 0.0783 0.9154
87.170 0.1753 0.0762 0.9372
87.210 0.1729 0.0734 0.9311
87.249 0.1682 0.0740 0.8957
87.287 0.1666 0.0777 0.9085
87.331 0.1702 0.0767 0.9227
87.370 0.1727 0.0757 0.9236
87.410 0.1744 0.0755 0.9198
87.450 0.1808 0.0743 0.9089
87.490 0.1773 0.0776 0.9407
87.531 0.1806 0.0793 0.9331
87.571 0.1880 0.0795 0.9375
87.611 0.1899 0.0765 0.9224
87.651 0.1923 0.0754 0.9211
87.690 0.1928 0.0762 0.9035
87.730 0.1934 0.0756 0.9194
87.771 0.1952 0.0767 0.9216
87.812 0.1958 0.0761 0.8871
87.851 0.1961 0.0767 0.9139
87.891 0.2001 0.0761 0.9295
87.929 0.1964 0.0785 0.8869
87.972 0.1900 0.0794 0.9008
88.012 0.1878 0.0779 0.8898
88.052 0.1860 0.0762 0.8923
88.092 0.1856 0.0759 0.9724
88.131 0.1804 0.0761 0.9592
88.174 0.1758 0.0806 0.9673
88.214 0.1759 0.0807 0.9554
88.254 0.1762 0.0791 0.9638
88.294 0.1768 0.0761 0.9230
88.334 0.1749 0.0742 0.9690
88.374 0.1734 0.0785 0.9093
88.414 0.1723 0.0779 0.9093
88.454 0.1720 0.0805 0.8875
88.495 0.1726 0.0789 0.9227
88.534 0.1725 0.0774 0.8878
88.573 0.1717 0.0765 0.9409
88.615 0.1742 0.0781 0.9307
88.655 0.1777 0.0763 0.8879
88.695 0.1796 0.0758 0.9033
88.735 0.1813 0.0751 0.8981
88.772 0.1833 0.0747 0.9173
88.816 0.1918 0.0749 0.9135
88.856 0.1894 0.0769 0.9141
88.896 0.1872 0.0777 0.9222
88.936 0.1881 0.0751 0.9421
88.972 0.1900 0.0744 0.9245
89.017 0.1984 0.0781 0.9548
89.056 0.1972 0.0814 0.9456
89.096 0.1926 0.0756 0.9507
89.136 0.1905 0.0756 0.9507
89.176 0.1907 0.0727 0.9386
89.217 0.1918 0.0695 0.9297
89.258 0.1913 0.0782 0.9712
89.298 0.1824 0.0788 0.9370
89.338 0.1774 0.0772 0.9290
89.377 0.1767 0.0789 0.9543
89.417 0.1841 0.0754 0.9355
89.458 0.1931 0.0748 0.9332
89.499 0.1882 0.0793 0.9464
89.539 0.1850 0.0785 0.9276
89.578 0.1879 0.0724 0.9276
89.616 0.1864 0.0780 0.9161
89.660 0.1894 0.0737 0.9347
89.699 0.1870 0.0788 0.9198
89.739 0.1807 0.0777 0.9347
89.779 0.1798 0.0758 0.9549
89.816 0.1816 0.0759 0.9639
89.860 0.1908 0.0732 0.9394
89.900 0.1900 0.0758 0.9620
89.940 0.1841 0.0765 0.9610
89.980 0.1811 0.0732 0.9661
90.020 0.1855 0.0726 0.9756
90.060 0.1842 0.0739 0.9209
90.101 0.1871 0.0739 0.9609
90.141 0.1833 0.0761 0.9453
90.181 0.1809 0.0763 0.9571
90.220 0.1850 0.0742 0.9571
90.260 0.1859 0.0725 0.9042
90.301 0.1870 0.0690 0.9241
90.342 0.1815 0.0715 0.9258
90.382 0.1755 0.0757 0.9508
90.422 0.1708 0.0697 0.9737
90.459 0.1684 0.0720 0.9366
90.503 0.1615 0.0719 0.9238
90.543 0.1622 0.0709 0.9558
90.583 0.1646 0.0742 0.9565
90.623 0.1679 0.0723 0.9466
90.660 0.1699 0.0713 0.9473
90.704 0.1702 0.0696 0.9485
90.743 0.1696 0.0700 0.9479
90.783 0.1726 0.0709 0.9519
90.823 0.1751 0.0719 0.9428
90.863 0.1781 0.0696 0.9510
90.904 0.1801 0.0705 0.9310
90.944 0.1845 0.0684 0.9586
90.984 0.1872 0.0696 0.9291
91.024 0.1877 0.0747 0.9341
91.063 0.1860 0.0727 0.9665
91.103 0.1844 0.0703 0.9233
91.145 0.1865 0.0706 0.8974
91.185 0.1838 0.0699 0.9268
91.225 0.1843 0.0737 0.9460
91.264 0.1848 0.0737 0.9344
91.302 0.1873 0.0743 0.9094
91.346 0.1924 0.0731 0.9364
91.386 0.1990 0.0693 0.8967
91.425 0.1975 0.0731 0.9021
91.466 0.1985 0.0765 0.8838
91.504 0.1970 0.0723 0.9341
91.547 0.1949 0.0730 0.9055
91.587 0.1935 0.0709 0.9123
91.627 0.1898 0.0726 0.9173
91.667 0.1950 0.0744 0.9133
91.707 0.1961 0.0755 0.9431
91.748 0.1963 0.0724 0.9230
91.787 0.1931 0.0759 0.8998
91.828 0.1890 0.0712 0.8660
91.868 0.1850 0.0726 0.9120
91.907 0.1860 0.0754 0.9437
91.947 0.1879 0.0789 0.9525
91.988 0.1884 0.0739 0.9475
92.029 0.1901 0.0726 0.9352
92.068 0.1914 0.0733 0.9321
92.108 0.1949 0.0779 0.9196
92.146 0.1904 0.0769 0.9003
92.190 0.1851 0.0741 0.8993
92.229 0.1804 0.0707 0.8839
92.269 0.1750 0.0709 0.9049
92.309 0.1729 0.0763 0.8963
92.346 0.1712 0.0786 0.9170
92.390 0.1725 0.0754 0.8855
92.430 0.1712 0.0744 0.8391
92.470 0.1749 0.0710 0.8429
92.509 0.1758 0.0734 0.8449
92.550 0.1742 0.0797 0.8399
92.591 0.1716 0.0765 0.8243
92.631 0.1728 0.0735 0.9573
92.671 0.1738 0.0735 0.9377
92.711 0.1744 0.0724 0.9605
92.751 0.1790 0.0704 0.9631
92.790 0.1787 0.0721 0.9624
92.832 0.1750 0.0718 0.9671
92.872 0.1723 0.0706 0.9583
92.912 0.1698 0.0733 0.9390
92.952 0.1672 0.0726 0.9507
92.989 0.1651 0.0721 0.9127
93.033 0.1659 0.0736 0.9443
93.073 0.1639 0.0746 0.9387
93.113 0.1626 0.0734 0.9196
93.152 0.1606 0.0732 0.9417
93.190 0.1594 0.0722 0.9109
93.234 0.1586 0.0746 0.9693
93.273 0.1577 0.0707 0.9303
93.314 0.1621 0.0697 0.9077
93.353 0.1629 0.0671 0.9041
93.394 0.1648 0.0705 0.9508
93.434 0.1621 0.0713 0.9418
93.474 0.1590 0.0690 0.9241
93.514 0.1499 0.0689 0.8953
93.554 0.1371 0.0689 0.8955
93.593 0.1189 0.0698 0.9096
93.633 0.0966 0.0732 0.9062
93.675 0.0737 0.0736 0.9051
93.716 0.0501 0.0735 0.9278
93.756 0.0648 0.0708 0.9278
93.795 0.1089 0.0707 0.8943
93.833 0.1471 0.0713 0.8943
93.877 0.1988 0.0739 0.8875
93.916 0.2409 0.0760 0.9131
93.956 0.2833 0.0743 0.9274
93.998 0.3270 0.0743 0.8958
94.033 0.3538 0.0768 0.9201
94.078 0.3598 0.0833 0.9347
94.117 0.3546 0.0786 0.9069
94.157 0.3474 0.0757 0.9125
94.197 0.3337 0.0798 0.9431
94.236 0.3226 0.0788 0.9696
94.278 0.3114 0.0794 0.9197
94.318 0.3083 0.0793 0.9520
94.358 0.3020 0.0793 0.9684
94.398 0.2996 0.0790 0.9398
94.437 0.2938 0.0779 0.9483
94.477 0.2847 0.0792 0.9677
94.518 0.2787 0.0755 0.9500
94.559 0.2790 0.0738 0.9586
94.598 0.2942 0.0747 0.9202
94.638 0.3109 0.0726 0.9370
94.675 0.3165 0.0744 0.9227
94.720 0.3198 0.0744 0.9465
94.759 0.3181 0.0733 0.9472
94.800 0.3158 0.0757 0.9241
94.840 0.3122 0.0761 0.8946
94.877 0.3057 0.0767 0.8971
94.921 0.2988 0.0790 0.8647
94.960 0.2954 0.0765 0.9237
95.001 0.2853 0.0779 0.8925
95.040 0.2860 0.0761 0.9077
95.081 0.2823 0.0727 0.9065
95.122 0.2617 0.0764 0.8868
95.161 0.2454 0.0807 0.9183
95.201 0.2311 0.0864 0.8724
95.241 0.2226 0.0775 0.8662
95.281 0.2137 0.0748 0.9337
95.320 0.2052 0.0732 0.8805
95.362 0.1934 0.0751 0.9009
95.402 0.1834 0.0784 0.9377
95.442 0.1788 0.0739 0.9352
95.482 0.1738 0.0743 0.9524
95.519 0.1673 0.0716 0.9551
95.564 0.1580 0.0779 0.9417
95.603 0.1491 0.0789 0.9201
95.643 0.1444 0.0771 0.9103
95.682 0.1440 0.0791 0.9241
95.728 0.1371 0.0767 0.9133
95.763 0.1315 0.0772 0.9437
95.803 0.1209 0.0799 0.9502
95.843 0.1132 0.0792 0.9383
95.883 0.1082 0.0784 0.9383
95.924 0.0937 0.0781 0.9346
95.965 0.0836 0.0766 0.9227
96.005 0.0693 0.0766 0.9227
96.045 0.0573 0.0797 0.9172
96.085 0.0524 0.0787 0.9074
96.124 0.0449 0.0797 0.9051
96.164 0.0342 0.0795 0.9112
96.205 0.0254 0.0826 0.9112
96.246 0.0163 0.0806 0.9112
96.286 0.0495 0.0833 0.9112
96.325 0.0764 0.0814 0.9141
96.363 0.0996 0.0792 0.9141
96.407 0.1235 0.0818 0.9141
96.446 0.1480 0.0780 0.9191
96.486 0.1657 0.0802 0.9346
96.526 0.1785 0.0835 0.9095
96.563 0.1949 0.0817 0.9524
96.607 0.2144 0.0808 0.8989
96.647 0.2301 0.0819 0.8875
96.687 0.2372 0.0829 0.9403
96.727 0.2291 0.0840 0.8967
96.766 0.2143 0.0788 0.9180
96.807 0.1941 0.0807 0.9020
96.847 0.1836 0.0753 0.9423
96.888 0.1723 0.0767 0.9102
96.927 0.1624 0.0791 0.9026
96.967 0.1525 0.0785 0.8928
97.008 0.1521 0.0775 0.9011
97.049 0.1544 0.0748 0.8888
97.089 0.1554 0.0760 0.8759
97.129 0.1529 0.0756 0.8946
97.169 0.1471 0.0778 0.9265
97.206 0.1461 0.0746 0.9101
97.251 0.1421 0.0741 0.9069
97.290 0.1409 0.0734 0.9058
97.330 0.1446 0.0756 0.9025
97.370 0.1500 0.0761 0.9333
97.406 0.1490 0.0757 0.9289
97.451 0.1495 0.0750 0.9344
97.490 0.1474 0.0749 0.9249
97.530 0.1430 0.0738 0.9597
97.570 0.1360 0.0787 0.8935
97.610 0.1311 0.0741 0.9089
97.651 0.1334 0.0749 0.9308
97.691 0.1363 0.0767 0.9119
97.731 0.1397 0.0727 0.9125
97.771 0.1446 0.0770 0.9169
97.810 0.1473 0.0827 0.9153
97.850 0.1451 0.0749 0.9138
97.892 0.1479 0.0723 0.9393
97.932 0.1536 0.0740 0.9160
97.972 0.1556 0.0721 0.8969
98.011 0.1582 0.0750 0.9055
98.050 0.1584 0.0819 0.8936
98.093 0.1642 0.0784 0.9026
98.133 0.1697 0.0779 0.8750
98.173 0.1714 0.0785 0.9302
98.213 0.1710 0.0783 0.9139
98.250 0.1710 0.0840 0.8999
98.295 0.1712 0.0835 0.9269
98.334 0.1732 0.0844 0.9233
98.374 0.1724 0.0817 0.9137
98.414 0.1666 0.0802 0.9335
98.454 0.1636 0.0860 0.9219
98.495 0.1642 0.0843 0.8990
98.534 0.1654 0.0813 0.8739
98.575 0.1666 0.0805 0.9159
98.615 0.1665 0.0766 0.8961
98.654 0.1673 0.0803 0.8845
98.693 0.1699 0.0808 0.9434
98.735 0.1693 0.0771 0.9469
98.776 0.1725 0.0753 0.9433
98.815 0.1733 0.0764 0.9352
98.855 0.1764 0.0765 0.8899
98.892 0.1813 0.0819 0.9281
98.937 0.1894 0.0842 0.9031
98.976 0.1932 0.0780 0.9192
99.016 0.2016 0.0759 0.9129
99.056 0.2059 0.0799 0.8756
99.093 0.2060 0.0808 0.9216
99.137 0.2047 0.0821 0.9146
99.177 0.2046 0.0797 0.9068
99.217 0.2135 0.0820 0.9296
99.257 0.2136 0.0799 0.9002
99.298 0.2146 0.0808 0.9323
99.338 0.2146 0.0850 0.9237
99.378 0.2119 0.0840 0.8968
99.419 0.2117 0.0804 0.9175
99.458 0.2113 0.0786 0.9241
99.498 0.2048 0.0742 0.8891
99.537 0.2022 0.0803 0.9097
99.579 0.2039 0.0820 0.9179
99.619 0.2047 0.0794 0.8925
99.659 0.2078 0.0795 0.9473
99.698 0.2069 0.0755 0.9025
99.736 0.2080 0.0753 0.8969
99.780 0.2068 0.0798 0.8939
99.819 0.2098 0.0805 0.9311
99.860 0.2137 0.0785 0.9389
99.899 0.2137 0.0786 0.8988
99.936 0.2158 0.0785 0.9585
99.980 0.2193 0.0802 0.9585
100.020 0.2241 0.0797 0.9279
100.060 0.2241 0.0786 0.8996
100.100 0.2280 0.0788 0.9705
100.140 0.2294 0.0791 0.9021
100.181 0.2291 0.0810 0.8812
100.221 0.2286 0.0818 0.9203
100.261 0.2294 0.0803 0.9356
100.301 0.2270 0.0797 0.9269
100.341 0.2215 0.0792 0.9060
100.381 0.2189 0.0793 0.9892
100.422 0.2190 0.0841 0.9367
100.463 0.2196 0.0810 0.9119
100.503 0.2194 0.0787 0.9172
100.542 0.2227 0.0774 0.9584
100.579 0.2234 0.0752 0.9309
100.624 0.2248 0.0775 0.9289
100.663 0.2259 0.0762 0.9734
100.703 0.2254 0.0761 0.9768
100.743 0.2287 0.0750 0.9162
100.780 0.2321 0.0752 0.9315
100.824 0.2378 0.0765 0.9475
100.864 0.2467 0.0795 0.9709
100.904 0.2510 0.0807 0.9803
100.944 0.2528 0.0784 0.9431
100.984 0.2549 0.0784 0.9502
101.024 0.2525 0.0790 0.9682
101.064 0.2535 0.0801 0.9718
101.105 0.2564 0.0806 0.9546
101.145 0.2611 0.0796 0.9550
101.184 0.2638 0.0774 0.9293
101.224 0.2664 0.0747 0.9395
101.265 0.2742 0.0759 0.9391
101.305 0.2758 0.0811 0.8979
101.345 0.2755 0.0813 0.9239
101.385 0.2780 0.0807 0.9078
101.423 0.2798 0.0787 0.9220
101.467 0.2830 0.0787 0.9376
101.507 0.2873 0.0811 0.9362
101.547 0.2883 0.0813 0.9128
101.587 0.2827 0.0779 0.9175
101.623 0.2733 0.0801 0.9044
101.668 0.2694 0.0775 0.9224
101.707 0.2667 0.0767 0.9335
101.748 0.2577 0.0769 0.9435
101.787 0.2482 0.0785 0.9367
101.828 0.2432 0.0765 0.9085
101.868 0.2327 0.0749 0.9029
101.908 0.2272 0.0743 0.9152
101.948 0.2216 0.0751 0.9106
101.988 0.2152 0.0778 0.9286
102.027 0.2053 0.0785 0.9484
102.067 0.2002 0.0768 0.9224
102.108 0.1989 0.0770 0.9005
102.149 0.1950 0.0774 0.9320
102.189 0.1883 0.0790 0.9257
102.228 0.1830 0.0797 0.9237
102.266 0.1805 0.0821 0.8723
102.310 0.1790 0.0804 0.9413
102.350 0.1806 0.0785 0.9280
102.389 0.1830 0.0791 0.9056
102.429 0.1794 0.0812 0.9044
102.467 0.1781 0.0791 0.9318
102.510 0.1838 0.0770 0.9318
102.550 0.1887 0.0790 0.8908
102.591 0.1897 0.0802 0.8853
102.631 0.1919 0.0869 0.9455
102.670 0.1964 0.0868 0.9184
102.711 0.1987 0.0853 0.9314
102.752 0.2033 0.0836 0.9302
102.792 0.2082 0.0843 0.9664
102.832 0.2116 0.0901 0.9296
102.871 0.2137 0.0885 0.9432
102.911 0.2156 0.0931 0.9409
102.952 0.2155 0.0892 0.9068
102.992 0.2151 0.0894 0.9321
103.032 0.2081 0.0922 0.9331
103.072 0.2082 0.0930 0.9115
103.109 0.2063 0.0914 0.9063
103.154 0.2066 0.0904 0.9323
103.193 0.2064 0.0872 0.9113
103.233 0.2033 0.0857 0.8962
103.273 0.1989 0.0963 0.9188
103.310 0.1949 0.0951 0.9139
103.354 0.1929 0.0939 0.9186
103.394 0.1904 0.0980 0.9428
103.434 0.1881 0.0923 0.9277
103.474 0.1826 0.0985 0.9039
103.514 0.1826 0.0991 0.9146
103.554 0.1825 0.1009 0.9102
103.594 0.1863 0.0979 0.8842
103.635 0.1847 0.0961 0.9445
103.675 0.1813 0.1020 0.9327
103.714 0.1821 0.0964 0.9259
103.754 0.1830 0.0971 0.9339
103.796 0.1873 0.0974 0.9513
103.836 0.1870 0.0920 0.8936
103.876 0.1880 0.0949 0.9080
103.916 0.1966 0.0954 0.9140
103.953 0.2014 0.0972 0.9426
103.997 0.2077 0.0968 0.9546
104.037 0.2132 0.0943 0.9790
104.077 0.2132 0.0903 0.9470
104.116 0.2123 0.0912 0.9457
104.153 0.2127 0.0920 0.9219
104.198 0.2176 0.0931 0.9146
104.237 0.2171 0.0934 0.9033
104.277 0.2160 0.0913 0.9122
104.317 0.2132 0.0914 0.8665
104.357 0.2115 0.0954 0.9212
104.398 0.2047 0.0961 0.9186
104.438 0.2012 0.0932 0.9079
104.478 0.1971 0.0897 0.8981
104.518 0.1914 0.0928 0.8879
104.557 0.1874 0.0924 0.8757
104.597 0.1820 0.0977 0.9179
104.638 0.1814 0.0942 0.9565
104.679 0.1764 0.0958 0.9079
104.719 0.1770 0.0930 0.9079
104.758 0.1781 0.0901 0.9079
104.797 0.1744 0.0940 0.9602
104.841 0.1743 0.0928 0.9323
104.880 0.1684 0.0892 0.9336
104.920 0.1642 0.0867 0.9527
104.960 0.1640 0.0853 0.9434
104.997 0.1638 0.0867 0.9182
105.041 0.1618 0.0919 0.9361
105.081 0.1631 0.0865 0.9671
105.121 0.1665 0.0881 0.9577
105.161 0.1645 0.0859 0.9552
105.201 0.1665 0.0865 0.9626
105.242 0.1613 0.0872 0.9749
105.281 0.1652 0.0918 0.9691
105.322 0.1702 0.0864 0.9673
105.362 0.1729 0.0867 0.9534
105.401 0.1785 0.0858 0.9370
105.441 0.1833 0.0877 0.9274
105.482 0.1861 0.0899 0.9352
105.522 0.1846 0.0900 0.9561
105.562 0.1845 0.0868 0.9637
105.602 0.1800 0.0857 0.9498
105.639 0.1813 0.0844 0.9635
105.683 0.1789 0.0863 0.9174
105.723 0.1825 0.0855 0.9309
105.763 0.1834 0.0848 0.9219
105.802 0.1772 0.0840 0.9394
105.841 0.1779 0.0855 0.9199
105.884 0.1787 0.0849 0.8965
105.925 0.1755 0.0911 0.9203
105.965 0.1701 0.0887 0.9332
106.004 0.1697 0.0895 0.9342
106.044 0.1728 0.0867 0.8916
106.085 0.1779 0.0877 0.8907
106.125 0.1818 0.0914 0.9295
106.165 0.1887 0.0905 0.9073
106.205 0.1920 0.0918 0.9092
106.245 0.1961 0.0919 0.8916
106.284 NaN 0.0890 0.9111
106.326 NaN 0.0891 0.9101
106.366 NaN 0.0907 0.9164
106.406 NaN 0.0922 0.9508
106.445 NaN 0.0930 0.9249
106.483 NaN 0.0907 0.9404
106.527 NaN 0.0935 0.9202
106.567 NaN 0.0925 0.9466
