319.898 NaN 0.0758 0.9329
319.939 NaN 0.0782 0.9389
319.979 NaN 0.0782 0.9389
320.019 NaN 0.0762 0.9389
320.059 NaN 0.0733 0.9009
320.098 NaN 0.0746 0.8971
320.138 NaN 0.0767 0.9699
320.179 0.1420 0.0713 0.9649
320.220 0.1485 0.0707 0.8819
320.260 0.1513 0.0712 0.8793
320.300 0.1507 0.0705 0.9265
320.338 0.1470 0.0722 0.9262
320.382 0.1461 0.0707 0.9182
320.421 0.1479 0.0691 0.8925
320.461 0.1519 0.0708 0.8879
320.501 0.1574 0.0717 0.8939
320.538 0.1538 0.0715 0.8675
320.582 0.1477 0.0697 0.9039
320.622 0.1429 0.0693 0.9055
320.662 0.1423 0.0689 0.9055
320.702 0.1424 0.0688 0.9255
320.742 0.1408 0.0726 0.9299
320.783 0.1319 0.0680 0.9058
320.823 0.1353 0.0677 0.9058
320.863 0.1417 0.0688 0.8630
320.903 0.1435 0.0691 0.8888
320.942 0.1482 0.0728 0.9033
320.982 0.1473 0.0730 0.8982
321.023 0.1525 0.0722 0.8921
321.063 0.1593 0.0685 0.8761
321.103 0.1674 0.0676 0.8932
321.143 0.1760 0.0669 0.9412
321.180 0.1754 0.0708 0.8976
321.225 0.1801 0.0715 0.9025
321.264 0.1862 0.0681 0.9171
321.304 0.1894 0.0689 0.9335
321.344 0.1880 0.0677 0.8942
321.382 0.1806 0.0692 0.9128
321.425 0.1722 0.0708 0.9218
321.466 0.1668 0.0707 0.9279
321.506 0.1607 0.0683 0.9182
321.546 0.1520 0.0700 0.9285
321.585 0.1454 0.0718 0.8946
321.625 0.1350 0.0698 0.9226
321.666 0.1314 0.0704 0.8856
321.706 0.1216 0.0690 0.9125
321.746 0.1134 0.0682 0.9100
321.786 0.1032 0.0694 0.9136
321.826 0.0888 0.0694 0.9016
321.867 0.0827 0.0710 0.9016
321.907 0.0770 0.0699 0.9069
321.947 0.0722 0.0668 0.8939
321.987 0.0631 0.0686 0.8979
322.024 0.0567 0.0699 0.8979
322.067 0.0509 0.0703 0.8826
322.108 0.0477 0.0709 0.9119
322.148 0.0408 0.0688 0.9319
322.188 0.0351 0.0691 0.9078
322.225 0.0309 0.0692 0.8869
322.269 0.0315 0.0701 0.9119
322.308 0.0337 0.0682 0.9119
322.349 0.0388 0.0702 0.8815
322.389 0.0419 0.0693 0.8815
322.427 0.0415 0.0712 0.8786
322.468 0.0452 0.0712 0.8786
322.509 0.0544 0.0727 0.8846
322.550 0.0600 0.0722 0.9116
322.590 0.0625 0.0768 0.8677
322.630 0.0628 0.0734 0.8522
322.669 0.0648 0.0737 0.8434
322.710 0.0656 0.0788 0.8697
322.751 0.0670 0.0730 0.8918
322.791 0.0698 0.0743 0.8865
322.830 0.0730 0.0738 0.9085
322.867 0.0721 0.0747 0.8699
322.911 0.0724 0.0756 0.9251
322.952 0.0745 0.0756 0.9123
322.991 0.0718 0.0771 0.8935
323.031 0.0681 0.0776 0.8848
323.068 0.0660 0.0783 0.8909
323.111 0.0619 0.0770 0.8909
323.152 0.0627 0.0775 0.8649
323.192 0.0628 0.0778 0.9213
323.232 0.0577 0.0790 0.8879
323.271 0.0527 0.0793 0.9033
323.311 0.0429 0.0802 0.8819
323.353 0.0385 0.0819 0.8859
323.393 0.0339 0.0825 0.8879
323.432 0.0296 0.0812 0.8859
323.472 0.0264 0.0782 0.8879
323.512 0.0234 0.0794 0.8839
323.553 0.0168 0.0773 0.8929
323.593 0.0167 0.0796 0.8879
323.633 0.0101 0.0812 0.8879
323.674 0.0060 0.0822 0.8669
323.711 0.0062 0.0803 0.8669
323.755 0.0047 0.0805 0.8797
323.795 0.0043 0.0819 0.8929
323.835 0.0068 0.0817 0.8929
323.875 0.0090 0.0823 0.8669
323.912 0.0090 0.0800 0.8879
323.955 0.0129 0.0816 0.8274
323.996 0.0162 0.0816 0.8274
324.036 0.0163 0.0816 0.8274
324.076 0.0171 0.0849 0.8390
324.114 0.0178 0.0835 0.8390
324.155 0.0168 0.0803 0.7960
324.196 0.0174 0.0796 0.8330
324.236 0.0188 0.0816 0.8379
324.276 0.0235 0.0854 0.8399
324.315 0.0286 0.0808 0.8274
324.355 0.0297 0.0826 0.8330
324.397 0.0265 0.0813 0.7960
324.437 0.0255 0.0822 0.7960
324.477 0.0248 0.0822 0.8350
324.516 0.0254 0.0856 0.8176
324.554 0.0250 0.0831 0.8176
324.597 0.0281 0.0835 0.8115
324.638 0.0277 0.0831 0.8176
324.678 0.0266 0.0785 0.8449
324.717 0.0298 0.0835 0.8363
324.756 0.0311 0.0783 0.8286
324.799 0.0261 0.0823 0.8363
324.839 0.0263 0.0784 0.8449
324.879 0.0262 0.0811 0.8456
324.919 0.0266 0.0841 0.8286
324.958 0.0271 0.0812 0.8609
324.999 0.0275 0.0810 0.7982
325.040 0.0292 0.0790 0.8166
325.080 0.0265 0.0780 0.8405
325.120 0.0251 0.0779 0.8146
325.159 0.0265 0.0810 0.8336
325.199 0.0254 0.0810 0.8336
325.240 0.0229 0.0776 0.8529
325.280 0.0239 0.0765 0.8002
325.320 0.0200 0.0796 0.8529
325.360 0.0201 0.0830 0.8306
325.397 0.0178 0.0783 0.8466
325.442 0.0210 0.0807 0.8336
325.481 0.0175 0.0776 0.8466
325.521 0.0158 0.0740 0.8416
325.561 0.0140 0.0811 0.8466
325.598 0.0148 0.0833 0.8466
325.642 0.0114 0.0798 0.8466
325.682 0.0087 0.0760 0.8192
325.722 0.0079 0.0758 0.8504
325.762 0.0052 0.0791 0.7982
325.800 0.0058 0.0807 0.8897
325.842 0.0050 0.0771 0.8280
325.883 0.0051 0.0786 0.8466
325.924 0.0032 0.0760 0.8280
325.964 0.0046 0.0728 0.8280
326.003 0.0046 0.0784 0.8720
326.043 0.0036 0.0771 0.9060
326.084 0.0053 0.0769 0.8836
326.124 0.0090 0.0753 0.8796
326.164 0.0112 0.0740 0.8661
326.204 0.0109 0.0765 0.8770
326.241 0.0129 0.0806 0.8749
326.285 0.0115 0.0780 0.8932
326.325 0.0103 0.0780 0.8968
326.365 0.0095 0.0747 0.8239
326.405 0.0095 0.0772 0.8239
326.442 0.0097 0.0803 0.8436
326.485 0.0125 0.0782 0.8436
326.525 0.0113 0.0756 0.8436
326.566 0.0065 0.0782 0.8425
326.606 0.0039 0.0741 0.8425
326.644 0.0056 0.0737 0.8436
326.686 0.0069 0.0785 0.8425
326.726 0.0088 0.0806 0.8239
326.766 0.0193 0.0722 0.8485
326.806 0.0441 0.0762 0.8280
326.845 0.0720 0.0717 0.8318
326.885 0.0952 0.0742 0.8672
326.926 0.1214 0.0758 0.8672
326.967 0.1327 0.0749 0.8611
327.008 0.1406 0.0757 0.8568
327.047 0.1467 0.0736 0.8803
327.085 0.1558 0.0773 0.8869
327.128 0.1622 0.0823 0.9018
327.168 0.1675 0.0915 0.7524
327.208 0.1731 0.0887 0.7622
327.248 0.1749 0.0880 0.7462
327.285 0.1659 0.0876 0.7355
327.328 0.1417 0.0884 0.7762
327.369 0.1230 0.0908 0.7486
327.410 0.0968 0.0896 0.7992
327.449 0.0894 0.0866 0.8076
327.488 0.0872 0.0843 0.7559
327.528 0.0866 0.0874 0.8290
327.569 0.0781 0.0896 0.8271
327.610 0.0704 0.0874 0.7753
327.650 0.0653 0.0865 0.7762
327.689 0.0625 0.0877 0.7393
327.729 0.0595 0.0877 0.7770
327.770 0.0563 0.0876 0.8218
327.810 0.0549 0.0899 0.8118
327.850 0.0529 0.0870 0.8325
327.890 0.0550 0.0838 0.8099
327.927 0.0543 0.0842 0.8334
327.971 0.0516 0.0849 0.8288
328.011 0.0495 0.0870 0.8522
328.051 0.0475 0.0826 0.8572
328.092 0.0490 0.0791 0.8798
328.129 0.0528 0.0796 0.8821
328.172 0.0552 0.0811 0.8446
328.213 0.0552 0.0818 0.8456
328.253 0.0530 0.0824 0.8318
328.293 0.0498 0.0834 0.8202
328.332 0.0493 0.0787 0.8411
328.372 0.0498 0.0792 0.8521
328.413 0.0519 0.0824 0.8500
328.453 0.0544 0.0825 0.8668
328.493 0.0540 0.0832 0.8450
328.533 0.0582 0.0814 0.8681
328.572 0.0609 0.0835 0.8622
328.613 0.0610 0.0808 0.8719
328.654 0.0591 0.0820 0.8719
328.694 0.0623 0.0814 0.8685
328.734 0.0625 0.0790 0.8685
328.771 0.0642 0.0783 0.8685
328.815 0.0651 0.0766 0.8705
328.855 0.0651 0.0789 0.8641
328.904 0.0587 0.0779 0.8808
328.934 0.0558 0.0815 0.8676
328.971 0.0544 0.0757 0.8639
329.014 0.0481 0.0783 0.8842
329.055 0.0439 0.0796 0.8775
329.096 0.0395 0.0816 0.8543
329.136 0.0353 0.0820 0.8900
329.175 0.0276 0.0799 0.8769
329.216 0.0211 0.0803 0.8710
329.257 0.0141 0.0747 0.8665
329.297 0.0146 0.0794 0.8612
329.337 0.0124 0.0739 0.9045
329.376 0.0129 0.0782 0.9012
329.416 0.0178 0.0774 0.9139
329.457 0.0212 0.0756 0.9068
329.498 0.0281 0.0784 0.9040
329.538 0.0326 0.0806 0.8834
329.578 0.0369 0.0768 0.9161
329.615 0.0400 0.0795 0.9063
329.659 0.0500 0.0776 0.9206
329.698 0.0605 0.0756 0.8920
329.739 0.0722 0.0799 0.9179
329.778 0.0748 0.0789 0.8870
329.815 0.0739 0.0811 0.8781
329.858 0.0774 0.0755 0.8588
329.899 0.0763 0.0753 0.8858
329.939 0.0771 0.0747 0.8924
329.979 0.0728 0.0786 0.9095
330.018 0.0692 0.0764 0.8956
330.059 0.0657 0.0809 0.8825
330.100 0.0610 0.0752 0.9034
330.140 0.0563 0.0751 0.9034
330.180 0.0516 0.0796 0.8930
330.219 0.0452 0.0790 0.9045
330.259 0.0379 0.0796 0.8995
330.300 0.0353 0.0740 0.8665
330.341 0.0345 0.0773 0.8752
330.381 0.0338 0.0767 0.8784
330.421 0.0296 0.0798 0.8773
330.458 0.0257 0.0820 0.8871
330.503 0.0263 0.0802 0.8871
330.542 0.0254 0.0732 0.8784
330.582 0.0291 0.0769 0.8784
330.622 0.0292 0.0848 0.8831
330.659 0.0284 0.0815 0.8891
330.703 0.0254 0.0771 0.8933
330.743 0.0248 0.0797 0.8767
330.783 0.0246 0.0749 0.8684
330.823 0.0227 0.0781 0.8595
330.862 0.0217 0.0824 0.8790
330.902 0.0190 0.0804 0.8595
330.943 0.0201 0.0784 0.8325
330.983 0.0205 0.0751 0.8562
331.023 0.0182 0.0750 0.8562
331.063 0.0167 0.0788 0.9076
331.103 0.0160 0.0815 0.8956
331.144 0.0157 0.0782 0.8729
331.184 0.0148 0.0798 0.8910
331.224 0.0175 0.0784 0.9226
331.264 0.0181 0.0791 0.9346
331.301 0.0181 0.0784 0.9112
331.344 0.0153 0.0791 0.9121
331.385 0.0154 0.0786 0.9284
331.425 0.0172 0.0747 0.8929
331.465 0.0188 0.0757 0.8689
331.502 0.0214 0.0824 0.8639
331.545 0.0221 0.0798 0.8639
331.586 0.0225 0.0780 0.8753
331.626 0.0227 0.0781 0.8844
331.666 0.0226 0.0781 0.9103
331.705 0.0251 0.0810 0.8799
331.746 0.0260 0.0828 0.8971
331.787 0.0257 0.0809 0.8799
331.827 0.0259 0.0794 0.9035
331.867 0.0282 0.0753 0.8755
331.906 0.0299 0.0768 0.8819
331.946 0.0263 0.0830 0.9111
331.987 0.0228 0.0788 0.9033
332.028 0.0217 0.0778 0.8653
332.068 0.0186 0.0776 0.9270
332.107 0.0194 0.0764 0.9033
332.145 0.0226 0.0800 0.8971
332.189 0.0207 0.0796 0.8971
332.228 0.0195 0.0774 0.8971
332.268 0.0179 0.0761 0.8971
332.308 0.0130 0.0775 0.9033
332.345 0.0091 0.0788 0.8971
332.388 0.0089 0.0793 0.9205
332.429 0.0050 0.0777 0.9091
332.470 0.0075 0.0770 0.9205
332.509 0.0076 0.0782 0.9205
332.549 0.0071 0.0755 0.9033
332.589 0.0073 0.0774 0.9033
332.630 0.0053 0.0810 0.9205
332.671 0.0041 0.0760 0.9177
332.727 0.0111 0.0762 0.9205
332.750 0.0160 0.0762 0.9033
332.790 0.0226 0.0766 0.9033
332.831 0.0267 0.0798 0.9042
332.871 0.0303 0.0766 0.9033
332.911 0.0338 0.0760 0.9033
332.951 0.0412 0.0746 0.9033
332.989 0.0477 0.0732 0.9037
333.032 0.0542 0.0750 0.9202
333.072 0.0597 0.0741 0.9471
333.112 0.0649 0.0736 0.9385
333.151 0.0699 0.0756 0.9150
333.189 0.0736 0.0745 0.9313
333.233 0.0764 0.0761 0.9207
333.272 0.0723 0.0797 0.9207
333.312 0.0717 0.0751 0.8925
333.352 0.0710 0.0768 0.9067
333.392 0.0692 0.0764 0.8862
333.433 0.0684 0.0766 0.8592
333.473 0.0646 0.0794 0.8763
333.513 0.0582 0.0800 0.9080
333.553 0.0538 0.0780 0.8953
333.593 0.0490 0.0768 0.8903
333.633 0.0438 0.0753 0.8903
333.675 0.0413 0.0769 0.9268
333.715 0.0343 0.0779 0.9190
333.755 0.0361 0.0788 0.9487
333.794 0.0383 0.0784 0.9263
333.832 0.0415 0.0763 0.9107
333.875 0.0490 0.0750 0.9107
333.915 0.0529 0.0814 0.9259
333.956 0.0571 0.0784 0.9283
333.995 0.0635 0.0799 0.8907
334.032 0.0660 0.0776 0.8636
334.077 0.0730 0.0781 0.8636
334.116 0.0802 0.0790 0.8593
334.156 0.0831 0.0790 0.9122
334.196 0.0882 0.0766 0.8966
334.235 0.0892 0.0788 0.8931
334.276 0.0914 0.0774 0.9096
334.316 0.0938 0.0780 0.8852
334.357 0.0916 0.0789 0.8852
334.397 0.0892 0.0798 0.8689
334.436 0.0859 0.0776 0.8869
334.476 0.0828 0.0760 0.9043
334.517 0.0824 0.0783 0.9035
334.557 0.0811 0.0767 0.8873
334.597 0.0786 0.0829 0.8988
334.637 0.0785 0.0804 0.9108
334.675 0.0763 0.0804 0.8987
334.718 0.0744 0.0807 0.9193
334.758 0.0760 0.0784 0.8777
334.799 0.0741 0.0783 0.8859
334.839 0.0739 0.0831 0.8898
334.876 0.0773 0.0821 0.8898
334.920 0.0747 0.0800 0.8780
334.960 0.0778 0.0813 0.8870
335.000 0.0833 0.0819 0.8998
335.039 0.0850 0.0850 0.9103
335.078 0.0851 0.0831 0.8831
335.120 0.0865 0.0804 0.8657
335.160 0.0882 0.0795 0.8726
335.200 0.0963 0.0807 0.8566
335.240 0.0985 0.0820 0.8554
335.280 0.0985 0.0819 0.8779
335.319 0.1012 0.0807 0.8779
335.361 0.0962 0.0792 0.8750
335.401 0.1011 0.0783 0.9034
335.441 0.1018 0.0791 0.8867
335.481 0.0995 0.0813 0.8821
335.518 0.0968 0.0797 0.9129
335.561 0.0967 0.0791 0.9146
335.602 0.0897 0.0804 0.9389
335.642 0.0861 0.0791 0.8895
335.681 0.0815 0.0814 0.9076
335.718 0.0786 0.0819 0.8800
335.761 0.0771 0.0796 0.8999
335.802 0.0731 0.0778 0.9045
335.842 0.0726 0.0768 0.9045
335.883 0.0726 0.0787 0.8911
335.922 0.0707 0.0783 0.8642
335.963 0.0703 0.0783 0.8773
336.004 0.0676 0.0760 0.8963
336.044 0.0663 0.0762 0.8785
336.084 0.0688 0.0775 0.8785
336.124 0.0731 0.0802 0.9013
336.163 0.0726 0.0800 0.9091
336.204 0.0693 0.0789 0.9355
336.245 0.0663 0.0755 0.8977
336.285 0.0677 0.0790 0.9056
336.324 0.0700 0.0776 0.8773
336.362 0.0703 0.0778 0.9023
336.406 0.0692 0.0764 0.9023
336.446 0.0671 0.0788 0.9423
336.485 0.0702 0.0749 0.8913
336.525 0.0734 0.0779 0.9173
336.562 0.0772 0.0817 0.8883
336.605 0.0770 0.0789 0.8976
336.646 0.0770 0.0766 0.8946
336.686 0.0791 0.0742 0.8960
336.726 0.0838 0.0757 0.9169
336.765 0.0830 0.0802 0.9129
336.807 0.0810 0.0807 0.9379
336.846 0.0807 0.0813 0.9181
336.887 0.0814 0.0789 0.9181
336.927 0.0797 0.0778 0.9252
336.967 0.0807 0.0794 0.8907
337.007 0.0806 0.0794 0.8907
337.048 0.0776 0.0794 0.9006
337.088 0.0773 0.0799 0.8836
337.128 0.0810 0.0780 0.9001
337.168 0.0827 0.0765 0.8748
337.205 0.0807 0.0782 0.8826
337.248 0.0825 0.0812 0.9059
337.289 0.0854 0.0759 0.8743
337.329 0.0851 0.0761 0.8931
337.369 0.0864 0.0750 0.8649
337.406 0.0905 0.0752 0.8642
337.450 0.0942 0.0762 0.8669
337.489 0.0935 0.0777 0.8879
337.530 0.0962 0.0766 0.8725
337.570 0.0989 0.0740 0.8633
337.608 0.0977 0.0725 0.9025
337.650 0.0983 0.0748 0.8883
337.690 0.0982 0.0772 0.9096
337.730 0.0981 0.0771 0.8706
337.770 0.1004 0.0750 0.8599
337.810 0.1031 0.0747 0.8673
337.849 0.1019 0.0759 0.8903
337.891 0.0990 0.0771 0.8775
337.931 0.0966 0.0787 0.8745
337.971 0.0977 0.0784 0.8713
338.011 0.0951 0.0761 0.8882
338.049 0.0910 0.0791 0.8793
338.092 0.0913 0.0829 0.8503
338.133 0.0871 0.0807 0.8783
338.173 0.0893 0.0795 0.8773
338.212 0.0908 0.0795 0.8613
338.249 0.0895 0.0795 0.8613
338.292 0.0852 0.0801 0.8455
338.333 0.0830 0.0806 0.8533
338.374 0.0846 0.0808 0.8773
338.413 0.0848 0.0810 0.8756
338.452 0.0805 0.0798 0.8797
338.494 0.0776 0.0810 0.8833
338.534 0.0806 0.0807 0.8623
338.574 0.0802 0.0807 0.8623
338.614 0.0805 0.0809 0.8603
338.653 0.0796 0.0809 0.8637
338.693 0.0774 0.0792 0.8629
338.734 0.0758 0.0788 0.8533
338.774 0.0712 0.0809 0.8705
338.814 0.0704 0.0793 0.8871
338.854 0.0687 0.0787 0.9043
338.891 0.0642 0.0784 0.9145
338.934 0.0653 0.0787 0.9145
338.975 0.0661 0.0817 0.8613
339.015 0.0666 0.0805 0.8733
339.055 0.0639 0.0786 0.8785
339.092 0.0610 0.0795 0.8883
339.136 0.0603 0.0795 0.8883
339.176 0.0627 0.0793 0.8702
339.217 0.0629 0.0812 0.8623
339.257 0.0661 0.0788 0.8533
339.295 0.0663 0.0813 0.8677
339.338 0.0661 0.0806 0.8677
339.377 0.0675 0.0797 0.8657
339.417 0.0693 0.0797 0.8705
339.457 0.0718 0.0806 0.8735
339.497 0.0694 0.0792 0.8756
339.537 0.0668 0.0792 0.8847
339.578 0.0737 0.0795 0.8523
339.618 0.0766 0.0791 0.8854
339.658 0.0793 0.0786 0.8991
339.698 0.0811 0.0804 0.8845
339.735 0.0831 0.0788 0.8771
339.778 0.0856 0.0788 0.8771
339.819 0.0887 0.0784 0.8784
339.859 0.0914 0.0793 0.8957
339.899 0.0904 0.0778 0.8685
339.936 0.0890 0.0773 0.8395
339.980 0.0930 0.0778 0.8432
340.019 0.1006 0.0787 0.8783
340.060 0.0989 0.0790 0.8927
340.099 0.0946 0.0783 0.8967
340.138 0.0919 0.0771 0.8927
340.179 0.0872 0.0767 0.8857
340.220 0.0820 0.0775 0.8755
340.260 0.0810 0.0779 0.9138
340.300 0.0805 0.0782 0.9105
340.340 0.0790 0.0780 0.8905
340.380 0.0806 0.0776 0.9015
340.422 0.0815 0.0772 0.9225
340.462 0.0815 0.0780 0.9225
340.502 0.0803 0.0781 0.9059
340.541 0.0784 0.0775 0.8855
340.579 0.0771 0.0779 0.9119
340.623 0.0776 0.0786 0.8557
340.662 0.0811 0.0772 0.8539
340.702 0.0870 0.0781 0.8641
340.742 0.0907 0.0793 0.8447
340.779 0.0913 0.0773 0.8213
340.822 0.0957 0.0771 0.8506
340.866 0.1026 0.0785 0.8547
340.903 0.1088 0.0750 0.8418
340.943 0.1082 0.0779 0.8547
340.982 0.1055 0.0777 0.8587
341.023 0.1005 0.0765 0.8431
341.064 0.1057 0.0743 0.8927
341.104 0.1109 0.0737 0.8633
341.144 0.1139 0.0749 0.8705
341.183 0.1120 0.0816 0.8790
341.223 0.1093 0.0781 0.8731
341.264 0.1084 0.0732 0.8931
341.304 0.1076 0.0742 0.8661
341.345 0.1081 0.0742 0.8694
341.384 0.1015 0.0768 0.9039
341.422 0.1003 0.0782 0.8993
341.467 0.1026 0.0744 0.9159
341.506 0.1103 0.0736 0.9122
341.546 0.1129 0.0767 0.8682
341.586 0.1118 0.0789 0.8808
341.623 0.1118 0.0798 0.8839
341.667 0.1099 0.0768 0.9178
341.707 0.1089 0.0755 0.9093
341.747 0.1118 0.0759 0.8609
341.786 0.1140 0.0758 0.9180
341.826 0.1098 0.0770 0.8899
341.867 0.1087 0.0798 0.8589
341.907 0.1083 0.0765 0.8859
341.948 0.1079 0.0767 0.8973
341.987 0.1066 0.0775 0.8819
342.027 0.1071 0.0774 0.8758
342.067 0.1048 0.0780 0.9151
342.108 0.1022 0.0771 0.8887
342.148 0.0977 0.0774 0.9111
342.188 0.0972 0.0778 0.8679
342.228 0.0949 0.0778 0.8721
342.265 0.0917 0.0782 0.8834
342.309 0.0878 0.0780 0.9016
342.349 0.0855 0.0770 0.9084
342.389 0.0860 0.0770 0.8876
342.428 0.0822 0.0749 0.9126
342.467 0.0805 0.0780 0.8613
342.510 0.0708 0.0821 0.8613
342.550 0.0657 0.0807 0.8579
342.590 0.0611 0.0797 0.8579
342.630 0.0626 0.0775 0.8789
342.669 0.0660 0.0795 0.8641
342.710 0.0660 0.0789 0.8718
342.751 0.0628 0.0791 0.8860
342.791 0.0608 0.0788 0.8822
342.831 0.0586 0.0762 0.8812
342.870 0.0538 0.0810 0.8549
342.910 0.0560 0.0801 0.8546
342.951 0.0495 0.0784 0.8865
342.992 0.0476 0.0784 0.8865
343.032 0.0484 0.0784 0.8885
343.071 0.0489 0.0765 0.8963
343.108 0.0451 0.0788 0.8999
343.153 0.0418 0.0799 0.8863
343.193 0.0367 0.0772 0.8912
343.232 0.0345 0.0765 0.9032
343.272 0.0345 0.0778 0.9073
343.309 0.0341 0.0766 0.9093
343.352 0.0385 0.0785 0.9093
343.393 0.0327 0.0794 0.8932
343.433 0.0340 0.0793 0.8991
343.473 0.0310 0.0786 0.8899
343.512 0.0311 0.0768 0.8899
343.553 0.0304 0.0747 0.8677
343.593 0.0332 0.0779 0.8908
343.634 0.0287 0.0770 0.8575
343.674 0.0261 0.0779 0.8961
343.714 0.0247 0.0757 0.9075
343.754 0.0258 0.0765 0.9039
343.795 0.0266 0.0766 0.8737
343.835 0.0220 0.0770 0.8873
343.875 0.0198 0.0776 0.8483
343.915 0.0187 0.0765 0.8629
343.952 0.0191 0.0758 0.8649
343.996 0.0232 0.0758 0.8533
344.036 0.0250 0.0787 0.8665
344.076 0.0228 0.0773 0.8589
344.115 0.0234 0.0764 0.8672
344.152 0.0269 0.0765 0.8539
344.197 0.0274 0.0727 0.8903
344.236 0.0226 0.0755 0.8859
344.277 0.0186 0.0776 0.8957
344.316 0.0179 0.0775 0.8859
344.355 0.0174 0.0765 0.8809
344.396 0.0179 0.0737 0.8809
344.437 0.0198 0.0741 0.8809
344.477 0.0183 0.0769 0.8575
344.517 0.0150 0.0751 0.8859
344.556 0.0160 0.0748 0.8785
344.596 0.0148 0.0761 0.8859
344.637 0.0174 0.0761 0.8859
344.678 0.0202 0.0761 0.8859
344.718 0.0248 0.0778 0.9123
344.758 0.0274 0.0759 0.8809
344.796 0.0314 0.0761 0.8859
344.839 0.0356 0.0740 0.8539
344.879 0.0394 0.0739 0.8859
344.920 0.0415 0.0743 0.9175
344.959 0.0411 0.0746 0.8859
344.996 0.0416 0.0755 0.9121
345.041 0.0403 0.0744 0.8732
345.080 0.0444 0.0723 0.9114
345.120 0.0472 0.0764 0.8942
345.160 0.0487 0.0756 0.8794
345.199 0.0474 0.0751 0.8665
345.240 0.0527 0.0743 0.8646
345.281 0.0571 0.0743 0.8873
345.321 0.0606 0.0733 0.8873
345.361 0.0592 0.0754 0.8646
345.400 0.0534 0.0760 0.8619
345.440 0.0502 0.0735 0.8619
345.481 0.0498 0.0751 0.8968
345.521 0.0483 0.0724 0.8968
345.561 0.0464 0.0735 0.9238
345.601 0.0431 0.0747 0.9238
345.638 0.0364 0.0729 0.9061
345.681 0.0326 0.0705 0.8878
345.722 0.0294 0.0732 0.8750
345.762 0.0277 0.0729 0.9061
345.802 0.0262 0.0750 0.9061
345.840 0.0255 0.0742 0.9020
345.883 0.0314 0.0734 0.8811
345.923 0.0458 0.0710 0.8811
345.964 0.0522 0.0721 0.8723
346.004 0.0649 0.0751 0.8811
346.042 0.0721 0.0764 0.8897
346.084 0.0750 0.0738 0.8903
346.124 0.0841 0.0711 0.8927
346.164 0.0904 0.0708 0.8967
346.204 0.0995 0.0713 0.9222
346.244 0.1027 0.0724 0.9223
346.283 0.1055 0.0713 0.9092
346.325 0.1064 0.0741 0.9225
346.365 0.1076 0.0700 0.9102
346.405 0.1026 0.0690 0.9102
346.444 0.0976 0.0762 0.9173
346.482 0.0882 0.0762 0.9281
346.526 0.0797 0.0755 0.9556
346.566 0.0752 0.0725 0.9355
346.606 0.0704 0.0727 0.8936
346.645 0.0703 0.0734 0.8846
346.682 0.0633 0.0776 0.9421
346.725 0.0576 0.0781 0.9075
346.766 0.0489 0.0768 0.9032
346.807 0.0435 0.0739 0.9089
346.846 0.0403 0.0719 0.8682
346.885 0.0401 0.0768 0.9089
346.926 0.0374 0.0769 0.9089
346.967 0.0408 0.0757 0.9174
347.008 0.0430 0.0757 0.9154
347.048 0.0514 0.0756 0.8945
347.088 0.0593 0.0757 0.9154
347.127 0.0648 0.0771 0.8872
347.168 0.0703 0.0775 0.9102
347.208 0.0769 0.0752 0.9174
347.249 0.0812 0.0738 0.9261
347.288 0.0876 0.0745 0.9311
347.325 0.0923 0.0768 0.9389
347.369 0.0960 0.0788 0.9336
347.409 0.0993 0.0768 0.9181
347.449 0.1020 0.0740 0.8881
347.489 0.1067 0.0762 0.9019
347.526 0.1065 0.0788 0.9047
347.569 0.1039 0.0793 0.9113
347.610 0.0990 0.0778 0.8849
347.650 0.0975 0.0761 0.8909
347.690 0.0924 0.0793 0.9060
347.728 0.0913 0.0759 0.8581
347.770 0.0881 0.0782 0.9043
347.810 0.0835 0.0795 0.8843
347.851 0.0780 0.0778 0.8983
347.891 0.0776 0.0797 0.8743
347.930 0.0775 0.0742 0.8685
347.970 0.0756 0.0826 0.8914
348.011 0.0723 0.0808 0.9115
348.051 0.0667 0.0796 0.9084
348.092 0.0635 0.0797 0.9302
348.132 0.0572 0.0796 0.8857
348.169 0.0544 0.0762 0.8613
348.213 0.0527 0.0814 0.8609
348.253 0.0486 0.0832 0.9097
348.293 0.0446 0.0795 0.8998
348.333 0.0452 0.0784 0.8925
348.369 0.0475 0.0751 0.8925
348.413 0.0450 0.0748 0.8922
348.453 0.0439 0.0806 0.8849
348.494 0.0432 0.0769 0.8985
348.533 0.0418 0.0763 0.8899
348.572 0.0377 0.0726 0.9145
348.614 0.0396 0.0790 0.8612
348.654 0.0442 0.0789 0.8649
348.694 0.0413 0.0804 0.8759
348.734 0.0452 0.0789 0.8706
348.773 0.0511 0.0780 0.8849
348.813 0.0583 0.0781 0.8849
348.855 0.0615 0.0804 0.8882
348.895 0.0620 0.0781 0.9043
348.935 0.0662 0.0766 0.9052
348.974 0.0687 0.0771 0.9092
349.012 0.0745 0.0758 0.9086
349.056 0.0817 0.0788 0.8696
349.096 0.0855 0.0785 0.8939
349.136 0.0844 0.0801 0.9175
349.175 0.0898 0.0811 0.8663
349.213 0.0919 0.0809 0.9396
349.257 0.0988 0.0839 0.8619
349.297 0.0992 0.0872 0.8649
349.337 0.0974 0.0825 0.8620
349.377 0.0972 0.0803 0.8629
349.416 0.0935 0.0834 0.8879
349.458 0.0881 0.0803 0.9009
349.497 0.0821 0.0803 0.9133
349.538 0.0771 0.0841 0.9093
349.578 0.0753 0.0835 0.9133
349.617 0.0720 0.0827 0.8912
349.657 0.0665 0.0841 0.8859
349.698 0.0636 0.0804 0.8810
349.738 0.0555 0.0818 0.8810
349.778 0.0489 0.0827 0.8688
349.818 0.0432 0.0821 0.8598
349.855 0.0398 0.0819 0.8748
349.899 0.0393 0.0803 0.8516
349.939 0.0390 0.0822 0.8576
349.979 0.0383 0.0822 0.8736
350.019 0.0401 0.0811 0.8419
350.056 0.0396 0.0818 0.8736
350.100 0.0420 0.0797 0.8244
350.140 0.0440 0.0794 0.8244
350.179 0.0477 0.0815 0.8558
350.220 0.0526 0.0824 0.8244
350.259 0.0575 0.0840 0.8423
350.300 0.0621 0.0807 0.8674
350.341 0.0637 0.0806 0.8489
350.381 0.0634 0.0811 0.8530
350.421 0.0640 0.0825 0.8866
350.461 0.0678 0.0873 0.8829
350.500 0.0670 0.0822 0.8601
350.542 0.0659 0.0819 0.8753
350.582 0.0632 0.0819 0.8753
350.622 0.0643 0.0844 0.8753
350.662 0.0636 0.0859 0.8753
350.699 0.0617 0.0882 0.8353
350.743 0.0587 0.0860 0.8609
350.783 0.0554 0.0853 0.8609
350.823 0.0512 0.0860 0.8609
350.862 0.0513 0.0859 0.8620
350.899 0.0484 0.0859 0.8483
350.943 0.0478 0.0865 0.8593
350.983 0.0473 0.0833 0.8624
351.024 0.0460 0.0833 0.8744
351.063 0.0462 0.0836 0.8744
351.102 0.0463 0.0850 0.8629
351.144 0.0460 0.0861 0.8573
351.184 0.0426 0.0865 0.8542
351.224 0.0414 0.0852 0.8593
351.264 0.0415 0.0852 0.8633
351.303 0.0439 0.0863 0.8636
351.343 0.0419 0.0864 0.8571
351.384 0.0450 0.0874 0.8494
351.425 0.0426 0.0857 0.8661
351.466 0.0436 0.0862 0.8289
351.505 0.0459 0.0864 0.8609
351.543 0.0493 0.0854 0.8811
351.587 0.0520 0.0856 0.8680
351.626 0.0512 0.0851 0.9129
351.666 0.0523 0.0901 0.8338
351.706 0.0556 0.0847 0.8950
351.743 0.0553 0.0874 0.8556
351.786 0.0537 0.0882 0.8810
351.827 0.0525 0.0872 0.9110
351.867 0.0510 0.0841 0.8789
351.907 0.0496 0.0844 0.9286
351.946 0.0442 0.0836 0.9336
351.988 0.0390 0.0887 0.8989
352.028 0.0334 0.0862 0.9032
352.068 0.0287 0.0863 0.8999
352.107 0.0251 0.0837 0.9105
352.147 0.0243 0.0881 0.8613
352.187 0.0215 0.0864 0.9032
352.228 0.0168 0.0864 0.9032
352.268 0.0151 0.0880 0.8579
352.308 0.0167 0.0881 0.8676
352.348 0.0186 0.0851 0.8879
352.385 0.0177 0.0881 0.8493
352.430 0.0211 0.0886 0.8643
352.469 0.0233 0.0892 0.8799
352.509 0.0289 0.0862 0.8989
352.550 0.0322 0.0851 0.8859
352.587 0.0328 0.0862 0.8975
352.631 0.0354 0.0879 0.8899
352.671 0.0367 0.0871 0.8734
352.711 0.0394 0.0882 0.8759
352.750 0.0410 0.0882 0.8673
352.789 0.0410 0.0879 0.8710
352.830 0.0366 0.0888 0.8673
352.871 0.0336 0.0898 0.8759
352.911 0.0331 0.0893 0.8899
352.951 0.0308 0.0906 0.8696
352.991 0.0262 0.0860 0.8655
353.030 0.0213 0.0902 0.8640
353.072 0.0200 0.0907 0.8580
353.112 0.0164 0.0926 0.8580
353.152 0.0125 0.0884 0.8310
353.192 0.0113 0.0901 0.8370
353.229 0.0116 0.0884 0.8370
353.272 0.0124 0.0891 0.8370
353.313 0.0157 0.0902 0.8370
353.352 0.0233 0.0915 0.8379
353.392 0.0303 0.0906 0.8379
353.429 0.0333 0.0877 0.8582
353.472 0.0374 0.0891 0.8446
353.513 0.0404 0.0886 0.8440
353.553 0.0435 0.0902 0.8399
353.593 0.0522 0.0905 0.8655
353.633 0.0566 0.0893 0.8986
353.675 0.0598 0.0906 0.8508
353.715 0.0613 0.0905 0.8530
353.755 0.0614 0.0912 0.8348
353.795 0.0603 0.0900 0.8453
353.834 0.0576 0.0900 0.8568
353.874 0.0539 0.0899 0.8601
353.915 0.0520 0.0893 0.8496
353.955 0.0513 0.0905 0.8592
353.996 0.0501 0.0900 0.8821
354.035 0.0505 0.0889 0.8250
354.072 0.0470 0.0858 0.8616
354.117 0.0450 0.0859 0.8655
354.156 0.0442 0.0885 0.8945
354.196 0.0442 0.0866 0.8645
354.236 0.0463 0.0887 0.8652
354.273 0.0468 0.0889 0.8652
354.316 0.0455 0.0852 0.8652
354.357 0.0424 0.0871 0.8502
354.397 0.0401 0.0874 0.8565
354.437 0.0382 0.0881 0.8362
354.476 0.0356 0.0860 0.8472
354.516 0.0327 0.0846 0.8295
354.557 0.0311 0.0846 0.8295
354.597 0.0264 0.0843 0.8565
354.637 0.0223 0.0857 0.8565
354.677 0.0180 0.0843 0.8399
354.717 0.0110 0.0830 0.8446
354.758 0.0089 0.0836 0.8565
354.799 0.0108 0.0826 0.8239
354.839 0.0088 0.0841 0.8239
354.879 0.0071 0.0862 0.8506
354.916 0.0072 0.0834 0.8446
354.960 0.0050 0.0795 0.8295
355.000 0.0074 0.0810 0.8377
355.040 0.0068 0.0819 0.8543
355.080 0.0068 0.0839 0.8719
355.117 0.0085 0.0811 0.8719
355.160 0.0101 0.0835 0.8126
355.200 0.0142 0.0818 0.8239
355.241 0.0191 0.0830 0.8236
355.280 0.0200 0.0853 0.8435
355.319 0.0247 0.0842 0.8435
355.360 0.0311 0.0844 0.8435
355.401 0.0411 0.0808 0.8499
355.441 0.0495 0.0824 0.8749
355.481 0.0580 0.0820 0.8753
355.520 0.0574 0.0856 0.8549
355.560 0.0598 0.0825 0.8385
355.601 0.0620 0.0834 0.8723
355.642 0.0646 0.0808 0.8517
355.682 0.0682 0.0834 0.8411
355.721 0.0656 0.0825 0.8403
355.759 0.0642 0.0862 0.8333
355.802 0.0607 0.0810 0.8422
355.842 0.0613 0.0801 0.8469
355.883 0.0585 0.0791 0.8469
355.923 0.0546 0.0823 0.8435
355.960 0.0461 0.0834 0.8451
356.004 0.0448 0.0793 0.8323
356.044 0.0494 0.0825 0.8976
356.084 0.0536 0.0805 0.8399
356.124 0.0587 0.0804 0.8577
356.163 0.0573 0.0805 0.8743
356.204 0.0555 0.0803 0.8743
356.244 0.0546 0.0777 0.8729
356.285 0.0568 0.0782 0.8586
356.324 0.0612 0.0799 0.8822
356.364 0.0620 0.0794 0.8902
356.404 0.0612 0.0808 0.8598
356.445 0.0618 0.0791 0.9007
356.485 0.0636 0.0785 0.8860
356.525 0.0629 0.0800 0.8677
356.565 0.0608 0.0790 0.8590
356.602 0.0578 0.0790 0.8991
356.647 0.0563 0.0790 0.8941
356.686 0.0596 0.0815 0.8912
356.726 0.0590 0.0789 0.8941
356.765 0.0606 0.0790 0.8852
356.803 0.0537 0.0800 0.8902
356.846 0.0476 0.0790 0.8813
356.886 0.0414 0.0789 0.8636
356.927 0.0373 0.0801 0.8763
356.967 0.0348 0.0806 0.8669
357.006 0.0343 0.0806 0.8643
357.048 0.0317 0.0815 0.8643
357.088 0.0310 0.0824 0.8643
357.128 0.0325 0.0806 0.8643
357.168 0.0336 0.0805 0.8643
357.207 0.0359 0.0815 0.8703
357.247 0.0379 0.0806 0.8643
357.288 0.0398 0.0815 0.8299
357.329 0.0438 0.0815 0.8351
357.369 0.0526 0.0806 0.8351
357.409 0.0586 0.0806 0.8531
357.446 0.0629 0.0816 0.8531
357.490 0.0646 0.0813 0.8708
357.530 0.0635 0.0811 0.8834
357.570 0.0591 0.0815 0.8489
357.609 0.0565 0.0802 0.8676
357.646 0.0528 0.0813 0.8806
357.690 0.0507 0.0809 0.8819
357.730 0.0444 0.0813 0.8640
357.770 0.0419 0.0812 0.8359
357.810 0.0418 0.0831 0.8535
357.849 0.0374 0.0823 0.8475
357.891 0.0345 0.0799 0.8486
357.930 0.0334 0.0822 0.8459
357.971 0.0327 0.0795 0.8486
358.011 0.0304 0.0818 0.8176
358.050 0.0331 0.0810 0.8176
358.091 0.0387 0.0793 0.8466
358.132 0.0372 0.0807 0.8399
358.172 0.0352 0.0796 0.8379
358.212 0.0370 0.0789 0.8283
358.252 0.0424 0.0788 0.8250
358.289 0.0424 0.0791 0.8370
358.334 0.0427 0.0803 0.8419
358.373 0.0425 0.0779 0.8370
358.413 0.0421 0.0807 0.8419
358.453 0.0405 0.0805 0.8292
358.490 0.0400 0.0793 0.8370
358.533 0.0434 0.0802 0.8370
358.574 0.0460 0.0799 0.8785
358.614 0.0506 0.0809 0.8309
358.654 0.0535 0.0817 0.8474
358.693 0.0564 0.0805 0.8499
358.733 0.0547 0.0828 0.8494
358.774 0.0561 0.0835 0.8250
358.814 0.0586 0.0814 0.8509
358.854 0.0564 0.0834 0.8219
358.894 0.0565 0.0820 0.8503
358.934 0.0552 0.0789 0.8503
358.975 0.0589 0.0804 0.8533
359.015 0.0603 0.0833 0.8489
359.055 0.0554 0.0849 0.8533
359.095 0.0471 0.0812 0.8783
359.133 0.0451 0.0812 0.8637
359.177 0.0451 0.0809 0.8673
359.217 0.0457 0.0832 0.8620
359.257 0.0439 0.0823 0.8609
359.296 0.0414 0.0837 0.8239
359.333 0.0423 0.0817 0.8306
359.377 0.0437 0.0802 0.8306
359.418 0.0481 0.0825 0.8489
359.458 0.0491 0.0876 0.8738
359.497 0.0467 0.0862 0.8789
359.536 0.0445 0.0844 0.8703
359.577 0.0490 0.0820 0.8526
359.618 0.0508 0.0798 0.8468
359.658 0.0536 0.0855 0.8338
359.698 0.0517 0.0847 0.8583
359.737 0.0538 0.0811 0.8809
359.777 0.0542 0.0799 0.8410
359.818 0.0600 0.0816 0.8469
359.859 0.0656 0.0823 0.8539
359.899 0.0684 0.0873 0.8569
359.938 0.0706 0.0854 0.8562
359.976 0.0753 0.0830 0.8599
360.020 0.0838 0.0828 0.8273
360.060 0.0925 0.0818 0.8745
360.099 0.1008 0.0838 0.8943
360.139 0.1029 0.0834 0.8383
360.176 0.1039 0.0836 0.8840
360.221 0.1093 0.0820 0.8665
360.260 0.1147 0.0810 0.9029
360.300 0.1171 0.0825 0.8875
360.341 0.1130 0.0842 0.8787
360.380 0.1075 0.0826 0.9076
360.422 0.1056 0.0826 0.9101
360.462 0.1043 0.0829 0.8744
360.502 0.1028 0.0834 0.8721
360.541 0.0983 0.0844 0.8815
360.581 0.0945 0.0840 0.8709
360.621 0.0925 0.0818 0.8773
360.662 0.0928 0.0802 0.8851
360.702 0.0944 0.0814 0.9213
360.742 0.0951 0.0842 0.9199
360.782 0.0913 0.0826 0.9163
360.819 0.0886 0.0845 0.8822
360.863 0.0952 0.0820 0.8936
360.903 0.1008 0.0813 0.9053
360.943 0.1030 0.0841 0.9135
360.983 0.1033 0.0858 0.8963
361.020 0.1040 0.0832 0.9249
361.063 0.1037 0.0837 0.8865
361.104 0.1014 0.0777 0.9002
361.144 0.1017 0.0796 0.8737
361.184 0.1005 0.0820 0.8681
361.222 0.0961 0.0824 0.9007
361.265 0.0945 0.0811 0.8826
361.304 0.0959 0.0810 0.9173
361.344 0.0940 0.0785 0.9133
361.384 0.0884 0.0800 0.9182
361.424 0.0857 0.0829 0.8965
361.464 0.0851 0.0809 0.8662
361.506 0.0819 0.0797 0.9035
361.546 0.0834 0.0785 0.9166
361.586 0.0811 0.0770 0.9227
361.625 0.0825 0.0801 0.9050
361.663 0.0826 0.0813 0.9330
361.707 0.0801 0.0810 0.8713
361.747 0.0838 0.0787 0.8809
361.787 0.0840 0.0785 0.8739
361.826 0.0836 0.0788 0.9159
361.863 0.0839 0.0816 0.9061
361.907 0.0841 0.0799 0.9339
361.947 0.0821 0.0780 0.9433
361.988 0.0855 0.0777 0.9204
362.027 0.0832 0.0794 0.8982
362.066 0.0827 0.0806 0.8982
362.108 0.0817 0.0791 0.8982
362.148 0.0765 0.0796 0.9092
362.188 0.0813 0.0800 0.8806
362.228 0.0798 0.0779 0.8782
362.267 0.0771 0.0782 0.8822
362.307 0.0774 0.0841 0.8797
362.348 0.0776 0.0815 0.8782
362.389 0.0754 0.0783 0.8900
362.429 0.0769 0.0796 0.8828
362.468 0.0732 0.0831 0.8659
362.507 0.0726 0.0850 0.8987
362.550 0.0734 0.0848 0.8643
362.591 0.0737 0.0865 0.8769
362.630 0.0727 0.0822 0.8835
362.670 0.0702 0.0796 0.8669
362.707 0.0654 0.0840 0.8769
362.751 0.0640 0.0826 0.9129
362.791 0.0656 0.0839 0.8509
362.831 0.0666 0.0823 0.8509
362.871 0.0690 0.0807 0.8509
362.910 0.0637 0.0823 0.8509
362.951 0.0598 0.0836 0.8432
362.991 0.0577 0.0877 0.8879
363.032 0.0565 0.0825 0.8793
363.071 0.0554 0.0812 0.8752
363.111 0.0573 0.0821 0.8509
363.151 0.0553 0.0834 0.8879
363.192 0.0537 0.0851 0.9053
363.232 0.0528 0.0844 0.8729
363.272 0.0507 0.0835 0.8359
363.312 0.0429 0.0825 0.8459
363.349 0.0355 0.0828 0.9009
363.392 0.0373 0.0840 0.8919
363.433 0.0403 0.0852 0.8955
363.473 0.0418 0.0859 0.8973
363.513 0.0403 0.0838 0.8584
363.550 0.0363 0.0869 0.8510
363.593 0.0323 0.0875 0.8480
363.633 0.0349 0.0868 0.8469
363.675 0.0334 0.0862 0.8543
363.714 0.0360 0.0864 0.8350
363.753 0.0328 0.0842 0.8458
363.794 0.0362 0.0846 0.8508
363.835 0.0418 0.0875 0.8309
363.875 0.0399 0.0860 0.8505
363.915 0.0423 0.0862 0.8455
363.954 0.0412 0.0830 0.8505
363.994 0.0397 0.0834 0.8505
364.035 0.0414 0.0839 0.8352
364.076 0.0417 0.0864 0.8572
364.116 0.0373 0.0865 0.8532
364.155 0.0379 0.0836 0.8532
364.193 0.0353 0.0842 0.8498
364.237 0.0332 0.0862 0.8664
364.276 0.0315 0.0842 0.8550
364.317 0.0266 0.0833 0.8550
364.356 0.0269 0.0842 0.8550
364.393 0.0250 0.0807 0.8627
364.437 0.0231 0.0830 0.8550
364.477 0.0250 0.0852 0.8864
364.517 0.0260 0.0863 0.8550
364.557 0.0283 0.0853 0.8864
364.596 0.0315 0.0827 0.8653
364.638 0.0335 0.0818 0.8289
364.678 0.0368 0.0829 0.8862
364.718 0.0439 0.0841 0.8627
364.758 0.0495 0.0825 0.8819
364.798 0.0533 0.0820 0.8676
364.838 0.0540 0.0804 0.8665
364.879 0.0555 0.0881 0.8671
364.919 0.0556 0.0871 0.8620
364.959 0.0577 0.0883 0.8806
364.999 0.0609 0.0863 0.8613
365.036 0.0632 0.0837 0.8469
365.081 0.0653 0.0863 0.8719
365.120 0.0666 0.0858 0.8719
365.160 0.0698 0.0852 0.8683
365.200 0.0713 0.0879 0.8540
365.237 0.0723 0.0874 0.8446
365.281 0.0712 0.0820 0.8642
365.320 0.0715 0.0861 0.8355
365.361 0.0690 0.0864 0.8282
365.400 0.0690 0.0862 0.8282
365.440 0.0691 0.0851 0.8262
365.482 0.0652 0.0851 0.8262
365.521 0.0612 0.0844 0.8322
365.562 0.0569 0.0895 0.8419
365.601 0.0561 0.0898 0.8355
365.640 0.0549 0.0882 0.8369
365.680 0.0503 0.0861 0.8629
365.722 0.0452 0.0837 0.8101
365.762 0.0436 0.0896 0.8612
365.802 0.0437 0.0919 0.8662
365.842 0.0473 0.0910 0.8612
365.880 0.0489 0.0884 0.8364
365.924 0.0505 0.0835 0.8713
365.964 0.0519 0.0845 0.8560
366.004 0.0535 0.0946 0.8533
366.043 0.0561 0.0973 0.8318
366.080 0.0561 0.0978 0.8237
366.124 0.0564 0.0913 0.8416
366.164 0.0577 0.0910 0.8422
366.205 0.0594 0.0918 0.8422
366.244 0.0601 0.0992 0.8009
366.283 0.0608 0.0946 0.8143
366.325 0.0631 0.0921 0.7893
366.365 0.0657 0.0930 0.7986
366.405 0.0626 0.1008 0.8039
366.445 0.0646 0.1034 0.8440
366.484 0.0641 0.0979 0.8370
366.524 0.0625 0.1051 0.8407
366.565 0.0648 0.1116 0.8232
366.606 0.0623 0.0972 0.8279
366.645 0.0626 0.0957 0.8309
366.685 0.0650 0.0986 0.8353
366.722 0.0634 0.1004 0.8275
366.767 0.0644 0.0971 0.8343
366.807 0.0621 0.0917 0.8535
366.846 0.0584 0.0922 0.8475
366.886 0.0590 0.0994 0.8585
366.924 0.0605 0.1009 0.8685
366.967 0.0605 0.0993 0.8638
367.008 0.0595 0.1000 0.8569
367.048 0.0566 0.0966 0.8665
367.088 0.0560 0.1003 0.8644
367.127 0.0581 0.1000 0.8563
367.169 0.0548 0.0995 0.8440
367.208 0.0552 0.1020 0.8333
367.249 0.0544 0.1056 0.8487
367.289 0.0531 0.1054 0.8344
367.328 0.0523 0.1069 0.8408
367.368 0.0534 0.1009 0.8390
367.409 0.0511 0.0960 0.8260
367.449 0.0506 0.0955 0.8350
367.489 0.0490 0.0966 0.8370
367.529 0.0467 0.0969 0.8350
367.566 0.0543 0.0994 0.8494
367.611 0.0518 0.0983 0.8335
367.650 0.0529 0.0943 0.8675
367.690 0.0518 0.0938 0.8400
367.730 0.0518 0.0947 0.8400
367.766 0.0508 0.0969 0.8396
367.811 0.0510 0.0983 0.8629
367.851 0.0496 0.0959 0.7934
367.891 0.0499 0.0959 0.8374
367.931 0.0459 0.0945 0.8534
367.969 0.0456 0.0987 0.8613
368.011 0.0500 0.0977 0.8653
368.051 0.0442 0.0974 0.8563
368.092 0.0401 0.1065 0.8236
368.132 0.0386 0.0981 0.8036
368.172 0.0347 0.0939 0.8068
368.211 0.0306 0.0990 0.8222
368.253 0.0328 0.1006 0.7980
368.293 0.0326 0.1023 0.7980
368.333 0.0341 0.1072 0.8080
368.372 0.0334 0.0911 0.7760
368.410 0.0323 0.1024 0.8054
368.454 0.0350 0.1018 0.8159
368.493 0.0368 0.0997 0.8135
368.534 0.0365 0.0971 0.7928
368.573 0.0387 0.0941 0.7619
368.610 0.0388 0.0949 0.7619
368.655 0.0395 0.0957 0.7896
368.694 0.0443 0.0951 0.7826
368.734 0.0422 0.0928 0.7826
368.774 0.0403 0.0928 0.7912
368.813 0.0393 0.0942 0.8355
368.855 0.0386 0.0950 0.8446
368.895 0.0389 0.0948 0.8446
368.935 0.0391 0.0948 0.8609
368.975 0.0382 0.0961 0.8502
369.014 0.0394 0.0993 0.8383
369.054 0.0396 0.0978 0.8393
369.095 0.0391 0.1006 0.8383
369.135 0.0389 0.0984 0.8327
369.175 0.0370 0.0984 0.8277
369.216 0.0359 0.0984 0.8277
369.253 0.0371 0.0980 0.8490
369.297 0.0372 0.1007 0.8396
369.337 0.0342 0.0998 0.8192
369.377 0.0361 0.0991 0.8396
369.417 0.0336 0.0973 0.8396
369.454 0.0371 0.0999 0.8212
369.497 0.0387 0.1017 0.8030
369.538 0.0380 0.1044 0.8442
369.578 0.0396 0.1055 0.8452
369.617 0.0424 0.1040 0.8282
369.657 0.0432 0.0998 0.8218
369.698 0.0458 0.0984 0.8251
369.738 0.0484 0.1043 0.8606
369.779 0.0483 0.1043 0.8434
369.818 0.0532 0.1059 0.8130
369.858 0.0535 0.1032 0.8167
369.898 0.0561 0.1037 0.8446
369.939 0.0552 0.1039 0.8210
369.979 0.0537 0.1060 0.8046
370.019 0.0531 0.1032 0.8251
370.058 0.0513 0.1079 0.8026
370.096 0.0503 0.0994 0.8231
370.139 0.0486 0.1007 0.8563
370.180 0.0485 0.1048 0.8371
370.219 0.0459 0.1076 0.8351
370.259 0.0459 0.1054 0.8400
370.297 0.0451 0.1035 0.8345
370.341 0.0428 0.1047 0.8135
370.382 0.0433 0.1058 0.8424
370.422 0.0435 0.1089 0.8359
370.461 0.0423 0.1027 0.8359
370.500 0.0417 0.1016 0.8452
370.541 0.0448 0.1014 0.8313
370.582 0.0431 0.1019 0.8141
370.622 0.0451 0.1091 0.8186
370.662 0.0452 0.1064 0.8336
370.701 0.0448 0.1030 0.8186
370.741 0.0446 0.1097 0.8384
370.782 0.0453 0.1145 0.8158
370.823 0.0459 0.1077 0.8186
370.863 0.0456 0.1084 0.8186
370.902 0.0463 0.1040 0.8206
370.939 0.0468 0.1062 0.8206
370.983 0.0448 0.1002 0.8024
371.023 0.0448 0.1032 0.8024
371.063 0.0468 0.1046 0.8024
371.103 0.0462 0.1064 0.8163
371.140 0.0470 0.1036 0.8315
371.184 0.0469 0.1003 0.8620
371.224 0.0513 0.1032 0.8293
371.264 0.0525 0.1115 0.8124
371.304 0.0530 0.1126 0.8208
371.343 0.0530 0.1081 0.8412
371.384 0.0510 0.1102 0.8478
371.425 0.0490 0.1087 0.8208
371.466 0.0508 0.1116 0.8467
371.506 0.0488 0.1060 0.8156
371.545 0.0457 0.1061 0.8156
371.584 0.0443 0.1051 0.8066
371.626 0.0391 0.1099 0.8208
371.666 0.0400 0.1050 0.8430
371.706 0.0415 0.1062 0.8386
371.746 0.0406 0.1118 0.8386
371.783 0.0416 0.1059 0.8375
371.828 0.0419 0.0972 0.8186
371.867 0.0483 0.0987 0.8186
371.907 0.0544 0.1058 0.8541
371.947 0.0572 0.1137 0.8307
371.984 0.0586 0.1064 0.8369
372.028 0.0630 0.0979 0.8426
372.067 0.0659 0.0996 0.8418
372.108 0.0710 0.1025 0.8373
372.147 0.0749 0.0992 0.8680
372.187 0.0712 0.1074 0.8435
372.228 0.0663 0.0992 0.8466
372.268 0.0618 0.1044 0.8443
372.308 0.0607 0.0989 0.8466
372.348 0.0559 0.0956 0.8667
372.387 0.0469 0.1009 0.8708
372.427 0.0378 0.1009 0.8708
372.469 0.0333 0.0985 0.8578
372.509 0.0305 0.0973 0.8479
372.550 0.0290 0.0976 0.8379
372.589 0.0283 0.1041 0.8619
372.627 0.0248 0.0954 0.8543
372.671 0.0233 0.1024 0.8415
372.710 0.0276 0.0975 0.8869
372.750 0.0314 0.0939 0.8556
372.790 0.0363 0.1009 0.8575
372.827 0.0370 0.1017 0.8539
372.870 0.0431 0.0974 0.8590
372.911 0.0478 0.0971 0.8773
372.951 0.0524 0.0963 0.8749
372.991 0.0525 0.0965 0.8677
373.030 0.0511 0.1004 0.9119
373.072 0.0454 0.0968 0.9119
373.112 0.0413 0.0971 0.8976
373.152 0.0397 0.0985 0.8826
373.192 0.0323 0.0984 0.8592
373.231 0.0286 0.0983 0.8572
373.271 0.0211 0.1016 0.8655
373.312 0.0163 0.0987 0.8377
373.353 0.0097 0.0995 0.8647
373.392 0.0078 0.0983 0.8592
373.432 0.0072 0.0983 0.8647
373.469 0.0063 0.1014 0.8647
373.513 0.0045 0.0997 0.8647
373.553 0.0081 0.0955 0.8816
373.593 0.0121 0.0953 0.8494
373.633 0.0212 0.0964 0.8816
373.671 0.0293 0.0977 0.8881
373.715 0.0352 0.1008 0.8751
373.755 0.0410 0.0989 0.8444
373.795 0.0475 0.0985 0.8826
373.835 0.0544 0.0962 0.8881
373.874 0.0588 0.0977 0.8764
373.914 0.0580 0.0986 0.8783
373.955 0.0619 0.1031 0.9003
373.996 0.0659 0.0997 0.8610
374.035 0.0692 0.1005 0.8610
374.075 0.0724 0.0951 0.8748
374.114 0.0745 0.1021 0.8828
374.156 0.0717 0.1014 0.8843
374.196 0.0682 0.0982 0.8736
374.236 0.0659 0.0972 0.8666
374.276 0.0643 0.0962 0.8582
374.313 0.0621 0.0955 0.8403
374.356 0.0598 0.0999 0.8831
374.397 0.0623 0.0962 0.8609
374.437 0.0660 0.0975 0.8511
374.476 0.0670 0.0972 0.8487
374.513 0.0671 0.0989 0.8916
374.558 0.0659 0.0976 0.8909
374.598 0.0608 0.0987 0.8583
374.638 0.0600 0.1002 0.8802
374.677 0.0590 0.0974 0.9118
374.717 0.0606 0.0961 0.8696
374.758 0.0619 0.0984 0.8620
374.799 0.0635 0.0989 0.8912
374.839 0.0652 0.0985 0.8692
374.879 0.0653 0.0994 0.8375
374.918 0.0645 0.0942 0.8381
374.958 0.0646 0.0988 0.8309
374.999 0.0639 0.0979 0.8441
375.040 0.0631 0.1035 0.8691
375.080 0.0668 0.1022 0.8736
375.119 0.0663 0.0985 0.8583
375.157 0.0666 0.0985 0.8796
375.201 0.0683 0.1002 0.8535
375.240 0.0685 0.1027 0.8811
375.281 0.0671 0.1002 0.8547
375.320 0.0645 0.1003 0.8452
375.357 0.0651 0.0993 0.8622
375.400 0.0634 0.1088 0.8729
375.441 0.0618 0.1003 0.8652
375.481 0.0601 0.0993 0.8715
375.521 0.0590 0.0984 0.8715
375.560 0.0588 0.1021 0.8209
375.601 0.0560 0.1026 0.8709
375.641 0.0559 0.0985 0.9076
375.682 0.0560 0.1040 0.9047
375.722 0.0563 0.0999 0.8847
375.761 0.0559 0.0999 0.8916
375.801 0.0567 0.1016 0.8826
375.842 0.0579 0.0997 0.8727
375.883 0.0587 0.1116 0.8702
375.923 0.0584 0.1007 0.8797
375.963 0.0603 0.1018 0.8825
376.000 0.0617 0.1018 0.8927
376.043 0.0626 0.0986 0.8731
376.084 0.0647 0.0996 0.8644
376.124 0.0684 0.1037 0.8519
376.164 0.0679 0.0994 0.8952
376.201 0.0686 0.0994 0.9002
376.244 0.0689 0.1049 0.9162
376.284 0.0713 0.1021 0.8657
376.325 0.0715 0.1006 0.9076
376.365 0.0694 0.1020 0.8641
376.403 0.0688 0.1020 0.8629
376.444 0.0665 0.1059 0.8702
376.485 0.0662 0.1079 0.8822
376.525 0.0631 0.1076 0.8990
376.565 0.0616 0.1078 0.8780
376.605 0.0585 0.1039 0.8968
376.644 0.0579 0.0997 0.8729
376.686 0.0557 0.1019 0.8729
376.726 0.0554 0.1003 0.8729
376.766 0.0520 0.1120 0.8413
376.805 0.0483 0.1115 0.8432
376.843 0.0448 0.1001 0.8435
376.886 0.0412 0.0975 0.8607
376.927 0.0391 0.0987 0.8517
376.967 0.0355 0.1037 0.8695
377.007 0.0326 0.1064 0.8732
377.044 0.0288 0.1074 0.8616
377.089 0.0245 0.1022 0.8435
377.128 0.0216 0.1020 0.8435
377.169 0.0205 0.1004 0.8435
377.208 0.0171 0.1078 0.8473
377.247 0.0141 0.1098 0.8666
377.289 0.0112 0.1046 0.8369
377.329 0.0125 0.0997 0.8196
377.369 0.0126 0.1053 0.8522
377.409 0.0125 0.1063 0.8379
377.448 0.0133 0.1012 0.8136
377.488 0.0137 0.1063 0.8379
377.529 0.0149 0.0995 0.8156
377.570 0.0155 0.0997 0.8156
377.609 0.0186 0.1009 0.8175
377.649 0.0170 0.1055 0.8399
377.686 0.0168 0.1007 0.8275
377.731 0.0190 0.1065 0.8366
377.770 0.0232 0.1043 0.8386
377.810 0.0236 0.1007 0.8242
377.850 0.0247 0.1069 0.8308
377.887 0.0255 0.1071 0.8308
377.930 0.0227 0.0999 0.8304
377.971 0.0191 0.1030 0.8550
378.011 0.0177 0.1027 0.8550
378.051 0.0205 0.1041 0.8550
378.091 0.0161 0.1011 0.8264
378.133 0.0151 0.1041 0.8658
378.172 0.0131 0.1024 0.8594
378.213 0.0106 0.1035 0.8614
378.252 0.0093 0.1033 0.8550
378.292 0.0077 0.1011 0.8264
378.332 0.0069 0.1011 0.8264
378.373 0.0063 0.1040 0.8614
378.413 0.0069 0.1040 0.8614
378.453 0.0051 0.1033 0.8550
378.493 0.0071 0.1041 0.8614
378.530 0.0055 0.1011 0.8264
378.574 0.0063 0.1040 0.8614
378.614 0.0059 0.1033 0.8614
378.654 0.0054 0.1033 0.8594
378.694 0.0050 0.1040 0.8614
378.730 0.0037 0.1033 0.8614
378.775 0.0031 0.1011 0.8264
378.814 0.0039 0.1011 0.8264
378.855 0.0042 0.1041 0.8614
378.894 0.0058 0.1033 0.8614
378.933 0.0082 0.1032 0.8264
378.975 0.0112 0.1033 0.8614
379.015 0.0146 0.1011 0.8264
379.055 0.0153 0.1011 0.8264
379.095 0.0177 0.1032 0.8264
379.134 0.0205 0.1043 0.8264
379.175 0.0226 0.1044 0.8498
379.216 0.0235 0.1032 0.8264
379.257 0.0234 0.1018 0.8264
379.297 0.0240 0.1043 0.8588
379.336 0.0221 0.1028 0.8546
379.374 0.0201 0.1082 0.8622
379.417 0.0188 0.1071 0.8572
379.458 0.0179 0.1065 0.8622
379.498 0.0154 0.1043 0.8622
379.537 0.0145 0.1026 0.8506
379.574 0.0100 0.1038 0.8719
379.617 0.0100 0.1049 0.8719
379.658 0.0082 0.1069 0.8719
379.698 0.0058 0.1038 0.8669
379.738 0.0059 0.1034 0.8669
379.777 0.0043 0.1003 0.8579
379.819 0.0058 0.1050 0.8669
379.859 0.0050 0.1067 0.8669
379.899 0.0049 0.1003 0.8579
379.939 0.0044 0.1027 0.8669
380.005 0.0055 0.1027 0.8919
380.058 0.0044 0.1053 0.8669
380.099 0.0027 0.1058 0.8669
380.139 0.0067 0.1026 0.8919
380.179 0.0067 0.1014 0.8606
380.219 0.0057 0.1010 0.8780
380.257 0.0066 0.1010 0.8579
380.300 0.0050 0.1019 0.8829
380.341 0.0068 0.1008 0.8829
380.381 0.0078 0.1022 0.8789
380.421 0.0081 0.1018 0.8946
380.457 0.0089 0.1013 0.8579
380.501 0.0103 0.1028 0.8635
380.542 0.0132 0.0982 0.8255
380.582 0.0128 0.1000 0.8315
380.622 0.0115 0.0972 0.8491
380.660 0.0120 0.0945 0.8428
380.701 0.0117 0.1068 0.8649
380.742 0.0082 0.1060 0.8530
380.782 0.0089 0.0988 0.8379
380.822 0.0087 0.1017 0.8973
380.862 0.0061 0.1024 0.8973
380.901 0.0078 0.1010 0.8969
380.942 0.0045 0.1009 0.8909
380.983 0.0058 0.1032 0.8973
381.023 0.0055 0.1019 0.8901
381.063 0.0041 0.0971 0.9025
381.100 0.0063 0.1012 0.8901
381.143 0.0057 0.1000 0.8901
381.184 0.0042 0.1000 0.8901
381.224 0.0076 0.0994 0.8901
381.263 0.0056 0.0985 0.8833
381.300 0.0093 0.1000 0.8973
381.343 0.0087 0.0982 0.8545
381.384 0.0078 0.0992 0.8605
381.425 0.0108 0.0983 0.8605
381.465 0.0128 0.0966 0.8605
381.504 0.0161 0.0961 0.8605
381.545 0.0221 0.1016 0.8644
381.586 0.0229 0.1108 0.8335
381.626 0.0270 0.0996 0.8281
381.666 0.0309 0.1093 0.8065
381.705 0.0387 0.1093 0.8126
381.745 0.0425 0.1008 0.8141
381.786 0.0420 0.1008 0.8219
381.827 0.0434 0.1010 0.8219
381.866 0.0470 0.1001 0.8383
381.906 0.0479 0.0996 0.8058
381.943 0.0506 0.1054 0.8320
381.987 0.0552 0.0989 0.8347
382.027 0.0547 0.1009 0.8426
382.067 0.0582 0.1026 0.8368
382.107 0.0591 0.1026 0.8466
382.144 0.0587 0.1011 0.8388
382.187 0.0569 0.1000 0.8388
382.228 0.0558 0.1019 0.8474
382.268 0.0527 0.1021 0.8454
382.308 0.0505 0.0996 0.8474
382.347 0.0444 0.0996 0.8393
382.389 0.0425 0.0997 0.8296
382.428 0.0431 0.0996 0.8296
382.469 0.0390 0.0992 0.8163
382.509 0.0366 0.1037 0.8446
382.549 0.0355 0.0997 0.8163
382.589 0.0342 0.0997 0.8255
382.630 0.0343 0.1022 0.8610
382.670 0.0322 0.1007 0.8469
382.710 0.0272 0.1004 0.8545
382.750 0.0261 0.0999 0.8545
382.787 0.0266 0.0981 0.8600
382.830 0.0257 0.1005 0.8855
382.871 0.0253 0.0991 0.8481
382.911 0.0202 0.1005 0.8612
382.951 0.0191 0.0974 0.8545
382.988 0.0180 0.0991 0.8481
383.032 0.0135 0.0966 0.8522
383.072 0.0115 0.0966 0.8522
383.112 0.0074 0.1000 0.8481
383.151 0.0082 0.1000 0.8481
383.190 0.0092 0.0993 0.8525
383.231 0.0114 0.0976 0.8545
383.272 0.0089 0.0974 0.8525
383.312 0.0102 0.0956 0.8849
383.352 0.0103 0.1029 0.8895
383.391 0.0102 0.1029 0.8895
383.431 0.0104 0.0966 0.8969
383.472 0.0083 0.0944 0.9025
383.513 0.0075 0.0956 0.8938
383.553 0.0042 0.0977 0.8882
383.593 0.0052 0.0977 0.8612
383.630 0.0062 0.0944 0.9025
383.675 0.0091 0.0944 0.9025
383.715 0.0075 0.0966 0.8959
383.754 0.0056 0.0994 0.8871
383.794 0.0071 0.0994 0.8793
383.831 0.0047 0.0956 0.8927
383.875 0.0047 0.0937 0.8945
383.915 0.0049 0.0944 0.9015
383.955 0.0033 0.0966 0.8959
384.063 0.0035 0.0966 0.8615
384.114 0.0058 0.0961 0.8938
384.154 0.0079 0.0956 0.8927
384.196 0.0142 0.0996 0.8679
384.236 0.0158 0.1011 0.8815
384.276 0.0215 0.0969 0.8837
384.315 0.0247 0.0946 0.9032
384.355 0.0276 0.0975 0.9238
384.396 0.0297 0.0984 0.9171
384.437 0.0349 0.1013 0.9200
384.476 0.0385 0.1013 0.9200
384.516 0.0424 0.0990 0.9200
384.553 0.0444 0.0995 0.9200
384.597 0.0466 0.0979 0.9200
384.637 0.0474 0.0997 0.9200
384.677 0.0477 0.0995 0.9171
384.717 0.0484 0.0989 0.8762
384.755 0.0463 0.0995 0.8812
384.798 0.0420 0.0986 0.8782
384.839 0.0414 0.0954 0.8848
384.879 0.0434 0.0963 0.8719
384.919 0.0421 0.0991 0.8782
384.958 0.0416 0.0990 0.8802
384.998 0.0408 0.0948 0.8769
385.039 0.0422 0.0939 0.8719
385.080 0.0408 0.0948 0.8499
385.119 0.0452 0.0998 0.8832
385.159 0.0469 0.0996 0.8890
385.198 0.0493 0.0996 0.8727
385.240 0.0515 0.0996 0.8775
385.280 0.0564 0.0994 0.8936
385.320 0.0586 0.0995 0.9002
385.359 0.0610 0.1006 0.8620
385.397 0.0627 0.0998 0.9015
385.440 0.0620 0.0995 0.8530
385.481 0.0626 0.0955 0.8262
385.521 0.0629 0.0986 0.9153
385.560 0.0623 0.0976 0.9200
385.597 0.0601 0.1008 0.9339
385.641 0.0517 0.0974 0.8816
385.681 0.0495 0.0970 0.8936
385.721 0.0479 0.0995 0.9124
385.761 0.0421 0.1001 0.9084
385.800 0.0384 0.1000 0.9084
385.842 0.0372 0.1011 0.8759
385.883 0.0351 0.0965 0.8785
385.923 0.0331 0.1028 0.9035
385.963 0.0338 0.0972 0.9414
386.002 0.0310 0.1028 0.9414
386.042 0.0347 0.0971 0.9292
386.083 0.0381 0.0998 0.9104
386.124 0.0450 0.1014 0.8911
386.164 0.0498 0.0969 0.9067
386.203 0.0493 0.1030 0.8859
386.240 0.0531 0.0996 0.8899
386.284 0.0585 0.0982 0.8695
386.324 0.0577 0.0995 0.8750
386.364 0.0571 0.0995 0.8788
386.404 0.0568 0.1013 0.8678
386.441 0.0553 0.0969 0.8759
386.484 0.0549 0.1021 0.8872
386.525 0.0506 0.0959 0.8872
386.565 0.0458 0.0980 0.8821
386.605 0.0439 0.1028 0.8821
386.644 0.0378 0.1024 0.8797
386.685 0.0363 0.1009 0.8821
386.725 0.0331 0.0949 0.8693
386.766 0.0283 0.0998 0.8841
386.805 0.0248 0.0989 0.8679
386.845 0.0224 0.1028 0.8573
386.885 0.0261 0.1044 0.8601
386.926 0.0250 0.0976 0.8669
386.967 0.0310 0.0970 0.8643
387.007 0.0358 0.0950 0.8662
387.047 0.0415 0.0971 0.8662
387.084 0.0439 0.1039 0.8719
387.127 0.0463 0.0972 0.8703
387.168 0.0469 0.0946 0.8703
387.208 0.0497 0.0951 0.8970
387.248 0.0531 0.0951 0.8960
387.285 0.0584 0.0965 0.8793
387.328 0.0636 0.1016 0.8511
387.369 0.0658 0.1001 0.8511
387.409 0.0715 0.0977 0.8745
387.449 0.0685 0.0981 0.8888
387.487 0.0692 0.0945 0.8952
387.528 0.0679 0.0979 0.8418
387.569 0.0619 0.0961 0.8407
387.610 0.0603 0.0950 0.8398
387.649 0.0581 0.0950 0.8750
387.689 0.0555 0.0958 0.8750
387.728 0.0524 0.0964 0.8662
387.769 0.0531 0.0968 0.8662
387.810 0.0480 0.0959 0.8712
387.850 0.0454 0.0956 0.8662
387.890 0.0444 0.0945 0.8662
387.927 0.0428 0.0980 0.8662
387.970 0.0393 0.0980 0.8662
388.010 0.0382 0.0974 0.8602
388.051 0.0394 0.0961 0.8602
388.091 0.0363 0.0957 0.8602
388.128 0.0344 0.0978 0.8654
388.171 0.0364 0.0968 0.8622
388.212 0.0383 0.0991 0.8826
388.252 0.0318 0.0961 0.8932
388.292 0.0307 0.0961 0.8550
388.331 0.0325 0.0972 0.8490
388.372 0.0287 0.0979 0.8530
388.413 0.0290 0.0956 0.8502
388.453 0.0295 0.0948 0.8532
388.493 0.0271 0.0944 0.8546
388.532 0.0264 0.0930 0.8502
388.572 0.0269 0.0948 0.8502
388.613 0.0296 0.1008 0.8588
388.654 0.0301 0.1003 0.8398
388.694 0.0263 0.0996 0.8717
388.733 0.0304 0.0974 0.8668
388.770 0.0365 0.0981 0.8697
388.814 0.0392 0.0961 0.8668
388.854 0.0384 0.1007 0.8957
388.894 0.0385 0.0982 0.8745
388.934 0.0378 0.0973 0.8745
388.971 0.0398 0.0968 0.8745
389.014 0.0390 0.0984 0.8557
389.055 0.0390 0.0977 0.8515
389.095 0.0402 0.0980 0.8348
389.135 0.0377 0.0981 0.8348
389.175 0.0415 0.0968 0.8586
389.215 0.0439 0.0978 0.8348
389.256 0.0423 0.0965 0.8362
389.297 0.0383 0.0988 0.8298
389.336 0.0380 0.0976 0.8429
389.376 0.0410 0.0960 0.8429
389.416 0.0419 0.0945 0.8239
389.457 0.0416 0.0945 0.8190
389.497 0.0414 0.0972 0.8096
389.537 0.0394 0.0961 0.8156
389.577 0.0353 0.0973 0.8156
389.614 0.0338 0.0973 0.8136
389.657 0.0347 0.0988 0.8346
389.698 0.0305 0.1008 0.8360
389.738 0.0266 0.0984 0.8327
389.778 0.0254 0.1001 0.8425
389.815 0.0271 0.1000 0.8360
389.858 0.0218 0.1000 0.8360
389.899 0.0184 0.1000 0.8425
389.938 0.0123 0.0973 0.8327
389.978 0.0118 0.1000 0.8435
390.017 0.0090 0.0994 0.8435
390.058 0.0119 0.0997 0.8425
390.099 0.0158 0.0949 0.8656
390.139 0.0119 0.0971 0.8649
390.179 0.0105 0.0961 0.8649
390.218 0.0074 0.0961 0.8649
390.258 0.0079 0.0983 0.8835
390.300 0.0075 0.0998 0.8845
390.341 0.0057 0.0961 0.8775
390.381 0.0080 0.0975 0.8775
390.420 0.0085 0.0961 0.8775
390.458 0.0082 0.0961 0.8775
390.502 0.0079 0.0961 0.8775
390.544 0.0048 0.0983 0.8845
390.582 0.0052 0.0968 0.8673
390.621 0.0050 0.0961 0.8775
390.658 0.0044 0.0983 0.8845
390.701 0.0047 0.0968 0.8673
390.742 0.0058 0.0968 0.8673
390.782 0.0060 0.0983 0.8845
390.822 0.0059 0.0983 0.8845
390.861 0.0060 0.0961 0.8785
390.902 0.0059 0.0961 0.8785
390.943 0.0052 0.0961 0.8775
390.983 0.0037 0.0983 0.8845
391.023 0.0046 0.0962 0.8603
391.062 0.0051 0.0961 0.8775
391.102 0.0047 0.0962 0.8775
391.143 0.0052 0.0989 0.8845
391.184 0.0117 0.0952 0.8825
391.223 0.0167 0.0952 0.8825
391.263 0.0194 0.0999 0.8845
391.300 0.0202 0.0952 0.8825
391.345 0.0240 0.0941 0.8825
391.384 0.0270 0.0979 0.8845
391.425 0.0275 0.0979 0.8835
391.465 0.0302 0.0960 0.8835
391.502 0.0299 0.0947 0.8835
391.545 0.0283 0.0961 0.8649
391.586 0.0236 0.0979 0.8522
391.626 0.0227 0.0958 0.8522
391.666 0.0171 0.0942 0.8684
391.704 0.0155 0.0973 0.8583
391.745 0.0097 0.0979 0.8522
391.786 0.0064 0.0968 0.8522
391.827 0.0027 0.0953 0.8588
391.866 0.0058 0.0968 0.8522
391.906 0.0075 0.0968 0.8522
391.946 0.0063 0.0964 0.8597
391.987 0.0079 0.0968 0.8522
392.027 0.0078 0.0968 0.8522
392.067 0.0082 0.0956 0.8619
392.107 0.0083 0.0957 0.8684
392.144 0.0073 0.0958 0.8684
392.187 0.0057 0.0995 0.8619
392.228 0.0056 0.0939 0.8609
392.268 0.0061 0.0955 0.8619
392.308 0.0067 0.0960 0.8684
392.345 0.0060 0.0948 0.8684
392.388 0.0043 0.0948 0.8885
392.428 0.0063 0.0960 0.8821
392.469 0.0057 0.0962 0.8588
392.508 0.0046 0.0968 0.8522
392.548 0.0041 0.0951 0.8832
392.589 0.0041 0.0950 0.8618
392.630 0.0035 0.0926 0.8588
392.670 0.0049 0.0925 0.8588
392.710 0.0032 0.0957 0.8619
392.750 0.0059 0.0953 0.8676
392.789 0.0064 0.0962 0.8609
392.830 0.0062 0.0954 0.8588
392.871 0.0094 0.0942 0.8676
392.911 0.0109 0.0983 0.8360
392.950 0.0151 0.0938 0.8378
392.988 0.0194 0.0972 0.8360
393.031 0.0227 0.0987 0.8548
393.072 0.0263 0.0977 0.8548
393.111 0.0289 0.0987 0.8548
393.151 0.0346 0.0977 0.8548
393.188 0.0412 0.0984 0.8585
393.231 0.0411 0.0933 0.8439
393.272 0.0447 0.0996 0.8623
393.312 0.0467 0.0965 0.8553
393.352 0.0505 0.0959 0.8585
393.391 0.0574 0.0989 0.8377
393.432 0.0590 0.0974 0.8629
393.473 0.0578 0.0989 0.8629
393.513 0.0582 0.0974 0.8863
393.553 0.0566 0.0972 0.8124
393.592 0.0572 0.0933 0.8259
393.633 0.0597 0.0951 0.8847
393.674 0.0593 0.0968 0.9033
393.714 0.0598 0.0972 0.8615
393.754 0.0576 0.0972 0.8321
393.794 0.0549 0.0973 0.8347
393.831 0.0559 0.0964 0.8581
393.876 0.0534 0.0972 0.8641
393.915 0.0522 0.0955 0.8641
393.955 0.0523 0.0964 0.8549
393.995 0.0554 0.0955 0.8541
394.032 0.0554 0.0954 0.8743
394.076 0.0590 0.0969 0.8492
394.116 0.0579 0.1001 0.8723
394.156 0.0540 0.0967 0.8769
394.196 0.0511 0.0955 0.8749
394.235 0.0536 0.0967 0.8696
394.275 0.0579 0.0940 0.8749
394.316 0.0625 0.0992 0.8829
394.357 0.0620 0.1001 0.8655
394.396 0.0610 0.0967 0.8655
394.436 0.0648 0.0963 0.8476
394.476 0.0646 0.0972 0.8540
394.517 0.0625 0.0965 0.8618
394.557 0.0641 0.0986 0.8651
394.597 0.0588 0.0974 0.8921
394.637 0.0586 0.0970 0.8921
394.675 0.0621 0.0951 0.8586
394.717 0.0626 0.0992 0.8662
394.758 0.0626 0.0994 0.8500
394.799 0.0551 0.1010 0.8749
394.839 0.0533 0.0994 0.8505
394.875 0.0543 0.0994 0.8609
394.920 0.0546 0.0991 0.8569
394.959 0.0515 0.0991 0.8620
395.000 0.0542 0.0991 0.8669
395.039 0.0493 0.0991 0.8545
395.078 0.0513 0.0991 0.8545
395.119 0.0539 0.0991 0.8735
395.160 0.0557 0.0991 0.8761
395.200 0.0555 0.0969 0.8719
395.240 0.0530 0.0972 0.8709
395.279 0.0514 0.0987 0.8668
395.319 0.0537 0.0960 0.8879
395.360 0.0540 0.0937 0.8639
395.401 0.0536 0.0944 0.8649
395.441 0.0497 0.0951 0.8873
395.480 0.0458 0.0947 0.8679
395.518 0.0424 0.0944 0.8653
395.562 0.0429 0.0944 0.8653
395.601 0.0426 0.0944 0.8679
395.641 0.0399 0.0955 0.8519
395.681 0.0384 0.0957 0.8859
395.718 0.0370 0.0976 0.8829
395.762 0.0397 0.0976 0.8829
395.802 0.0424 0.0950 0.9133
395.842 0.0423 0.0982 0.8973
395.883 0.0431 0.0953 0.9173
395.922 0.0456 0.0946 0.9082
395.962 0.0470 0.0946 0.8861
396.004 0.0535 0.0952 0.8963
396.044 0.0537 0.0952 0.8963
396.084 0.0510 0.0946 0.8963
396.123 0.0525 0.0946 0.8973
396.163 0.0503 0.0952 0.8999
396.204 0.0490 0.0940 0.8973
396.245 0.0492 0.0942 0.9310
396.286 0.0484 0.0956 0.9388
396.324 0.0475 0.0956 0.9388
396.361 0.0455 0.0930 0.9050
396.406 0.0435 0.0930 0.9050
396.445 0.0446 0.0930 0.9050
396.485 0.0425 0.0930 0.8911
396.525 0.0399 0.0957 0.8714
396.561 0.0429 0.0956 0.8776
396.605 0.0390 0.0941 0.8828
396.646 0.0401 0.0926 0.8557
396.686 0.0418 0.0963 0.8581
396.725 0.0419 0.0928 0.8735
396.764 0.0390 0.0938 0.8760
396.806 0.0373 0.0938 0.8895
396.846 0.0361 0.0940 0.8735
396.886 0.0358 0.0916 0.8647
396.926 0.0337 0.0941 0.8694
396.966 0.0313 0.0942 0.8813
397.006 0.0329 0.0930 0.8563
397.047 0.0340 0.0955 0.8563
397.088 0.0342 0.0934 0.8660
397.128 0.0344 0.0934 0.8649
397.168 0.0351 0.0947 0.8579
397.204 0.0355 0.0942 0.8703
397.249 0.0363 0.0952 0.8663
397.288 0.0382 0.0937 0.8494
397.328 0.0369 0.0937 0.8494
397.368 0.0386 0.0929 0.8243
397.405 0.0370 0.0932 0.8304
397.449 0.0343 0.0953 0.8353
397.489 0.0335 0.0932 0.8304
397.529 0.0288 0.0944 0.8553
397.569 0.0273 0.0921 0.8473
397.608 0.0242 0.0935 0.8553
397.648 0.0210 0.0941 0.8469
397.690 0.0167 0.0935 0.8553
397.730 0.0150 0.0953 0.8203
397.770 0.0137 0.0925 0.8481
397.809 0.0129 0.0940 0.8153
397.849 0.0107 0.0939 0.8481
397.890 0.0104 0.0926 0.8629
397.930 0.0134 0.0912 0.8618
397.970 0.0143 0.0926 0.8629
398.010 0.0193 0.0911 0.8559
398.048 0.0220 0.0926 0.8629
398.092 0.0258 0.0926 0.8609
398.132 0.0278 0.0915 0.8609
398.172 0.0316 0.0924 0.8661
398.212 0.0363 0.0912 0.8609
398.249 0.0365 0.0924 0.8362
398.292 0.0416 0.0925 0.8609
398.333 0.0440 0.0935 0.8609
398.373 0.0469 0.0932 0.8359
398.412 0.0472 0.0937 0.8269
398.451 0.0484 0.0906 0.8362
398.493 0.0429 0.0937 0.8359
398.533 0.0415 0.0937 0.8399
398.573 0.0427 0.0944 0.8399
398.613 0.0426 0.0903 0.8542
398.653 0.0423 0.0903 0.8542
398.692 0.0401 0.0920 0.8639
398.734 0.0406 0.0931 0.8787
398.774 0.0388 0.0963 0.8681
398.814 0.0370 0.0953 0.8618
398.854 0.0365 0.0936 0.8618
398.891 0.0361 0.0922 0.8487
398.934 0.0335 0.0942 0.8618
398.975 0.0344 0.0989 0.8721
399.015 0.0346 0.0954 0.8657
399.054 0.0369 0.0945 0.8303
399.092 0.0345 0.0946 0.8367
399.136 0.0328 0.0925 0.8613
399.175 0.0311 0.0924 0.8706
399.216 0.0301 0.0943 0.8490
399.256 0.0276 0.0949 0.8613
399.295 0.0265 0.0948 0.8367
399.337 0.0224 0.0918 0.8563
399.377 0.0191 0.0954 0.8677
399.417 0.0168 0.0957 0.8656
399.457 0.0167 0.0923 0.8727
399.496 0.0163 0.0957 0.8706
399.536 0.0089 0.0926 0.8563
399.577 0.0080 0.0958 0.8513
399.617 0.0068 0.0969 0.8883
399.658 0.0069 0.0954 0.8883
399.697 0.0034 0.0957 0.8706
399.735 0.0025 0.0972 0.8627
399.778 0.0042 0.0930 0.8709
399.818 0.0031 0.0950 0.8883
399.859 0.0041 0.0930 0.8637
399.898 0.0038 0.0958 0.8525
399.935 0.0036 0.0975 0.8800
399.978 0.0036 0.0990 0.8771
400.019 0.0033 0.0939 0.8627
400.059 0.0035 0.0990 0.8771
400.099 0.0034 0.0981 0.8771
400.138 0.0061 0.0996 0.8383
400.179 0.0045 0.0959 0.8627
400.219 0.0075 0.0938 0.8627
400.259 0.0114 0.0930 0.8637
400.300 0.0180 0.0972 0.8721
400.340 0.0191 0.0958 0.8883
400.380 0.0212 0.0963 0.8706
400.421 0.0241 0.0964 0.8721
400.461 0.0278 0.0972 0.8617
400.501 0.0310 0.0982 0.8683
400.541 0.0344 0.0954 0.8619
400.578 0.0357 0.0997 0.8552
400.621 0.0408 0.0937 0.8536
400.662 0.0459 0.0904 0.8525
400.702 0.0525 0.0957 0.8438
400.742 0.0633 0.0972 0.8529
400.779 0.0675 0.0939 0.8887
400.822 0.0766 0.0910 0.8370
400.863 0.0850 0.0882 0.8350
400.902 0.0907 0.0929 0.8440
400.943 0.0978 0.0972 0.8261
400.981 0.1037 0.0991 0.8362
401.023 0.1099 0.0945 0.8359
401.063 0.1188 0.0922 0.8323
401.104 0.1221 0.0924 0.8343
401.143 0.1247 0.0919 0.8365
401.183 0.1249 0.0944 0.8543
401.222 0.1163 0.0948 0.8339
401.264 0.1082 0.0928 0.8689
401.304 0.0969 0.0981 0.8231
401.344 0.0872 0.0934 0.8764
401.384 0.0761 0.0946 0.8633
401.422 0.0679 0.0979 0.8476
401.465 0.0581 0.0943 0.8363
401.506 0.0484 0.0940 0.8451
401.546 0.0364 0.0943 0.8451
401.585 0.0249 0.0943 0.8500
401.622 0.0191 0.0968 0.8788
401.665 0.0092 0.0961 0.8656
401.706 0.0064 0.0942 0.8566
401.746 0.0036 0.0942 0.8566
401.786 0.0047 0.0938 0.8566
401.825 0.0050 0.0968 0.8750
401.867 0.0068 0.0966 0.8566
401.907 0.0090 0.0942 0.8566
401.947 0.0111 0.0942 0.8566
401.987 0.0164 0.0951 0.8656
402.026 0.0152 0.0952 0.8846
402.066 0.0164 0.0952 0.8846
402.107 0.0207 0.0950 0.9018
402.148 0.0228 0.0941 0.9520
402.187 0.0289 0.0944 0.9080
402.227 0.0355 0.0941 0.9429
402.264 0.0391 0.0941 0.9429
402.309 0.0464 0.0951 0.9380
402.348 0.0496 0.0941 0.9380
402.389 0.0514 0.0942 0.9363
402.428 0.0542 0.0939 0.9265
402.466 0.0574 0.0941 0.9267
402.508 0.0610 0.0948 0.9303
402.550 0.0642 0.0954 0.9316
402.590 0.0647 0.0926 0.8843
402.630 0.0677 0.0926 0.8843
402.668 0.0676 0.0922 0.8895
402.709 0.0647 0.0955 0.9105
402.750 0.0611 0.0962 0.9193
402.791 0.0566 0.0940 0.9182
402.830 0.0527 0.0926 0.9066
402.870 0.0495 0.0913 0.9015
402.909 0.0490 0.0956 0.9053
402.951 0.0438 0.0944 0.9077
402.991 0.0395 0.0956 0.9093
403.031 0.0360 0.0935 0.9093
403.071 0.0326 0.0943 0.9053
403.108 0.0289 0.0930 0.9053
403.151 0.0281 0.0954 0.8843
403.192 0.0225 0.0944 0.9053
403.232 0.0209 0.0950 0.9053
403.271 0.0207 0.0924 0.9040
403.308 0.0188 0.0924 0.9040
403.352 0.0214 0.0975 0.9078
403.392 0.0213 0.0996 0.9078
403.432 0.0238 0.0950 0.9040
403.472 0.0293 0.0947 0.9040
403.511 0.0337 0.0942 0.9050
403.552 0.0394 0.0957 0.9496
403.593 0.0457 0.0953 0.9242
403.633 0.0483 0.0944 0.9262
403.674 0.0511 0.0961 0.9120
403.713 0.0561 0.0936 0.9210
403.753 0.0608 0.0986 0.8960
403.794 0.0635 0.0959 0.9310
403.835 0.0632 0.0986 0.9339
403.875 0.0642 0.0980 0.9314
403.914 0.0622 0.0981 0.9104
403.952 0.0591 0.0974 0.8944
403.995 0.0546 0.0979 0.9064
404.035 0.0513 0.0992 0.9146
404.076 0.0488 0.0998 0.9014
404.115 0.0442 0.0983 0.9152
404.152 0.0467 0.0984 0.9049
404.195 0.0479 0.0935 0.9372
404.236 0.0493 0.0998 0.8990
404.276 0.0504 0.0992 0.9372
404.316 0.0513 0.0982 0.9174
404.355 0.0531 0.1008 0.9051
404.396 0.0568 0.0942 0.8892
404.436 0.0588 0.0983 0.9141
404.477 0.0576 0.1011 0.8930
404.517 0.0574 0.0989 0.8952
404.556 0.0561 0.1005 0.8942
404.596 0.0586 0.0978 0.9102
404.637 0.0550 0.0989 0.9455
404.677 0.0534 0.1003 0.9556
404.717 0.0482 0.1010 0.9676
404.758 0.0430 0.1026 0.9296
404.795 0.0415 0.1007 0.9422
404.840 0.0413 0.0996 0.9582
404.879 0.0398 0.0988 0.9582
404.919 0.0445 0.1003 0.9318
404.959 0.0483 0.1007 0.9623
404.996 0.0537 0.0996 0.9318
405.040 0.0558 0.0992 0.9474
405.080 0.0550 0.0970 0.9543
405.120 0.0585 0.0998 0.9324
405.159 0.0623 0.0987 0.9475
405.198 0.0663 0.1024 0.9238
405.239 0.0717 0.1005 0.9643
405.280 0.0751 0.0996 0.9483
405.320 0.0732 0.1005 0.9643
405.360 0.0727 0.1024 0.9483
405.400 0.0667 0.1005 0.9483
405.439 0.0627 0.1013 0.9483
405.481 0.0572 0.1003 0.9471
405.521 0.0510 0.0976 0.9471
405.561 0.0481 0.0992 0.9718
405.600 0.0437 0.1004 0.9718
405.638 0.0419 0.1004 0.9718
405.681 0.0369 0.0998 0.9952
405.721 0.0333 0.0986 0.9914
405.762 0.0263 0.1011 0.9915
405.801 0.0228 0.1017 0.9914
405.839 0.0200 0.1009 0.9915
405.883 0.0182 0.1001 0.9853
405.923 0.0177 0.0999 0.9853
405.963 0.0164 0.0986 0.9976
406.003 0.0186 0.1008 0.9793
406.042 0.0175 0.1011 0.9853
406.084 0.0175 0.1007 0.9915
406.124 0.0127 0.1006 0.9853
406.164 0.0115 0.0999 0.9853
406.204 0.0087 0.1004 0.9915
406.243 0.0080 0.1012 0.9853
406.283 0.0086 0.1000 0.9947
406.324 0.0089 0.0995 0.9793
406.365 0.0086 0.1006 0.9914
406.405 0.0076 0.0967 0.9854
406.444 0.0049 0.0992 0.9887
406.481 0.0056 0.1001 0.9947
406.526 0.0060 0.1010 0.9887
406.565 0.0098 0.0988 0.9853
406.605 0.0092 0.0967 0.9854
406.645 0.0092 0.0988 0.9853
406.682 0.0092 0.1002 0.9853
406.726 0.0103 0.1019 0.9793
406.766 0.0092 0.0988 0.9947
406.806 0.0131 0.0993 0.9887
406.845 0.0128 0.0993 0.9891
406.885 0.0151 0.0987 1.0107
406.926 0.0165 0.1012 1.0107
406.967 0.0166 0.1007 1.0107
407.008 0.0142 0.0976 0.9780
407.047 0.0125 0.1004 0.9611
407.087 0.0107 0.1014 0.9611
407.127 0.0125 0.1003 1.0047
407.168 0.0101 0.1007 1.0058
407.208 0.0094 0.0984 1.0047
407.248 0.0100 0.0932 1.0344
407.288 0.0039 0.0914 1.0256
407.325 0.0036 0.0985 1.0047
407.369 0.0052 0.0992 1.0058
407.409 0.0066 0.0993 1.0047
407.449 0.0075 0.0996 1.0047
407.489 0.0066 0.0987 0.9981
407.548 0.0075 0.0968 1.0047
407.570 0.0076 0.1003 1.0047
407.609 0.0075 0.0978 0.9771
407.649 0.0076 0.0992 0.9953
407.689 0.0063 0.0989 0.9804
407.729 0.0044 0.0994 1.0047
407.770 0.0046 0.1015 0.9837
407.810 0.0065 0.0990 0.9837
407.850 0.0100 0.0982 0.9837
407.890 0.0167 0.0979 1.0014
407.929 0.0176 0.0988 0.9981
407.969 0.0196 0.0969 0.9938
408.011 0.0210 0.1013 0.9758
408.051 0.0262 0.1004 0.9821
408.092 0.0281 0.0984 0.9821
408.131 0.0295 0.0976 0.9327
408.169 0.0306 0.1000 0.9771
408.213 0.0312 0.0996 0.9898
408.253 0.0328 0.0983 0.9898
408.292 0.0309 0.0994 0.9804
408.333 0.0302 0.1037 0.9382
408.370 0.0261 0.1057 0.9112
408.414 0.0261 0.1070 0.9102
408.453 0.0251 0.1076 0.9312
408.494 0.0283 0.1082 0.8942
408.533 0.0275 0.1069 0.9205
408.573 0.0247 0.1053 0.9152
408.614 0.0240 0.1040 0.9032
408.654 0.0242 0.1066 0.9152
408.694 0.0252 0.1076 0.9455
408.734 0.0244 0.1070 0.8863
408.773 0.0237 0.1058 0.8863
408.813 0.0252 0.1059 0.8944
408.854 0.0249 0.1059 0.8944
408.894 0.0267 0.1097 0.9076
408.934 0.0307 0.1085 0.8934
408.974 0.0289 0.1059 0.8897
409.011 0.0259 0.1082 0.8902
409.055 0.0263 0.1059 0.8930
409.095 0.0249 0.1112 0.9002
409.135 0.0250 0.1102 0.9013
409.175 0.0235 0.1086 0.9282
409.214 0.0205 0.1125 0.9148
409.257 0.0207 0.1108 0.8753
409.297 0.0224 0.1112 0.8471
409.337 0.0226 0.1148 0.8679
409.377 0.0193 0.1141 0.8521
409.416 0.0154 0.1160 0.8679
409.456 0.0125 0.1114 0.8679
409.497 0.0133 0.1128 0.8442
409.537 0.0140 0.1135 0.8723
409.578 0.0156 0.1170 0.8429
409.617 0.0174 0.1129 0.8649
409.656 0.0183 0.1145 0.8159
409.698 0.0198 0.1122 0.8159
409.738 0.0195 0.1134 0.8365
409.778 0.0156 0.1159 0.8365
409.818 0.0143 0.1156 0.8365
409.855 0.0141 0.1135 0.8365
409.899 0.0152 0.1136 0.8365
409.938 0.0155 0.1118 0.8365
409.979 0.0187 0.1143 0.8409
410.018 0.0186 0.1147 0.8365
410.056 0.0159 0.1142 0.8409
410.100 0.0157 0.1134 0.8439
410.139 0.0150 0.1138 0.8169
410.179 0.0177 0.1147 0.8159
410.219 0.0191 0.1142 0.8699
410.258 0.0218 0.1146 0.8429
410.300 0.0252 0.1165 0.8579
410.341 0.0264 0.1163 0.8159
410.381 0.0277 0.1148 0.8322
410.421 0.0278 0.1162 0.8322
410.460 0.0281 0.1164 0.8529
410.500 0.0253 0.1139 0.8999
410.541 0.0271 0.1139 0.8999
410.582 0.0274 0.1132 0.9036
410.622 0.0278 0.1119 0.9103
410.661 0.0281 0.1147 0.9163
410.699 0.0266 0.1147 0.9163
410.743 0.0257 0.1147 0.8913
410.782 0.0252 0.1147 0.8913
410.822 0.0249 0.1126 0.8758
410.862 0.0248 0.1147 0.8758
410.899 0.0265 0.1168 0.8818
410.944 0.0239 0.1139 0.9069
410.983 0.0233 0.1137 0.9069
411.023 0.0208 0.1122 0.8829
411.063 0.0193 0.1137 0.9058
411.102 0.0193 0.1157 0.9058
411.143 0.0165 0.1134 0.8829
411.184 0.0153 0.1171 0.9058
411.224 0.0132 0.1124 0.8865
411.264 0.0114 0.1116 0.8865
411.303 0.0107 0.1109 0.8575
411.343 0.0091 0.1142 0.8829
411.384 0.0061 0.1125 0.8738
411.425 0.0061 0.1127 0.8955
411.465 0.0070 0.1108 0.8738
411.505 0.0087 0.1110 0.8649
411.542 0.0093 0.1120 0.8802
411.586 0.0066 0.1125 0.8802
411.626 0.0068 0.1122 0.8892
411.666 0.0049 0.1119 0.8799
411.705 0.0051 0.1089 0.8695
411.743 0.0039 0.1119 0.8695
411.786 0.0041 0.1117 0.8695
411.826 0.0043 0.1113 0.8695
411.867 0.0045 0.1102 0.8695
411.907 0.0022 0.1097 0.8799
411.945 0.0029 0.1113 0.8695
411.986 0.0036 0.1135 0.8695
412.027 0.0031 0.1120 0.8695
412.067 0.0028 0.1117 0.8695
412.107 0.0027 0.1119 0.8799
412.146 0.0030 0.1119 0.8799
412.186 0.0047 0.1113 0.8695
412.227 0.0044 0.1129 0.9099
412.268 0.0037 0.1115 0.8802
412.308 0.0031 0.1122 0.8799
412.348 0.0031 0.1107 0.8802
412.385 0.0030 0.1119 0.8802
412.429 0.0031 0.1128 0.8802
412.468 0.0032 0.1128 0.8802
412.509 0.0037 0.1107 0.8802
412.549 0.0047 0.1104 0.8802
412.586 0.0055 0.1104 0.8802
412.630 0.0059 0.1130 0.9099
412.670 0.0063 0.1121 0.9099
412.710 0.0056 0.1121 0.9099
412.750 0.0064 0.1107 0.8802
412.789 0.0049 0.1093 0.8802
412.831 0.0042 0.1109 0.8802
412.871 0.0039 0.1110 0.8802
412.911 0.0023 0.1125 0.8802
412.951 0.0037 0.1095 0.8802
412.990 0.0036 0.1088 0.8799
413.030 0.0043 0.1097 0.8802
413.071 0.0049 0.1122 0.9099
413.112 0.0056 0.1132 0.9099
413.152 0.0082 0.1121 0.9099
413.191 0.0080 0.1097 0.8695
413.229 0.0067 0.1113 0.8695
413.272 0.0063 0.1114 0.9331
413.312 0.0067 0.1112 0.9429
413.352 0.0069 0.1115 0.9331
413.392 0.0064 0.1102 0.9331
413.429 0.0053 0.1087 0.9421
413.473 0.0065 0.1096 0.9099
413.513 0.0059 0.1102 0.9331
413.553 0.0035 0.1102 0.9331
413.593 0.0057 0.1121 0.9099
413.633 0.0061 0.1113 0.8695
413.673 0.0044 0.1108 0.8799
413.714 0.0062 0.1097 0.8695
413.755 0.0057 0.1116 0.8695
413.795 0.0042 0.1104 0.8802
413.834 0.0059 0.1108 0.8799
413.874 0.0049 0.1093 0.8695
413.915 0.0070 0.1082 0.8802
413.955 0.0087 0.1099 0.8799
413.995 0.0066 0.1133 0.9008
414.035 0.0065 0.1094 0.8802
414.072 0.0051 0.1096 0.8802
414.115 0.0058 0.1104 0.8802
414.156 0.0057 0.1101 0.8592
414.196 0.0072 0.1131 0.9099
414.235 0.0093 0.1109 0.8802
414.272 0.0099 0.1112 0.8799
414.316 0.0103 0.1108 0.8855
414.356 0.0087 0.1109 0.8933
414.397 0.0113 0.1159 0.8696
414.437 0.0133 0.1113 0.9021
414.475 0.0148 0.1120 0.9021
414.517 0.0152 0.1108 0.8637
414.557 0.0160 0.1132 0.8736
414.597 0.0180 0.1111 0.8889
414.637 0.0174 0.1161 0.8865
414.676 0.0157 0.1128 0.9159
414.717 0.0148 0.1109 0.8966
414.758 0.0143 0.1111 0.8875
414.799 0.0161 0.1110 0.8855
414.839 0.0167 0.1122 0.8639
414.878 0.0187 0.1119 0.9037
414.916 0.0176 0.1124 0.8875
414.959 0.0203 0.1108 0.8855
414.999 0.0205 0.1104 0.8575
415.040 0.0201 0.1080 0.8935
415.079 0.0207 0.1180 0.8799
415.116 0.0199 0.1130 0.8809
415.161 0.0215 0.1148 0.8771
415.200 0.0212 0.1103 0.8809
415.240 0.0243 0.1103 0.8765
415.280 0.0222 0.1141 0.8765
415.319 0.0227 0.1164 0.8765
415.361 0.0187 0.1134 0.8728
415.401 0.0185 0.1122 0.8765
415.441 0.0159 0.1092 0.8639
415.481 0.0165 0.1130 0.8639
415.520 0.0177 0.1177 0.8679
415.560 0.0151 0.1140 0.8813
415.601 0.0147 0.1150 0.8679
415.641 0.0137 0.1114 0.8723
415.681 0.0133 0.1114 0.8723
415.721 0.0125 0.1131 0.8859
415.758 0.0109 0.1131 0.8811
415.803 0.0087 0.1142 0.9065
415.842 0.0081 0.1122 0.9027
415.883 0.0072 0.1122 0.9027
415.923 0.0076 0.1122 0.9027
415.959 0.0058 0.1119 0.9081
416.003 0.0043 0.1133 0.9027
416.043 0.0057 0.1118 0.9081
416.084 0.0062 0.1106 0.8942
416.123 0.0084 0.1119 0.8859
416.162 0.0110 0.1122 0.8859
416.204 0.0104 0.1134 0.9081
416.244 0.0121 0.1123 0.8811
416.284 0.0151 0.1121 0.8811
416.324 0.0196 0.1121 0.8811
416.363 0.0227 0.1110 0.8811
416.403 0.0245 0.1122 0.8811
416.445 0.0250 0.1112 0.8811
416.485 0.0270 0.1121 0.8811
416.525 0.0295 0.1087 0.8811
416.564 0.0317 0.1073 0.8901
416.602 0.0321 0.1113 0.8811
416.646 0.0316 0.1122 0.8975
416.685 0.0317 0.1112 0.8975
416.726 0.0345 0.1112 0.8975
416.765 0.0364 0.1102 0.8815
416.802 0.0354 0.1096 0.8771
416.847 0.0328 0.1132 0.8771
416.886 0.0323 0.1105 0.8734
416.926 0.0353 0.1110 0.8908
416.967 0.0394 0.1073 0.9113
417.006 0.0407 0.1121 0.8989
417.048 0.0381 0.1130 0.9159
417.088 0.0402 0.1138 0.9145
417.128 0.0401 0.1141 0.9125
417.168 0.0401 0.1113 0.8855
417.207 0.0405 0.1098 0.8855
417.247 0.0392 0.1152 0.9085
417.288 0.0387 0.1120 0.9314
417.329 0.0392 0.1118 0.9201
417.369 0.0378 0.1084 0.8818
417.408 0.0342 0.1090 0.8855
417.446 0.0287 0.1089 0.9418
417.489 0.0257 0.1110 0.9429
417.529 0.0274 0.1095 0.9458
417.569 0.0300 0.1109 0.9313
417.609 0.0278 0.1068 0.9289
417.646 0.0285 0.1095 0.9299
417.689 0.0251 0.1103 0.9159
417.730 0.0239 0.1115 0.9396
417.770 0.0242 0.1078 0.9396
417.810 0.0245 0.1109 0.9203
417.849 0.0269 0.1126 0.8889
417.889 0.0293 0.1105 0.8569
417.930 0.0310 0.1115 0.8892
417.971 0.0313 0.1126 0.9424
418.011 0.0331 0.1099 0.8909
418.050 0.0262 0.1111 0.8999
418.091 0.0281 0.1091 0.9039
418.132 0.0302 0.1118 0.8674
418.172 0.0334 0.1131 0.8674
418.212 0.0353 0.1119 0.8674
418.252 0.0330 0.1118 0.8674
418.289 0.0319 0.1118 0.8674
418.333 0.0313 0.1090 0.8842
418.373 0.0299 0.1119 0.8738
418.413 0.0312 0.1090 0.8645
418.452 0.0330 0.1079 0.8645
418.489 0.0321 0.1103 0.8645
418.534 0.0352 0.1120 0.8743
418.573 0.0354 0.1121 0.8645
418.614 0.0333 0.1123 0.8633
418.653 0.0296 0.1122 0.8665
418.692 0.0297 0.1122 0.8665
418.734 0.0320 0.1135 0.8583
418.774 0.0360 0.1121 0.8455
418.814 0.0381 0.1129 0.8455
418.854 0.0371 0.1119 0.8615
418.894 0.0366 0.1135 0.8455
418.933 0.0365 0.1109 0.8173
418.975 0.0354 0.1099 0.8210
419.015 0.0353 0.1143 0.8221
419.055 0.0359 0.1147 0.8286
419.094 0.0380 0.1148 0.8612
419.132 0.0381 0.1079 0.9015
419.175 0.0399 0.1112 0.8508
419.216 0.0416 0.1080 0.9015
419.257 0.0424 0.1111 0.9175
419.296 0.0428 0.1134 0.8559
419.333 0.0446 0.1090 0.9131
419.377 0.0490 0.1090 0.9175
419.419 0.0528 0.1093 0.9117
419.457 0.0566 0.1124 0.9175
419.497 0.0617 0.1122 0.9227
419.535 0.0641 0.1106 0.9183
419.578 0.0625 0.1113 0.8825
419.617 0.0679 0.1088 0.9325
419.658 0.0703 0.1094 0.8967
419.697 0.0707 0.1104 0.8908
419.737 0.0706 0.1102 0.9188
419.777 0.0682 0.1101 0.9236
419.818 0.0689 0.1112 0.9305
419.858 0.0679 0.1076 0.9197
419.898 0.0651 0.1114 0.9051
419.938 0.0639 0.1112 0.9142
419.975 0.0608 0.1088 0.8937
420.019 0.0590 0.1063 0.9097
420.059 0.0613 0.1070 0.9097
420.099 0.0603 0.1063 0.9097
420.138 0.0610 0.1084 0.9159
420.176 0.0603 0.1064 0.9097
420.220 0.0588 0.1082 0.9544
420.259 0.0608 0.1069 0.9225
420.300 0.0618 0.1082 0.9356
420.340 0.0625 0.1082 0.9317
420.379 0.0626 0.1081 0.9483
420.421 0.0616 0.1072 0.9021
420.461 0.0643 0.1072 0.9021
420.501 0.0675 0.1072 0.9021
420.541 0.0657 0.1060 0.9021
420.581 0.0644 0.1087 0.9027
420.620 0.0617 0.1072 0.8975
420.662 0.0608 0.1066 0.9421
420.702 0.0620 0.1067 0.9368
420.742 0.0598 0.1053 0.9137
420.781 0.0575 0.1088 0.9547
420.819 0.0547 0.1080 0.9404
420.863 0.0579 0.1081 0.9478
420.902 0.0601 0.1071 0.9471
420.943 0.0628 0.1091 0.9402
420.982 0.0611 0.1103 0.9398
421.019 0.0607 0.1091 0.9305
421.064 0.0662 0.1095 0.9228
421.103 0.0672 0.1114 0.9250
421.143 0.0685 0.1089 0.9231
421.183 0.0679 0.1075 0.9188
421.222 0.0705 0.1107 0.9140
421.263 0.0728 0.1106 0.9150
421.304 0.0746 0.1090 0.9165
421.344 0.0733 0.1066 0.8885
421.384 0.0696 0.1069 0.8808
421.424 0.0645 0.1069 0.8746
421.464 0.0599 0.1113 0.9138
421.505 0.0579 0.1076 0.9092
421.545 0.0517 0.1072 0.9047
421.585 0.0458 0.1065 0.8918
421.625 0.0404 0.1056 0.8828
421.662 0.0377 0.1087 0.8828
421.705 0.0323 0.1091 0.8828
421.746 0.0296 0.1090 0.8828
421.786 0.0288 0.1081 0.8828
421.826 0.0294 0.1081 0.8828
421.863 0.0325 0.1081 0.8828
421.906 0.0337 0.1091 0.8890
421.947 0.0400 0.1081 0.8828
421.987 0.0416 0.1081 0.9056
422.027 0.0427 0.1060 0.9144
422.066 0.0457 0.1055 0.9006
422.107 0.0514 0.1073 0.9378
422.147 0.0533 0.1101 0.9316
422.187 0.0592 0.1087 0.9101
422.227 0.0588 0.1076 0.8944
422.267 0.0583 0.1049 0.8896
422.307 0.0528 0.1113 0.8759
422.348 0.0484 0.1086 0.8736
422.388 0.0475 0.1093 0.8736
422.428 0.0410 0.1112 0.8603
422.468 NaN 0.1056 0.8516
422.506 NaN 0.1090 0.8698
422.549 NaN 0.1090 0.8698
422.590 NaN 0.1120 0.8776
422.630 NaN 0.1090 0.8688
422.669 NaN 0.1090 0.8688
422.706 NaN 0.1072 0.8676
422.750 NaN 0.1097 0.8910
