317.249 NaN 0.0942 0.8982
317.289 NaN 0.0932 0.9157
317.329 NaN 0.0924 0.8993
317.369 NaN 0.0930 0.8662
317.409 NaN 0.0913 0.9097
317.449 NaN 0.0926 0.9020
317.489 NaN 0.0905 0.8936
317.529 0.1060 0.0927 0.8806
317.569 0.1134 0.0917 0.8966
317.609 0.1149 0.0878 0.8930
317.650 0.1189 0.0919 0.9190
317.690 0.1176 0.0935 0.8866
317.730 0.1195 0.0928 0.9227
317.770 0.1220 0.0950 0.9043
317.807 0.1237 0.0922 0.9376
317.851 0.1275 0.0923 0.9048
317.891 0.1280 0.0951 0.9059
317.930 0.1271 0.0953 0.9034
317.970 0.1243 0.0947 0.8549
318.008 0.1297 0.0930 0.8891
318.052 0.1298 0.0913 0.9065
318.092 0.1350 0.0940 0.9135
318.132 0.1347 0.0964 0.9512
318.172 0.1366 0.0953 0.9396
318.212 0.1402 0.0893 0.9516
318.253 0.1419 0.0919 0.9628
318.293 0.1415 0.0913 0.9652
318.333 0.1400 0.0938 0.9532
318.373 0.1402 0.0923 0.9218
318.412 0.1404 0.0933 0.9538
318.452 0.1442 0.0909 0.9042
318.493 0.1424 0.0895 0.9091
318.534 0.1419 0.0961 0.9102
318.574 0.1406 0.0957 0.8932
318.614 0.1408 0.0958 0.9491
318.651 0.1439 0.0958 0.9185
318.695 0.1451 0.0931 0.9305
318.734 0.1444 0.0956 0.9298
318.774 0.1475 0.0961 0.9498
318.814 0.1488 0.0965 0.9548
318.851 0.1496 0.0932 0.9425
318.895 0.1559 0.0955 0.9135
318.935 0.1581 0.0933 0.9611
318.975 0.1667 0.0980 0.9288
319.015 0.1704 0.1015 0.9109
319.055 0.1715 0.0967 0.9615
319.096 0.1749 0.0954 0.9359
319.135 0.1723 0.0966 0.9488
319.175 0.1769 0.0954 0.9172
319.216 0.1735 0.0981 0.9379
319.256 0.1664 0.0975 0.9737
319.296 0.1640 0.0987 0.9448
319.337 0.1651 0.0961 0.9161
319.377 0.1584 0.0974 0.9161
319.417 0.1546 0.0994 0.9298
319.457 0.1442 0.0996 0.8871
319.495 0.1354 0.0969 0.8851
319.538 0.1314 0.0940 0.9140
319.578 0.1229 0.0958 0.8718
319.618 0.1141 0.0984 0.9205
319.658 0.1073 0.0996 0.9419
319.694 0.1024 0.0983 0.9138
319.739 0.1062 0.0963 0.9277
319.779 0.1102 0.0993 0.8931
319.819 0.1111 0.0963 0.9335
319.859 0.1165 0.0998 0.8995
319.898 0.1171 0.0989 0.9133
319.939 0.1187 0.0987 0.9437
319.979 0.1198 0.0963 0.9303
320.019 0.1218 0.0963 0.9192
320.059 0.1246 0.0978 0.9282
320.098 0.1288 0.0967 0.9246
320.138 0.1262 0.0967 0.9258
320.179 0.1277 0.0968 0.9571
320.220 0.1297 0.0967 0.9544
320.260 0.1270 0.0968 0.9469
320.300 0.1264 0.0947 0.9195
320.338 0.1219 0.0960 0.9492
320.382 0.1127 0.0960 0.9448
320.421 0.1133 0.0947 0.9491
320.461 0.1135 0.0929 0.9448
320.501 0.1120 0.0940 0.9542
320.538 0.1047 0.0963 0.9544
320.582 0.1022 0.0973 0.9252
320.622 0.1065 0.0987 0.9252
320.662 0.1107 0.0938 0.9425
320.702 0.1111 0.0908 0.9275
320.742 0.1091 0.0976 0.9207
320.783 0.1130 0.1007 0.9196
320.823 0.1154 0.0983 0.9203
320.863 0.1251 0.0968 0.9075
320.903 0.1346 0.0931 0.9192
320.942 0.1393 0.0935 0.9064
320.982 0.1429 0.0985 0.9192
321.023 0.1489 0.0935 0.9527
321.063 0.1550 0.0953 0.9354
321.103 0.1576 0.0921 0.9195
321.143 0.1621 0.0956 0.9445
321.180 0.1615 0.0955 0.9113
321.225 0.1665 0.0937 0.9278
321.264 0.1644 0.0944 0.9304
321.304 0.1658 0.0924 0.9134
321.344 0.1684 0.0940 0.9524
321.382 0.1644 0.0949 0.9597
321.425 0.1598 0.0955 0.9524
321.466 0.1601 0.0949 0.9234
321.506 0.1597 0.0925 0.9108
321.546 0.1622 0.0938 0.9584
321.585 0.1672 0.0922 0.9184
321.625 0.1685 0.0953 0.9740
321.666 0.1673 0.0976 0.9568
321.706 0.1670 0.0946 0.9675
321.746 0.1705 0.0955 0.9399
321.786 0.1704 0.0905 0.9509
321.826 0.1729 0.0921 0.9417
321.867 0.1678 0.0921 0.9433
321.907 0.1654 0.0893 0.9570
321.947 0.1687 0.0893 0.9497
321.987 0.1732 0.0856 0.9595
322.024 0.1739 0.0869 0.9343
322.067 0.1736 0.0859 0.9192
322.108 0.1663 0.0857 0.9410
322.148 0.1685 0.0852 0.9661
322.188 0.1777 0.0860 0.9548
322.225 0.1806 0.0887 0.9405
322.269 0.1861 0.0929 0.9293
322.308 0.1839 0.0919 0.9561
322.349 0.1828 0.0881 0.9262
322.389 0.1903 0.0881 0.9071
322.427 0.1899 0.0908 0.9575
322.468 0.1871 0.0889 0.9238
322.509 0.1813 0.0891 0.9628
322.550 0.1765 0.0881 0.9502
322.590 0.1794 0.0904 0.9343
322.630 0.1813 0.0894 0.9267
322.669 0.1705 0.0897 0.9408
322.710 0.1625 0.0905 0.9358
322.751 0.1592 0.0907 0.9088
322.791 0.1573 0.0919 0.9402
322.830 0.1622 0.0920 0.9619
322.867 0.1603 0.0905 0.9530
322.911 0.1578 0.0950 0.9329
322.952 0.1582 0.0950 0.9322
322.991 0.1605 0.0940 0.9524
323.031 0.1631 0.0930 0.9132
323.068 0.1631 0.0944 0.9180
323.111 0.1553 0.0936 0.9218
323.152 0.1572 0.0971 0.9428
323.192 0.1595 0.0975 0.9428
323.232 0.1650 0.0986 0.9387
323.271 0.1637 0.0962 0.9129
323.311 0.1601 0.0994 0.9102
323.353 0.1579 0.0987 0.9401
323.393 0.1551 0.0991 0.9553
323.432 0.1521 0.0975 0.9283
323.472 0.1531 0.0965 0.9213
323.512 0.1484 0.0954 0.9862
323.553 0.1402 0.0977 0.9455
323.593 0.1401 0.0989 0.9402
323.633 0.1344 0.0983 0.9169
323.674 0.1341 0.0973 0.9592
323.711 0.1261 0.0973 0.9744
323.755 0.1194 0.0973 0.9393
323.795 0.1111 0.0983 0.9651
323.835 0.1059 0.0969 0.9333
323.875 0.1066 0.0972 0.9333
323.912 0.1077 0.0980 0.9620
323.955 0.1049 0.0983 0.9480
323.996 0.1048 0.0965 0.9714
324.036 0.1079 0.0964 0.9437
324.076 0.1052 0.0962 0.9437
324.114 0.1072 0.0972 0.9575
324.155 0.1076 0.0959 0.9793
324.196 0.1095 0.0961 0.9549
324.236 0.1148 0.0975 0.9213
324.276 0.1226 0.0972 0.9303
324.315 0.1293 0.0991 0.9227
324.355 0.1334 0.0958 0.9183
324.397 0.1329 0.0949 0.9335
324.437 0.1338 0.0939 0.9443
324.477 0.1374 0.0948 0.9423
324.516 0.1416 0.0958 0.9369
324.554 0.1446 0.0947 0.9435
324.597 0.1476 0.0938 0.9367
324.638 0.1494 0.0896 0.9219
324.678 0.1507 0.0947 0.9493
324.717 0.1489 0.0955 0.9740
324.756 0.1465 0.0959 0.9287
324.799 0.1429 0.0900 0.9216
324.839 0.1410 0.0927 0.9106
324.879 0.1431 0.0939 0.9381
324.919 0.1440 0.0951 0.9073
324.958 0.1440 0.0965 0.9245
324.999 0.1422 0.0933 0.8985
325.040 0.1421 0.0908 0.9334
325.080 0.1438 0.0912 0.8890
325.120 0.1433 0.0946 0.9397
325.159 0.1422 0.0947 0.9064
325.199 0.1469 0.0927 0.9476
325.240 0.1513 0.0927 0.9032
325.280 0.1509 0.0906 0.8986
325.320 0.1540 0.0931 0.9041
325.360 0.1563 0.0940 0.8889
325.397 0.1603 0.0939 0.9146
325.442 0.1647 0.0938 0.9617
325.481 0.1655 0.0926 0.9548
325.521 0.1701 0.0919 0.9624
325.561 0.1750 0.0941 0.9465
325.598 0.1733 0.0965 0.9624
325.642 0.1808 0.0925 0.9584
325.682 0.1822 0.0936 0.9574
325.722 0.1795 0.0912 0.9574
325.762 0.1813 0.0922 0.9203
325.800 0.1830 0.0933 0.9536
325.842 0.1821 0.0933 0.9597
325.883 0.1779 0.0915 0.9664
325.924 0.1701 0.0915 0.9922
325.964 0.1689 0.0918 0.9594
326.003 0.1661 0.0916 0.9254
326.043 0.1582 0.0926 0.9640
326.084 0.1609 0.0929 0.9489
326.124 0.1588 0.0934 0.9626
326.164 0.1541 0.0938 0.9367
326.204 0.1511 0.0933 0.9063
326.241 0.1508 0.0946 0.9297
326.285 0.1481 0.0946 0.9393
326.325 0.1458 0.0944 0.9533
326.365 0.1413 0.0931 0.9365
326.405 0.1418 0.0937 0.9131
326.442 0.1382 0.0974 0.9185
326.485 0.1328 0.1015 0.9455
326.525 0.1318 0.0977 0.9049
326.566 0.1267 0.0964 0.9221
326.606 0.1241 0.0969 0.9308
326.644 0.1222 0.0975 0.9085
326.686 0.1200 0.1011 0.9759
326.726 0.1192 0.1021 0.9803
326.766 0.1152 0.1015 0.9345
326.806 0.1099 0.0999 0.9334
326.845 0.1076 0.1009 0.9444
326.885 0.1042 0.1023 0.9499
326.926 0.1037 0.1033 0.9227
326.967 0.1011 0.1004 0.9490
327.008 0.0986 0.1008 0.9578
327.047 0.1013 0.0996 0.9489
327.085 0.1014 0.0988 0.9489
327.128 0.1019 0.1030 0.9787
327.168 0.1054 0.1013 0.9486
327.208 0.0988 0.1005 0.9245
327.248 0.0980 0.0977 0.9385
327.285 0.1036 0.0966 0.9591
327.328 0.1098 0.0997 0.9941
327.369 0.1173 0.0999 0.9431
327.410 0.1207 0.0963 0.9541
327.449 0.1246 0.0987 0.9541
327.488 0.1286 0.0960 0.9308
327.528 0.1354 0.0988 0.9535
327.569 0.1379 0.1009 0.9265
327.610 0.1403 0.0986 0.9802
327.650 0.1401 0.0951 0.9769
327.689 0.1445 0.0976 0.9251
327.729 0.1497 0.0976 0.9428
327.770 0.1485 0.0998 0.9500
327.810 0.1486 0.0998 0.9341
327.850 0.1462 0.0986 0.9488
327.890 0.1481 0.1001 0.9524
327.927 0.1476 0.1006 0.9404
327.971 0.1526 0.1006 0.9444
328.011 0.1516 0.1007 0.9472
328.051 0.1493 0.1024 0.9492
328.092 0.1502 0.0990 0.9453
328.129 0.1509 0.0996 0.9219
328.172 0.1513 0.1003 0.9392
328.213 0.1490 0.1021 0.9442
328.253 0.1495 0.0998 0.9133
328.293 0.1517 0.0989 0.9376
328.332 0.1498 0.0972 0.9357
328.372 0.1499 0.0979 0.9355
328.413 0.1529 0.0977 0.8889
328.453 0.1540 0.0991 0.9248
328.493 0.1549 0.0993 0.9026
328.533 0.1583 0.0987 0.9144
328.572 0.1625 0.0973 0.9092
328.613 0.1654 0.0988 0.9264
328.654 0.1611 0.0993 0.9302
328.694 0.1686 0.0983 0.9302
328.734 0.1739 0.0998 0.9002
328.771 0.1717 0.0994 0.9091
328.815 0.1733 0.0977 0.9560
328.855 0.1723 0.0985 0.9457
328.904 0.1686 0.0987 0.9474
328.934 0.1662 0.0992 0.9312
328.971 0.1595 0.0994 0.9586
329.014 0.1544 0.0984 0.9597
329.055 0.1527 0.0974 0.9446
329.096 0.1471 0.1000 0.9434
329.136 0.1476 0.0996 0.9590
329.175 0.1436 0.0986 0.9540
329.216 0.1383 0.0970 0.9478
329.257 0.1358 0.0990 0.9892
329.297 0.1361 0.0963 0.9330
329.337 0.1331 0.0994 0.9302
329.376 0.1312 0.1020 0.9222
329.416 0.1290 0.0978 0.9552
329.457 0.1341 0.1002 0.9598
329.498 0.1375 0.0995 0.9717
329.538 0.1359 0.1024 0.9646
329.578 0.1365 0.1002 0.9486
329.615 0.1343 0.1027 0.9513
329.659 0.1352 0.0978 0.9400
329.698 0.1351 0.1001 0.9628
329.739 0.1364 0.0994 0.9697
329.778 0.1347 0.1031 0.9697
329.815 0.1402 0.1011 0.9347
329.858 0.1421 0.1002 0.9519
329.899 0.1475 0.0989 0.9388
329.939 0.1452 0.1008 0.9438
329.979 0.1435 0.1024 0.9346
330.018 0.1439 0.0998 0.9409
330.059 0.1365 0.0996 0.9092
330.100 0.1387 0.0988 0.9412
330.140 0.1384 0.0985 0.9554
330.180 0.1352 0.1005 0.9596
330.219 0.1329 0.1009 0.9678
330.259 0.1344 0.0982 0.9781
330.300 0.1298 0.0988 0.9749
330.341 0.1274 0.0945 0.9696
330.381 0.1215 0.0980 0.9524
330.421 0.1204 0.0987 0.9524
330.458 0.1193 0.0985 0.9391
330.503 0.1127 0.0969 0.9696
330.542 0.1149 0.0973 0.9729
330.582 0.1152 0.0953 0.9696
330.622 0.1132 0.0962 0.9740
330.659 0.1140 0.0967 0.9703
330.703 0.1132 0.0935 0.9480
330.743 0.1121 0.0943 0.9505
330.783 0.1137 0.0969 0.9480
330.823 0.1137 0.0968 0.9480
330.862 0.1118 0.0979 0.9681
330.902 0.1089 0.0979 0.9671
330.943 0.1072 0.0964 0.9661
330.983 0.1124 0.0932 0.9801
331.023 0.1145 0.0952 0.9529
331.063 0.1141 0.0977 0.9591
331.103 0.1133 0.0962 0.9635
331.144 0.1179 0.0965 0.9807
331.184 0.1215 0.0932 0.9375
331.224 0.1272 0.0915 0.9531
331.264 0.1286 0.0923 0.9480
331.301 0.1294 0.0967 0.9198
331.344 0.1363 0.0937 0.9328
331.385 0.1399 0.0930 0.9568
331.425 0.1381 0.0932 0.9606
331.465 0.1334 0.0948 0.9592
331.502 0.1356 0.0953 0.9448
331.545 0.1328 0.0961 0.9562
331.586 0.1384 0.0947 0.9171
331.626 0.1370 0.0949 0.9294
331.666 0.1383 0.0950 0.9112
331.705 0.1339 0.0976 0.9371
331.746 0.1303 0.0962 0.9084
331.787 0.1309 0.0956 0.8992
331.827 0.1285 0.0964 0.9068
331.867 0.1251 0.0947 0.9070
331.906 0.1272 0.0965 0.9188
331.946 0.1306 0.0962 0.9472
331.987 0.1317 0.0963 0.9366
332.028 0.1340 0.0969 0.9588
332.068 0.1317 0.0957 0.9241
332.107 0.1347 0.0958 0.9426
332.145 0.1325 0.0957 0.9821
332.189 0.1352 0.1018 0.9733
332.228 0.1392 0.0996 0.9527
332.268 0.1408 0.0972 0.9303
332.308 0.1402 0.0966 0.9027
332.345 0.1417 0.0948 0.8879
332.388 0.1462 0.0981 0.8833
332.429 0.1484 0.1010 0.9126
332.470 0.1470 0.0975 0.8900
332.509 0.1552 0.0966 0.9309
332.549 0.1628 0.0971 0.8867
332.589 0.1628 0.0988 0.9252
332.630 0.1643 0.0984 0.9465
332.671 0.1628 0.0969 0.9154
332.727 0.1626 0.1008 0.9204
332.750 0.1630 0.0967 0.9237
332.790 0.1649 0.0993 0.9622
332.831 0.1677 0.0985 0.9638
332.871 0.1723 0.0994 0.9534
332.911 0.1792 0.0977 0.9584
332.951 0.1839 0.0963 0.8884
332.989 0.1827 0.0977 0.9615
333.032 0.1764 0.1011 0.9404
333.072 0.1721 0.0995 0.9318
333.112 0.1687 0.0946 0.9589
333.151 0.1694 0.0967 0.9643
333.189 0.1717 0.0938 0.9770
333.233 0.1677 0.0941 0.9740
333.272 0.1630 0.0951 0.9500
333.312 0.1608 0.0954 0.9200
333.352 0.1528 0.0943 0.9724
333.392 0.1447 0.0944 0.9492
333.433 0.1407 0.0946 0.9478
333.473 0.1395 0.0946 0.9414
333.513 0.1376 0.0939 0.9616
333.553 0.1362 0.0936 0.9568
333.593 0.1358 0.0960 0.9462
333.633 0.1366 0.0957 0.9852
333.675 0.1369 0.0950 1.0082
333.715 0.1374 0.0999 0.9240
333.755 0.1365 0.1002 0.9668
333.794 0.1363 0.0922 0.9368
333.832 0.1356 0.0951 0.9691
333.875 0.1339 0.0936 0.9688
333.915 0.1325 0.0959 0.9434
333.956 0.1300 0.0988 0.9820
333.995 0.1290 0.0930 0.9611
334.032 0.1309 0.1001 0.9730
334.077 0.1303 0.0973 0.9790
334.116 0.1311 0.0976 0.9420
334.156 0.1266 0.0986 0.9318
334.196 0.1245 0.0976 0.9280
334.235 0.1284 0.0976 0.9443
334.276 0.1290 0.0956 0.9471
334.316 0.1318 0.0975 0.9542
334.357 0.1359 0.0966 0.9517
334.397 0.1387 0.0975 0.9517
334.436 0.1392 0.0974 0.9686
334.476 0.1360 0.0977 0.9390
334.517 0.1321 0.0935 0.9542
334.557 0.1323 0.0928 0.9890
334.597 0.1349 0.0934 0.9767
334.637 0.1376 0.0952 0.9472
334.675 0.1406 0.0945 0.9472
334.718 0.1404 0.0940 0.9878
334.758 0.1416 0.0925 0.9638
334.799 0.1416 0.0960 0.9636
334.839 0.1427 0.0952 0.9610
334.876 0.1449 0.0938 0.9640
334.920 0.1449 0.0926 0.9551
334.960 0.1488 0.0923 0.9584
335.000 0.1534 0.0968 0.9559
335.039 0.1589 0.0981 0.9734
335.078 0.1601 0.0970 0.9736
335.120 0.1599 0.0942 0.9729
335.160 0.1570 0.0953 0.9432
335.200 0.1575 0.0957 0.9737
335.240 0.1570 0.0953 0.9568
335.280 0.1589 0.0980 0.9825
335.319 0.1586 0.0973 0.9825
335.361 0.1596 0.0944 0.9608
335.401 0.1591 0.0940 0.9315
335.441 0.1649 0.0951 0.9250
335.481 0.1685 0.0979 0.9558
335.518 0.1659 0.0940 0.9518
335.561 0.1634 0.0948 0.9366
335.602 0.1662 0.0907 0.9347
335.642 0.1721 0.0933 0.9034
335.681 0.1741 0.0930 0.9787
335.718 0.1761 0.0923 0.9663
335.761 0.1780 0.0917 0.9229
335.802 0.1837 0.0911 0.9306
335.842 0.1885 0.0911 0.8935
335.883 0.1953 0.0929 0.9204
335.922 0.1931 0.0936 0.9064
335.963 0.1874 0.0945 0.9250
336.004 0.1891 0.0942 0.8856
336.044 0.1911 0.0943 0.9078
336.084 0.1947 0.0946 0.9329
336.124 0.1930 0.0987 0.9286
336.163 0.1895 0.0978 0.9082
336.204 0.1915 0.0980 0.9093
336.245 0.1880 0.0935 0.8931
336.285 0.1857 0.0982 0.9123
336.324 0.1823 0.0982 0.9395
336.362 0.1747 0.0997 0.9421
336.406 0.1717 0.0990 0.9238
336.446 0.1755 0.0930 0.9346
336.485 0.1737 0.0939 0.9485
336.525 0.1751 0.0943 0.9229
336.562 0.1680 0.0971 0.9397
336.605 0.1640 0.0955 0.9545
336.646 0.1613 0.0977 0.9407
336.686 0.1625 0.0937 0.9446
336.726 0.1597 0.0951 0.9458
336.765 0.1565 0.0960 0.9318
336.807 0.1499 0.0963 0.9616
336.846 0.1448 0.0886 0.9537
336.887 0.1450 0.0883 0.9566
336.927 0.1372 0.0903 0.9303
336.967 0.1366 0.0917 0.9352
337.007 0.1291 0.0894 0.9461
337.048 0.1287 0.0966 0.9672
337.088 0.1229 0.0961 0.9520
337.128 0.1217 0.0942 0.9348
337.168 0.1163 0.0930 0.9472
337.205 0.1145 0.0956 0.9316
337.248 0.1141 0.0954 0.9413
337.289 0.1122 0.0922 0.9715
337.329 0.1153 0.0915 0.9335
337.369 0.1142 0.0889 0.9035
337.406 0.1171 0.0897 0.9714
337.450 0.1162 0.0896 0.9553
337.489 0.1214 0.0880 0.9432
337.530 0.1227 0.0901 0.9255
337.570 0.1234 0.0880 0.9305
337.608 0.1283 0.0884 0.9631
337.650 0.1281 0.0884 0.9555
337.690 0.1319 0.0888 0.9443
337.730 0.1324 0.0873 0.9562
337.770 0.1331 0.0873 0.9779
337.810 0.1343 0.0881 0.9657
337.849 0.1354 0.0870 0.9555
337.891 0.1357 0.0907 0.9555
337.931 0.1318 0.0923 0.9564
337.971 0.1278 0.0924 0.9392
338.011 0.1240 0.0900 0.9287
338.049 0.1259 0.0891 0.9202
338.092 0.1241 0.0899 0.9614
338.133 0.1276 0.0906 0.9508
338.173 0.1242 0.0906 0.9804
338.212 0.1209 0.0881 0.9698
338.249 0.1203 0.0892 0.9584
338.292 0.1256 0.0911 0.9328
338.333 0.1276 0.0940 0.9742
338.374 0.1277 0.0928 0.9753
338.413 0.1286 0.0931 0.9757
338.452 0.1299 0.0938 0.9799
338.494 0.1341 0.0935 0.9453
338.534 0.1357 0.0949 0.9396
338.574 0.1381 0.0956 0.9569
338.614 0.1388 0.0955 0.9773
338.653 0.1390 0.0954 0.9809
338.693 0.1434 0.0965 0.9618
338.734 0.1507 0.0950 0.9921
338.774 0.1469 0.0976 0.9926
338.814 0.1458 0.0951 0.9434
338.854 0.1474 0.0921 0.9952
338.891 0.1490 0.0938 0.9682
338.934 0.1574 0.0935 0.9269
338.975 0.1633 0.0959 0.9555
339.015 0.1635 0.0956 0.9069
339.055 0.1599 0.0941 0.9069
339.092 0.1580 0.0968 0.9269
339.136 0.1572 0.0946 0.9330
339.176 0.1568 0.0957 0.9309
339.217 0.1481 0.0974 0.9388
339.257 0.1470 0.0957 0.9705
339.295 0.1444 0.0945 0.9005
339.338 0.1393 0.0951 0.9095
339.377 0.1407 0.0954 0.9017
339.417 0.1403 0.0988 0.9173
339.457 0.1349 0.0965 0.9498
339.497 0.1296 0.0971 0.9420
339.537 0.1247 0.0967 0.9240
339.578 0.1274 0.0967 0.9380
339.618 0.1293 0.0972 0.8800
339.658 0.1271 0.0978 0.9243
339.698 0.1294 0.0968 0.9325
339.735 0.1308 0.0966 0.8948
339.778 0.1351 0.0968 0.9042
339.819 0.1412 0.0953 0.9498
339.859 0.1457 0.0974 0.9405
339.899 0.1390 0.0958 0.9292
339.936 0.1336 0.0968 0.8968
339.980 0.1331 0.0935 0.9128
340.019 0.1414 0.0952 0.9202
340.060 0.1413 0.0954 0.9360
340.099 0.1380 0.0964 0.9450
340.138 0.1377 0.0981 0.9450
340.179 0.1371 0.0939 0.9076
340.220 0.1372 0.0930 0.9362
340.260 0.1393 0.0977 0.9692
340.300 0.1422 0.0984 0.9577
340.340 0.1347 0.1021 0.9594
340.380 0.1367 0.0942 0.9581
340.422 0.1427 0.0940 0.9440
340.462 0.1476 0.0942 0.9630
340.502 0.1505 0.0948 0.9530
340.541 0.1513 0.0993 0.9552
340.579 0.1533 0.0971 0.9546
340.623 0.1548 0.0935 0.9487
340.662 0.1611 0.0962 0.9601
340.702 0.1617 0.0951 0.9840
340.742 0.1650 0.0968 0.9868
340.779 0.1542 0.0970 0.9693
340.822 0.1519 0.0945 0.9592
340.866 0.1501 0.0935 0.9516
340.903 0.1489 0.0949 0.9834
340.943 0.1432 0.0975 0.9638
340.982 0.1353 0.0975 0.9822
341.023 0.1312 0.0931 0.9610
341.064 0.1274 0.0938 0.9589
341.104 0.1281 0.0900 0.9577
341.144 0.1177 0.0921 0.9749
341.183 0.1164 0.0942 0.9592
341.223 0.1114 0.0916 0.9620
341.264 0.1146 0.0934 0.9778
341.304 0.1193 0.0929 0.9658
341.345 0.1207 0.0928 0.9636
341.384 0.1157 0.0944 0.9648
341.422 0.1121 0.0944 0.9635
341.467 0.1103 0.0940 0.9314
341.506 0.1096 0.0940 0.9239
341.546 0.1136 0.0919 0.9387
341.586 0.1130 0.0907 0.9772
341.623 0.1158 0.0937 0.9395
341.667 0.1157 0.0905 0.9655
341.707 0.1132 0.0917 0.9561
341.747 0.1154 0.0904 0.9539
341.786 0.1133 0.0898 0.9818
341.826 0.1093 0.0920 0.9448
341.867 0.1125 0.0932 0.9238
341.907 0.1144 0.0894 0.9554
341.948 0.1194 0.0863 0.9600
341.987 0.1213 0.0863 0.9520
342.027 0.1217 0.0880 0.9446
342.067 0.1186 0.0859 0.9556
342.108 0.1192 0.0839 0.9867
342.148 0.1214 0.0821 0.9595
342.188 0.1262 0.0821 0.9490
342.228 0.1246 0.0838 0.9481
342.265 0.1217 0.0849 0.9490
342.309 0.1191 0.0866 0.9490
342.349 0.1148 0.0898 0.9490
342.389 0.1181 0.0861 0.9333
342.428 0.1189 0.0839 0.9356
342.467 0.1231 0.0854 0.9193
342.510 0.1204 0.0862 0.9455
342.550 0.1202 0.0845 0.9533
342.590 0.1214 0.0874 0.9533
342.630 0.1213 0.0864 0.9350
342.669 0.1255 0.0885 0.9453
342.710 0.1281 0.0903 0.9235
342.751 0.1349 0.0895 0.9548
342.791 0.1421 0.0903 0.9488
342.831 0.1519 0.0869 0.9501
342.870 0.1566 0.0864 0.9411
342.910 0.1603 0.0915 0.9221
342.951 0.1613 0.0929 0.9076
342.992 0.1637 0.0836 0.9449
343.032 0.1719 0.0851 0.9310
343.071 0.1774 0.0857 0.9294
343.108 0.1809 0.0859 0.9548
343.153 0.1798 0.0901 0.9927
343.193 0.1820 0.0897 0.9646
343.232 0.1795 0.0891 0.9634
343.272 0.1774 0.0874 0.9557
343.309 0.1750 0.0876 0.9681
343.352 0.1704 0.0906 0.9767
343.393 0.1681 0.0908 0.9238
343.433 0.1666 0.0911 0.9486
343.473 0.1654 0.0887 0.9482
343.512 0.1655 0.0884 0.9850
343.553 0.1636 0.0876 0.9743
343.593 0.1628 0.0892 0.9630
343.634 0.1614 0.0873 0.9902
343.674 0.1547 0.0893 0.9902
343.714 0.1503 0.0894 0.9902
343.754 0.1464 0.0894 0.9591
343.795 0.1452 0.0869 0.9629
343.835 0.1426 0.0882 0.9619
343.875 0.1387 0.0886 0.9402
343.915 0.1313 0.0887 0.9429
343.952 0.1284 0.0851 0.9298
343.996 0.1231 0.0847 0.9503
344.036 0.1125 0.0877 0.9453
344.076 0.1086 0.0863 0.9505
344.115 0.1059 0.0862 0.9509
344.152 0.1053 0.0863 0.9509
344.197 0.1058 0.0874 0.9399
344.236 0.1063 0.0885 0.9249
344.277 0.1048 0.0895 0.9249
344.316 0.1038 0.0899 0.9473
344.355 0.1046 0.0874 0.9274
344.396 0.1124 0.0880 0.9383
344.437 0.1160 0.0913 0.9005
344.477 0.1141 0.0938 0.8945
344.517 0.1176 0.0933 0.9200
344.556 0.1165 0.0910 0.9314
344.596 0.1130 0.0908 0.9058
344.637 0.1120 0.0878 0.9287
344.678 0.1117 0.0890 0.8944
344.718 0.1164 0.0886 0.9336
344.758 0.1184 0.0880 0.9268
344.796 0.1133 0.0878 0.9208
344.839 0.1136 0.0869 0.9208
344.879 0.1068 0.0878 0.9029
344.920 0.1056 0.0864 0.9202
344.959 0.1089 0.0845 0.9372
344.996 0.1090 0.0852 0.9389
345.041 0.1104 0.0847 0.9389
345.080 0.1140 0.0849 0.9327
345.120 0.1182 0.0848 0.9442
345.160 0.1193 0.0848 0.9314
345.199 0.1180 0.0856 0.9314
345.240 0.1119 0.0849 0.9561
345.281 0.1145 0.0840 0.9597
345.321 0.1170 0.0839 0.9467
345.361 0.1207 0.0852 0.9564
345.400 0.1236 0.0847 0.9544
345.440 0.1246 0.0838 0.9372
345.481 0.1267 0.0852 0.9372
345.521 0.1292 0.0816 0.9581
345.561 0.1364 0.0829 0.9448
345.601 0.1369 0.0851 0.9500
345.638 0.1391 0.0844 0.9416
345.681 0.1408 0.0853 0.9598
345.722 0.1425 0.0832 0.9479
345.762 0.1489 0.0824 0.9547
345.802 0.1528 0.0854 0.9427
345.840 0.1553 0.0835 0.9418
345.883 0.1561 0.0832 0.9661
345.923 0.1535 0.0852 0.9661
345.964 0.1552 0.0836 0.9628
346.004 0.1602 0.0830 0.9062
346.042 0.1587 0.0835 0.9310
346.084 0.1569 0.0835 0.9641
346.124 0.1534 0.0851 0.9552
346.164 0.1555 0.0824 0.9398
346.204 0.1584 0.0836 0.9105
346.244 0.1613 0.0834 0.9531
346.283 0.1609 0.0846 0.9642
346.325 0.1610 0.0840 0.9625
346.365 0.1627 0.0839 0.9608
346.405 0.1680 0.0805 0.9434
346.444 0.1694 0.0823 0.9718
346.482 0.1686 0.0830 0.9509
346.526 0.1694 0.0834 0.8839
346.566 0.1700 0.0832 0.9129
346.606 0.1748 0.0818 0.9486
346.645 0.1800 0.0842 0.9459
346.682 0.1810 0.0869 0.8845
346.725 0.1757 0.0859 0.8859
346.766 0.1746 0.0826 0.8859
346.807 0.1803 0.0831 0.8839
346.846 0.1826 0.0820 0.8859
346.885 0.1837 0.0851 0.9019
346.926 0.1848 0.0836 0.9197
346.967 0.1863 0.0836 0.9059
347.008 0.1855 0.0832 0.9146
347.048 0.1866 0.0825 0.8939
347.088 0.1896 0.0861 0.8975
347.127 0.1873 0.0865 0.9019
347.168 0.1880 0.0883 0.9289
347.208 0.1926 0.0873 0.9218
347.249 0.1944 0.0863 0.9301
347.288 0.1928 0.0865 0.9295
347.325 0.1917 0.0873 0.9273
347.369 0.1805 0.0870 0.9500
347.409 0.1786 0.0864 0.9492
347.449 0.1747 0.0864 0.9528
347.489 0.1705 0.0865 0.9428
347.526 0.1642 0.0858 0.9528
347.569 0.1538 0.0874 0.9483
347.610 0.1454 0.0898 0.9677
347.650 0.1353 0.0857 0.9736
347.690 0.1250 0.0866 0.9536
347.728 0.1200 0.0844 0.9523
347.770 0.1136 0.0891 0.9735
347.810 0.1041 0.0880 0.9450
347.851 0.1044 0.0875 0.9389
347.891 0.0965 0.0858 0.9423
347.930 0.0959 0.0832 0.9700
347.970 0.1004 0.0877 0.9736
348.011 0.1042 0.0870 0.9649
348.051 0.1027 0.0870 0.9659
348.092 0.1068 0.0867 0.9389
348.132 0.1106 0.0866 0.9389
348.169 0.1113 0.0866 0.9623
348.213 0.1129 0.0862 0.9409
348.253 0.1117 0.0863 0.9348
348.293 0.1149 0.0894 0.9139
348.333 0.1180 0.0879 0.9139
348.369 0.1240 0.0873 0.9152
348.413 0.1247 0.0892 0.9063
348.453 0.1223 0.0940 0.9013
348.494 0.1159 0.0901 0.9045
348.533 0.1196 0.0880 0.9134
348.572 0.1221 0.0870 0.9595
348.614 0.1222 0.0853 0.9552
348.654 0.1294 0.0893 0.9854
348.694 0.1294 0.0914 0.9904
348.734 0.1333 0.0875 0.9372
348.773 0.1334 0.0873 0.9336
348.813 0.1353 0.0836 0.9555
348.855 0.1343 0.0858 0.9864
348.895 0.1367 0.0871 0.9476
348.935 0.1392 0.0876 0.9355
348.974 0.1446 0.0885 0.9253
349.012 0.1446 0.0857 0.9359
349.056 0.1493 0.0836 0.9463
349.096 0.1481 0.0880 0.9573
349.136 0.1440 0.0864 0.9359
349.175 0.1465 0.0842 0.9474
349.213 0.1493 0.0847 0.9412
349.257 0.1531 0.0814 0.9162
349.297 0.1500 0.0874 0.9256
349.337 0.1522 0.0883 0.9372
349.377 0.1528 0.0848 0.9582
349.416 0.1495 0.0837 0.9195
349.458 0.1437 0.0829 0.9324
349.497 0.1465 0.0825 0.9245
349.538 0.1443 0.0825 0.9506
349.578 0.1460 0.0836 0.9793
349.617 0.1468 0.0829 0.9518
349.657 0.1478 0.0824 0.9289
349.698 0.1461 0.0811 0.9289
349.738 0.1445 0.0832 0.9256
349.778 0.1487 0.0838 0.9222
349.818 0.1490 0.0833 0.9452
349.855 0.1482 0.0818 0.9406
349.899 0.1503 0.0824 0.9220
349.939 0.1528 0.0816 0.8846
349.979 0.1543 0.0854 0.9052
350.019 0.1544 0.0829 0.9292
350.056 0.1513 0.0836 0.9108
350.100 0.1509 0.0849 0.9022
350.140 0.1466 0.0859 0.9261
350.179 0.1457 0.0843 0.8838
350.220 0.1450 0.0818 0.9045
350.259 0.1410 0.0850 0.9060
350.300 0.1347 0.0855 0.9124
350.341 0.1318 0.0834 0.9136
350.381 0.1301 0.0869 0.8956
350.421 0.1310 0.0871 0.9259
350.461 0.1278 0.0866 0.9004
350.500 0.1261 0.0851 0.9239
350.542 0.1301 0.0866 0.8843
350.582 0.1328 0.0878 0.8932
350.622 0.1355 0.0876 0.9315
350.662 0.1381 0.0895 0.8652
350.699 0.1390 0.0884 0.9089
350.743 0.1419 0.0891 0.9498
350.783 0.1493 0.0856 0.9128
350.823 0.1543 0.0911 0.9197
350.862 0.1628 0.0908 0.9209
350.899 0.1635 0.0937 0.9132
350.943 0.1644 0.0921 0.9063
350.983 0.1659 0.0913 0.9297
351.024 0.1661 0.0875 0.8891
351.063 0.1612 0.0902 0.9421
351.102 0.1592 0.0912 0.9515
351.144 0.1577 0.0919 0.9284
351.184 0.1601 0.0905 0.9352
351.224 0.1624 0.0863 0.9558
351.264 0.1619 0.0876 0.9537
351.303 0.1631 0.0892 0.9799
351.343 0.1588 0.0889 0.9186
351.384 0.1566 0.0891 0.9347
351.425 0.1556 0.0879 0.9396
351.466 0.1579 0.0888 0.9449
351.505 0.1568 0.0882 0.9439
351.543 0.1568 0.0938 0.9386
351.587 0.1558 0.0911 0.9486
351.626 0.1549 0.0886 0.9383
351.666 0.1478 0.0874 0.9161
351.706 0.1405 0.0907 0.9438
351.743 0.1321 0.0893 0.9424
351.786 0.1211 0.0907 0.9419
351.827 0.1104 0.0915 0.9042
351.867 0.1013 0.0914 0.9138
351.907 0.0962 0.0914 0.9138
351.946 0.0894 0.0932 0.9215
351.988 0.0817 0.0926 0.9415
352.028 0.0778 0.0925 0.9421
352.068 0.0748 0.0927 0.9415
352.107 0.0689 0.0923 0.9415
352.147 0.0672 0.0923 0.9729
352.187 0.0618 0.0920 0.9165
352.228 0.0598 0.0914 0.9189
352.268 0.0581 0.0916 0.9165
352.308 0.0604 0.0899 0.9361
352.348 0.0612 0.0902 0.9227
352.385 0.0621 0.0916 0.9216
352.430 0.0644 0.0916 0.9216
352.469 0.0659 0.0910 0.9359
352.509 0.0658 0.0913 0.9084
352.550 0.0705 0.0915 0.9095
352.587 0.0761 0.0892 0.9463
352.631 0.0796 0.0893 0.9337
352.671 0.0840 0.0919 0.8955
352.711 0.0854 0.0909 0.8955
352.750 0.0887 0.0900 0.9055
352.789 0.0897 0.0886 0.9059
352.830 0.0932 0.0907 0.9511
352.871 0.0946 0.0937 0.9230
352.911 0.0934 0.0910 0.8849
352.951 0.0917 0.0919 0.8869
352.991 0.0940 0.0874 0.8849
353.030 0.0895 0.0894 0.9078
353.072 0.0838 0.0940 0.8773
353.112 0.0778 0.0856 0.9408
353.152 0.0746 0.0904 0.9428
353.192 0.0775 0.0875 0.9105
353.229 0.0787 0.0888 0.8939
353.272 0.0835 0.0888 0.8939
353.313 0.0813 0.0888 0.8988
353.352 0.0799 0.0888 0.8999
353.392 0.0809 0.0888 0.8999
353.429 0.0834 0.0880 0.8759
353.472 0.0847 0.0870 0.9345
353.513 0.0860 0.0888 0.9279
353.553 0.0913 0.0892 0.8980
353.593 0.0951 0.0889 0.9256
353.633 0.1007 0.0890 0.9063
353.675 0.0997 0.0880 0.9063
353.715 0.1017 0.0864 0.9175
353.755 0.0961 0.0913 0.9696
353.795 0.0962 0.0889 0.9315
353.834 0.0956 0.0884 0.9485
353.874 0.0949 0.0873 0.9312
353.915 0.0985 0.0873 0.9234
353.955 0.0984 0.0894 0.9375
353.996 0.0992 0.0868 0.9322
354.035 0.0969 0.0879 0.9052
354.072 0.1010 0.0854 0.9316
354.117 0.1035 0.0816 0.9482
354.156 0.1069 0.0890 0.9322
354.196 0.1078 0.0895 0.9455
354.236 0.1093 0.0885 0.9322
354.273 0.1099 0.0875 0.9289
354.316 0.1131 0.0880 0.9382
354.357 0.1222 0.0901 0.9429
354.397 0.1242 0.0874 0.9571
354.437 0.1256 0.0890 0.9415
354.476 0.1263 0.0886 0.9448
354.516 0.1288 0.0841 0.9412
354.557 0.1257 0.0856 0.9107
354.597 0.1233 0.0871 0.9209
354.637 0.1240 0.0939 0.9528
354.677 0.1211 0.0873 0.9485
354.717 0.1233 0.0869 0.8945
354.758 0.1267 0.0858 0.9355
354.799 0.1333 0.0859 0.9393
354.839 0.1307 0.0887 0.9285
354.879 0.1239 0.0925 0.9006
354.916 0.1205 0.0896 0.9093
354.960 0.1172 0.0887 0.9119
355.000 0.1149 0.0875 0.9353
355.040 0.1148 0.0907 0.8998
355.080 0.1135 0.0895 0.9076
355.117 0.1103 0.0890 0.8925
355.160 0.1081 0.0857 0.8764
355.200 0.1052 0.0873 0.8764
355.241 0.1046 0.0869 0.8803
355.280 0.0991 0.0910 0.8823
355.319 0.0923 0.0949 0.9016
355.360 0.0920 0.0898 0.8863
355.401 0.0905 0.0900 0.8674
355.441 0.0894 0.0904 0.8906
355.481 0.0902 0.0927 0.8895
355.520 0.0916 0.0940 0.8865
355.560 0.0915 0.0926 0.8854
355.601 0.0953 0.0902 0.8630
355.642 0.1004 0.0905 0.8547
355.682 0.1083 0.0935 0.8881
355.721 0.1100 0.0927 0.8881
355.759 0.1098 0.0915 0.8802
355.802 0.1124 0.0927 0.8757
355.842 0.1168 0.0922 0.8748
355.883 0.1248 0.0920 0.9189
355.923 0.1315 0.0919 0.9371
355.960 0.1384 0.0918 0.9109
356.004 0.1403 0.0909 0.9073
356.044 0.1465 0.0913 0.8962
356.084 0.1480 0.0914 0.9195
356.124 0.1512 0.0915 0.9699
356.163 0.1454 0.0945 0.9441
356.204 0.1430 0.0937 0.9171
356.244 0.1432 0.0919 0.9181
356.285 0.1477 0.0920 0.9513
356.324 0.1506 0.0911 0.9286
356.364 0.1480 0.0952 0.9204
356.404 0.1452 0.0954 0.9140
356.445 0.1412 0.0965 0.9121
356.485 0.1428 0.0978 0.9158
356.525 0.1417 0.0919 0.9159
356.565 0.1423 0.0972 0.9163
356.602 0.1394 0.0997 0.9139
356.647 0.1367 0.0961 0.9126
356.686 0.1380 0.0983 0.9179
356.726 0.1407 0.0946 0.9189
356.765 0.1400 0.0967 0.9126
356.803 0.1364 0.0992 0.9126
356.846 0.1368 0.0992 0.9396
356.886 0.1316 0.0988 0.9266
356.927 0.1333 0.0965 0.9277
356.967 0.1305 0.0956 0.9410
357.006 0.1264 0.0958 0.9410
357.048 0.1239 0.0967 0.9151
357.088 0.1203 0.0976 0.9063
357.128 0.1230 0.0967 0.9063
357.168 0.1216 0.0955 0.9333
357.207 0.1181 0.0947 0.9384
357.247 0.1176 0.0965 0.9637
357.288 0.1147 0.0948 0.9497
357.329 0.1123 0.0954 0.9311
357.369 0.1144 0.0935 0.9367
357.409 0.1138 0.0917 0.9249
357.446 0.1128 0.0928 0.9345
357.490 0.1127 0.0947 0.9354
357.530 0.1127 0.0941 0.9333
357.570 0.1093 0.0924 0.9533
357.609 0.1055 0.0922 0.9334
357.646 0.1045 0.0941 0.9257
357.690 0.1059 0.0979 0.9017
357.730 0.1052 0.0924 0.9262
357.770 0.1086 0.0950 0.9295
357.810 0.1097 0.0855 0.9305
357.849 0.1111 0.0896 0.9018
357.891 0.1149 0.0938 0.9218
357.930 0.1134 0.0925 0.9398
357.971 0.1141 0.0891 0.9327
358.011 0.1135 0.0899 0.9521
358.050 0.1184 0.0874 0.9406
358.091 0.1230 0.0896 0.9158
358.132 0.1265 0.0934 0.9209
358.172 0.1274 0.0936 0.9199
358.212 0.1305 0.0903 0.9409
358.252 0.1318 0.0915 0.9503
358.289 0.1326 0.0927 0.9397
358.334 0.1364 0.0908 0.9397
358.373 0.1326 0.0919 0.9378
358.413 0.1333 0.0898 0.9392
358.453 0.1393 0.0893 0.9615
358.490 0.1416 0.0906 0.9615
358.533 0.1417 0.0918 0.9365
358.574 0.1432 0.0926 0.9471
358.614 0.1451 0.0917 0.9331
358.654 0.1503 0.0885 0.9571
358.693 0.1517 0.0874 0.9682
358.733 0.1544 0.0883 0.9402
358.774 0.1528 0.0887 0.9353
358.814 0.1515 0.0888 0.9515
358.854 0.1498 0.0895 0.8955
358.894 0.1545 0.0894 0.9239
358.934 0.1547 0.0883 0.9411
358.975 0.1534 0.0887 0.9442
359.015 0.1549 0.0902 0.9466
359.055 0.1562 0.0901 0.9197
359.095 0.1521 0.0922 0.9439
359.133 0.1457 0.0892 0.9372
359.177 0.1404 0.0915 0.9073
359.217 0.1357 0.0936 0.9297
359.257 0.1372 0.0951 0.8999
359.296 0.1369 0.0910 0.8685
359.333 0.1412 0.0916 0.8685
359.377 0.1399 0.0910 0.8882
359.418 0.1380 0.0936 0.8694
359.458 0.1354 0.0949 0.8921
359.497 0.1344 0.0936 0.8863
359.536 0.1311 0.0936 0.8832
359.577 0.1301 0.0924 0.8741
359.618 0.1344 0.0907 0.9218
359.658 0.1392 0.0925 0.8930
359.698 0.1414 0.0953 0.8939
359.737 0.1405 0.0949 0.8854
359.777 0.1389 0.0939 0.9301
359.818 0.1365 0.0942 0.9225
359.859 0.1391 0.0922 0.9326
359.899 0.1368 0.0923 0.9326
359.938 0.1371 0.0950 0.9367
359.976 0.1371 0.0912 0.8818
360.020 0.1391 0.0912 0.9071
360.060 0.1401 0.0912 0.9071
360.099 0.1396 0.0921 0.9459
360.139 0.1388 0.0920 0.9171
360.176 0.1355 0.0942 0.8901
360.221 0.1348 0.0916 0.9081
360.260 0.1350 0.0934 0.8910
360.300 0.1347 0.0913 0.8921
360.341 0.1320 0.0952 0.9190
360.380 0.1294 0.0952 0.9304
360.422 0.1294 0.0963 0.9290
360.462 0.1284 0.0970 0.9224
360.502 0.1252 0.0966 0.9458
360.541 0.1296 0.0976 0.9208
360.581 0.1300 0.0966 0.9055
360.621 0.1270 0.0960 0.8835
360.662 0.1244 0.0921 0.9121
360.702 0.1200 0.0943 0.9305
360.742 0.1197 0.0946 0.9020
360.782 0.1170 0.0950 0.8821
360.819 0.1165 0.0951 0.9040
360.863 0.1174 0.0938 0.9294
360.903 0.1161 0.0937 0.9151
360.943 0.1168 0.0917 0.8943
360.983 0.1197 0.0944 0.9083
361.020 0.1116 0.0952 0.8822
361.063 0.1099 0.0914 0.9290
361.104 0.1083 0.0912 0.8989
361.144 0.1099 0.0896 0.9249
361.184 0.1172 0.0947 0.8855
361.222 0.1172 0.0921 0.9026
361.265 0.1165 0.0905 0.9003
361.304 0.1191 0.0880 0.9560
361.344 0.1171 0.0879 0.9336
361.384 0.1208 0.0855 0.9548
361.424 0.1224 0.0906 0.9425
361.464 0.1158 0.0897 0.9357
361.506 0.1209 0.0894 0.9410
361.546 0.1216 0.0871 0.9459
361.586 0.1218 0.0899 0.9345
361.625 0.1231 0.0904 0.9249
361.663 0.1183 0.0892 0.8879
361.707 0.1152 0.0885 0.9139
361.747 0.1167 0.0867 0.9282
361.787 0.1164 0.0867 0.9282
361.826 0.1203 0.0868 0.9339
361.863 0.1175 0.0897 0.9339
361.907 0.1126 0.0869 0.9481
361.947 0.1161 0.0894 0.9674
361.988 0.1182 0.0893 0.9035
362.027 0.1220 0.0857 0.9298
362.066 0.1212 0.0913 0.9375
362.108 0.1174 0.0913 0.9402
362.148 0.1207 0.0934 0.9319
362.188 0.1236 0.0862 0.9355
362.228 0.1298 0.0896 0.9105
362.267 0.1345 0.0900 0.9455
362.307 0.1346 0.0919 0.9331
362.348 0.1361 0.0912 0.9049
362.389 0.1417 0.0904 0.9045
362.429 0.1463 0.0920 0.9158
362.468 0.1516 0.0887 0.9199
362.507 0.1468 0.0897 0.9409
362.550 0.1468 0.0908 0.9294
362.591 0.1530 0.0931 0.9221
362.630 0.1536 0.0873 0.9195
362.670 0.1523 0.0873 0.9147
362.707 0.1505 0.0875 0.8989
362.751 0.1514 0.0864 0.9039
362.791 0.1511 0.0887 0.9019
362.831 0.1530 0.0875 0.8779
362.871 0.1498 0.0881 0.8455
362.910 0.1493 0.0866 0.9185
362.951 0.1483 0.0896 0.8931
362.991 0.1496 0.0892 0.9428
363.032 0.1488 0.0882 0.8815
363.071 0.1484 0.0883 0.8775
363.111 0.1540 0.0895 0.8775
363.151 0.1561 0.0903 0.9389
363.192 0.1572 0.0890 0.9162
363.232 0.1592 0.0881 0.8903
363.272 0.1623 0.0939 0.9016
363.312 0.1654 0.0883 0.8845
363.349 0.1691 0.0910 0.9178
363.392 0.1707 0.0924 0.8985
363.433 0.1664 0.0911 0.9312
363.473 0.1673 0.0918 0.9350
363.513 0.1688 0.0876 0.8930
363.550 0.1708 0.0885 0.8866
363.593 0.1639 0.0904 0.8806
363.633 0.1643 0.0910 0.9112
363.675 0.1652 0.0882 0.9136
363.714 0.1618 0.0880 0.8975
363.753 0.1610 0.0870 0.9193
363.794 0.1580 0.0879 0.9162
363.835 0.1542 0.0906 0.9220
363.875 0.1538 0.0913 0.9532
363.915 0.1572 0.0891 0.9084
363.954 0.1561 0.0874 0.9238
363.994 0.1539 0.0864 0.9317
364.035 0.1552 0.0903 0.9327
364.076 0.1550 0.0888 0.9318
364.116 0.1546 0.0877 0.9217
364.155 0.1549 0.0864 0.9344
364.193 0.1562 0.0841 0.9055
364.237 0.1561 0.0884 0.9363
364.276 0.1521 0.0877 0.9205
364.317 0.1520 0.0894 0.9595
364.356 0.1514 0.0878 0.9269
364.393 0.1487 0.0864 0.9317
364.437 0.1463 0.0864 0.9475
364.477 0.1478 0.0880 0.9292
364.517 0.1436 0.0903 0.9683
364.557 0.1447 0.0877 0.9291
364.596 0.1404 0.0848 0.9291
364.638 0.1387 0.0845 0.9230
364.678 0.1406 0.0860 0.9500
364.718 0.1388 0.0880 0.9584
364.758 0.1348 0.0855 0.9314
364.798 0.1317 0.0877 0.9511
364.838 0.1267 0.0861 0.9664
364.879 0.1250 0.0866 0.9543
364.919 0.1280 0.0868 0.9399
364.959 0.1265 0.0868 0.9563
364.999 0.1256 0.0841 0.9216
365.036 0.1237 0.0845 0.9609
365.081 0.1298 0.0845 0.9609
365.120 0.1306 0.0896 0.9212
365.160 0.1267 0.0870 0.9449
365.200 0.1243 0.0877 0.9596
365.237 0.1224 0.0846 0.9391
365.281 0.1224 0.0861 0.9371
365.320 0.1238 0.0879 0.9302
365.361 0.1267 0.0864 0.9435
365.400 0.1242 0.0872 0.9435
365.440 0.1209 0.0851 0.9272
365.482 0.1219 0.0848 0.9013
365.521 0.1274 0.0845 0.9283
365.562 0.1273 0.0883 0.8786
365.601 0.1240 0.0870 0.8775
365.640 0.1205 0.0883 0.8795
365.680 0.1153 0.0857 0.9008
365.722 0.1112 0.0828 0.9162
365.762 0.1087 0.0859 0.9149
365.802 0.1035 0.0865 0.8936
365.842 0.0994 0.0849 0.8622
365.880 0.0912 0.0868 0.9102
365.924 0.0850 0.0838 0.8622
365.964 0.0824 0.0846 0.8986
366.004 0.0704 0.0843 0.9061
366.043 0.0612 0.0869 0.8791
366.080 0.0558 0.0857 0.9135
366.124 0.0501 0.0808 0.9019
366.164 0.0481 0.0840 0.9056
366.205 0.0479 0.0828 0.9135
366.244 0.0441 0.0836 0.9019
366.283 0.0455 0.0828 0.9212
366.325 0.0414 0.0799 0.9052
366.365 0.0399 0.0803 0.9023
366.405 0.0406 0.0822 0.9023
366.445 0.0382 0.0844 0.9059
366.484 0.0395 0.0856 0.9119
366.524 0.0385 0.0843 0.9059
366.565 0.0361 0.0849 0.8649
366.606 0.0382 0.0822 0.8913
366.645 0.0402 0.0855 0.8763
366.685 0.0425 0.0845 0.9009
366.722 0.0440 0.0838 0.9005
366.767 0.0410 0.0868 0.8763
366.807 0.0428 0.0849 0.8922
366.846 0.0479 0.0838 0.8922
366.886 0.0487 0.0842 0.8902
366.924 0.0496 0.0859 0.8822
366.967 0.0461 0.0864 0.8639
367.008 0.0432 0.0869 0.8639
367.048 0.0451 0.0828 0.8869
367.088 0.0448 0.0828 0.8909
367.127 0.0451 0.0828 0.8909
367.169 0.0432 0.0828 0.9056
367.208 0.0396 0.0828 0.8922
367.249 0.0431 0.0828 0.9172
367.289 0.0468 0.0815 0.8922
367.328 0.0480 0.0828 0.8862
367.368 0.0462 0.0821 0.8806
367.409 0.0473 0.0826 0.8858
367.449 0.0479 0.0819 0.8858
367.489 0.0533 0.0820 0.8858
367.529 0.0609 0.0833 0.8425
367.566 0.0638 0.0835 0.8482
367.611 0.0641 0.0845 0.8482
367.650 0.0602 0.0843 0.8786
367.690 0.0637 0.0811 0.8988
367.730 0.0670 0.0851 0.8689
367.766 0.0653 0.0835 0.8895
367.811 0.0560 0.0831 0.8979
367.851 0.0544 0.0835 0.8882
367.891 0.0532 0.0825 0.8942
367.931 0.0558 0.0820 0.8943
367.969 0.0592 0.0820 0.8806
368.011 0.0538 0.0816 0.9019
368.051 0.0517 0.0818 0.8910
368.092 0.0503 0.0795 0.8383
368.132 0.0544 0.0795 0.8392
368.172 0.0580 0.0769 0.8427
368.211 0.0572 0.0807 0.8500
368.253 0.0587 0.0808 0.8642
368.293 0.0630 0.0797 0.8642
368.333 0.0712 0.0784 0.8642
368.372 0.0768 0.0797 0.8642
368.410 0.0792 0.0811 0.8383
368.454 0.0792 0.0811 0.8476
368.493 0.0824 0.0817 0.8313
368.534 0.0813 0.0818 0.8272
368.573 0.0836 0.0811 0.8596
368.610 0.0816 0.0802 0.8596
368.655 0.0796 0.0839 0.8552
368.694 0.0787 0.0821 0.8578
368.734 0.0778 0.0801 0.8502
368.774 0.0755 0.0801 0.8502
368.813 0.0747 0.0821 0.8502
368.855 0.0741 0.0839 0.8472
368.895 0.0693 0.0821 0.8270
368.935 0.0679 0.0821 0.8600
368.975 0.0641 0.0827 0.8415
369.014 0.0656 0.0817 0.8435
369.054 0.0671 0.0809 0.8319
369.095 0.0752 0.0829 0.8507
369.135 0.0776 0.0820 0.8769
369.175 0.0809 0.0820 0.8709
369.216 0.0824 0.0830 0.8487
369.253 0.0869 0.0819 0.8467
369.297 0.0926 0.0831 0.8726
369.337 0.0909 0.0815 0.9139
369.377 0.0940 0.0842 0.9052
369.417 0.0948 0.0842 0.9052
369.454 0.0986 0.0825 0.9019
369.497 0.1029 0.0837 0.8797
369.538 0.1036 0.0852 0.8953
369.578 0.0994 0.0878 0.8600
369.617 0.0975 0.0878 0.8600
369.657 0.0966 0.0828 0.8805
369.698 0.0995 0.0837 0.8825
369.738 0.1041 0.0878 0.8502
369.779 0.1030 0.0873 0.8808
369.818 0.1050 0.0873 0.8818
369.858 0.1068 0.0883 0.8635
369.898 0.1117 0.0865 0.8646
369.939 0.1171 0.0910 0.8818
369.979 0.1169 0.0912 0.9095
370.019 0.1194 0.0883 0.8980
370.058 0.1215 0.0856 0.8882
370.096 0.1223 0.0852 0.8882
370.139 0.1242 0.0852 0.8882
370.180 0.1283 0.0883 0.8914
370.219 0.1299 0.0861 0.9317
370.259 0.1300 0.0839 0.9230
370.297 0.1294 0.0842 0.8931
370.341 0.1317 0.0879 0.8931
370.382 0.1344 0.0876 0.8931
370.422 0.1309 0.0883 0.9190
370.461 0.1307 0.0886 0.9166
370.500 0.1289 0.0885 0.8916
370.541 0.1288 0.0877 0.9126
370.582 0.1285 0.0886 0.9456
370.622 0.1264 0.0882 0.9259
370.662 0.1243 0.0875 0.9284
370.701 0.1194 0.0872 0.9323
370.741 0.1172 0.0885 0.9203
370.782 0.1164 0.0908 0.9126
370.823 0.1192 0.0906 0.9097
370.863 0.1187 0.0889 0.9262
370.902 0.1158 0.0846 0.9404
370.939 0.1147 0.0859 0.9328
370.983 0.1148 0.0895 0.9108
371.023 0.1177 0.0915 0.9098
371.063 0.1140 0.0922 0.9058
371.103 0.1146 0.0893 0.9448
371.140 0.1146 0.0903 0.9682
371.184 0.1124 0.0869 0.9492
371.224 0.1150 0.0869 0.9198
371.264 0.1179 0.0883 0.9269
371.304 0.1143 0.0907 0.9318
371.343 0.1078 0.0901 0.9015
371.384 0.1097 0.0872 0.9015
371.425 0.1115 0.0865 0.8966
371.466 0.1181 0.0882 0.9193
371.506 0.1153 0.0883 0.9085
371.545 0.1215 0.0880 0.9249
371.584 0.1253 0.0888 0.9292
371.626 0.1294 0.0878 0.8927
371.666 0.1319 0.0860 0.9069
371.706 0.1317 0.0885 0.9576
371.746 0.1323 0.0884 0.9432
371.783 0.1297 0.0877 0.9443
371.828 0.1346 0.0877 0.9718
371.867 0.1378 0.0888 0.9780
371.907 0.1413 0.0884 0.9012
371.947 0.1373 0.0905 0.9272
371.984 0.1377 0.0861 0.9232
372.028 0.1305 0.0889 0.9382
372.067 0.1336 0.0872 0.9242
372.108 0.1389 0.0869 0.9446
372.147 0.1410 0.0909 0.9166
372.187 0.1386 0.0893 0.9310
372.228 0.1330 0.0884 0.9823
372.268 0.1371 0.0870 0.9660
372.308 0.1387 0.0883 0.9696
372.348 0.1409 0.0892 0.9367
372.387 0.1365 0.0910 0.9367
372.427 0.1383 0.0886 0.9446
372.469 0.1392 0.0862 0.9242
372.509 0.1434 0.0844 0.9499
372.550 0.1454 0.0819 0.9134
372.589 0.1435 0.0880 0.9486
372.627 0.1396 0.0823 0.9323
372.671 0.1422 0.0893 0.9235
372.710 0.1463 0.0826 0.9296
372.750 0.1496 0.0812 0.9336
372.790 0.1485 0.0853 0.9105
372.827 0.1410 0.0888 0.9726
372.870 0.1384 0.0874 0.9057
372.911 0.1363 0.0887 0.8979
372.951 0.1351 0.0880 0.9292
372.991 0.1357 0.0866 0.9353
373.030 0.1339 0.0890 0.9058
373.072 0.1260 0.0884 0.9292
373.112 0.1220 0.0865 0.9292
373.152 0.1214 0.0875 0.9022
373.192 0.1218 0.0878 0.9068
373.231 0.1184 0.0908 0.9145
373.271 0.1146 0.0923 0.9379
373.312 0.1158 0.0913 0.8913
373.353 0.1147 0.0906 0.8939
373.392 0.1140 0.0880 0.9006
373.432 0.1170 0.0911 0.9027
373.469 0.1112 0.0897 0.9069
373.513 0.1112 0.0927 0.9238
373.553 0.1126 0.0912 0.9145
373.593 0.1154 0.0916 0.9161
373.633 0.1178 0.0906 0.9095
373.671 0.1216 0.0915 0.9339
373.715 0.1207 0.0953 0.9339
373.755 0.1227 0.0911 0.9366
373.795 0.1233 0.0892 0.9170
373.835 0.1286 0.0903 0.9024
373.874 0.1354 0.0907 0.8576
373.914 0.1312 0.0958 0.8936
373.955 0.1335 0.0945 0.8886
373.996 0.1326 0.0891 0.8726
374.035 0.1323 0.0915 0.8586
374.075 0.1355 0.0876 0.9072
374.114 0.1370 0.0894 0.8882
374.156 0.1336 0.0907 0.8906
374.196 0.1326 0.0889 0.9182
374.236 0.1345 0.0880 0.9229
374.276 0.1367 0.0866 0.9323
374.313 0.1369 0.0867 0.9267
374.356 0.1331 0.0883 0.9292
374.397 0.1303 0.0868 0.9312
374.437 0.1263 0.0851 0.9287
374.476 0.1251 0.0854 0.9278
374.513 0.1251 0.0861 0.9328
374.558 0.1209 0.0841 0.9588
374.598 0.1172 0.0851 0.9280
374.638 0.1114 0.0831 0.9217
374.677 0.1077 0.0852 0.9217
374.717 0.1007 0.0842 0.9236
374.758 0.1002 0.0852 0.9139
374.799 0.0958 0.0881 0.9424
374.839 0.0888 0.0880 0.9669
374.879 0.0836 0.0865 0.9592
374.918 0.0857 0.0854 0.9077
374.958 0.0844 0.0853 0.9088
374.999 0.0822 0.0873 0.9088
375.040 0.0807 0.0864 0.9347
375.080 0.0776 0.0833 0.9592
375.119 0.0769 0.0844 0.9332
375.157 0.0793 0.0835 0.9602
375.201 0.0836 0.0849 0.9602
375.240 0.0796 0.0869 0.9322
375.281 0.0774 0.0866 0.9112
375.320 0.0798 0.0866 0.9112
375.357 0.0872 0.0855 0.9130
375.400 0.0899 0.0847 0.9140
375.441 0.0953 0.0827 0.9498
375.481 0.0987 0.0853 0.9724
375.521 0.1025 0.0824 0.9291
375.560 0.1062 0.0846 0.9724
375.601 0.1129 0.0812 0.9322
375.641 0.1183 0.0811 0.9021
375.682 0.1231 0.0827 0.9378
375.722 0.1278 0.0813 0.9378
375.761 0.1296 0.0825 0.9291
375.801 0.1305 0.0818 0.9281
375.842 0.1321 0.0825 0.9375
375.883 0.1334 0.0823 0.9463
375.923 0.1318 0.0850 0.9400
375.963 0.1327 0.0842 0.9410
376.000 0.1329 0.0842 0.9238
376.043 0.1346 0.0833 0.9474
376.084 0.1361 0.0829 0.8978
376.124 0.1339 0.0840 0.9474
376.164 0.1263 0.0856 0.9238
376.201 0.1184 0.0832 0.9192
376.244 0.1197 0.0831 0.9181
376.284 0.1226 0.0845 0.9574
376.325 0.1181 0.0856 0.9352
376.365 0.1153 0.0870 0.9352
376.403 0.1137 0.0843 0.9341
376.444 0.1056 0.0832 0.9341
376.485 0.1048 0.0829 0.8978
376.525 0.1036 0.0842 0.9026
376.565 0.0993 0.0856 0.9325
376.605 0.0964 0.0841 0.9248
376.644 0.0972 0.0854 0.9362
376.686 0.1047 0.0860 0.9412
376.726 0.1074 0.0849 0.8928
376.766 0.1043 0.0878 0.9152
376.805 0.1078 0.0887 0.8999
376.843 0.1120 0.0843 0.9279
376.886 0.1179 0.0839 0.9305
376.927 0.1244 0.0856 0.9335
376.967 0.1277 0.0892 0.9185
377.007 0.1258 0.0897 0.9185
377.044 0.1281 0.0883 0.9079
377.089 0.1296 0.0868 0.9282
377.128 0.1285 0.0871 0.9278
377.169 0.1289 0.0874 0.9189
377.208 0.1265 0.0873 0.9072
377.247 0.1268 0.0851 0.9083
377.289 0.1274 0.0862 0.9056
377.329 0.1249 0.0865 0.9006
377.369 0.1180 0.0873 0.8998
377.409 0.1187 0.0863 0.9197
377.448 0.1157 0.0894 0.9214
377.488 0.1127 0.0851 0.9045
377.529 0.1097 0.0869 0.9241
377.570 0.1095 0.0879 0.8991
377.609 0.1107 0.0885 0.9241
377.649 0.1124 0.0954 0.9168
377.686 0.1118 0.0893 0.9303
377.731 0.1138 0.0897 0.9293
377.770 0.1147 0.0892 0.8850
377.810 0.1189 0.0924 0.9215
377.850 0.1257 0.0936 0.9225
377.887 0.1227 0.0894 0.9025
377.930 0.1224 0.0904 0.9260
377.971 0.1275 0.0902 0.9295
378.011 0.1297 0.0892 0.8944
378.051 0.1321 0.0910 0.8981
378.091 0.1317 0.0902 0.9550
378.133 0.1316 0.0902 0.9538
378.172 0.1315 0.0902 0.9538
378.213 0.1273 0.0907 0.9268
378.252 0.1231 0.0911 0.9053
378.292 0.1187 0.0945 0.9021
378.332 0.1101 0.0922 0.9604
378.373 0.1102 0.0939 0.9387
378.413 0.1108 0.0925 0.9211
378.453 0.1070 0.0903 0.9151
378.493 0.1034 0.0937 0.9161
378.530 0.1006 0.0929 0.9425
378.574 0.0980 0.0936 0.9099
378.614 0.0971 0.0926 0.9083
378.654 0.0944 0.0908 0.8849
378.694 0.0983 0.0923 0.9153
378.730 0.1034 0.0922 0.8868
378.775 0.1043 0.0912 0.8939
378.814 0.1100 0.0908 0.8939
378.855 0.1073 0.0900 0.9167
378.894 0.1104 0.0884 0.9197
378.933 0.1102 0.0898 0.9334
378.975 0.1173 0.0904 0.9378
379.015 0.1193 0.0898 0.9415
379.055 0.1242 0.0897 0.9600
379.095 0.1228 0.0879 0.9620
379.134 0.1259 0.0900 0.9338
379.175 0.1280 0.0902 0.9241
379.216 0.1296 0.0900 0.9625
379.257 0.1354 0.0889 0.9635
379.297 0.1327 0.0889 0.9585
379.336 0.1357 0.0874 0.9285
379.374 0.1318 0.0890 0.9285
379.417 0.1324 0.0892 0.9365
379.458 0.1316 0.0900 0.9749
379.498 0.1310 0.0900 0.9442
379.537 0.1283 0.0880 0.9061
379.574 0.1294 0.0878 0.9229
379.617 0.1313 0.0891 0.9162
379.658 0.1289 0.0898 0.9208
379.698 0.1261 0.0890 0.9268
379.738 0.1222 0.0885 0.9192
379.777 0.1202 0.0859 0.8998
379.819 0.1200 0.0880 0.9331
379.859 0.1228 0.0905 0.9159
379.899 0.1201 0.0876 0.9251
379.939 0.1171 0.0878 0.9251
380.005 0.1119 0.0912 0.9094
380.058 0.1093 0.0914 0.9180
380.099 0.1085 0.0901 0.9017
380.139 0.1071 0.0895 0.9044
380.179 0.1082 0.0878 0.9128
380.219 0.1087 0.0893 0.9044
380.257 0.1047 0.0919 0.9064
380.300 0.1022 0.0921 0.8694
380.341 0.0978 0.0886 0.9063
380.381 0.1019 0.0883 0.8869
380.421 0.1027 0.0894 0.8852
380.457 0.1084 0.0899 0.9311
380.501 0.1157 0.0932 0.9224
380.542 0.1220 0.0923 0.9002
380.582 0.1252 0.0919 0.8902
380.622 0.1264 0.0887 0.8902
380.660 0.1253 0.0896 0.9172
380.701 0.1242 0.0906 0.9101
380.742 0.1276 0.0924 0.9061
380.782 0.1283 0.0959 0.9024
380.822 0.1300 0.0938 0.8790
380.862 0.1345 0.0943 0.8681
380.901 0.1369 0.0966 0.9322
380.942 0.1345 0.0958 0.9359
380.983 0.1334 0.0959 0.9525
381.023 0.1270 0.0959 0.9216
381.063 0.1240 0.0949 0.8949
381.100 0.1222 0.0933 0.9293
381.143 0.1271 0.0928 0.9189
381.184 0.1274 0.0972 0.9119
381.224 0.1292 0.0932 0.9290
381.263 0.1285 0.0932 0.9290
381.300 0.1288 0.0935 0.9029
381.343 0.1275 0.0937 0.9040
381.384 0.1289 0.0960 0.9111
381.425 0.1308 0.0947 0.9111
381.465 0.1275 0.0945 0.9001
381.504 0.1345 0.0947 0.9099
381.545 0.1360 0.0954 0.9129
381.586 0.1390 0.0958 0.9511
381.626 0.1378 0.0947 0.9144
381.666 0.1388 0.0947 0.9120
381.705 0.1347 0.0932 0.9064
381.745 0.1330 0.0923 0.9159
381.786 0.1344 0.0946 0.9096
381.827 0.1360 0.0969 0.9043
381.866 0.1291 0.0939 0.9043
381.906 0.1243 0.0920 0.9221
381.943 0.1232 0.0923 0.9064
381.987 0.1209 0.0911 0.9622
382.027 0.1185 0.0940 0.9652
382.067 0.1192 0.0925 0.9453
382.107 0.1161 0.0940 0.9087
382.144 0.1120 0.0947 0.9117
382.187 0.1104 0.0913 0.9303
382.228 0.1092 0.0944 0.9112
382.268 0.1118 0.0931 0.9322
382.308 0.1097 0.0908 0.9322
382.347 0.1073 0.0917 0.9366
382.389 0.1118 0.0903 0.9329
382.428 0.1182 0.0908 0.9317
382.469 0.1157 0.0935 0.9463
382.509 0.1103 0.0933 0.9242
382.549 0.1059 0.0905 0.9213
382.589 0.1051 0.0891 0.9226
382.630 0.1071 0.0910 0.9213
382.670 0.1093 0.0941 0.9515
382.710 0.1089 0.0938 0.9352
382.750 0.1126 0.0938 0.9644
382.787 0.1110 0.0909 0.9146
382.830 0.1178 0.0910 0.9610
382.871 0.1176 0.0912 0.9227
382.911 0.1157 0.0937 0.9386
382.951 0.1146 0.0902 0.9161
382.988 0.1216 0.0913 0.9471
383.032 0.1303 0.0922 0.9250
383.072 0.1362 0.0887 0.9189
383.112 0.1408 0.0890 0.9197
383.151 0.1383 0.0933 0.8955
383.190 0.1385 0.0874 0.9217
383.231 0.1348 0.0868 0.9475
383.272 0.1403 0.0841 0.9155
383.312 0.1420 0.0850 0.8955
383.352 0.1444 0.0860 0.8905
383.391 0.1430 0.0864 0.9289
383.431 0.1423 0.0864 0.9289
383.472 0.1386 0.0864 0.9346
383.513 0.1338 0.0869 0.9315
383.553 0.1315 0.0877 0.9306
383.593 0.1256 0.0878 0.9676
383.630 0.1280 0.0863 0.9665
383.675 0.1303 0.0824 0.9239
383.715 0.1377 0.0821 0.9225
383.754 0.1407 0.0868 0.9225
383.794 0.1428 0.0851 0.9141
383.831 0.1437 0.0832 0.9181
383.875 0.1434 0.0836 0.9515
383.915 0.1473 0.0827 0.9212
383.955 0.1525 0.0853 0.8942
384.063 0.1618 0.0886 0.9251
384.114 0.1628 0.0869 0.8968
384.154 0.1663 0.0880 0.8957
384.196 0.1679 0.0893 0.8981
384.236 0.1632 0.0922 0.8711
384.276 0.1607 0.0912 0.8746
384.315 0.1594 0.0893 0.8854
384.355 0.1617 0.0877 0.9067
384.396 0.1656 0.0877 0.9111
384.437 0.1671 0.0903 0.9262
384.476 0.1666 0.0907 0.9146
384.516 0.1641 0.0874 0.9051
384.553 0.1634 0.0870 0.8973
384.597 0.1651 0.0866 0.9343
384.637 0.1615 0.0891 0.8985
384.677 0.1576 0.0877 0.9059
384.717 0.1588 0.0878 0.9295
384.755 0.1592 0.0868 0.9000
384.798 0.1578 0.0852 0.9264
384.839 0.1570 0.0844 0.9264
384.879 0.1546 0.0906 0.9179
384.919 0.1535 0.0906 0.9377
384.958 0.1544 0.0859 0.8868
384.998 0.1552 0.0862 0.9127
385.039 0.1590 0.0872 0.9204
385.080 0.1596 0.0904 0.9215
385.119 0.1609 0.0907 0.9215
385.159 0.1636 0.0886 0.9215
385.198 0.1597 0.0884 0.9227
385.240 0.1612 0.0846 0.8904
385.280 0.1620 0.0869 0.9388
385.320 0.1600 0.0867 0.9173
385.359 0.1571 0.0856 0.9077
385.397 0.1541 0.0823 0.9282
385.440 0.1507 0.0813 0.9388
385.481 0.1484 0.0813 0.9127
385.521 0.1437 0.0886 0.9067
385.560 0.1366 0.0874 0.9102
385.597 0.1293 0.0860 0.9014
385.641 0.1263 0.0826 0.8902
385.681 0.1260 0.0826 0.9167
385.721 0.1241 0.0850 0.9244
385.761 0.1206 0.0916 0.9076
385.800 0.1143 0.0845 0.8888
385.842 0.1168 0.0822 0.8799
385.883 0.1135 0.0819 0.8793
385.923 0.1081 0.0826 0.8942
385.963 0.1091 0.0887 0.8969
386.002 0.1108 0.0897 0.8557
386.042 0.1099 0.0850 0.8695
386.083 0.1134 0.0869 0.8715
386.124 0.1132 0.0828 0.9125
386.164 0.1170 0.0856 0.8943
386.203 0.1243 0.0902 0.8718
386.240 0.1260 0.0895 0.8709
386.284 0.1351 0.0863 0.8586
386.324 0.1416 0.0845 0.8836
386.364 0.1506 0.0851 0.8716
386.404 0.1580 0.0849 0.8907
386.441 0.1599 0.0880 0.9416
386.484 0.1603 0.0881 0.9416
386.525 0.1636 0.0856 0.9285
386.565 0.1679 0.0847 0.9401
386.605 0.1716 0.0878 0.9229
386.644 0.1755 0.0870 0.9312
386.685 0.1748 0.0862 0.9199
386.725 0.1749 0.0843 0.9428
386.766 0.1732 0.0852 0.9499
386.805 0.1693 0.0837 0.9591
386.845 0.1689 0.0854 0.9312
386.885 0.1661 0.0853 0.9309
386.926 0.1659 0.0832 0.9379
386.967 0.1716 0.0848 0.9232
387.007 0.1678 0.0824 0.9157
387.047 0.1663 0.0836 0.9289
387.084 0.1637 0.0873 0.9192
387.127 0.1592 0.0857 0.9166
387.168 0.1526 0.0831 0.9345
387.208 0.1463 0.0846 0.9297
387.248 0.1444 0.0845 0.9330
387.285 0.1447 0.0848 0.9002
387.328 0.1362 0.0856 0.9296
387.369 0.1309 0.0834 0.9296
387.409 0.1328 0.0831 0.9007
387.449 0.1239 0.0849 0.9133
387.487 0.1260 0.0858 0.9157
387.528 0.1261 0.0853 0.8846
387.569 0.1303 0.0847 0.8771
387.610 0.1354 0.0841 0.8857
387.649 0.1392 0.0838 0.8796
387.689 0.1420 0.0846 0.8895
387.728 0.1402 0.0846 0.8706
387.769 0.1375 0.0851 0.8882
387.810 0.1361 0.0843 0.8882
387.850 0.1364 0.0838 0.8986
387.890 0.1370 0.0843 0.8991
387.927 0.1420 0.0866 0.8991
387.970 0.1443 0.0851 0.8928
388.010 0.1447 0.0861 0.9031
388.051 0.1502 0.0852 0.8558
388.091 0.1525 0.0852 0.8619
388.128 0.1524 0.0845 0.8713
388.171 0.1561 0.0855 0.9073
388.212 0.1604 0.0862 0.9066
388.252 0.1675 0.0849 0.8863
388.292 0.1755 0.0860 0.9005
388.331 0.1813 0.0876 0.9107
388.372 0.1865 0.0885 0.9069
388.413 0.1891 0.0887 0.8953
388.453 0.1836 0.0879 0.9135
388.493 0.1842 0.0893 0.9055
388.532 0.1856 0.0877 0.9151
388.572 0.1804 0.0901 0.9205
388.613 0.1775 0.0912 0.9361
388.654 0.1783 0.0923 0.9009
388.694 0.1776 0.0907 0.9097
388.733 0.1761 0.0913 0.8945
388.770 0.1710 0.0901 0.9454
388.814 0.1687 0.0893 0.9244
388.854 0.1668 0.0896 0.8966
388.894 0.1617 0.0883 0.9204
388.934 0.1617 0.0856 0.9516
388.971 0.1640 0.0867 0.9154
389.014 0.1559 0.0882 0.8822
389.055 0.1506 0.0886 0.9095
389.095 0.1488 0.0888 0.9387
389.135 0.1406 0.0866 0.9084
389.175 0.1351 0.0874 0.9421
389.215 0.1324 0.0873 0.9334
389.256 0.1333 0.0886 0.9605
389.297 0.1302 0.0887 0.9125
389.336 0.1260 0.0879 0.8797
389.376 0.1245 0.0881 0.8943
389.416 0.1232 0.0859 0.9225
389.457 0.1215 0.0886 0.8932
389.497 0.1223 0.0924 0.9031
389.537 0.1205 0.0898 0.8821
389.577 0.1210 0.0869 0.9352
389.614 0.1219 0.0874 0.9079
389.657 0.1246 0.0874 0.9079
389.698 0.1273 0.0890 0.9269
389.738 0.1250 0.0897 0.8504
389.778 0.1262 0.0880 0.8703
389.815 0.1278 0.0885 0.8836
389.858 0.1246 0.0871 0.8796
389.899 0.1221 0.0886 0.9265
389.938 0.1210 0.0876 0.9078
389.978 0.1206 0.0899 0.8675
390.017 0.1215 0.0868 0.8719
390.058 0.1200 0.0862 0.8699
390.099 0.1220 0.0882 0.8352
390.139 0.1210 0.0873 0.9135
390.179 0.1165 0.0866 0.9121
390.218 0.1150 0.0844 0.8955
390.258 0.1100 0.0836 0.8955
390.300 0.1102 0.0845 0.8979
390.341 0.1206 0.0874 0.9185
390.381 0.1260 0.0885 0.9459
390.420 0.1297 0.0886 0.8922
390.458 0.1334 0.0877 0.8922
390.502 0.1374 0.0878 0.8882
390.544 0.1432 0.0851 0.9105
390.582 0.1419 0.0853 0.9412
390.621 0.1455 0.0868 0.9562
390.658 0.1459 0.0851 0.9420
390.701 0.1445 0.0849 0.9435
390.742 0.1513 0.0851 0.9245
390.782 0.1527 0.0860 0.8850
390.822 0.1493 0.0911 0.9113
390.861 0.1442 0.0895 0.9083
390.902 0.1438 0.0856 0.9132
390.943 0.1383 0.0843 0.9152
390.983 0.1374 0.0859 0.9239
391.023 0.1332 0.0875 0.9295
391.062 0.1332 0.0859 0.9312
391.102 0.1317 0.0844 0.9078
391.143 0.1373 0.0864 0.9072
391.184 0.1439 0.0849 0.9006
391.223 0.1417 0.0852 0.8675
391.263 0.1431 0.0866 0.9007
391.300 0.1393 0.0855 0.8979
391.345 0.1357 0.0859 0.9009
391.384 0.1332 0.0853 0.9015
391.425 0.1313 0.0879 0.9020
391.465 0.1288 0.0897 0.9076
391.502 0.1263 0.0894 0.9020
391.545 0.1265 0.0886 0.9069
391.586 0.1297 0.0861 0.9056
391.626 0.1306 0.0894 0.9013
391.666 0.1253 0.0895 0.8998
391.704 0.1228 0.0907 0.8704
391.745 0.1208 0.0918 0.8830
391.786 0.1214 0.0888 0.8975
391.827 0.1247 0.0892 0.9045
391.866 0.1277 0.0940 0.8998
391.906 0.1306 0.0915 0.9166
391.946 0.1308 0.0939 0.9122
391.987 0.1311 0.0934 0.9432
392.027 0.1310 0.0912 0.8699
392.067 0.1263 0.0883 0.8699
392.107 0.1184 0.0931 0.8839
392.144 0.1159 0.0919 0.9022
392.187 0.1181 0.0904 0.9022
392.228 0.1206 0.0914 0.8867
392.268 0.1190 0.0895 0.8869
392.308 0.1173 0.0908 0.8808
392.345 0.1158 0.0939 0.8808
392.388 0.1119 0.0949 0.8730
392.428 0.1128 0.0935 0.8633
392.469 0.1125 0.0933 0.8688
392.508 0.1148 0.0920 0.8751
392.548 0.1164 0.0934 0.8772
392.589 0.1215 0.0949 0.8887
392.630 0.1243 0.0950 0.8752
392.670 0.1215 0.0940 0.8752
392.710 0.1170 0.0962 0.8405
392.750 0.1188 0.0932 0.8639
392.789 0.1169 0.0967 0.8690
392.830 0.1162 0.0948 0.9010
392.871 0.1192 0.0947 0.8990
392.911 0.1173 0.0934 0.9067
392.950 0.1179 0.0906 0.8805
392.988 0.1171 0.0930 0.9039
393.031 0.1198 0.0935 0.9049
393.072 0.1182 0.0909 0.8790
393.111 0.1175 0.0926 0.8790
393.151 0.1177 0.0903 0.8739
393.188 0.1229 0.0915 0.9039
393.231 0.1198 0.0887 0.9009
393.272 0.1212 0.0886 0.8989
393.312 0.1210 0.0903 0.9328
393.352 0.1218 0.0875 0.9226
393.391 0.1247 0.0874 0.9226
393.432 0.1263 0.0892 0.9304
393.473 0.1273 0.0898 0.9346
393.513 0.1242 0.0873 0.9406
393.553 0.1216 0.0835 0.9185
393.592 0.1181 0.0834 0.9293
393.633 0.1175 0.0856 0.9527
393.674 0.1155 0.0877 0.9235
393.714 0.1145 0.0889 0.9261
393.754 0.1181 0.0837 0.9215
393.794 0.1241 0.0846 0.9226
393.831 0.1248 0.0837 0.9089
393.876 0.1241 0.0866 0.9002
393.915 0.1226 0.0853 0.9048
393.955 0.1246 0.0829 0.9064
393.995 0.1236 0.0858 0.9442
394.032 0.1250 0.0806 0.9389
394.076 0.1284 0.0870 0.9272
394.116 0.1294 0.0855 0.9153
394.156 0.1310 0.0859 0.9192
394.196 0.1366 0.0855 0.9153
394.235 0.1372 0.0838 0.9153
394.275 0.1351 0.0874 0.9412
394.316 0.1351 0.0887 0.9289
394.357 0.1337 0.0847 0.9141
394.396 0.1362 0.0853 0.9040
394.436 0.1316 0.0848 0.9065
394.476 0.1335 0.0848 0.9335
394.517 0.1366 0.0834 0.9345
394.557 0.1383 0.0831 0.9335
394.597 0.1404 0.0834 0.9412
394.637 0.1390 0.0826 0.9121
394.675 0.1362 0.0833 0.9132
394.717 0.1357 0.0825 0.9346
394.758 0.1369 0.0844 0.9508
394.799 0.1357 0.0866 0.9538
394.839 0.1348 0.0848 0.9411
394.875 0.1346 0.0858 0.9325
394.920 0.1424 0.0847 0.9309
394.959 0.1468 0.0849 0.9088
395.000 0.1492 0.0863 0.9435
395.039 0.1514 0.0882 0.9139
395.078 0.1538 0.0869 0.9399
395.119 0.1572 0.0870 0.9373
395.160 0.1615 0.0856 0.9165
395.200 0.1675 0.0876 0.8915
395.240 0.1684 0.0859 0.9159
395.279 0.1705 0.0855 0.8844
395.319 0.1715 0.0855 0.9229
395.360 0.1747 0.0849 0.9195
395.401 0.1747 0.0859 0.9075
395.441 0.1730 0.0894 0.9336
395.480 0.1742 0.0868 0.9285
395.518 0.1703 0.0869 0.9285
395.562 0.1663 0.0860 0.9422
395.601 0.1666 0.0885 0.9367
395.641 0.1694 0.0887 0.9209
395.681 0.1645 0.0882 0.9336
395.718 0.1634 0.0892 0.9365
395.762 0.1613 0.0880 0.9391
395.802 0.1669 0.0870 0.9093
395.842 0.1698 0.0916 0.9393
395.883 0.1675 0.0903 0.9403
395.922 0.1646 0.0901 0.9603
395.962 0.1621 0.0894 0.9220
396.004 0.1621 0.0873 0.9207
396.044 0.1641 0.0868 0.9222
396.084 0.1637 0.0886 0.9479
396.123 0.1592 0.0897 0.8988
396.163 0.1596 0.0888 0.9233
396.204 0.1623 0.0907 0.8799
396.245 0.1635 0.0899 0.9122
396.286 0.1623 0.0891 0.9365
396.324 0.1592 0.0862 0.9052
396.361 0.1576 0.0880 0.9157
396.406 0.1589 0.0886 0.9412
396.445 0.1595 0.0881 0.9406
396.485 0.1600 0.0892 0.9256
396.525 0.1530 0.0904 0.9372
396.561 0.1481 0.0899 0.9367
396.605 0.1482 0.0906 0.9356
396.646 0.1473 0.0894 0.9272
396.686 0.1418 0.0892 0.9399
396.725 0.1395 0.0882 0.9695
396.764 0.1377 0.0910 0.9685
396.806 0.1359 0.0907 0.9400
396.846 0.1342 0.0887 0.9375
396.886 0.1315 0.0877 0.9466
396.926 0.1304 0.0863 0.9700
396.966 0.1278 0.0877 0.9456
397.006 0.1277 0.0885 0.9536
397.047 0.1336 0.0918 0.9213
397.088 0.1329 0.0868 0.9423
397.128 0.1338 0.0876 0.9657
397.168 0.1313 0.0852 0.9379
397.204 0.1275 0.0886 0.9379
397.249 0.1236 0.0895 0.9266
397.288 0.1237 0.0885 0.9262
397.328 0.1236 0.0867 0.9473
397.368 0.1269 0.0887 0.9496
397.405 0.1271 0.0866 0.9215
397.449 0.1271 0.0896 0.9445
397.489 0.1295 0.0890 0.9305
397.529 0.1253 0.0890 0.9261
397.569 0.1297 0.0890 0.9391
397.608 0.1289 0.0886 0.9172
397.648 0.1355 0.0898 0.9552
397.690 0.1405 0.0882 0.9509
397.730 0.1427 0.0888 0.9565
397.770 0.1413 0.0892 0.9192
397.809 0.1407 0.0878 0.9381
397.849 0.1384 0.0897 0.9672
397.890 0.1358 0.0901 0.9402
397.930 0.1350 0.0908 0.9661
397.970 0.1333 0.0869 0.9694
398.010 0.1399 0.0857 0.9411
398.048 0.1404 0.0871 0.9215
398.092 0.1439 0.0895 0.9182
398.132 0.1419 0.0898 0.9129
398.172 0.1394 0.0876 0.9295
398.212 0.1394 0.0877 0.9410
398.249 0.1381 0.0905 0.9113
398.292 0.1401 0.0927 0.9262
398.333 0.1415 0.0940 0.9262
398.373 0.1450 0.0925 0.8919
398.412 0.1384 0.0910 0.9289
398.451 0.1401 0.0902 0.9319
398.493 0.1362 0.0939 0.9193
398.533 0.1351 0.0937 0.9090
398.573 0.1322 0.0926 0.9508
398.613 0.1282 0.0911 0.9134
398.653 0.1297 0.0955 0.8884
398.692 0.1266 0.0927 0.9053
398.734 0.1282 0.0929 0.9032
398.774 0.1275 0.0932 0.8530
398.814 0.1245 0.0951 0.8962
398.854 0.1216 0.0956 0.9027
398.891 0.1284 0.0962 0.8674
398.934 0.1279 0.0978 0.8657
398.975 0.1287 0.0992 0.8854
399.015 0.1284 0.0972 0.9161
399.054 0.1279 0.0944 0.8707
399.092 0.1262 0.0943 0.8923
399.136 0.1211 0.0938 0.9007
399.175 0.1239 0.0957 0.8847
399.216 0.1261 0.0968 0.8856
399.256 0.1187 0.0961 0.8535
399.295 0.1168 0.0948 0.9002
399.337 0.1172 0.0940 0.9089
399.377 0.1162 0.0958 0.9205
399.417 0.1184 0.0957 0.9101
399.457 0.1216 0.0980 0.8938
399.496 0.1202 0.0987 0.8961
399.536 0.1177 0.0969 0.8961
399.577 0.1187 0.0967 0.9177
399.617 0.1197 0.0995 0.9133
399.658 0.1178 0.1003 0.9183
399.697 0.1163 0.1022 0.8943
399.735 0.1214 0.0985 0.9123
399.778 0.1276 0.1007 0.8933
399.818 0.1307 0.1000 0.8933
399.859 0.1359 0.1010 0.8916
399.898 0.1369 0.1002 0.9269
399.935 0.1366 0.1006 0.9179
399.978 0.1415 0.0976 0.8977
400.019 0.1434 0.0975 0.8942
400.059 0.1473 0.1034 0.8982
400.099 0.1486 0.1024 0.9212
400.138 0.1493 0.1021 0.9036
400.179 0.1465 0.1012 0.8966
400.219 0.1440 0.0984 0.9116
400.259 0.1468 0.1025 0.9450
400.300 0.1471 0.1024 0.9202
400.340 0.1399 0.1002 0.9372
400.380 0.1339 0.1012 0.9336
400.421 0.1294 0.1001 0.9206
400.461 0.1223 0.0995 0.9348
400.501 0.1221 0.1013 0.9505
400.541 0.1208 0.1027 0.9216
400.578 0.1158 0.1026 0.9178
400.621 0.1139 0.1008 0.9444
400.662 0.1143 0.0979 0.9372
400.702 0.1150 0.0991 0.9548
400.742 0.1130 0.1004 0.9559
400.779 0.1106 0.0982 0.9483
400.822 0.1126 0.1017 0.9197
400.863 0.1164 0.0942 0.9235
400.902 0.1201 0.0956 0.9641
400.943 0.1254 0.1000 0.9857
400.981 0.1276 0.1017 0.9882
401.023 0.1232 0.0971 0.9434
401.063 0.1243 0.0997 0.9505
401.104 0.1255 0.0932 0.9352
401.143 0.1273 0.0982 0.9365
401.183 0.1322 0.0983 0.9393
401.222 0.1335 0.0991 0.9343
401.264 0.1325 0.0960 0.8849
401.304 0.1362 0.0967 0.9422
401.344 0.1404 0.0974 0.9108
401.384 0.1444 0.1008 0.9342
401.422 0.1421 0.0979 0.9266
401.465 0.1410 0.0961 0.8983
401.506 0.1467 0.0950 0.9293
401.546 0.1496 0.0897 0.9325
401.585 0.1558 0.0916 0.9672
401.622 0.1571 0.0942 0.9559
401.665 0.1573 0.0960 0.9439
401.706 0.1603 0.0935 0.9619
401.746 0.1638 0.0911 0.9239
401.786 0.1660 0.0910 0.9532
401.825 0.1624 0.0932 0.9587
401.867 0.1582 0.0906 0.9618
401.907 0.1587 0.0888 0.9517
401.947 0.1654 0.0892 0.9489
401.987 0.1633 0.0887 0.9522
402.026 0.1666 0.0914 0.9511
402.066 0.1657 0.0930 0.9421
402.107 0.1695 0.0905 0.9558
402.148 0.1705 0.0906 0.9156
402.187 0.1651 0.0911 0.9214
402.227 0.1656 0.0934 0.9301
402.264 0.1684 0.0945 0.9484
402.309 0.1655 0.0957 0.9121
402.348 0.1685 0.0947 0.9459
402.389 0.1711 0.0917 0.9112
402.428 0.1672 0.0921 0.8886
402.466 0.1650 0.0917 0.9231
402.508 0.1611 0.0964 0.9057
402.550 0.1608 0.0936 0.8941
402.590 0.1555 0.0907 0.9247
402.630 0.1515 0.0921 0.9183
402.668 0.1541 0.0892 0.9151
402.709 0.1580 0.0889 0.9421
402.750 0.1503 0.0943 0.9430
402.791 0.1522 0.0910 0.9306
402.830 0.1490 0.0877 0.8903
402.870 0.1488 0.0892 0.8894
402.909 0.1487 0.0900 0.9315
402.951 0.1497 0.0921 0.9530
402.991 0.1521 0.0884 0.9388
403.031 0.1511 0.0886 0.9475
403.071 0.1522 0.0888 0.9541
403.108 0.1554 0.0911 0.9265
403.151 0.1567 0.0936 0.9176
403.192 0.1547 0.0888 0.9500
403.232 0.1543 0.0890 0.9450
403.271 0.1536 0.0897 0.9248
403.308 0.1547 0.0901 0.9014
403.352 0.1581 0.0892 0.9474
403.392 0.1581 0.0922 0.9346
403.432 0.1582 0.0914 0.9142
403.472 0.1568 0.0881 0.9291
403.511 0.1522 0.0882 0.9496
403.552 0.1514 0.0895 0.9799
403.593 0.1486 0.0889 0.9726
403.633 0.1456 0.0904 0.9452
403.674 0.1435 0.0880 0.9478
403.713 0.1410 0.0894 0.9321
403.753 0.1389 0.0900 0.9354
403.794 0.1389 0.0898 0.9624
403.835 0.1351 0.0894 0.8900
403.875 0.1305 0.0894 0.8938
403.914 0.1256 0.0911 0.9120
403.952 0.1202 0.0903 0.9164
403.995 0.1175 0.0920 0.9328
404.035 0.1193 0.0902 0.9676
404.076 0.1201 0.0879 0.9701
404.115 0.1192 0.0871 0.9327
404.152 0.1174 0.0870 0.9208
404.195 0.1162 0.0861 0.9647
404.236 0.1197 0.0859 0.9647
404.276 0.1187 0.0891 0.9715
404.316 0.1173 0.0876 0.9434
404.355 0.1204 0.0898 0.9486
404.396 0.1205 0.0856 0.9548
404.436 0.1220 0.0857 0.9522
404.477 0.1284 0.0883 0.9247
404.517 0.1308 0.0868 0.9667
404.556 0.1279 0.0859 0.9517
404.596 0.1271 0.0871 0.9569
404.637 0.1312 0.0866 0.9193
404.677 0.1347 0.0875 0.9279
404.717 0.1364 0.0899 0.9243
404.758 0.1385 0.0888 0.9261
404.795 0.1437 0.0844 0.8934
404.840 0.1401 0.0869 0.9441
404.879 0.1448 0.0861 0.9192
404.919 0.1512 0.0876 0.9141
404.959 0.1528 0.0866 0.9002
404.996 0.1510 0.0863 0.8909
405.040 0.1491 0.0831 0.9212
405.080 0.1501 0.0846 0.9362
405.120 0.1491 0.0831 0.9192
405.159 0.1491 0.0855 0.9406
405.198 0.1491 0.0844 0.9502
405.239 0.1488 0.0819 0.9462
405.280 0.1433 0.0813 0.9331
405.320 0.1420 0.0827 0.9321
405.360 0.1429 0.0830 0.9227
405.400 0.1401 0.0833 0.9432
405.439 0.1361 0.0829 0.9402
405.481 0.1386 0.0815 0.9422
405.521 0.1492 0.0797 0.9096
405.561 0.1568 0.0803 0.9182
405.600 0.1618 0.0797 0.9246
405.638 0.1621 0.0815 0.9324
405.681 0.1604 0.0794 0.9331
405.721 0.1596 0.0810 0.9508
405.762 0.1649 0.0800 0.9218
405.801 0.1705 0.0835 0.9359
405.839 0.1720 0.0824 0.9321
405.883 0.1698 0.0816 0.9322
405.923 0.1741 0.0820 0.8850
405.963 0.1762 0.0810 0.9078
406.003 0.1756 0.0798 0.9387
406.042 0.1738 0.0852 0.9407
406.084 0.1641 0.0798 0.8895
406.124 0.1629 0.0793 0.9174
406.164 0.1688 0.0811 0.9182
406.204 0.1770 0.0812 0.9252
406.243 0.1819 0.0830 0.9296
406.283 0.1777 0.0867 0.9209
406.324 0.1777 0.0858 0.9285
406.365 0.1795 0.0837 0.9208
406.405 0.1768 0.0825 0.9049
406.444 0.1740 0.0829 0.9309
406.481 0.1681 0.0850 0.9353
406.526 0.1595 0.0878 0.9179
406.565 0.1584 0.0843 0.9136
406.605 0.1619 0.0840 0.9323
406.645 0.1584 0.0846 0.9139
406.682 0.1502 0.0880 0.8991
406.726 0.1374 0.0839 0.8991
406.766 0.1385 0.0818 0.9239
406.806 0.1340 0.0843 0.9239
406.845 0.1309 0.0841 0.9005
406.885 0.1323 0.0858 0.9163
406.926 0.1340 0.0833 0.9101
406.967 0.1346 0.0850 0.9045
407.008 0.1343 0.0850 0.9045
407.047 0.1389 0.0842 0.9416
407.087 0.1404 0.0837 0.9009
407.127 0.1388 0.0878 0.9097
407.168 0.1431 0.0860 0.9122
407.208 0.1497 0.0835 0.9106
407.248 0.1437 0.0834 0.9183
407.288 0.1386 0.0838 0.9183
407.325 0.1450 0.0833 0.9553
407.369 0.1430 0.0840 0.9457
407.409 0.1419 0.0853 0.9812
407.449 0.1437 0.0837 0.9097
407.489 0.1412 0.0860 0.9407
407.548 0.1385 0.0852 0.9389
407.570 0.1369 0.0853 0.9461
407.609 0.1372 0.0852 0.9182
407.649 0.1371 0.0841 0.9133
407.689 0.1343 0.0809 0.9133
407.729 0.1361 0.0843 0.9133
407.770 0.1443 0.0850 0.8677
407.810 0.1452 0.0857 0.9302
407.850 0.1397 0.0857 0.9253
407.890 0.1423 0.0824 0.9069
407.929 0.1395 0.0801 0.9348
407.969 0.1399 0.0826 0.9056
408.011 0.1445 0.0859 0.9459
408.051 0.1449 0.0880 0.9099
408.092 0.1498 0.0838 0.9472
408.131 0.1506 0.0854 0.9323
408.169 0.1477 0.0844 0.9519
408.213 0.1491 0.0836 0.9332
408.253 0.1471 0.0832 0.9392
408.292 0.1501 0.0821 0.9652
408.333 0.1573 0.0829 0.9382
408.370 0.1592 0.0827 0.9272
408.414 0.1605 0.0841 0.9523
408.453 0.1658 0.0819 0.9262
408.494 0.1666 0.0844 0.9532
408.533 0.1699 0.0820 0.9593
408.573 0.1687 0.0824 0.9642
408.614 0.1677 0.0818 0.9593
408.654 0.1718 0.0822 0.9097
408.694 0.1707 0.0839 0.9656
408.734 0.1724 0.0824 0.9540
408.773 0.1721 0.0799 0.9323
408.813 0.1656 0.0816 0.9656
408.854 0.1609 0.0833 0.9355
408.894 0.1584 0.0872 0.9300
408.934 0.1551 0.0839 0.9355
408.974 0.1516 0.0834 0.9609
409.011 0.1473 0.0847 0.9096
409.055 0.1390 0.0837 0.9449
409.095 0.1352 0.0839 0.9206
409.135 0.1263 0.0848 0.9120
409.175 0.1185 0.0857 0.9161
409.214 0.1133 0.0835 0.9421
409.257 0.1068 0.0823 0.9161
409.297 0.1070 0.0844 0.9191
409.337 0.1075 0.0878 0.9161
409.377 0.1029 0.0894 0.9447
409.416 0.0996 0.0855 0.8989
409.456 0.0974 0.0890 0.9312
409.497 0.0936 0.0846 0.9121
409.537 0.0903 0.0873 0.9067
409.578 0.0900 0.0928 0.9067
409.617 0.0909 0.0876 0.9117
409.656 0.0931 0.0864 0.9067
409.698 0.0980 0.0847 0.8904
409.738 0.1002 0.0898 0.8833
409.778 0.1012 0.0922 0.8884
409.818 0.0994 0.0900 0.8913
409.855 0.1016 0.0896 0.8988
409.899 0.1054 0.0900 0.8669
409.938 0.1082 0.0876 0.8777
409.979 0.1089 0.0927 0.9044
410.018 0.1145 0.0944 0.8632
410.056 0.1148 0.0914 0.8762
410.100 0.1158 0.0932 0.9012
410.139 0.1197 0.0927 0.8754
410.179 0.1230 0.0914 0.8661
410.219 0.1241 0.0938 0.8826
410.258 0.1221 0.0921 0.8806
410.300 0.1222 0.0922 0.8709
410.341 0.1226 0.0913 0.8469
410.381 0.1278 0.0904 0.8480
410.421 0.1255 0.0923 0.9034
410.460 0.1293 0.0953 0.8988
410.500 0.1319 0.0914 0.9075
410.541 0.1362 0.0921 0.9169
410.582 0.1386 0.0911 0.9056
410.622 0.1375 0.0912 0.9330
410.661 0.1378 0.0902 0.9462
410.699 0.1372 0.0902 0.9285
410.743 0.1393 0.0907 0.9346
410.782 0.1418 0.0883 0.9093
410.822 0.1457 0.0882 0.8599
410.862 0.1451 0.0877 0.9059
410.899 0.1469 0.0932 0.9475
410.944 0.1459 0.0931 0.9321
410.983 0.1418 0.0911 0.9020
411.023 0.1406 0.0900 0.9031
411.063 0.1440 0.0917 0.9020
411.102 0.1451 0.0956 0.9139
411.143 0.1437 0.0956 0.9139
411.184 0.1395 0.0939 0.8866
411.224 0.1383 0.0926 0.9109
411.264 0.1360 0.0919 0.9120
411.303 0.1325 0.0924 0.9302
411.343 0.1269 0.0911 0.9302
411.384 0.1231 0.0902 0.9084
411.425 0.1209 0.0892 0.9395
411.465 0.1247 0.0880 0.9395
411.505 0.1233 0.0894 0.9379
411.542 0.1144 0.0901 0.9403
411.586 0.1137 0.0910 0.9197
411.626 0.1126 0.0904 0.9451
411.666 0.1150 0.0905 0.9461
411.705 0.1153 0.0887 0.9509
411.743 0.1138 0.0908 0.8991
411.786 0.1110 0.0916 0.9217
411.826 0.1145 0.0910 0.8939
411.867 0.1167 0.0911 0.8959
411.907 0.1171 0.0889 0.8689
411.945 0.1159 0.0922 0.9282
411.986 0.1170 0.0893 0.9078
412.027 0.1178 0.0928 0.9008
412.067 0.1178 0.0928 0.9072
412.107 0.1211 0.0872 0.9562
412.146 0.1227 0.0871 0.9468
412.186 0.1198 0.0894 0.9108
412.227 0.1202 0.0920 0.8862
412.268 0.1229 0.0881 0.9186
412.308 0.1251 0.0869 0.9239
412.348 0.1256 0.0871 0.9479
412.385 0.1297 0.0868 0.9289
412.429 0.1354 0.0913 0.9431
412.468 0.1396 0.0867 0.9487
412.509 0.1489 0.0867 0.9229
412.549 0.1543 0.0869 0.9482
412.586 0.1563 0.0860 0.9444
412.630 0.1569 0.0881 0.9422
412.670 0.1658 0.0876 0.9552
412.710 0.1706 0.0885 0.9688
412.750 0.1748 0.0885 0.9281
412.789 0.1735 0.0876 0.9365
412.831 0.1663 0.0871 0.9355
412.871 0.1593 0.0905 0.9618
412.911 0.1582 0.0878 0.9420
412.951 0.1524 0.0896 0.9032
412.990 0.1467 0.0845 0.9715
413.030 0.1422 0.0866 0.9194
413.071 0.1341 0.0850 0.9018
413.112 0.1304 0.0857 0.9186
413.152 0.1259 0.0855 0.9311
413.191 0.1233 0.0837 0.9159
413.229 0.1183 0.0815 0.9159
413.272 0.1151 0.0847 0.9272
413.312 0.1178 0.0884 0.9265
413.352 0.1253 0.0930 0.9418
413.392 0.1253 0.0881 0.9229
413.429 0.1234 0.0870 0.9368
413.473 0.1251 0.0849 0.9194
413.513 0.1245 0.0893 0.9352
413.553 0.1308 0.0914 0.9274
413.593 0.1347 0.0901 0.9343
413.633 0.1343 0.0911 0.9343
413.673 0.1332 0.0907 0.9169
413.714 0.1341 0.0906 0.8969
413.755 0.1350 0.0982 0.9072
413.795 0.1351 0.0938 0.8843
413.834 0.1341 0.0945 0.8938
413.874 0.1310 0.0952 0.9208
413.915 0.1319 0.0944 0.9389
413.955 0.1292 0.0968 0.9065
413.995 0.1284 0.0978 0.9143
414.035 0.1260 0.0957 0.9143
414.072 0.1227 0.0958 0.9078
414.115 0.1177 0.0943 0.8779
414.156 0.1145 0.0964 0.8935
414.196 0.1129 0.0938 0.9097
414.235 0.1096 0.0939 0.8893
414.272 0.1106 0.0910 0.9062
414.316 0.1093 0.0912 0.8731
414.356 0.1097 0.0928 0.9169
414.397 0.1095 0.0923 0.9008
414.437 0.1127 0.0909 0.9242
414.475 0.1155 0.0910 0.8912
414.517 0.1174 0.0914 0.9001
414.557 0.1148 0.0916 0.9042
414.597 0.1166 0.0926 0.9042
414.637 0.1190 0.0920 0.9246
414.676 0.1206 0.0918 0.9290
414.717 0.1204 0.0890 0.9331
414.758 0.1205 0.0893 0.9244
414.799 0.1206 0.0890 0.9182
414.839 0.1218 0.0902 0.9182
414.878 0.1222 0.0883 0.9259
414.916 0.1193 0.0910 0.9285
414.959 0.1177 0.0879 0.9243
414.999 0.1181 0.0884 0.8984
415.040 0.1198 0.0863 0.9333
415.079 0.1226 0.0893 0.9328
415.116 0.1239 0.0893 0.9287
415.161 0.1223 0.0877 0.9303
415.200 0.1284 0.0878 0.9303
415.240 0.1312 0.0904 0.9063
415.280 0.1335 0.0876 0.9037
415.319 0.1316 0.0922 0.9212
415.361 0.1299 0.0906 0.9136
415.401 0.1311 0.0905 0.9145
415.441 0.1326 0.0892 0.9076
415.481 0.1318 0.0870 0.9257
415.520 0.1274 0.0889 0.9257
415.560 0.1246 0.0874 0.9453
415.601 0.1222 0.0873 0.9001
415.641 0.1222 0.0847 0.9281
415.681 0.1224 0.0868 0.9255
415.721 0.1214 0.0867 0.9846
415.758 0.1193 0.0913 0.9415
415.803 0.1244 0.0858 0.9404
415.842 0.1245 0.0865 0.9169
415.883 0.1254 0.0841 0.9298
415.923 0.1251 0.0853 0.9238
415.959 0.1205 0.0884 0.9534
416.003 0.1283 0.0861 0.9680
416.043 0.1329 0.0863 0.9223
416.084 0.1361 0.0863 0.9273
416.123 0.1396 0.0878 0.9435
416.162 0.1394 0.0899 0.9470
416.204 0.1394 0.0883 0.9700
416.244 0.1431 0.0840 0.9562
416.284 0.1395 0.0862 0.9483
416.324 0.1411 0.0868 0.9298
416.363 0.1465 0.0846 0.9348
416.403 0.1480 0.0860 0.9437
416.445 0.1488 0.0851 0.9582
416.485 0.1422 0.0850 0.9392
416.525 0.1363 0.0840 0.9400
416.564 0.1362 0.0840 0.9482
416.602 0.1350 0.0856 0.9082
416.646 0.1329 0.0850 0.9286
416.685 0.1318 0.0854 0.9092
416.726 0.1283 0.0831 0.8919
416.765 0.1264 0.0821 0.8659
416.802 0.1270 0.0825 0.9257
416.847 0.1250 0.0830 0.9270
416.886 0.1249 0.0811 0.9486
416.926 0.1279 0.0811 0.9321
416.967 0.1386 0.0793 0.9046
417.006 0.1486 0.0795 0.9265
417.048 0.1511 0.0807 0.9182
417.088 0.1547 0.0820 0.9335
417.128 0.1581 0.0817 0.9310
417.168 0.1648 0.0811 0.9335
417.207 0.1710 0.0794 0.9223
417.247 0.1801 0.0790 0.9285
417.288 0.1851 0.0793 0.9128
417.329 0.1857 0.0804 0.9408
417.369 0.1853 0.0782 0.8959
417.408 0.1856 0.0767 0.9411
417.446 0.1810 0.0812 0.9536
417.489 0.1771 0.0827 0.9374
417.529 0.1720 0.0826 0.9153
417.569 0.1688 0.0829 0.9032
417.609 0.1695 0.0812 0.8869
417.646 0.1627 0.0795 0.9356
417.689 0.1531 0.0823 0.8972
417.730 0.1394 0.0864 0.9154
417.770 0.1311 0.0818 0.9342
417.810 0.1246 0.0795 0.9373
417.849 0.1171 0.0822 0.9076
417.889 0.1085 0.0786 0.9373
417.930 0.0992 0.0841 0.9050
417.971 0.0877 0.0840 0.9126
418.011 0.0832 0.0866 0.8833
418.050 0.0795 0.0823 0.8986
418.091 0.0690 0.0829 0.9182
418.132 0.0643 0.0843 0.9196
418.172 0.0614 0.0867 0.8943
418.212 0.0595 0.0862 0.8647
418.252 0.0554 0.0816 0.8996
418.289 0.0517 0.0817 0.8665
418.333 0.0499 0.0825 0.8665
418.373 0.0461 0.0829 0.8665
418.413 0.0437 0.0837 0.8665
418.452 0.0410 0.0827 0.8685
418.489 0.0403 0.0811 0.8685
418.534 0.0335 0.0819 0.8715
418.573 0.0322 0.0818 0.8641
418.614 0.0312 0.0828 0.8641
418.653 0.0284 0.0819 0.8735
418.692 0.0271 0.0834 0.8715
418.734 0.0253 0.0807 0.8535
418.774 0.0230 0.0828 0.8729
418.814 0.0225 0.0821 0.8715
418.854 0.0216 0.0807 0.8485
418.894 0.0227 0.0822 0.8652
418.933 0.0207 0.0819 0.8445
418.975 0.0164 0.0813 0.8211
419.015 0.0171 0.0807 0.8286
419.055 0.0151 0.0820 0.8306
419.094 0.0093 0.0807 0.8306
419.132 0.0083 0.0804 0.8406
419.175 0.0070 0.0813 0.8236
419.216 0.0058 0.0824 0.8302
419.257 0.0053 0.0824 0.8406
419.296 0.0046 0.0825 0.8296
419.333 0.0042 0.0826 0.8592
419.377 0.0031 0.0825 0.8296
419.419 0.0047 0.0803 0.8406
419.457 0.0031 0.0826 0.8596
419.497 0.0035 0.0860 0.8426
419.535 0.0043 0.0826 0.8481
419.578 0.0073 0.0803 0.8362
419.617 0.0056 0.0836 0.8234
419.658 0.0090 0.0841 0.8182
419.697 0.0127 0.0829 0.8362
419.737 0.0178 0.0819 0.8289
419.777 0.0244 0.0816 0.8182
419.818 0.0353 0.0829 0.8234
419.858 0.0421 0.0826 0.8298
419.898 0.0555 0.0822 0.8572
419.938 0.0637 0.0822 0.8522
419.975 0.0674 0.0833 0.8610
420.019 0.0784 0.0830 0.8584
420.059 0.0822 0.0810 0.8540
420.099 0.0896 0.0807 0.8306
420.138 0.0954 0.0829 0.7916
420.176 0.0977 0.0837 0.7916
420.220 0.0978 0.0825 0.8230
420.259 0.0976 0.0816 0.8489
420.300 0.0947 0.0825 0.8219
420.340 0.0970 0.0796 0.8469
420.379 0.0923 0.0793 0.8254
420.421 0.0885 0.0826 0.8314
420.461 0.0922 0.0826 0.8064
420.501 0.0930 0.0796 0.8116
420.541 0.0955 0.0793 0.8286
420.581 0.0906 0.0823 0.8652
420.620 0.0856 0.0826 0.8431
420.662 0.0832 0.0833 0.8307
420.702 0.0838 0.0804 0.8283
420.742 0.0893 0.0803 0.8294
420.781 0.0960 0.0799 0.8455
420.819 0.0953 0.0803 0.8455
420.863 0.0969 0.0816 0.8671
420.902 0.0971 0.0763 0.8517
420.943 0.0979 0.0773 0.8453
420.982 0.1011 0.0780 0.8649
421.019 0.0957 0.0752 0.8849
421.064 0.0944 0.0765 0.8435
421.103 0.0990 0.0750 0.8355
421.143 0.0999 0.0735 0.8841
421.183 0.1037 0.0731 0.8841
421.222 0.1011 0.0747 0.8879
421.263 0.0953 0.0782 0.8907
421.304 0.0885 0.0773 0.8829
421.344 0.0874 0.0722 0.8959
421.384 0.0908 0.0748 0.8585
421.424 0.0941 0.0732 0.9133
421.464 0.0877 0.0747 0.9320
421.505 0.0845 0.0743 0.9320
421.545 0.0884 0.0742 0.9061
421.585 0.0875 0.0739 0.8909
421.625 0.0882 0.0725 0.9072
421.662 0.0862 0.0740 0.9027
421.705 0.0828 0.0731 0.9105
421.746 0.0848 0.0738 0.9055
421.786 0.0963 0.0736 0.9055
421.826 0.1032 0.0707 0.9143
421.863 0.1055 0.0717 0.8735
421.906 0.1076 0.0750 0.8768
421.947 0.1134 0.0723 0.9127
421.987 0.1215 0.0710 0.9127
422.027 0.1258 0.0690 0.9291
422.066 0.1296 0.0708 0.9393
422.107 0.1350 0.0719 0.9081
422.147 0.1397 0.0718 0.9126
422.187 0.1485 0.0726 0.9215
422.227 0.1528 0.0721 0.9045
422.267 0.1531 0.0721 0.9045
422.307 0.1492 0.0725 0.8784
422.348 0.1471 0.0716 0.8880
422.388 0.1415 0.0733 0.8989
422.428 0.1413 0.0736 0.8982
422.468 0.1396 0.0715 0.8946
422.506 0.1378 0.0700 0.9171
422.549 0.1374 0.0729 0.9481
422.590 0.1390 0.0734 0.9642
422.630 0.1395 0.0742 0.9313
422.669 0.1390 0.0726 0.9051
422.706 0.1402 0.0733 0.9159
422.750 0.1406 0.0743 0.9208
422.790 0.1384 0.0758 0.9516
423.013 0.1239 0.0808 0.9045
423.071 0.1180 0.0785 0.9448
423.110 0.1096 0.0775 0.9489
423.151 0.1018 0.0782 0.9515
423.191 0.0975 0.0770 0.9293
423.232 0.0899 0.0807 0.8936
423.271 0.0849 0.0790 0.9426
423.311 0.0842 0.0823 0.9392
423.351 0.0762 0.0799 0.9133
423.392 0.0700 0.0771 0.9122
423.432 0.0667 0.0781 0.9355
423.472 0.0639 0.0792 0.9582
423.512 0.0621 0.0797 0.8622
423.550 0.0584 0.0784 0.9194
423.593 0.0591 0.0791 0.8838
423.633 0.0563 0.0782 0.9219
423.674 0.0539 0.0814 0.9042
423.714 0.0537 0.0768 0.9194
423.750 0.0541 0.0768 0.9194
423.795 0.0490 0.0780 0.8716
423.834 0.0525 0.0768 0.8922
423.875 0.0563 0.0788 0.8922
423.914 0.0593 0.0800 0.8922
423.954 0.0634 0.0776 0.8931
423.995 0.0664 0.0765 0.8882
424.035 0.0724 0.0761 0.8711
424.075 0.0782 0.0792 0.8542
424.115 0.0858 0.0822 0.8599
424.154 0.0893 0.0804 0.8492
424.194 0.0951 0.0802 0.8742
424.236 0.0967 0.0779 0.8762
424.276 0.1064 0.0779 0.8762
424.316 0.1134 0.0800 0.8673
424.355 0.1156 0.0769 0.8899
424.393 0.1203 0.0782 0.8486
424.436 0.1191 0.0778 0.8661
424.476 0.1199 0.0776 0.8883
424.516 0.1212 0.0776 0.8786
424.556 0.1169 0.0798 0.8772
424.593 0.1152 0.0810 0.8742
424.638 0.1169 0.0794 0.8351
424.677 0.1178 0.0770 0.8351
424.717 0.1224 0.0802 0.8558
424.758 0.1230 0.0785 0.8411
424.798 0.1205 0.0774 0.8395
424.839 0.1191 0.0755 0.8404
424.879 0.1187 0.0732 0.8404
424.919 0.1207 0.0744 0.8445
424.959 0.1232 0.0772 0.8404
424.998 0.1224 0.0788 0.9002
425.038 0.1255 0.0807 0.8938
425.079 0.1248 0.0741 0.8641
425.119 0.1261 0.0718 0.8814
425.159 0.1245 0.0759 0.8641
425.199 0.1223 0.0782 0.8554
425.236 0.1182 0.0800 0.8641
425.281 0.1152 0.0771 0.9076
425.320 0.1200 0.0754 0.8672
425.360 0.1182 0.0768 0.8612
425.400 0.1172 0.0777 0.8854
425.437 0.1123 0.0777 0.8911
425.481 0.1154 0.0798 0.9175
425.520 0.1149 0.0753 0.8826
425.561 0.1181 0.0753 0.8815
425.601 0.1198 0.0723 0.8912
425.641 0.1202 0.0779 0.8508
425.681 0.1220 0.0745 0.8668
425.721 0.1249 0.0733 0.8668
425.761 0.1317 0.0712 0.8548
425.801 0.1333 0.0735 0.8699
425.842 0.1354 0.0737 0.8851
425.881 0.1359 0.0751 0.8598
425.923 0.1432 0.0748 0.8808
425.963 0.1443 0.0748 0.8863
426.003 0.1499 0.0748 0.8599
426.043 0.1498 0.0756 0.8665
426.080 0.1473 0.0760 0.8900
426.124 0.1491 0.0773 0.8601
426.164 0.1474 0.0742 0.8612
426.204 0.1461 0.0747 0.8612
426.243 0.1442 0.0717 0.8392
426.280 0.1400 0.0770 0.8883
426.325 0.1334 0.0770 0.8836
426.364 0.1319 0.0748 0.8992
426.404 0.1271 0.0736 0.8846
426.444 0.1263 0.0732 0.9049
426.484 0.1244 0.0736 0.8696
426.525 0.1192 0.0730 0.8819
426.565 0.1217 0.0774 0.8349
426.605 0.1236 0.0723 0.8540
426.645 0.1272 0.0718 0.8975
426.684 0.1283 0.0708 0.8835
426.724 0.1317 0.0772 0.8593
426.765 0.1351 0.0730 0.9032
426.806 0.1420 0.0762 0.8661
426.846 0.1467 0.0756 0.8785
426.885 0.1495 0.0734 0.8756
426.924 0.1517 0.0759 0.8832
426.967 0.1523 0.0757 0.9082
427.007 0.1548 0.0761 0.8868
427.047 0.1582 0.0767 0.8971
427.087 0.1627 0.0733 0.8685
427.124 0.1614 0.0742 0.9012
427.168 0.1634 0.0745 0.8890
427.208 0.1615 0.0712 0.9421
427.248 0.1637 0.0763 0.8739
427.288 0.1677 0.0734 0.8799
427.328 0.1660 0.0720 0.8885
427.369 0.1624 0.0747 0.8766
427.409 0.1625 0.0784 0.8633
427.449 0.1616 0.0749 0.9139
427.489 0.1595 0.0765 0.9107
427.528 0.1624 0.0743 0.9015
427.568 0.1600 0.0798 0.8464
427.609 0.1608 0.0761 0.8450
427.649 0.1582 0.0757 0.8862
427.689 0.1612 0.0747 0.9092
427.729 0.1594 0.0740 0.9092
427.766 0.1557 0.0746 0.8858
427.810 0.1532 0.0766 0.8655
427.850 0.1567 0.0776 0.9013
427.890 0.1601 0.0761 0.9064
427.929 0.1596 0.0741 0.8847
427.967 0.1601 0.0742 0.8608
428.011 0.1571 0.0737 0.8782
428.050 0.1508 0.0764 0.8608
428.092 0.1457 0.0763 0.8878
428.131 0.1478 0.0772 0.8782
428.172 0.1408 0.0768 0.8578
428.212 0.1342 0.0778 0.8420
428.252 0.1281 0.0751 0.8743
428.292 0.1219 0.0782 0.9293
428.332 0.1166 0.0771 0.8569
428.372 0.1117 0.0776 0.8936
428.411 0.1061 0.0752 0.8846
428.452 0.1044 0.0752 0.8686
428.493 0.1003 0.0756 0.8565
428.533 0.1007 0.0781 0.8446
428.572 0.1067 0.0737 0.8728
428.610 0.1042 0.0692 0.8588
428.654 0.1044 0.0671 0.8675
428.693 0.1089 0.0726 0.8475
428.734 0.1123 0.0710 0.8474
428.773 0.1191 0.0725 0.8541
428.810 0.1226 0.0719 0.8543
428.855 0.1249 0.0679 0.8413
428.896 0.1288 0.0715 0.8464
428.934 0.1316 0.0719 0.8963
428.974 0.1372 0.0734 0.8815
429.014 0.1442 0.0729 0.9008
429.055 0.1434 0.0678 0.8975
429.095 0.1453 0.0659 0.8829
429.135 0.1480 0.0731 0.8313
429.175 0.1536 0.0762 0.8613
429.215 0.1604 0.0746 0.8589
429.255 0.1643 0.0716 0.8583
429.296 0.1680 0.0719 0.8495
429.337 0.1684 0.0760 0.8733
429.376 0.1683 0.0754 0.8793
429.416 0.1710 0.0765 0.9087
429.454 0.1660 0.0728 0.8473
429.498 0.1664 0.0710 0.9247
429.537 0.1641 0.0710 0.9174
429.578 0.1633 0.0718 0.9178
429.617 0.1682 0.0728 0.9186
429.654 0.1710 0.0693 0.9189
429.698 0.1725 0.0693 0.9036
429.738 0.1692 0.0696 0.9012
429.778 0.1659 0.0698 0.8974
429.818 0.1691 0.0699 0.8814
429.858 0.1757 0.0725 0.9099
429.899 0.1766 0.0720 0.9414
429.938 0.1812 0.0692 0.9075
429.979 0.1801 0.0698 0.9081
430.019 0.1790 0.0704 0.9005
430.058 0.1777 0.0704 0.9151
430.097 0.1756 0.0707 0.8848
430.139 0.1717 0.0676 0.9011
430.179 0.1681 0.0687 0.9067
430.219 0.1672 0.0716 0.9067
430.259 0.1709 0.0736 0.9179
430.297 0.1708 0.0722 0.8881
430.341 0.1706 0.0717 0.9382
430.381 0.1616 0.0695 0.9146
430.421 0.1589 0.0715 0.9186
430.461 0.1575 0.0715 0.8925
430.497 0.1569 0.0736 0.8928
430.542 0.1581 0.0710 0.9211
430.581 0.1571 0.0695 0.8912
430.621 0.1538 0.0713 0.9183
430.661 0.1503 0.0713 0.9312
430.701 0.1485 0.0744 0.9303
430.742 0.1440 0.0737 0.9110
430.782 0.1403 0.0715 0.8985
430.822 0.1349 0.0723 0.9094
430.862 0.1404 0.0720 0.9008
430.902 0.1436 0.0753 0.8598
430.942 0.1459 0.0730 0.8934
430.983 0.1472 0.0738 0.9182
431.023 0.1530 0.0711 0.9023
431.063 0.1547 0.0725 0.9039
431.103 0.1579 0.0738 0.9309
431.140 0.1549 0.0731 0.9492
431.184 0.1556 0.0752 0.9312
431.224 0.1566 0.0738 0.8875
431.264 0.1572 0.0709 0.8850
431.303 0.1591 0.0733 0.8766
431.341 0.1567 0.0737 0.9406
431.385 0.1539 0.0762 0.9162
431.425 0.1516 0.0759 0.8967
431.465 0.1498 0.0752 0.9285
431.505 0.1430 0.0795 0.8935
431.545 0.1393 0.0787 0.8805
431.586 0.1314 0.0787 0.9075
431.625 0.1320 0.0784 0.9238
431.666 0.1306 0.0764 0.8868
431.706 0.1279 0.0775 0.8848
431.745 0.1259 0.0767 0.8948
431.785 0.1194 0.0784 0.8894
431.826 0.1189 0.0782 0.8926
431.866 0.1194 0.0768 0.8926
431.906 0.1164 0.0753 0.9004
431.946 0.1146 0.0783 0.8812
431.984 0.1174 0.0776 0.8792
432.028 0.1184 0.0750 0.8725
432.067 0.1206 0.0761 0.8832
432.107 0.1257 0.0751 0.8924
432.146 0.1313 0.0734 0.8837
432.184 0.1317 0.0740 0.9141
432.228 0.1308 0.0761 0.9055
432.267 0.1361 0.0780 0.8825
432.308 0.1399 0.0763 0.9229
432.348 0.1391 0.0742 0.9021
432.387 0.1398 0.0740 0.9021
432.428 0.1438 0.0768 0.8568
432.468 0.1430 0.0775 0.8979
432.508 0.1443 0.0754 0.9388
432.549 0.1471 0.0754 0.9604
432.589 0.1442 0.0774 0.8834
432.628 0.1386 0.0776 0.8969
432.670 0.1378 0.0788 0.9179
432.710 0.1405 0.0783 0.9339
432.750 0.1408 0.0770 0.9056
432.790 0.1420 0.0765 0.8815
432.827 0.1373 0.0765 0.8799
432.871 0.1380 0.0753 0.9561
432.911 0.1383 0.0792 0.8963
432.951 0.1417 0.0782 0.9056
432.990 0.1433 0.0766 0.8987
433.027 0.1426 0.0780 0.9153
433.072 0.1436 0.0772 0.8982
433.111 0.1431 0.0794 0.8825
433.151 0.1412 0.0756 0.9109
433.191 0.1397 0.0762 0.9110
433.231 0.1418 0.0739 0.9270
433.272 0.1399 0.0737 0.8965
433.312 0.1496 0.0730 0.8937
433.352 0.1572 0.0758 0.9259
433.392 0.1603 0.0764 0.9171
433.431 0.1636 0.0740 0.9171
433.471 0.1632 0.0746 0.9284
433.512 0.1656 0.0742 0.9224
433.552 0.1708 0.0786 0.9312
433.592 0.1719 0.0773 0.8966
433.633 0.1764 0.0766 0.9097
433.670 0.1778 0.0737 0.9033
433.714 0.1790 0.0760 0.8911
433.754 0.1797 0.0761 0.9321
433.794 0.1742 0.0729 0.9329
433.834 0.1682 0.0753 0.9005
433.871 0.1676 0.0761 0.8778
433.915 0.1664 0.0748 0.9174
433.955 0.1662 0.0766 0.9625
433.995 0.1651 0.0777 0.9451
434.035 0.1584 0.0759 0.9195
434.075 0.1566 0.0771 0.8951
434.116 0.1541 0.0754 0.8782
434.155 0.1547 0.0784 0.9091
434.196 0.1537 0.0784 0.8852
434.235 0.1517 0.0782 0.9136
434.275 0.1537 0.0766 0.9246
434.315 0.1526 0.0757 0.8922
434.356 0.1501 0.0763 0.9136
434.396 0.1482 0.0787 0.8892
434.436 0.1465 0.0766 0.8858
434.476 0.1450 0.0780 0.9425
434.513 0.1393 0.0738 0.9172
434.557 0.1359 0.0746 0.8778
434.597 0.1338 0.0738 0.8998
434.637 0.1313 0.0787 0.9033
434.676 0.1280 0.0781 0.9282
434.714 0.1258 0.0761 0.9282
434.758 0.1222 0.0757 0.8738
434.798 0.1269 0.0782 0.9008
434.839 0.1307 0.0767 0.8998
434.878 0.1327 0.0767 0.8948
434.919 0.1342 0.0778 0.8910
434.959 0.1330 0.0749 0.8998
434.999 0.1405 0.0769 0.9077
435.039 0.1452 0.0778 0.9268
435.079 0.1546 0.0806 0.9067
435.118 0.1582 0.0799 0.9067
435.158 0.1631 0.0760 0.8964
435.199 0.1696 0.0752 0.9204
435.240 0.1747 0.0742 0.9217
435.280 0.1701 0.0773 0.9078
435.319 0.1672 0.0761 0.9075
435.356 0.1644 0.0743 0.9121
435.401 0.1594 0.0757 0.8815
435.440 0.1586 0.0758 0.9107
435.480 0.1566 0.0805 0.9343
435.520 0.1586 0.0828 0.9145
435.557 0.1547 0.0792 0.9365
435.601 0.1519 0.0792 0.9159
435.641 0.1522 0.0769 0.9050
435.681 0.1519 0.0742 0.9472
435.721 0.1511 0.0799 0.9251
435.760 NaN 0.0786 0.9452
435.800 NaN 0.0787 0.9171
435.842 NaN 0.0767 0.9594
435.883 NaN 0.0765 0.8830
435.923 NaN 0.0802 0.9040
435.962 NaN 0.0809 0.9177
436.002 NaN 0.0815 0.9322
436.043 NaN 0.0792 0.8867
