545.761 NaN 0.0982 0.9422
545.801 NaN 0.0973 0.9421
545.842 NaN 0.0976 0.8907
545.879 NaN 0.0986 0.9157
545.923 NaN 0.0989 0.9274
545.963 NaN 0.1008 0.9160
546.003 NaN 0.1037 0.9247
546.042 0.1296 0.0992 0.9523
546.080 0.1307 0.0996 0.9176
546.124 0.1394 0.0993 0.9112
546.163 0.1414 0.0976 0.9449
546.203 0.1462 0.0987 0.9377
546.243 0.1495 0.0997 0.9064
546.283 0.1525 0.0995 0.9215
546.324 0.1548 0.0984 0.9234
546.364 0.1534 0.1005 0.9080
546.404 0.1482 0.0995 0.8997
546.444 0.1441 0.0997 0.9149
546.483 0.1438 0.1014 0.9422
546.523 0.1470 0.1007 0.8901
546.564 0.1481 0.1003 0.8943
546.605 0.1483 0.0992 0.9011
546.645 0.1471 0.0996 0.9220
546.684 0.1447 0.1004 0.9044
546.722 0.1433 0.0974 0.9125
546.766 0.1488 0.0993 0.9125
546.806 0.1524 0.0980 0.8800
546.846 0.1536 0.0989 0.8939
546.885 0.1578 0.1004 0.9102
546.924 0.1608 0.0995 0.9172
546.967 0.1606 0.1016 0.9072
547.007 0.1584 0.1019 0.9112
547.047 0.1590 0.1002 0.8971
547.087 0.1542 0.1014 0.9109
547.126 0.1529 0.1005 0.9294
547.168 0.1540 0.0993 0.9288
547.208 0.1545 0.0990 0.9281
547.248 0.1520 0.0958 0.9236
547.288 0.1457 0.0989 0.9344
547.327 0.1408 0.0989 0.9146
547.367 0.1382 0.0993 0.9126
547.408 0.1411 0.0961 0.9155
547.448 0.1460 0.0945 0.9115
547.488 0.1495 0.0974 0.9298
547.528 0.1492 0.0985 0.9177
547.566 0.1497 0.0981 0.9126
547.610 0.1519 0.0971 0.9448
547.649 0.1507 0.0958 0.9438
547.689 0.1530 0.0960 0.9045
547.729 0.1521 0.0974 0.9628
547.766 0.1536 0.1006 0.9731
547.810 0.1547 0.0988 0.9363
547.850 0.1572 0.0970 0.9799
547.890 0.1533 0.0983 0.9519
547.929 0.1487 0.0940 0.9565
547.969 0.1449 0.0958 0.9475
548.010 0.1423 0.0995 0.9508
548.051 0.1411 0.0953 0.9508
548.091 0.1376 0.0897 0.9778
548.131 0.1370 0.0897 0.9459
548.171 0.1329 0.0965 0.9434
548.210 0.1333 0.0955 0.9585
548.252 0.1313 0.0949 0.9638
548.292 0.1336 0.0914 0.9604
548.332 0.1355 0.0902 0.9251
548.372 0.1414 0.0929 0.9412
548.409 0.1437 0.0932 0.9396
548.453 0.1433 0.0948 0.9541
548.493 0.1407 0.0952 0.9236
548.533 0.1442 0.0953 0.9216
548.573 0.1507 0.0947 0.8835
548.609 0.1543 0.0984 0.9139
548.654 0.1567 0.0995 0.9282
548.693 0.1565 0.0994 0.9342
548.734 0.1537 0.1003 0.9072
548.773 0.1514 0.0998 0.9012
548.813 0.1492 0.0996 0.8931
548.854 0.1458 0.0988 0.9097
548.894 0.1445 0.1014 0.9050
548.934 0.1422 0.1033 0.8734
548.974 0.1446 0.0976 0.9179
549.014 0.1462 0.1005 0.9179
549.053 0.1441 0.1085 0.9290
549.094 0.1399 0.1008 0.9204
549.135 0.1341 0.1021 0.9696
549.175 0.1337 0.0999 0.9536
549.215 0.1347 0.1024 0.9441
549.253 0.1366 0.1018 0.9485
549.297 0.1394 0.1025 0.9586
549.336 0.1403 0.1004 0.9470
549.376 0.1394 0.1041 0.9169
549.416 0.1385 0.1024 0.9386
549.453 0.1394 0.1019 0.9352
549.497 0.1354 0.0995 0.9559
549.537 0.1305 0.0995 0.9547
549.577 0.1280 0.0987 0.9788
549.617 0.1309 0.0940 0.9544
549.657 0.1322 0.0989 0.9420
549.698 0.1306 0.0989 0.9430
549.738 0.1290 0.0957 0.9522
549.778 0.1309 0.0987 0.9356
549.818 0.1317 0.0938 0.9344
549.857 0.1314 0.0937 0.9250
549.897 0.1324 0.0926 0.9216
549.938 0.1341 0.0936 0.8969
549.978 0.1340 0.0939 0.9095
550.018 0.1362 0.0890 0.9112
550.058 0.1385 0.0890 0.9525
550.096 0.1417 0.0915 0.9192
550.139 0.1436 0.0899 0.9043
550.179 0.1452 0.0936 0.9007
550.219 0.1487 0.0901 0.9167
550.259 0.1469 0.0892 0.9333
550.297 0.1441 0.0879 0.9258
550.341 0.1417 0.0881 0.8986
550.380 0.1438 0.0933 0.8936
550.421 0.1447 0.0923 0.8968
550.460 0.1471 0.0906 0.9097
550.501 0.1524 0.0901 0.9131
550.541 0.1547 0.0889 0.9073
550.581 0.1588 0.0901 0.8869
550.621 0.1580 0.0926 0.9186
550.661 0.1595 0.0943 0.8772
550.701 0.1617 0.0894 0.8836
550.740 0.1677 0.0908 0.8722
550.782 0.1717 0.0903 0.9093
550.822 0.1760 0.0939 0.9472
550.862 0.1807 0.0948 0.9137
550.902 0.1851 0.0939 0.8830
550.939 0.1859 0.0965 0.9396
550.983 0.1834 0.0959 0.9468
551.022 0.1822 0.0973 0.8959
551.063 0.1768 0.0960 0.8837
551.102 0.1726 0.0972 0.9084
551.140 0.1684 0.0960 0.9260
551.184 0.1653 0.0966 0.9257
551.223 0.1601 0.0971 0.9161
551.263 0.1548 0.0998 0.9263
551.303 0.1520 0.1001 0.9323
551.343 0.1475 0.0991 0.9233
551.384 0.1424 0.0983 0.9079
551.425 0.1410 0.1003 0.8761
551.465 0.1409 0.1022 0.8897
551.505 0.1434 0.0985 0.9170
551.544 0.1420 0.0985 0.9010
551.584 0.1425 0.1032 0.8960
551.625 0.1446 0.1055 0.9011
551.665 0.1459 0.0986 0.9195
551.705 0.1461 0.1053 0.9163
551.745 0.1469 0.1001 0.9087
551.782 0.1470 0.1001 0.9035
551.827 0.1507 0.0999 0.9253
551.866 0.1477 0.1003 0.8632
551.906 0.1443 0.0987 0.9173
551.946 0.1440 0.1011 0.9092
551.983 0.1427 0.1033 0.9298
552.028 0.1457 0.1000 0.9067
552.067 0.1453 0.0988 0.8606
552.107 0.1484 0.0954 0.9450
552.146 0.1466 0.0989 0.9450
552.187 0.1429 0.0992 0.9164
552.228 0.1406 0.0989 0.9400
552.267 0.1383 0.0992 0.9394
552.307 0.1326 0.0963 0.9135
552.348 0.1280 0.0969 0.9106
552.387 0.1283 0.0989 0.9347
552.426 0.1257 0.0960 0.9123
552.468 0.1234 0.0942 0.9273
552.508 0.1186 0.0942 0.9593
552.549 0.1228 0.0954 0.9557
552.589 0.1214 0.0957 0.9369
552.626 0.1190 0.0955 0.9406
552.671 0.1204 0.0968 0.9227
552.710 0.1216 0.0930 0.9432
552.750 0.1188 0.0933 0.9432
552.790 0.1178 0.0961 0.9552
552.827 0.1208 0.1006 0.9360
552.871 0.1196 0.0980 0.9582
552.910 0.1219 0.0977 0.9356
552.950 0.1215 0.0964 0.9515
552.990 0.1237 0.0975 0.9636
553.031 0.1181 0.1030 0.9685
553.071 0.1113 0.1018 0.9388
553.111 0.1103 0.1021 0.9392
553.151 0.1100 0.1005 0.9367
553.191 0.1081 0.1009 0.9541
553.230 0.1107 0.0977 0.9510
553.270 0.1124 0.1021 0.9667
553.312 0.1112 0.1006 0.9623
553.352 0.1103 0.1004 0.9311
553.392 0.1104 0.1017 0.9223
553.431 0.1100 0.0992 0.9230
553.469 0.1058 0.1016 0.9007
553.513 0.1053 0.1030 0.8976
553.552 0.1078 0.1012 0.8866
553.592 0.1075 0.1003 0.8752
553.632 0.1106 0.1022 0.8689
553.670 0.1124 0.1020 0.9089
553.714 0.1116 0.1094 0.9280
553.754 0.1117 0.1096 0.9149
553.794 0.1092 0.1059 0.8846
553.834 0.1076 0.1050 0.8856
553.874 0.1032 0.1045 0.8920
553.914 0.0989 0.1110 0.9203
553.955 0.0966 0.1103 0.8891
553.995 0.0942 0.1061 0.8826
554.035 0.0872 0.1029 0.8942
554.249 0.0517 0.1078 0.8479
554.274 0.0505 0.1086 0.8761
554.315 0.0517 0.1051 0.8764
554.355 0.0544 0.1087 0.8501
554.396 0.0553 0.1060 0.8697
554.435 0.0568 0.1062 0.8697
554.473 0.0591 0.1046 0.8791
554.517 0.0627 0.1006 0.8589
554.556 0.0648 0.1010 0.8773
554.596 0.0693 0.1048 0.8568
554.636 0.0747 0.1023 0.8818
554.675 0.0793 0.1075 0.8914
554.717 0.0841 0.0978 0.8690
554.758 0.0862 0.0983 0.8810
554.798 0.0888 0.1016 0.9233
554.838 0.0890 0.1065 0.9042
554.878 0.0885 0.0994 0.8995
554.918 0.0863 0.0999 0.8880
554.959 0.0815 0.0982 0.8745
554.999 0.0811 0.0983 0.8999
555.039 0.0790 0.0995 0.8999
555.078 0.0777 0.0996 0.8519
555.118 0.0784 0.0975 0.8829
555.159 0.0742 0.0971 0.8595
555.199 0.0697 0.1004 0.8952
555.239 0.0630 0.0991 0.8985
555.280 0.0597 0.0993 0.8772
555.317 0.0554 0.1010 0.8635
555.360 0.0504 0.1007 0.8646
555.400 0.0464 0.1022 0.8762
555.440 0.0477 0.0978 0.8947
555.480 0.0440 0.0984 0.8742
555.517 0.0403 0.0969 0.8819
555.561 0.0377 0.0990 0.8637
555.601 0.0315 0.0945 0.8819
555.641 0.0323 0.0968 0.8829
555.712 0.0337 0.0999 0.9142
555.760 0.0383 0.0998 0.8979
555.801 0.0382 0.0999 0.8382
555.842 0.0366 0.0986 0.8741
555.882 0.0397 0.0999 0.8745
555.922 0.0404 0.0992 0.8955
555.962 0.0395 0.0983 0.9223
556.001 0.0412 0.0999 0.8727
556.042 0.0417 0.1004 0.8825
556.083 0.0433 0.0993 0.8839
556.123 0.0428 0.1017 0.8835
556.162 0.0444 0.0974 0.9108
556.200 0.0440 0.0996 0.9089
556.244 0.0427 0.0987 0.9089
556.284 0.0415 0.0979 0.8886
556.324 0.0441 0.0987 0.8963
556.363 0.0439 0.0975 0.9094
556.400 0.0439 0.0975 0.9094
556.444 0.0468 0.0968 0.8996
556.484 0.0491 0.0973 0.9034
556.524 0.0501 0.0988 0.9081
556.564 0.0507 0.0970 0.9102
556.604 0.0510 0.0982 0.8971
556.645 0.0532 0.0938 0.9111
556.685 0.0554 0.0945 0.9111
556.725 0.0574 0.0952 0.9101
556.765 0.0581 0.0964 0.9447
556.804 0.0581 0.0962 0.8982
556.844 0.0584 0.0947 0.9265
556.885 0.0602 0.0919 0.9025
556.925 0.0589 0.0933 0.9045
556.967 0.0575 0.0927 0.9328
557.006 0.0572 0.0926 0.9119
557.043 0.0544 0.0914 0.9502
557.088 0.0540 0.0929 0.9327
557.127 0.0520 0.0921 0.9317
557.167 0.0505 0.0919 0.9160
557.207 0.0466 0.0934 0.9093
557.245 0.0449 0.0914 0.9430
557.288 0.0443 0.0927 0.9112
557.328 0.0440 0.0906 0.9260
557.368 0.0432 0.0904 0.9152
557.408 0.0436 0.0925 0.9404
557.448 0.0430 0.0951 0.9128
557.488 0.0416 0.0928 0.9415
557.528 0.0443 0.0903 0.9377
557.569 0.0441 0.0942 0.9415
557.609 0.0464 0.0945 0.9066
557.648 0.0467 0.0955 0.9076
557.688 0.0458 0.0953 0.9066
557.729 0.0455 0.0928 0.9148
557.769 0.0450 0.0953 0.9066
557.809 0.0469 0.0914 0.8839
557.849 0.0477 0.0944 0.8757
557.887 0.0477 0.0950 0.9067
557.930 0.0466 0.0942 0.8959
557.970 0.0475 0.0923 0.8924
558.010 0.0464 0.0949 0.9043
558.050 0.0510 0.0973 0.8829
558.088 0.0534 0.0945 0.9327
558.132 0.0528 0.0945 0.9057
558.172 0.0552 0.0968 0.9143
558.212 0.0588 0.0969 0.8890
558.251 0.0608 0.0969 0.8890
558.291 0.0597 0.1024 0.8696
558.332 0.0588 0.0998 0.8739
558.372 0.0577 0.0982 0.8556
558.412 0.0624 0.0940 0.8509
558.452 0.0680 0.0951 0.8443
558.491 0.0750 0.0964 0.8832
558.531 0.0749 0.0964 0.8832
558.573 0.0709 0.0957 0.8922
558.613 0.0725 0.0926 0.9085
558.653 0.0742 0.0925 0.8912
558.693 0.0746 0.0904 0.8993
558.730 0.0755 0.0938 0.8995
558.774 0.0760 0.0947 0.8725
558.813 0.0769 0.0946 0.8789
558.854 0.0816 0.0951 0.8859
558.893 0.0815 0.0915 0.9075
558.931 0.0794 0.0932 0.8813
558.974 0.0748 0.0929 0.8897
559.014 0.0731 0.0925 0.9229
559.054 0.0748 0.0894 0.9023
559.094 0.0760 0.0880 0.9001
559.134 0.0788 0.0867 0.8854
559.175 0.0792 0.0918 0.8901
559.216 0.0806 0.0900 0.9169
559.256 0.0787 0.0925 0.9002
559.296 0.0807 0.0877 0.9277
559.335 0.0806 0.0866 0.9343
559.375 0.0781 0.0885 0.9011
559.416 0.0801 0.0909 0.9049
559.456 0.0813 0.0899 0.9218
559.496 0.0838 0.0873 0.9369
559.536 0.0866 0.0869 0.9082
559.574 0.0884 0.0899 0.9109
559.618 0.0890 0.0881 0.8979
559.657 0.0940 0.0858 0.8769
559.697 0.0939 0.0872 0.8991
559.737 0.0969 0.0852 0.9221
559.774 0.1020 0.0840 0.9229
559.818 0.1052 0.0855 0.9227
559.858 0.1101 0.0827 0.9546
559.898 0.1128 0.0815 0.9356
559.937 0.1129 0.0812 0.9027
559.978 0.1114 0.0792 0.8965
560.018 0.1109 0.0817 0.9092
560.058 0.1120 0.0814 0.9093
560.099 0.1088 0.0811 0.9099
560.139 0.1039 0.0800 0.8933
560.178 0.1014 0.0811 0.9071
560.217 0.0987 0.0809 0.9071
560.259 0.0942 0.0802 0.9011
560.300 0.0894 0.0802 0.9118
560.340 0.0858 0.0811 0.9118
560.380 0.0806 0.0812 0.9109
560.417 0.0794 0.0780 0.9109
560.461 0.0795 0.0765 0.9109
560.501 0.0776 0.0808 0.9577
560.541 0.0732 0.0800 0.9498
560.580 0.0713 0.0774 0.9326
560.618 0.0695 0.0777 0.9405
560.662 0.0650 0.0756 0.9429
560.701 0.0629 0.0776 0.9179
560.742 0.0623 0.0796 0.9203
560.781 0.0615 0.0766 0.9203
560.821 0.0610 0.0774 0.9252
560.862 0.0641 0.0770 0.9302
560.902 0.0637 0.0764 0.8973
560.942 0.0629 0.0778 0.9023
560.982 0.0636 0.0790 0.9284
561.021 0.0656 0.0768 0.9284
561.061 0.0669 0.0756 0.9661
561.102 0.0675 0.0740 0.9598
561.143 0.0718 0.0770 0.9424
561.183 0.0742 0.0777 0.9424
561.222 0.0796 0.0777 0.9576
561.260 0.0845 0.0769 0.9513
561.304 0.0883 0.0771 0.9334
561.346 0.0907 0.0771 0.9274
561.384 0.0946 0.0758 0.9314
561.424 0.0953 0.0779 0.9314
561.462 0.0964 0.0800 0.9494
561.505 0.0965 0.0744 0.9527
561.545 0.0958 0.0766 0.9527
561.585 0.0980 0.0766 0.9589
561.625 0.0971 0.0783 0.9455
561.665 0.0965 0.0780 0.9455
561.706 0.0939 0.0726 0.9228
561.746 0.0879 0.0711 0.9619
561.786 0.0837 0.0719 0.9333
561.826 0.0793 0.0724 0.9850
561.865 0.0777 0.0756 0.9965
561.905 0.0746 0.0747 0.9972
561.946 0.0716 0.0727 0.9970
561.986 0.0680 0.0729 0.9970
562.026 0.0677 0.0714 0.9536
562.066 0.0698 0.0759 0.9240
562.104 0.0715 0.0757 0.9488
562.148 0.0719 0.0733 0.9092
562.187 0.0724 0.0761 0.9367
562.227 0.0756 0.0768 0.8895
562.267 0.0764 0.0787 0.9408
562.304 0.0806 0.0791 0.9356
562.348 0.0824 0.0770 0.9581
562.388 0.0834 0.0766 0.9790
562.428 0.0866 0.0767 0.9650
562.467 0.0918 0.0790 0.9650
562.508 0.0945 0.0795 0.9434
562.549 0.0958 0.0772 0.9202
562.589 0.0930 0.0756 0.9374
562.630 0.0976 0.0751 0.9374
562.669 0.0984 0.0756 0.9488
562.709 0.0973 0.0771 0.9758
562.748 0.1017 0.0728 0.9358
562.790 0.1047 0.0766 0.9117
562.830 0.1056 0.0719 0.9289
562.870 0.1057 0.0731 0.9304
562.909 0.1057 0.0773 0.9191
562.947 0.1033 0.0771 0.9140
562.991 0.1065 0.0750 0.9341
563.031 0.1066 0.0743 0.9532
563.071 0.1162 0.0733 0.9565
563.110 0.1146 0.0730 0.9325
563.148 0.1080 0.0795 0.9680
563.192 0.1108 0.0764 0.9274
563.231 0.1082 0.0768 0.9584
563.272 0.1038 0.0765 0.9541
563.311 0.0991 0.0759 0.9451
563.351 0.0969 0.0760 0.9450
563.392 0.0955 0.0797 0.9312
563.432 0.0958 0.0778 0.9425
563.472 0.0921 0.0769 0.9198
563.512 0.0914 0.0739 0.9430
563.551 0.0820 0.0753 0.9425
563.592 0.0767 0.0749 0.9425
563.633 0.0822 0.0784 0.9301
563.674 0.0805 0.0758 0.9146
563.714 0.0789 0.0766 0.9399
563.753 0.0808 0.0736 0.9523
563.791 0.0803 0.0759 0.9523
563.835 0.0805 0.0782 0.9392
563.874 0.0809 0.0765 0.9642
563.914 0.0797 0.0761 0.9302
563.954 0.0773 0.0770 0.9216
563.991 0.0774 0.0767 0.9344
564.035 0.0788 0.0784 0.9043
564.075 0.0800 0.0778 0.9344
564.115 0.0780 0.0786 0.9430
564.155 0.0799 0.0753 0.9225
564.195 0.0812 0.0762 0.8875
564.235 0.0801 0.0767 0.9225
564.275 0.0801 0.0768 0.9408
564.316 0.0796 0.0745 0.9605
564.356 0.0791 0.0749 0.9056
564.395 0.0798 0.0747 0.9216
564.435 0.0817 0.0759 0.9216
564.476 0.0814 0.0789 0.8987
564.516 0.0807 0.0777 0.9268
564.556 0.0786 0.0762 0.9167
564.596 0.0775 0.0739 0.9377
564.634 0.0751 0.0768 0.9174
564.678 0.0768 0.0772 0.9122
564.717 0.0753 0.0769 0.9122
564.758 0.0780 0.0778 0.9291
564.798 0.0789 0.0762 0.9291
564.835 0.0800 0.0767 0.9053
564.879 0.0761 0.0781 0.9113
564.919 0.0729 0.0800 0.9122
564.959 0.0715 0.0797 0.9045
564.998 0.0687 0.0783 0.9219
565.038 0.0669 0.0777 0.8986
565.079 0.0684 0.0790 0.8681
565.119 0.0671 0.0785 0.9247
565.159 0.0672 0.0772 0.9119
565.199 0.0656 0.0788 0.8969
565.239 0.0623 0.0782 0.8987
565.278 0.0618 0.0743 0.8719
565.319 0.0588 0.0757 0.8793
565.360 0.0590 0.0765 0.8949
565.400 0.0651 0.0756 0.8968
565.440 0.0690 0.0745 0.8996
565.480 0.0706 0.0724 0.9032
565.521 0.0783 0.0713 0.9058
565.560 0.0778 0.0762 0.8900
565.600 0.0820 0.0773 0.9027
565.640 0.0838 0.0773 0.9254
565.678 0.0866 0.0747 0.8999
565.721 0.0913 0.0750 0.8869
565.761 0.0947 0.0762 0.9490
565.801 0.1040 0.0771 0.9468
565.842 0.1124 0.0759 0.9468
565.882 0.1162 0.0769 0.9435
565.923 0.1150 0.0758 0.9082
565.962 0.1175 0.0761 0.8857
566.003 0.1196 0.0769 0.9243
566.043 0.1193 0.0798 0.9407
566.082 0.1203 0.0798 0.9472
566.122 0.1201 0.0816 0.9561
566.163 0.1224 0.0794 0.9239
566.203 0.1244 0.0792 0.9259
566.243 0.1265 0.0792 0.9055
566.283 0.1208 0.0782 0.9145
566.320 0.1202 0.0793 0.9720
566.365 0.1156 0.0796 0.9102
566.404 0.1132 0.0792 0.9283
566.444 0.1179 0.0791 0.9043
566.484 0.1170 0.0793 0.9008
566.521 0.1163 0.0793 0.9241
566.564 0.1147 0.0799 0.9368
566.605 0.1151 0.0773 0.9149
566.645 0.1188 0.0767 0.9381
566.684 0.1198 0.0800 0.9206
566.723 0.1170 0.0802 0.8929
566.766 0.1178 0.0773 0.8903
566.805 0.1145 0.0767 0.8863
566.845 0.1135 0.0763 0.9032
566.885 0.1149 0.0792 0.9239
566.925 0.1140 0.0805 0.9711
566.965 0.1102 0.0789 0.9669
567.007 0.1075 0.0796 0.8999
567.047 0.1069 0.0767 0.8999
567.087 0.1080 0.0807 0.9242
567.127 0.1010 0.0810 0.9189
567.164 0.0966 0.0807 0.8988
567.207 0.0935 0.0808 0.9593
567.248 0.0944 0.0810 0.9159
567.288 0.0951 0.0808 0.9089
567.327 0.0956 0.0800 0.9249
567.365 0.0959 0.0828 0.9309
567.409 0.0925 0.0838 0.9397
567.448 0.0937 0.0815 0.9514
567.488 0.0940 0.0826 0.9127
567.528 0.0986 0.0858 0.9027
567.567 0.0981 0.0846 0.9143
567.608 0.0962 0.0859 0.9192
567.649 0.0964 0.0858 0.9193
567.689 0.1000 0.0850 0.9518
567.729 0.1018 0.0852 0.9518
567.768 0.1033 0.0852 0.9248
567.808 0.0991 0.0826 0.9295
567.849 0.0940 0.0834 0.9379
567.890 0.0987 0.0842 0.9235
567.930 0.0997 0.0841 0.9323
567.969 0.1007 0.0854 0.9001
568.008 0.0962 0.0853 0.8925
568.050 0.0910 0.0856 0.8875
568.091 0.0909 0.0856 0.8875
568.131 0.0953 0.0840 0.9106
568.171 0.0930 0.0826 0.9126
568.208 0.0912 0.0835 0.9122
568.251 0.0839 0.0827 0.8955
568.292 0.0853 0.0808 0.8795
568.332 0.0883 0.0831 0.9261
568.372 0.0877 0.0804 0.9146
568.410 0.0856 0.0835 0.8973
568.451 0.0844 0.0819 0.9161
568.492 0.0853 0.0824 0.8911
568.533 0.0850 0.0817 0.8973
568.573 0.0884 0.0783 0.9372
568.612 0.0889 0.0780 0.9258
568.652 0.0849 0.0821 0.9299
568.693 0.0801 0.0813 0.9177
568.733 0.0827 0.0799 0.9206
568.773 0.0801 0.0789 0.8996
568.813 0.0798 0.0791 0.9116
568.850 0.0782 0.0806 0.9073
568.893 0.0794 0.0801 0.9134
568.934 0.0778 0.0828 0.9269
568.974 0.0786 0.0791 0.9162
569.013 0.0806 0.0800 0.9429
569.050 0.0793 0.0800 0.9183
569.094 0.0764 0.0826 0.9183
569.134 0.0759 0.0847 0.8951
569.175 0.0789 0.0824 0.9532
569.215 0.0803 0.0814 0.9130
569.254 0.0819 0.0811 0.9086
569.296 0.0816 0.0810 0.9415
569.336 0.0824 0.0821 0.9465
569.376 0.0772 0.0815 0.9742
569.416 0.0760 0.0810 0.9228
569.455 0.0740 0.0810 0.9228
569.495 0.0705 0.0795 0.9080
569.537 0.0738 0.0801 0.8903
569.577 0.0759 0.0829 0.9406
569.617 0.0773 0.0814 0.9146
569.657 0.0783 0.0832 0.8912
569.694 0.0762 0.0832 0.8837
569.738 0.0787 0.0816 0.9216
569.777 0.0811 0.0830 0.9437
569.818 0.0826 0.0818 0.9387
569.857 0.0830 0.0817 0.9151
569.894 0.0852 0.0806 0.9041
569.939 0.0857 0.0811 0.9486
569.978 0.0887 0.0837 0.9532
570.018 0.0898 0.0828 0.9235
570.058 0.0859 0.0825 0.9412
570.097 0.0873 0.0819 0.9412
570.143 0.0854 0.0794 0.9047
570.179 0.0905 0.0794 0.9072
570.219 0.0899 0.0864 0.9268
570.259 0.0878 0.0835 0.9180
570.299 0.0847 0.0807 0.9151
570.339 0.0893 0.0793 0.9151
570.380 0.0926 0.0799 0.9310
570.420 0.0944 0.0792 0.9511
570.461 0.0952 0.0812 0.8989
570.500 0.0907 0.0793 0.9133
570.537 0.0897 0.0789 0.9043
570.582 0.0896 0.0785 0.9118
570.621 0.0912 0.0792 0.9501
570.661 0.0912 0.0792 0.9493
570.700 0.0879 0.0803 0.9328
570.738 0.0827 0.0786 0.9644
570.781 0.0840 0.0764 0.9312
570.822 0.0842 0.0773 0.9399
570.862 0.0819 0.0750 0.8831
570.902 0.0798 0.0788 0.9412
570.941 0.0758 0.0779 0.9322
570.982 0.0738 0.0763 0.9465
571.022 0.0812 0.0776 0.9375
571.062 0.0813 0.0764 0.9465
571.103 0.0813 0.0782 0.9056
571.142 0.0775 0.0805 0.9371
571.182 0.0756 0.0803 0.9295
571.223 0.0816 0.0751 0.9648
571.263 0.0843 0.0744 0.9714
571.303 0.0842 0.0778 0.9639
571.343 0.0826 0.0804 0.9512
571.381 0.0816 0.0782 0.9283
571.425 0.0848 0.0751 0.8902
571.465 0.0878 0.0756 0.9451
571.505 0.0824 0.0744 0.9376
571.544 0.0824 0.0817 0.9237
571.582 0.0855 0.0826 0.9376
571.626 0.0886 0.0791 0.9082
571.665 0.0890 0.0753 0.9343
571.705 0.0882 0.0782 0.9343
571.745 0.0919 0.0781 0.9177
571.784 0.0946 0.0768 0.9820
571.826 0.0932 0.0787 0.9846
571.866 0.0963 0.0759 0.9636
571.906 0.0963 0.0738 0.9452
571.946 0.0982 0.0751 0.9492
571.985 0.1043 0.0781 0.9487
572.025 0.1059 0.0803 0.9402
572.067 0.1056 0.0771 0.9718
572.107 0.1027 0.0745 0.9458
572.147 0.1054 0.0746 0.9247
572.186 0.1106 0.0751 0.9269
572.224 0.1086 0.0744 0.9455
572.268 0.1025 0.0751 0.9403
572.307 0.1033 0.0725 0.9624
572.348 0.1056 0.0725 0.9572
572.387 0.1096 0.0740 0.9266
572.425 0.1130 0.0766 0.9455
572.467 0.1158 0.0767 0.9341
572.508 0.1172 0.0741 0.9057
572.550 0.1197 0.0737 0.9164
572.589 0.1220 0.0737 0.9714
572.628 0.1231 0.0727 0.9451
572.668 0.1213 0.0762 0.9846
572.710 0.1191 0.0765 0.9133
572.750 0.1207 0.0751 0.9334
572.790 0.1202 0.0735 0.9291
572.829 0.1230 0.0734 0.9586
572.869 0.1190 0.0782 0.9401
572.910 0.1135 0.0763 0.9349
572.950 0.1116 0.0784 0.9616
572.990 0.1090 0.0779 0.9490
573.030 0.1126 0.0710 0.9845
573.067 0.1117 0.0781 0.9581
573.111 0.1148 0.0801 0.9479
573.151 0.1118 0.0792 0.9366
573.191 0.1160 0.0774 0.9418
573.231 0.1169 0.0785 0.9627
573.268 0.1205 0.0775 0.9546
573.312 0.1188 0.0789 0.9385
573.352 0.1191 0.0778 0.9473
573.392 0.1219 0.0777 0.9257
573.431 0.1241 0.0771 0.9306
573.470 0.1273 0.0757 0.9257
573.511 0.1239 0.0775 0.9673
573.552 0.1229 0.0767 0.9636
573.592 0.1180 0.0775 0.9314
573.633 0.1189 0.0768 0.9306
573.673 0.1171 0.0772 0.9306
573.712 0.1135 0.0760 0.9226
573.754 0.1136 0.0774 0.9386
573.794 0.1098 0.0766 0.9505
573.834 0.1033 0.0762 0.9001
573.873 0.1027 0.0764 0.8741
573.911 0.0982 0.0764 0.8939
573.955 0.0969 0.0764 0.9082
573.995 0.0972 0.0764 0.9333
574.035 0.0967 0.0774 0.9408
574.074 0.0970 0.0743 0.9091
574.111 0.0999 0.0748 0.9058
574.154 0.1026 0.0754 0.9172
574.195 0.1065 0.0749 0.9038
574.235 0.1076 0.0775 0.9325
574.275 0.1118 0.0754 0.9159
574.314 0.1201 0.0750 0.9459
574.355 0.1257 0.0747 0.9210
574.395 0.1284 0.0747 0.9097
574.436 0.1284 0.0769 0.9207
574.476 0.1258 0.0788 0.9307
574.515 0.1276 0.0788 0.9295
574.555 0.1263 0.0773 0.9556
574.596 0.1228 0.0783 0.9102
574.637 0.1179 0.0782 0.8942
574.677 0.1120 0.0785 0.9342
574.717 0.1071 0.0779 0.9393
574.755 0.1049 0.0776 0.9538
574.798 0.0976 0.0782 0.9328
574.838 0.0928 0.0771 0.9212
574.878 0.0900 0.0812 0.9342
574.918 0.0881 0.0812 0.9306
574.955 0.0879 0.0792 0.9310
574.998 0.0826 0.0782 0.8739
575.039 0.0803 0.0770 0.8848
575.079 0.0816 0.0793 0.9219
575.119 0.0810 0.0801 0.9219
575.158 0.0827 0.0764 0.9370
575.198 0.0850 0.0762 0.9498
575.239 0.0812 0.0770 0.9217
575.280 0.0811 0.0766 0.9529
575.319 0.0796 0.0785 0.9356
575.359 0.0756 0.0775 0.9258
575.399 0.0701 0.0766 0.9330
575.440 0.0665 0.0786 0.9316
575.480 0.0619 0.0787 0.9409
575.520 0.0616 0.0796 0.9279
575.560 0.0580 0.0795 0.9315
575.597 0.0579 0.0803 0.9051
575.642 0.0581 0.0803 0.8923
575.681 0.0570 0.0790 0.8776
575.721 0.0581 0.0798 0.8638
575.760 0.0583 0.0826 0.9188
575.798 0.0590 0.0826 0.9188
575.842 0.0560 0.0824 0.8997
575.882 0.0565 0.0786 0.9049
575.923 0.0542 0.0817 0.8970
575.962 0.0535 0.0812 0.9156
576.002 0.0525 0.0851 0.8798
576.042 0.0516 0.0834 0.8620
576.083 0.0447 0.0841 0.8533
576.123 0.0388 0.0790 0.8620
576.163 0.0341 0.0796 0.8620
576.203 0.0281 0.0867 0.8544
576.242 0.0229 0.0845 0.8653
576.284 0.0165 0.0832 0.8876
576.324 0.0154 0.0775 0.8529
576.364 0.0136 0.0801 0.8529
576.403 0.0147 0.0824 0.8659
576.441 0.0150 0.0825 0.8616
576.484 0.0097 0.0849 0.8529
576.525 0.0077 0.0834 0.8659
576.565 0.0054 0.0804 0.8797
576.604 0.0063 0.0807 0.9021
576.641 0.0077 0.0849 0.8479
576.685 0.0047 0.0847 0.9079
576.725 0.0066 0.0824 0.8479
576.765 0.0054 0.0807 0.8479
576.805 0.0088 0.0815 0.8713
576.844 0.0117 0.0853 0.8479
576.885 0.0113 0.0856 0.8479
576.926 0.0131 0.0854 0.8566
576.967 0.0188 0.0834 0.8315
577.007 0.0209 0.0834 0.8549
577.046 0.0267 0.0825 0.8713
577.086 0.0333 0.0861 0.8537
577.127 0.0349 0.0850 0.8867
577.168 0.0408 0.0839 0.8771
577.207 0.0471 0.0824 0.8771
577.247 0.0507 0.0800 0.8805
577.284 0.0557 0.0819 0.8805
577.329 0.0554 0.0816 0.9015
577.368 0.0541 0.0824 0.8901
577.408 0.0543 0.0827 0.8733
577.448 0.0558 0.0786 0.8887
577.487 0.0643 0.0786 0.8965
577.529 0.0698 0.0798 0.8847
577.569 0.0681 0.0827 0.8519
577.609 0.0698 0.0801 0.8581
577.649 0.0712 0.0780 0.8750
577.688 0.0706 0.0786 0.8512
577.728 0.0757 0.0789 0.8593
577.769 0.0743 0.0817 0.8901
577.809 0.0792 0.0827 0.9015
577.849 0.0864 0.0790 0.8819
577.888 0.0920 0.0790 0.8770
577.928 0.0997 0.0792 0.8397
577.970 0.0983 0.0780 0.8615
578.010 0.0931 0.0815 0.8487
578.050 0.0906 0.0797 0.8487
578.090 0.0885 0.0801 0.8486
578.128 0.0843 0.0813 0.8637
578.171 0.0850 0.0801 0.8679
578.211 0.0799 0.0813 0.8649
578.252 0.0787 0.0814 0.8968
578.291 0.0746 0.0780 0.8968
578.328 0.0679 0.0772 0.8589
578.371 0.0641 0.0787 0.8633
578.412 0.0575 0.0794 0.9118
578.452 0.0527 0.0827 0.9082
578.546 0.0504 0.0824 0.8826
578.571 0.0513 0.0806 0.8549
578.612 0.0533 0.0841 0.8651
578.653 0.0571 0.0845 0.8892
578.693 0.0604 0.0814 0.8977
578.733 0.0656 0.0830 0.9084
578.773 0.0665 0.0804 0.8997
578.812 0.0696 0.0799 0.8697
578.853 0.0708 0.0803 0.9174
578.894 0.0707 0.0862 0.8912
578.934 0.0726 0.0842 0.8619
578.973 0.0734 0.0832 0.8916
579.010 0.0754 0.0805 0.9116
579.054 0.0754 0.0813 0.9184
579.094 0.0771 0.0853 0.8823
579.135 0.0784 0.0845 0.8918
579.339 0.0744 0.0841 0.9266
579.373 0.0751 0.0832 0.9058
579.416 0.0777 0.0803 0.9097
579.456 0.0824 0.0815 0.9163
579.497 0.0850 0.0845 0.9241
579.536 0.0876 0.0841 0.9448
579.575 0.0893 0.0829 0.9432
579.617 0.0891 0.0826 0.9010
579.657 0.0897 0.0810 0.9346
579.697 0.0943 0.0816 0.9617
579.737 0.0939 0.0859 0.9492
579.776 0.0968 0.0854 0.9053
579.816 0.0966 0.0862 0.9053
579.857 0.0998 0.0826 0.9417
579.898 0.0997 0.0827 0.8965
579.938 0.0978 0.0805 0.9141
579.978 0.0961 0.0815 0.9813
580.015 0.0937 0.0812 0.9700
580.059 0.0919 0.0825 0.9506
580.099 0.0895 0.0812 0.9416
580.139 0.0852 0.0805 0.9367
580.178 0.0768 0.0825 0.9142
580.216 0.0744 0.0837 0.9660
580.260 0.0648 0.0854 0.9572
580.300 0.0552 0.0819 0.9061
580.340 0.0476 0.0826 0.9314
580.380 0.0420 0.0841 0.9314
580.420 0.0349 0.0848 0.9270
580.461 0.0281 0.0840 0.9323
580.501 0.0230 0.0843 0.9462
580.541 0.0193 0.0843 0.9462
580.581 0.0212 0.0790 0.9058
580.620 0.0213 0.0852 0.9323
580.660 0.0223 0.0855 0.9113
580.701 0.0246 0.0823 0.8880
580.741 0.0290 0.0847 0.8942
580.781 0.0350 0.0827 0.9099
580.821 0.0352 0.0810 0.8750
580.859 0.0375 0.0847 0.8983
580.903 0.0451 0.0806 0.8813
580.942 0.0518 0.0800 0.8930
580.982 0.0567 0.0792 0.8883
581.022 0.0635 0.0805 0.9022
581.059 0.0655 0.0813 0.9022
581.103 0.0652 0.0839 0.9022
581.143 0.0685 0.0845 0.9356
581.183 0.0675 0.0838 0.9174
581.222 0.0701 0.0817 0.8786
581.262 0.0736 0.0827 0.8701
581.303 0.0764 0.0810 0.9117
581.343 0.0801 0.0828 0.9117
581.383 0.0792 0.0839 0.9044
581.424 0.0746 0.0830 0.9044
581.463 0.0792 0.0830 0.9044
581.503 0.0802 0.0825 0.9111
581.544 0.0785 0.0840 0.9205
581.585 0.0778 0.0840 0.8904
581.625 0.0797 0.0852 0.8904
581.665 0.0856 0.0831 0.8903
581.702 0.0876 0.0845 0.8682
581.746 0.0883 0.0852 0.9011
581.786 0.0940 0.0851 0.8863
581.826 0.0953 0.0848 0.8948
581.869 0.0970 0.0831 0.9170
581.903 0.1022 0.0823 0.9461
581.947 0.0989 0.0842 0.9043
581.986 0.0970 0.0851 0.9196
582.026 0.0960 0.0853 0.9455
582.066 0.0977 0.0836 0.9281
582.106 0.1000 0.0832 0.8841
582.147 0.0937 0.0847 0.8725
582.187 0.0896 0.0880 0.8841
582.227 0.0868 0.0867 0.8805
582.267 0.0817 0.0864 0.8543
582.306 0.0778 0.0830 0.8836
582.346 0.0753 0.0832 0.8579
582.387 0.0745 0.0839 0.9007
582.428 0.0731 0.0896 0.8825
582.468 0.0774 0.0839 0.9007
582.508 0.0799 0.0836 0.8756
582.546 0.0808 0.0841 0.8689
582.590 0.0772 0.0878 0.8859
582.629 0.0787 0.0865 0.9001
582.669 0.0807 0.0863 0.9049
582.709 0.0849 0.0853 0.9197
582.746 0.0874 0.0883 0.9173
582.791 0.0925 0.0876 0.9389
582.830 0.0959 0.0892 0.9301
582.870 0.0984 0.0879 0.9146
582.910 0.1005 0.0875 0.9079
582.950 0.0998 0.0854 0.8971
582.990 0.0980 0.0863 0.8950
583.030 0.1000 0.0911 0.9069
583.071 0.1028 0.0860 0.8923
583.110 0.1037 0.0879 0.9262
583.150 0.1041 0.0853 0.9512
583.190 0.1042 0.0845 0.9204
583.231 0.1015 0.0825 0.9682
583.271 0.0997 0.0863 0.9370
583.311 0.1002 0.0841 0.9539
583.351 0.0989 0.0865 0.9078
583.388 0.0998 0.0861 0.9078
583.433 0.1029 0.0855 0.8810
583.472 0.1059 0.0858 0.8779
583.512 0.1063 0.0861 0.9078
583.551 0.1068 0.0882 0.8659
583.590 0.1063 0.0896 0.8879
583.633 0.1098 0.0870 0.8879
583.673 0.1119 0.0895 0.9334
583.714 0.1171 0.0915 0.9390
583.753 0.1198 0.0924 0.9294
583.794 0.1216 0.0931 0.9336
583.834 0.1192 0.0908 0.9312
583.874 0.1202 0.0920 0.8649
583.914 0.1182 0.0882 0.9105
583.954 0.1152 0.0923 0.9161
583.994 0.1115 0.0903 0.9171
584.033 0.1066 0.0877 0.8689
584.075 0.1058 0.0840 0.9363
584.115 0.1092 0.0846 0.8869
584.156 0.1106 0.0827 0.9116
584.195 0.1066 0.0859 0.9116
584.232 0.1038 0.0821 0.9186
584.276 0.1037 0.0819 0.8739
584.315 0.1074 0.0821 0.8946
584.356 0.1111 0.0841 0.8729
584.395 0.1153 0.0837 0.9139
584.432 0.1155 0.0825 0.9294
584.477 0.1183 0.0852 0.8922
584.516 0.1248 0.0833 0.8658
584.556 0.1325 0.0814 0.8732
584.596 0.1301 0.0835 0.9045
584.636 0.1270 0.0878 0.8935
584.677 0.1298 0.0875 0.8935
584.717 0.1355 0.0830 0.8910
584.758 0.1381 0.0822 0.8872
584.798 0.1376 0.0807 0.8725
584.837 0.1362 0.0836 0.8976
584.877 0.1315 0.0829 0.8915
584.918 0.1317 0.0819 0.8637
584.958 0.1331 0.0802 0.9130
584.999 0.1297 0.0794 0.8875
585.038 0.1248 0.0832 0.8989
585.076 0.1213 0.0845 0.8895
585.121 0.1172 0.0843 0.8826
585.159 0.1095 0.0794 0.8666
585.199 0.1042 0.0797 0.9088
585.239 0.0979 0.0827 0.8826
585.276 0.0975 0.0835 0.9025
585.320 0.0970 0.0850 0.8613
585.359 0.0972 0.0820 0.8895
585.400 0.0959 0.0851 0.8835
585.440 0.0917 0.0800 0.8979
585.480 0.0921 0.0873 0.8943
585.521 0.0914 0.0855 0.8810
585.560 0.0938 0.0855 0.8723
585.600 0.0978 0.0808 0.9012
585.640 0.1013 0.0795 0.8957
585.680 0.1002 0.0860 0.9166
585.719 0.0994 0.0830 0.9071
585.761 0.0956 0.0830 0.9007
585.801 0.0917 0.0793 0.8943
585.844 0.0865 0.0852 0.9293
585.881 0.0809 0.0816 0.8979
585.919 0.0789 0.0810 0.8798
585.963 0.0772 0.0854 0.8875
586.003 0.0728 0.0838 0.8891
586.043 0.0696 0.0801 0.8605
586.082 0.0652 0.0781 0.8621
586.120 0.0639 0.0828 0.8872
586.164 0.0669 0.0873 0.8686
586.204 0.0672 0.0849 0.8956
586.244 0.0692 0.0810 0.9152
586.284 0.0695 0.0828 0.8925
586.324 0.0704 0.0799 0.8978
586.364 0.0782 0.0840 0.8996
586.404 0.0827 0.0854 0.8916
586.444 0.0825 0.0843 0.8706
586.484 0.0835 0.0842 0.8484
586.523 0.0868 0.0835 0.8902
586.563 0.0885 0.0839 0.8896
586.605 0.0889 0.0839 0.9206
586.645 0.0886 0.0833 0.9293
586.685 0.0916 0.0824 0.9161
586.724 0.0931 0.0827 0.8861
586.762 0.0921 0.0833 0.8905
586.806 0.0977 0.0829 0.9239
586.845 0.0976 0.0865 0.8737
586.886 0.0978 0.0838 0.8913
586.925 0.1008 0.0877 0.8860
586.963 0.1044 0.0863 0.9061
587.007 0.1081 0.0841 0.8985
587.047 0.1115 0.0855 0.8871
587.087 0.1120 0.0855 0.8715
587.127 0.1094 0.0855 0.8715
587.168 0.1089 0.0847 0.9123
587.207 0.1055 0.0841 0.9409
587.248 0.1086 0.0876 0.9173
587.288 0.1068 0.0876 0.9216
587.328 0.1055 0.0875 0.9210
587.367 0.0995 0.0875 0.9257
587.407 0.0925 0.0871 0.9422
587.448 0.0929 0.0861 0.9172
587.488 0.0917 0.0901 0.9350
587.528 0.0859 0.0864 0.9201
587.568 0.0825 0.0858 0.8913
587.605 0.0816 0.0846 0.8913
587.650 0.0841 0.0877 0.8679
587.689 0.0814 0.0858 0.9071
587.729 0.0801 0.0865 0.9071
587.769 0.0813 0.0857 0.9177
587.805 0.0810 0.0836 0.8823
587.850 0.0833 0.0841 0.9081
587.890 0.0904 0.0842 0.9093
587.930 0.0916 0.0851 0.9057
587.969 0.0906 0.0843 0.9281
588.009 0.0913 0.0811 0.8547
588.051 0.0940 0.0807 0.9093
588.091 0.1022 0.0783 0.8525
588.132 0.1029 0.0813 0.8916
588.171 0.1058 0.0827 0.9236
588.211 0.1075 0.0805 0.9326
588.250 0.1056 0.0801 0.9026
588.292 0.1052 0.0794 0.9189
588.332 0.1071 0.0798 0.8945
588.372 0.1064 0.0809 0.9052
588.412 0.1039 0.0809 0.9127
588.449 0.1010 0.0793 0.9117
588.493 0.1037 0.0794 0.9204
588.533 0.1050 0.0801 0.8784
588.573 0.1023 0.0851 0.8903
588.612 0.0971 0.0849 0.9077
588.649 0.0973 0.0839 0.9127
588.694 0.0990 0.0830 0.9172
588.733 0.0994 0.0815 0.8998
588.773 0.0972 0.0837 0.9294
588.813 0.0956 0.0849 0.9035
588.853 0.0954 0.0824 0.9045
588.894 0.0944 0.0840 0.9035
588.934 0.0965 0.0820 0.9035
588.974 0.0973 0.0780 0.9189
589.014 0.0949 0.0838 0.9431
589.053 0.0954 0.0874 0.9431
589.093 0.0971 0.0829 0.9472
589.134 0.1036 0.0816 0.9051
589.175 0.1036 0.0797 0.9051
589.215 0.1045 0.0826 0.9171
589.255 0.1084 0.0875 0.9180
589.293 0.1084 0.0865 0.9299
589.337 0.1075 0.0824 0.9307
589.376 0.1063 0.0807 0.9182
589.417 0.1080 0.0813 0.9270
589.456 0.1041 0.0859 0.9321
589.494 0.1070 0.0835 0.9261
589.537 0.1066 0.0840 0.9511
589.577 0.1098 0.0816 0.9051
589.617 0.1097 0.0823 0.9203
589.657 0.1076 0.0845 0.9073
589.697 0.1071 0.0844 0.9133
589.738 0.1031 0.0828 0.9186
589.777 0.1040 0.0828 0.9267
589.818 0.1017 0.0823 0.9171
589.857 0.1024 0.0831 0.8982
589.897 0.1021 0.0845 0.9216
589.936 0.1060 0.0866 0.9154
589.978 0.1020 0.0858 0.8915
590.018 0.0972 0.0858 0.9074
590.058 0.0963 0.0858 0.9074
590.098 0.0936 0.0871 0.9157
590.136 0.0907 0.0864 0.9166
590.180 0.0904 0.0857 0.9305
590.219 0.0956 0.0862 0.9016
590.259 0.0944 0.0862 0.9007
590.300 0.0949 0.0862 0.8982
590.337 0.0974 0.0854 0.9201
590.381 0.1033 0.0880 0.9631
590.421 0.1049 0.0846 0.9293
590.461 0.1096 0.0867 0.9401
590.500 0.1146 0.0871 0.9347
590.540 0.1174 0.0868 0.9089
590.581 0.1161 0.0902 0.9060
590.621 0.1149 0.0861 0.9372
590.661 0.1135 0.0821 0.9411
590.701 0.1070 0.0830 0.9044
590.741 0.1071 0.0865 0.8956
590.780 0.1100 0.0864 0.9324
590.822 0.1073 0.0872 0.9105
590.862 0.1056 0.0854 0.9056
590.902 0.1022 0.0829 0.9081
590.941 0.0953 0.0856 0.8902
590.979 0.0915 0.0878 0.8956
591.023 0.0924 0.0912 0.9006
591.062 0.0906 0.0844 0.9075
591.103 0.0936 0.0846 0.8815
591.142 0.0974 0.0823 0.9078
591.180 0.1001 0.0873 0.9128
591.224 0.1024 0.0850 0.8869
591.263 0.1017 0.0899 0.9095
591.303 0.1028 0.0863 0.8917
591.343 0.1044 0.0848 0.8867
591.383 0.1035 0.0864 0.8779
591.425 0.1089 0.0854 0.8879
591.465 0.1142 0.0883 0.9182
591.505 0.1145 0.0887 0.9015
591.545 0.1186 0.0890 0.8925
591.585 0.1201 0.0880 0.8906
591.624 0.1160 0.0872 0.9251
591.665 0.1153 0.0891 0.9536
591.705 0.1161 0.0884 0.9262
591.745 0.1153 0.0868 0.9122
591.785 0.1184 0.0871 0.9252
591.823 0.1168 0.0849 0.9279
591.867 0.1185 0.0838 0.9182
591.906 0.1202 0.0874 0.9235
591.946 0.1216 0.0870 0.8800
591.986 0.1217 0.0871 0.8895
592.023 0.1196 0.0830 0.9185
592.067 0.1186 0.0888 0.9115
592.107 0.1221 0.0900 0.9242
592.147 0.1266 0.0886 0.9776
592.187 0.1295 0.0862 0.9294
592.226 0.1303 0.0816 0.9211
592.268 0.1266 0.0826 0.9268
592.308 0.1302 0.0875 0.9434
592.348 0.1298 0.0883 0.9378
592.387 0.1279 0.0846 0.9699
592.427 0.1232 0.0868 0.9396
592.467 0.1190 0.0838 0.9286
592.508 0.1191 0.0853 0.9356
592.549 0.1171 0.0870 0.9312
592.590 0.1160 0.0890 0.9312
592.629 0.1139 0.0838 0.8979
592.667 0.1141 0.0838 0.9043
592.710 0.1145 0.0826 0.9043
592.750 0.1156 0.0871 0.9063
592.790 0.1128 0.0864 0.9161
592.830 0.1115 0.0850 0.9043
592.867 0.1117 0.0848 0.8941
592.911 0.1138 0.0852 0.8911
592.951 0.1137 0.0835 0.9211
592.991 0.1155 0.0880 0.9471
593.030 0.1132 0.0861 0.8994
593.070 0.1077 0.0833 0.8688
593.111 0.1064 0.0821 0.9101
593.151 0.1011 0.0831 0.9342
593.191 0.0973 0.0832 0.9424
593.231 0.0943 0.0834 0.9381
593.271 0.0938 0.0821 0.9071
593.310 0.0949 0.0813 0.8994
593.351 0.0958 0.0809 0.9446
593.392 0.0914 0.0817 0.9420
593.432 0.0919 0.0812 0.9382
593.471 0.0876 0.0812 0.9408
593.509 0.0843 0.0810 0.9353
593.553 0.0886 0.0800 0.9353
593.593 0.0875 0.0807 0.9382
593.633 0.0894 0.0850 0.9291
593.673 0.0887 0.0855 0.9422
593.710 0.0903 0.0830 0.9402
593.754 0.0919 0.0813 0.9084
593.794 0.0895 0.0793 0.8825
593.835 0.0875 0.0836 0.8825
593.874 0.0879 0.0844 0.8820
593.914 0.0878 0.0837 0.9303
593.955 0.0885 0.0829 0.9421
593.995 0.0942 0.0812 0.9410
594.035 0.0923 0.0820 0.9222
594.075 0.1014 0.0854 0.9298
594.114 0.1029 0.0851 0.9053
594.154 0.1053 0.0841 0.9113
594.195 0.1056 0.0822 0.9041
594.236 0.1043 0.0824 0.9269
594.294 0.1058 0.0848 0.9072
594.315 0.1044 0.0854 0.9023
594.352 0.1011 0.0854 0.9072
594.397 0.0989 0.0838 0.9189
594.436 0.0987 0.0847 0.8719
594.476 0.0941 0.0860 0.9180
594.515 0.0933 0.0863 0.8979
594.553 0.0888 0.0856 0.9121
594.597 0.0799 0.0829 0.9385
594.636 0.0772 0.0849 0.9325
594.677 0.0749 0.0841 0.9611
594.717 0.0760 0.0846 0.9175
594.757 0.0745 0.0855 0.9175
594.798 0.0721 0.0840 0.8899
594.838 0.0738 0.0831 0.9229
594.878 0.0720 0.0831 0.9039
594.918 0.0731 0.0841 0.9194
594.958 0.0731 0.0846 0.9321
594.998 0.0691 0.0863 0.9003
595.038 0.0692 0.0837 0.9139
595.079 0.0712 0.0837 0.9119
595.119 0.0706 0.0831 0.8966
595.159 0.0654 0.0837 0.8909
595.196 0.0603 0.0849 0.8849
595.240 0.0564 0.0852 0.8810
595.279 0.0539 0.0852 0.8829
595.320 0.0500 0.0842 0.8869
595.359 0.0489 0.0838 0.8869
595.397 0.0465 0.0850 0.8869
595.441 0.0454 0.0838 0.8879
595.480 0.0475 0.0851 0.9182
595.520 0.0497 0.0841 0.8859
595.560 0.0531 0.0851 0.9172
595.600 0.0564 0.0852 0.9139
595.641 0.0659 0.0877 0.9139
595.681 0.0745 0.0847 0.9099
595.721 0.0779 0.0859 0.9132
595.761 0.0856 0.0875 0.9132
595.800 0.0907 0.0863 0.9072
595.841 0.0941 0.0883 0.9118
595.882 0.1011 0.0872 0.9021
595.922 0.1012 0.0870 0.9269
595.963 0.1086 0.0865 0.9319
596.003 0.1118 0.0875 0.9373
596.040 0.1094 0.0880 0.9450
596.084 0.1094 0.0884 0.9372
596.123 0.1046 0.0890 0.9218
596.164 0.1011 0.0864 0.9313
596.203 0.1003 0.0867 0.9326
596.240 0.0984 0.0887 0.9341
596.285 0.0969 0.0888 0.9084
596.324 0.1029 0.0882 0.9266
596.364 0.1012 0.0878 0.9302
596.404 0.1025 0.0877 0.9094
596.444 0.1004 0.0866 0.9366
596.485 0.0972 0.0881 0.9390
596.525 0.0995 0.0884 0.9438
596.564 0.0989 0.0884 0.9472
596.604 0.1039 0.0873 0.9482
596.644 0.1061 0.0870 0.9418
596.684 0.1070 0.0873 0.9636
596.725 0.1066 0.0901 0.9156
596.765 0.1084 0.0903 0.9390
596.805 0.1064 0.0880 0.9176
596.845 0.1061 0.0866 0.9182
596.883 0.1058 0.0895 0.8786
596.926 0.1089 0.0895 0.9002
596.967 0.1134 0.0879 0.9112
597.007 0.1129 0.0862 0.9347
597.047 0.1144 0.0847 0.9347
597.084 0.1115 0.0860 0.9138
597.128 0.1085 0.0859 0.9423
597.167 0.1093 0.0913 0.9362
597.208 0.1138 0.0859 0.9426
597.247 0.1169 0.0863 0.9711
597.288 0.1170 0.0860 0.8968
597.328 0.1135 0.0873 0.8774
597.368 0.1149 0.0925 0.9496
597.409 0.1151 0.0928 0.8943
597.448 0.1091 0.0898 0.9278
597.488 0.1071 0.0878 0.9331
597.527 0.1027 0.0882 0.9418
597.569 0.1036 0.0887 0.9167
597.609 0.1054 0.0972 0.9331
597.649 0.1023 0.0941 0.9075
597.689 0.0966 0.0905 0.9112
597.727 0.0928 0.0873 0.9295
597.770 0.0944 0.0873 0.9539
597.810 0.0947 0.0935 0.9565
597.849 0.0964 0.0884 0.9569
597.889 0.0970 0.0889 0.9343
597.926 0.1000 0.0872 0.9343
597.971 0.1030 0.0926 0.9429
598.010 0.1095 0.0909 0.9494
598.050 0.1134 0.0909 0.9365
598.091 0.1130 0.0923 0.9434
598.131 0.1183 0.0892 0.9409
598.172 0.1231 0.0914 0.9106
598.212 0.1270 0.0915 0.9118
598.252 0.1232 0.0946 0.8932
598.292 0.1234 0.0899 0.9560
598.331 0.1247 0.0937 0.9249
598.371 0.1223 0.0924 0.8825
598.412 0.1238 0.0887 0.9496
598.452 0.1243 0.0893 0.9522
598.492 0.1234 0.0879 0.9563
598.533 0.1212 0.0883 0.9068
598.570 0.1193 0.0869 0.9158
598.614 0.1161 0.0936 0.9202
598.653 0.1143 0.0919 0.9688
598.693 0.1110 0.0919 0.9361
598.733 0.1087 0.0908 0.9456
598.770 0.1094 0.0906 0.9644
598.814 0.1091 0.0934 0.9452
598.854 0.1122 0.0906 0.9341
598.894 0.1113 0.0923 0.8886
598.934 0.1067 0.0941 0.9425
598.973 0.1040 0.0947 0.9405
599.014 0.1018 0.0922 0.9007
599.054 0.1057 0.0890 0.9183
599.095 0.1125 0.0883 0.9129
599.135 0.1155 0.0930 0.8973
599.175 0.1200 0.0929 0.8973
599.214 0.1248 0.0891 0.8703
599.256 0.1319 0.0892 0.8854
599.296 0.1389 0.0908 0.9282
599.336 0.1443 0.0922 0.9478
599.375 0.1461 0.0943 0.8999
599.413 0.1522 0.0898 0.8988
599.458 0.1627 0.0953 0.9551
599.497 0.1693 0.0910 0.9159
599.537 0.1727 0.0927 0.9023
599.576 0.1716 0.0937 0.9121
599.614 0.1712 0.0915 0.9331
599.658 0.1713 0.0900 0.9002
599.697 0.1726 0.0889 0.9118
599.737 0.1719 0.0888 0.8997
599.777 NaN 0.0894 0.8863
599.818 NaN 0.0951 0.8963
599.858 NaN 0.0909 0.9269
599.898 NaN 0.0905 0.9013
599.938 NaN 0.0892 0.8912
599.978 NaN 0.0928 0.9556
600.017 NaN 0.0886 0.9379
600.057 NaN 0.0877 0.9309
