311.823 NaN 0.0826 0.9690
311.868 NaN 0.0801 0.9781
311.907 NaN 0.0813 0.9943
311.947 NaN 0.0845 0.9857
311.987 NaN 0.0853 0.9947
312.024 NaN 0.0854 0.9707
312.068 NaN 0.0844 0.9669
312.108 0.0844 0.0845 0.9862
312.148 0.0780 0.0841 0.9800
312.188 0.0736 0.0847 0.9800
312.227 0.0660 0.0873 0.9800
312.269 0.0610 0.0839 1.0150
312.308 0.0548 0.0831 1.0029
312.349 0.0421 0.0851 0.9890
312.389 0.0371 0.0874 0.9885
312.428 0.0311 0.0890 0.9944
312.468 0.0289 0.0868 0.9968
312.509 0.0164 0.0862 1.0156
312.550 0.0072 0.0834 0.9554
312.590 0.0059 0.0839 0.9824
312.630 0.0081 0.0849 0.9824
312.744 0.0121 0.0788 1.0041
312.791 0.0108 0.0804 0.9900
312.831 0.0091 0.0853 0.9922
312.871 0.0063 0.0827 1.0083
312.911 0.0056 0.0807 0.9848
312.948 0.0100 0.0819 0.9919
312.992 0.0120 0.0808 0.9886
313.032 0.0153 0.0818 1.0083
313.072 0.0166 0.0829 0.9824
313.111 0.0168 0.0806 1.0354
313.152 0.0173 0.0843 0.9982
313.192 0.0160 0.0790 1.0083
313.232 0.0134 0.0807 1.0003
313.272 0.0122 0.0815 1.0266
313.312 0.0073 0.0838 1.0266
313.352 0.0061 0.0833 0.9979
313.392 0.0050 0.0811 1.0094
313.433 0.0055 0.0818 1.0238
313.473 0.0110 0.0846 0.9979
313.513 0.0110 0.0836 1.0266
313.552 0.0163 0.0812 1.0353
313.591 0.0184 0.0811 1.0238
313.634 0.0181 0.0805 1.0083
313.675 0.0172 0.0816 1.0150
313.714 0.0167 0.0815 1.0150
313.754 0.0161 0.0832 1.0150
313.792 0.0160 0.0820 0.9835
313.836 0.0144 0.0801 1.0150
313.875 0.0075 0.0793 1.0062
313.915 0.0099 0.0822 1.0062
313.955 0.0215 0.0822 1.0062
313.995 0.0271 0.0838 0.9672
314.036 0.0368 0.0832 0.9696
314.076 0.0407 0.0830 0.9885
314.116 0.0432 0.0827 0.9940
314.156 0.0455 0.0866 0.9940
314.195 0.0497 0.0887 0.9366
314.235 0.0563 0.0865 0.9723
314.276 0.0593 0.0865 0.9175
314.317 0.0616 0.0864 0.9328
314.357 0.0609 0.0864 0.9335
314.396 0.0662 0.0899 0.9374
314.434 0.0683 0.0879 0.9561
314.478 0.0717 0.0849 0.9627
314.517 0.0789 0.0873 0.9543
314.557 0.0905 0.0860 0.9529
314.597 0.1058 0.0890 0.9688
314.634 0.1190 0.0881 0.9341
314.678 0.1297 0.0836 0.9544
314.718 0.1357 0.0848 0.9589
314.758 0.1431 0.0841 0.9512
314.799 0.1471 0.0849 0.9778
314.839 0.1505 0.0866 0.9470
314.880 0.1514 0.0868 0.9603
314.920 0.1500 0.0846 0.9813
314.960 0.1507 0.0842 0.9592
314.999 0.1507 0.0867 0.9398
315.039 0.1459 0.0852 0.9641
315.079 0.1352 0.0869 0.9630
315.120 0.1251 0.0879 0.9217
315.160 0.1189 0.0849 0.9231
315.200 0.1153 0.0836 0.9194
315.240 0.1120 0.0861 0.9570
315.278 0.1092 0.0929 0.9294
315.322 0.1111 0.0923 0.9370
315.361 0.1109 0.0842 0.9648
315.401 0.1124 0.0854 0.9162
315.441 0.1125 0.0873 0.9424
315.477 0.1134 0.0844 0.9291
315.522 0.1119 0.0838 0.9214
315.561 0.1156 0.0863 0.8855
315.602 0.1206 0.0845 0.9285
315.641 0.1215 0.0829 0.9151
315.682 0.1203 0.0862 0.9161
315.722 0.1207 0.0879 0.8761
315.762 0.1256 0.0894 0.8948
315.802 0.1265 0.0884 0.9180
315.842 0.1238 0.0885 0.9042
315.882 0.1202 0.0886 0.9387
315.922 0.1211 0.0907 0.9218
315.964 0.1198 0.0914 0.8948
316.004 0.1234 0.0923 0.9228
316.044 0.1236 0.0905 0.9217
316.083 0.1201 0.0917 0.9192
316.121 0.1165 0.0943 0.9382
316.165 0.1217 0.0943 0.9514
316.205 0.1249 0.0950 0.9165
316.245 0.1260 0.0926 0.9215
316.284 0.1266 0.0912 0.9285
316.321 0.1261 0.0934 0.9470
316.365 0.1301 0.0929 0.9680
316.405 0.1307 0.0917 0.9730
316.445 0.1334 0.0896 0.9312
316.485 0.1323 0.0891 0.9508
316.525 0.1300 0.0886 0.9740
316.566 0.1304 0.0887 0.9740
316.606 0.1373 0.0894 0.9730
316.646 0.1349 0.0881 0.9219
316.686 0.1331 0.0887 0.9219
316.725 0.1282 0.0880 0.9333
316.765 0.1252 0.0883 0.9312
316.806 0.1290 0.0907 0.9832
316.846 0.1307 0.0911 1.0069
316.887 0.1326 0.0915 0.9584
316.926 0.1329 0.0907 0.9581
316.965 0.1303 0.0900 0.9581
317.008 0.1316 0.0911 0.9660
317.048 0.1347 0.0887 0.9915
317.088 0.1342 0.0897 0.9630
317.128 0.1398 0.0889 0.9778
317.165 0.1370 0.0841 0.9488
317.209 0.1404 0.0859 0.9669
317.249 0.1449 0.0903 0.9641
317.289 0.1462 0.0859 0.8985
317.329 0.1420 0.0877 0.9596
317.369 0.1387 0.0869 0.9808
317.409 0.1334 0.0873 0.9886
317.449 0.1359 0.0886 0.9577
317.489 0.1357 0.0899 0.9684
317.529 0.1330 0.0900 0.9521
317.569 0.1291 0.0856 0.9693
317.609 0.1217 0.0870 0.9738
317.650 0.1175 0.0857 0.9638
317.690 0.1123 0.0896 0.9435
317.730 0.1060 0.0929 0.9387
317.770 0.0987 0.0855 0.9512
317.807 0.0966 0.0882 0.9492
317.851 0.0979 0.0861 0.9992
317.891 0.0997 0.0911 0.9562
317.930 0.0981 0.0899 0.9816
317.970 0.0978 0.0903 0.9636
318.008 0.0986 0.0868 0.9376
318.052 0.1050 0.0855 0.9376
318.092 0.1088 0.0878 0.9395
318.132 0.1124 0.0890 0.9871
318.172 0.1139 0.0883 0.9593
318.212 0.1181 0.0893 0.9365
318.253 0.1236 0.0866 0.9355
318.293 0.1292 0.0898 0.9308
318.333 0.1332 0.0868 0.9518
318.373 0.1365 0.0901 0.9821
318.412 0.1403 0.0886 0.9911
318.452 0.1437 0.0894 0.9935
318.493 0.1475 0.0882 0.9211
318.534 0.1482 0.0893 0.9663
318.574 0.1490 0.0902 0.9652
318.614 0.1547 0.0893 0.9516
318.651 0.1629 0.0894 0.9527
318.695 0.1669 0.0874 0.9606
318.734 0.1664 0.0888 0.9745
318.774 0.1665 0.0894 0.9562
318.814 0.1693 0.0931 0.9367
318.851 0.1760 0.0876 0.9391
318.895 0.1825 0.0866 0.9412
318.935 0.1851 0.0869 0.9505
318.975 0.1870 0.0875 0.9530
319.015 0.1873 0.0888 0.9114
319.055 0.1885 0.0912 0.9240
319.096 0.1865 0.0880 0.9504
319.135 0.1802 0.0877 0.9468
319.175 0.1804 0.0912 0.9573
319.216 0.1854 0.0878 0.9573
319.256 0.1880 0.0915 0.9685
319.296 0.1837 0.0899 0.9489
319.337 0.1779 0.0865 0.9656
319.377 0.1721 0.0865 0.9592
319.417 0.1660 0.0866 0.9530
319.457 0.1621 0.0899 0.9592
319.495 0.1585 0.0898 0.9684
319.538 0.1568 0.0863 0.9717
319.578 0.1561 0.0856 0.9612
319.618 0.1596 0.0868 0.9568
319.658 0.1593 0.0892 0.9386
319.694 0.1571 0.0860 0.9180
319.739 0.1548 0.0849 0.9205
319.779 0.1563 0.0862 0.9517
319.819 0.1539 0.0835 0.9560
319.859 0.1484 0.0898 0.9559
319.898 0.1457 0.0902 0.9778
319.939 0.1447 0.0872 0.9934
319.979 0.1458 0.0879 0.9482
320.019 0.1447 0.0869 0.9847
320.059 0.1441 0.0875 0.9557
320.098 0.1421 0.0900 0.9491
320.138 0.1416 0.0912 0.9652
320.179 0.1406 0.0903 0.9462
320.220 0.1378 0.0866 0.9200
320.260 0.1380 0.0873 0.9019
320.300 0.1440 0.0919 0.9451
320.338 0.1463 0.0906 0.9319
320.382 0.1518 0.0902 0.9606
320.421 0.1562 0.0917 0.9131
320.461 0.1576 0.0876 0.9215
320.501 0.1593 0.0904 0.9282
320.538 0.1572 0.0937 0.9454
320.582 0.1562 0.0890 0.9320
320.622 0.1546 0.0911 0.9281
320.662 0.1567 0.0917 0.9194
320.702 0.1639 0.0900 0.9218
320.742 0.1664 0.0927 0.9318
320.783 0.1625 0.0954 0.9388
320.823 0.1659 0.0949 0.9153
320.863 0.1692 0.0939 0.9143
320.903 0.1692 0.0924 0.9081
320.942 0.1702 0.0956 0.9408
320.982 0.1696 0.0967 0.9762
321.023 0.1717 0.0956 0.9610
321.063 0.1724 0.0936 0.9502
321.103 0.1715 0.0916 0.9598
321.143 0.1722 0.0935 0.9354
321.180 0.1683 0.0969 0.9446
321.225 0.1616 0.0948 0.9685
321.264 0.1613 0.0925 0.9505
321.304 0.1594 0.0928 0.9268
321.344 0.1586 0.0909 0.9598
321.382 0.1567 0.0942 0.9500
321.425 0.1531 0.0988 0.9532
321.466 0.1537 0.0960 0.9294
321.506 0.1537 0.0945 0.9490
321.546 0.1523 0.0946 0.9540
321.585 0.1555 0.0945 0.9228
321.625 0.1581 0.0979 0.9717
321.666 0.1613 0.0962 0.9480
321.706 0.1642 0.0965 0.9911
321.746 0.1665 0.0940 0.9903
321.786 0.1726 0.0935 0.9461
321.826 0.1722 0.0963 0.9482
321.867 0.1726 0.0976 0.9353
321.907 0.1714 0.0973 0.9388
321.947 0.1683 0.0933 0.9652
321.987 0.1660 0.0946 0.9355
322.024 0.1634 0.0973 0.9426
322.067 0.1622 0.0938 0.9680
322.108 0.1631 0.0944 0.9461
322.148 0.1614 0.0897 0.9333
322.188 0.1634 0.0891 0.9302
322.225 0.1666 0.0907 0.9327
322.269 0.1591 0.0893 0.9461
322.308 0.1551 0.0897 0.9435
322.349 0.1509 0.0902 0.9472
322.389 0.1446 0.0877 0.9216
322.427 0.1395 0.0857 0.9236
322.468 0.1348 0.0885 0.9523
322.509 0.1297 0.0898 0.9480
322.550 0.1238 0.0901 0.9476
322.590 0.1135 0.0894 0.9246
322.630 0.1040 0.0933 0.9220
322.669 0.0939 0.0887 0.9324
322.710 0.0780 0.0935 0.9146
322.751 0.0669 0.0968 0.9318
322.791 0.0545 0.0928 0.9417
322.830 0.0454 0.0906 0.9368
322.867 0.0404 0.0878 0.9474
322.911 0.0371 0.0891 0.9457
322.952 0.0309 0.0893 0.9728
322.991 0.0259 0.0922 0.9326
323.031 0.0197 0.0909 0.9457
323.068 0.0159 0.0896 0.9326
323.111 0.0103 0.0918 0.9446
323.152 0.0105 0.0889 0.9642
323.192 0.0281 0.0924 0.9326
323.232 0.0452 0.0916 0.9326
323.271 0.0543 0.0889 0.9482
323.311 0.0635 0.0894 0.9446
323.353 0.0785 0.0906 0.9446
323.393 0.0930 0.0903 0.9482
323.432 0.1089 0.0916 0.9518
323.472 0.1211 0.0905 0.9372
323.512 0.1310 0.0892 0.9126
323.553 0.1432 0.0924 0.9495
323.593 0.1540 0.0911 0.9518
323.633 0.1574 0.0909 0.9268
323.674 0.1541 0.0913 0.9328
323.711 0.1544 0.0892 0.9303
323.755 0.1556 0.0910 0.9360
323.795 0.1606 0.0903 0.9309
323.835 0.1607 0.0915 0.9481
323.875 0.1590 0.0918 0.8795
323.912 0.1537 0.0896 0.9368
323.955 0.1434 0.0916 0.9169
323.996 0.1362 0.0906 0.9477
324.036 0.1249 0.0951 0.8718
324.076 0.1152 0.0954 0.9354
324.114 0.1039 0.0954 0.9067
324.155 0.0942 0.0933 0.9292
324.196 0.0792 0.0915 0.9404
324.236 0.0639 0.0936 0.9249
324.276 0.0492 0.0956 0.9412
324.315 0.0348 0.0985 0.9454
324.355 0.0224 0.0936 0.9126
324.397 0.0099 0.0930 0.9126
324.437 0.0029 0.0913 0.9262
324.477 0.0075 0.0927 0.9126
324.516 0.0141 0.0936 0.9126
324.554 0.0213 0.0938 0.9126
324.597 0.0288 0.0926 0.9238
324.638 0.0415 0.0930 0.9126
324.678 0.0570 0.0956 0.9018
324.717 0.0711 0.0956 0.9108
324.756 0.0784 0.0987 0.9112
324.799 0.0877 0.0931 0.8886
324.839 0.0952 0.0955 0.8758
324.879 0.1052 0.0926 0.8963
324.919 0.1132 0.0945 0.8727
324.958 0.1191 0.0965 0.8903
324.999 0.1220 0.0950 0.8718
325.040 0.1220 0.0916 0.8923
325.080 0.1239 0.0931 0.8793
325.120 0.1227 0.0917 0.8681
325.159 0.1184 0.0943 0.8653
325.199 0.1104 0.0962 0.9082
325.240 0.1110 0.0937 0.9262
325.280 0.1114 0.0918 0.9041
325.320 0.1139 0.0931 0.8910
325.360 0.1156 0.0916 0.9051
325.397 0.1133 0.0971 0.8741
325.442 0.1107 0.0932 0.8636
325.481 0.1097 0.0917 0.8636
325.521 0.1140 0.0939 0.8583
325.561 0.1165 0.0969 0.8570
325.598 0.1179 0.0978 0.8830
325.642 0.1180 0.1007 0.8830
325.682 0.1192 0.0959 0.9287
325.722 0.1214 0.0910 0.9312
325.762 0.1224 0.0941 0.8946
325.800 0.1214 0.0943 0.8793
325.842 0.1190 0.0943 0.8793
325.883 0.1192 0.0894 0.9275
325.924 0.1209 0.0894 0.9415
325.964 0.1238 0.0911 0.9515
326.003 0.1277 0.0895 0.9162
326.043 0.1279 0.0903 0.9047
326.084 0.1284 0.0908 0.9496
326.124 0.1283 0.0919 0.9431
326.164 0.1263 0.0925 0.9271
326.204 0.1259 0.0897 0.8974
326.241 0.1241 0.0959 0.8752
326.285 0.1207 0.0898 0.9184
326.325 0.1172 0.0896 0.9224
326.365 0.1160 0.0914 0.9148
326.405 0.1146 0.0914 0.9185
326.442 0.1138 0.0931 0.9047
326.485 0.1105 0.0948 0.8985
326.525 0.1107 0.0905 0.9090
326.566 0.1083 0.0967 0.9590
326.606 0.1033 0.0928 0.9340
326.644 0.1020 0.0919 0.9198
326.686 0.0991 0.0940 0.9331
326.726 0.0938 0.0974 0.9410
326.766 0.0923 0.0931 0.9442
326.806 0.0902 0.0922 0.9292
326.845 0.0880 0.0922 0.9196
326.885 0.0868 0.0907 0.9071
326.926 0.0864 0.0977 0.9239
326.967 0.0858 0.0955 0.9239
327.008 0.0834 0.0948 0.9358
327.047 0.0801 0.0938 0.9299
327.085 0.0805 0.0910 0.8911
327.128 0.0802 0.0993 0.9253
327.168 0.0859 0.0944 0.9111
327.208 0.0895 0.0969 0.9342
327.248 0.0909 0.0962 0.9282
327.285 0.0919 0.0946 0.9262
327.328 0.0933 0.1020 0.9471
327.369 0.0941 0.1003 0.9470
327.410 0.0929 0.0978 0.9693
327.449 0.0931 0.0985 0.8943
327.488 0.0936 0.0998 0.9095
327.528 0.0938 0.1003 0.9302
327.569 0.0938 0.1001 0.9559
327.610 0.0948 0.0958 0.9167
327.650 0.0901 0.1033 0.9255
327.689 0.0866 0.0960 0.9721
327.729 0.0848 0.0985 0.9724
327.770 0.0832 0.1033 0.9724
327.810 0.0868 0.1033 0.9724
327.850 0.0824 0.1022 0.9426
327.890 0.0861 0.1000 0.9514
327.927 0.0882 0.1004 0.9562
327.971 0.0900 0.1004 0.9449
328.011 0.0917 0.1011 0.9505
328.051 0.0933 0.0979 0.9412
328.092 0.0980 0.0987 0.9488
328.129 0.1022 0.0962 0.9692
328.172 0.1026 0.0943 0.9722
328.213 0.1008 0.0967 0.9396
328.253 0.1032 0.0975 0.9444
328.293 0.1000 0.0955 0.9707
328.332 0.1018 0.0946 0.9452
328.372 0.1020 0.0961 0.9609
328.413 0.1005 0.0970 0.9403
328.453 0.0969 0.0961 0.9145
328.493 0.0962 0.0983 0.9145
328.533 0.0937 0.0957 0.8948
328.572 0.0879 0.0955 0.9076
328.613 0.0843 0.0973 0.9480
328.654 0.0805 0.0967 0.9296
328.694 0.0836 0.0981 0.9422
328.734 0.0837 0.0989 0.9341
328.771 0.0794 0.0927 0.9446
328.815 0.0798 0.0949 0.9574
328.855 0.0804 0.0986 0.9364
328.904 0.0769 0.1028 0.9244
328.934 0.0759 0.1049 0.8837
328.971 0.0729 0.0993 0.9365
329.014 0.0712 0.1025 0.9061
329.055 0.0758 0.0998 0.9118
329.096 0.0777 0.0995 0.9750
329.136 0.0830 0.1015 0.9021
329.175 0.0827 0.1011 0.9109
329.216 0.0798 0.1015 0.9082
329.257 0.0850 0.1015 0.9082
329.297 0.0880 0.1035 0.9197
329.337 0.0852 0.1018 0.9096
329.376 0.0846 0.0997 0.9410
329.416 0.0843 0.1004 0.9007
329.457 0.0860 0.0968 0.8757
329.498 0.0909 0.0966 0.9089
329.538 0.0914 0.1031 0.9181
329.578 0.0899 0.1015 0.9256
329.615 0.0880 0.1003 0.9051
329.659 0.0887 0.0978 0.9078
329.698 0.0942 0.1012 0.9282
329.739 0.0953 0.1032 0.8869
329.778 0.0941 0.1028 0.8819
329.815 0.0984 0.1028 0.9018
329.858 0.1004 0.1045 0.8647
329.899 0.1066 0.1025 0.8881
329.939 0.1134 0.1020 0.9127
329.979 0.1118 0.1027 0.9118
330.018 0.1089 0.1019 0.8979
330.059 0.1104 0.1017 0.8993
330.100 0.1113 0.0997 0.9132
330.140 0.1122 0.0988 0.8973
330.180 0.1144 0.1024 0.9252
330.219 0.1179 0.1032 0.9182
330.259 0.1237 0.1021 0.9432
330.300 0.1250 0.1024 0.9153
330.341 0.1299 0.0994 0.9121
330.381 0.1341 0.1000 0.9301
330.421 0.1332 0.1059 0.9648
330.458 0.1343 0.1011 0.8810
330.503 0.1405 0.0983 0.8835
330.542 0.1463 0.0969 0.9139
330.582 0.1515 0.0963 0.9345
330.622 0.1560 0.1034 0.9368
330.659 0.1560 0.1004 0.9053
330.703 0.1549 0.1001 0.9271
330.743 0.1521 0.1011 0.8869
330.783 0.1547 0.0974 0.9498
330.823 0.1570 0.1004 0.9639
330.862 0.1517 0.1028 0.9722
330.902 0.1503 0.1018 0.9515
330.943 0.1498 0.1006 0.9541
330.983 0.1509 0.0991 0.9541
331.023 0.1482 0.0993 0.9505
331.063 0.1464 0.1010 0.9450
331.103 0.1462 0.0998 0.9230
331.144 0.1470 0.0997 0.9450
331.184 0.1464 0.1007 0.9475
331.224 0.1500 0.1031 0.9133
331.264 0.1527 0.1031 0.9210
331.301 0.1497 0.0999 0.9553
331.344 0.1547 0.0982 0.9865
331.385 0.1579 0.0973 0.9447
331.425 0.1544 0.0984 0.9447
331.465 0.1498 0.0965 0.9533
331.502 0.1484 0.0969 0.9897
331.545 0.1486 0.0962 0.9229
331.586 0.1423 0.0946 0.9209
331.626 0.1393 0.0936 0.9349
331.666 0.1335 0.0945 0.9349
331.705 0.1286 0.0944 0.9523
331.746 0.1224 0.0947 0.9610
331.787 0.1180 0.0951 1.0116
331.827 0.1107 0.0954 1.0105
331.867 0.1042 0.0939 0.9770
331.906 0.1093 0.0952 0.9770
331.946 0.1121 0.0975 1.0078
331.987 0.1145 0.0964 0.9847
332.028 0.1125 0.0971 0.9692
332.068 0.1118 0.0946 0.9641
332.107 0.1123 0.0947 0.9552
332.145 0.1130 0.0984 0.9250
332.189 0.1119 0.0999 0.9371
332.228 0.1087 0.0984 0.9908
332.268 0.1036 0.0974 1.0039
332.308 0.1003 0.0956 0.9674
332.345 0.0994 0.0971 0.9674
332.388 0.0949 0.1029 0.9484
332.429 0.0895 0.1010 0.9971
332.470 0.0850 0.1001 0.9919
332.509 0.0898 0.0955 0.9934
332.549 0.0918 0.0946 0.9934
332.589 0.0905 0.0983 0.9847
332.630 0.0912 0.1026 1.0041
332.671 0.0941 0.1033 0.9954
332.727 0.1017 0.0995 0.9688
332.750 0.1069 0.1000 0.9688
332.790 0.1151 0.1011 0.9951
332.831 0.1178 0.0995 0.9801
332.871 0.1226 0.1025 0.9819
332.911 0.1254 0.0968 0.9423
332.951 0.1281 0.0986 0.9565
332.989 0.1288 0.0961 0.9214
333.032 0.1306 0.0985 0.9550
333.072 0.1314 0.0984 0.9802
333.112 0.1321 0.0985 0.9387
333.151 0.1325 0.0991 0.9024
333.189 0.1338 0.0962 0.9097
333.233 0.1292 0.0994 0.9334
333.272 0.1235 0.0996 0.9361
333.312 0.1224 0.1010 0.9496
333.352 0.1178 0.0999 0.9446
333.392 0.1135 0.0989 0.9282
333.433 0.1110 0.1008 0.9049
333.473 0.1033 0.1009 0.9049
333.513 0.1015 0.1029 0.8827
333.553 0.1019 0.1016 0.8887
333.593 0.1011 0.1005 0.8775
333.633 0.1032 0.0986 0.9187
333.675 0.1045 0.1039 0.9225
333.715 0.1103 0.1049 0.9385
333.755 0.1149 0.1028 0.9309
333.794 0.1204 0.1021 0.9258
333.832 0.1220 0.1033 0.9318
333.875 0.1259 0.1024 0.9318
333.915 0.1259 0.1037 0.9165
333.956 0.1348 0.1037 0.8822
333.995 0.1358 0.1028 0.9258
334.032 0.1334 0.1034 0.9072
334.077 0.1373 0.1034 0.8912
334.116 0.1387 0.1030 0.9129
334.156 0.1386 0.1038 0.9229
334.196 0.1372 0.1062 0.9305
334.235 0.1338 0.1058 0.9294
334.276 0.1304 0.1028 0.9270
334.316 0.1304 0.1017 0.8922
334.357 0.1258 0.1045 0.9138
334.397 0.1255 0.1045 0.8936
334.436 0.1202 0.1029 0.9029
334.476 0.1143 0.1024 0.9047
334.517 0.1085 0.1001 0.9151
334.557 0.1057 0.1031 0.9063
334.597 0.0992 0.1037 0.9273
334.637 0.0972 0.1006 0.9133
334.675 0.0934 0.1049 0.9087
334.718 0.0904 0.1005 0.9177
334.758 0.0884 0.0999 0.9239
334.799 0.0822 0.0994 0.9087
334.839 0.0771 0.1024 0.9357
334.876 0.0734 0.0997 0.9455
334.920 0.0722 0.1012 0.9327
334.960 0.0710 0.1005 0.9061
335.000 0.0757 0.1011 0.9040
335.039 0.0771 0.1006 0.9201
335.078 0.0767 0.0998 0.9239
335.120 0.0777 0.1020 0.9082
335.160 0.0807 0.0966 0.9248
335.200 0.0872 0.0990 0.9291
335.240 0.0915 0.0985 0.9101
335.280 0.0960 0.0988 0.9101
335.319 0.1066 0.0991 0.9030
335.361 0.1186 0.0960 0.9014
335.401 0.1296 0.0954 0.9406
335.441 0.1378 0.0968 0.9456
335.481 0.1443 0.0980 0.9306
335.518 0.1439 0.0921 0.9489
335.561 0.1489 0.0962 0.9426
335.602 0.1554 0.0896 0.9505
335.642 0.1587 0.0895 0.9712
335.681 0.1588 0.0910 0.9484
335.718 0.1565 0.0917 0.9207
335.761 0.1614 0.0977 0.9139
335.802 0.1634 0.0905 0.9347
335.842 0.1634 0.0902 0.9249
335.883 0.1628 0.0947 0.9617
335.922 0.1626 0.0954 0.9209
335.963 0.1629 0.0931 0.9427
336.004 0.1718 0.0935 0.9401
336.044 0.1774 0.0912 0.9323
336.084 0.1822 0.0953 0.8999
336.124 0.1849 0.0951 0.9337
336.163 0.1777 0.0966 0.9510
336.204 0.1778 0.0954 0.9697
336.245 0.1769 0.0936 0.9146
336.285 0.1744 0.0930 0.9045
336.324 0.1747 0.0933 0.9049
336.362 0.1687 0.0967 0.9346
336.406 0.1669 0.0933 0.9497
336.446 0.1647 0.0926 0.9271
336.485 0.1593 0.0904 0.9467
336.525 0.1576 0.0920 0.9253
336.562 0.1504 0.0938 0.9077
336.605 0.1407 0.0972 0.9080
336.646 0.1436 0.0926 0.9303
336.686 0.1467 0.0918 0.9397
336.726 0.1455 0.0918 0.9337
336.765 0.1475 0.0977 0.9337
336.807 0.1429 0.0974 0.9270
336.846 0.1454 0.0947 0.9456
336.887 0.1462 0.0941 0.9541
336.927 0.1543 0.0972 0.9661
336.967 0.1618 0.1018 0.9711
337.007 0.1612 0.0971 0.9433
337.048 0.1627 0.1010 0.9635
337.088 0.1649 0.0997 0.9354
337.128 0.1668 0.0964 0.9325
337.168 0.1669 0.1002 0.9817
337.205 0.1682 0.1044 0.9617
337.248 0.1649 0.1000 0.9293
337.289 0.1658 0.0989 0.9062
337.329 0.1681 0.0979 0.9407
337.369 0.1727 0.1004 0.9584
337.406 0.1689 0.1022 0.9418
337.450 0.1603 0.1012 0.9358
337.489 0.1569 0.1048 0.9215
337.530 0.1594 0.0951 0.9220
337.570 0.1634 0.0926 0.9008
337.608 0.1626 0.0921 0.9072
337.650 0.1589 0.0980 0.9234
337.690 0.1578 0.0959 0.9205
337.730 0.1585 0.0917 0.8968
337.770 0.1593 0.0923 0.9035
337.810 0.1577 0.0901 0.8873
337.849 0.1578 0.0934 0.9148
337.891 0.1582 0.0935 0.9095
337.931 0.1576 0.0907 0.9333
337.971 0.1552 0.0901 0.9212
338.011 0.1506 0.0901 0.9157
338.049 0.1445 0.0917 0.8930
338.092 0.1429 0.0912 0.9216
338.133 0.1448 0.0909 0.9113
338.173 0.1415 0.0916 0.9401
338.212 0.1409 0.0918 0.9073
338.249 0.1396 0.0916 0.9337
338.292 0.1383 0.0942 0.9247
338.333 0.1350 0.0975 0.9357
338.374 0.1306 0.0929 0.9173
338.413 0.1271 0.0918 0.9040
338.452 0.1271 0.0917 0.9162
338.494 0.1262 0.0916 0.9208
338.534 0.1232 0.0957 0.9144
338.574 0.1197 0.1042 0.9002
338.614 0.1166 0.0957 0.9219
338.653 0.1178 0.0943 0.8645
338.693 0.1139 0.0954 0.9119
338.734 0.1112 0.1015 0.8987
338.774 0.1079 0.1009 0.9030
338.814 0.1010 0.1121 0.8904
338.854 0.0984 0.0976 0.9106
338.891 0.0977 0.1002 0.9016
338.934 0.0952 0.1011 0.8762
338.975 0.0887 0.1002 0.9131
339.015 0.0862 0.1000 0.8795
339.055 0.0807 0.0983 0.8542
339.092 0.0747 0.0984 0.8742
339.136 0.0666 0.0969 0.9179
339.176 0.0635 0.0984 0.8917
339.217 0.0589 0.1030 0.8831
339.257 0.0555 0.1097 0.9004
339.295 0.0557 0.0958 0.9102
339.338 0.0581 0.0939 0.9055
339.377 0.0590 0.1044 0.9233
339.417 0.0578 0.0975 0.9095
339.457 0.0632 0.0981 0.9223
339.497 0.0694 0.0961 0.9271
339.537 0.0744 0.0965 0.9169
339.578 0.0794 0.0983 0.9002
339.618 0.0858 0.1000 0.9096
339.658 0.0861 0.0921 0.9425
339.698 0.0873 0.0950 0.9006
339.735 0.0876 0.0974 0.8743
339.778 0.0914 0.0935 0.8846
339.819 0.0925 0.0982 0.9195
339.859 0.0923 0.0936 0.8963
339.899 0.0947 0.0958 0.9006
339.936 0.0937 0.0904 0.9069
339.980 0.0923 0.0871 0.9184
340.019 0.0964 0.0931 0.9081
340.060 0.1027 0.0966 0.8854
340.099 0.1057 0.0903 0.9110
340.138 0.1119 0.0891 0.9110
340.179 0.1196 0.0892 0.9110
340.220 0.1284 0.0922 0.9282
340.260 0.1375 0.0942 0.9015
340.300 0.1443 0.0907 0.9458
340.340 0.1467 0.0881 0.9072
340.380 0.1510 0.0876 0.9113
340.422 0.1550 0.0903 0.9169
340.462 0.1620 0.0918 0.8929
340.502 0.1651 0.0932 0.9268
340.541 0.1677 0.0928 0.9078
340.579 0.1678 0.0949 0.9396
340.623 0.1668 0.0939 0.8888
340.662 0.1712 0.0909 0.9006
340.702 0.1732 0.0913 0.9386
340.742 0.1671 0.0951 0.9343
340.779 0.1550 0.0911 0.9002
340.822 0.1408 0.0951 0.9366
340.866 0.1222 0.0931 0.9319
340.903 0.1097 0.0901 0.9108
340.943 0.0936 0.0917 0.9108
340.982 0.0775 0.0902 0.9274
341.023 0.0609 0.0895 0.9231
341.064 0.0526 0.0963 0.9103
341.104 0.0532 0.1002 0.9241
341.144 0.0515 0.0966 0.9281
341.183 0.0430 0.1046 0.9152
341.223 0.0428 0.1003 0.9248
341.264 0.0426 0.1003 0.9248
341.304 0.0500 0.0891 0.9538
341.345 0.0573 0.0918 0.9401
341.384 0.0657 0.0981 0.8966
341.422 0.0758 0.0967 0.8986
341.467 0.0894 0.0933 0.9311
341.506 0.1015 0.0981 0.9032
341.546 0.1086 0.0966 0.8968
341.586 0.1089 0.1006 0.8968
341.623 0.1028 0.1030 0.9111
341.667 0.1039 0.0961 0.8980
341.707 0.0997 0.0947 0.8965
341.747 0.1015 0.0916 0.8846
341.786 0.1050 0.0890 0.8962
341.826 0.1050 0.0973 0.9112
341.867 0.1036 0.0918 0.9052
341.907 0.1060 0.0901 0.8940
341.948 0.1075 0.0930 0.8736
341.987 0.1091 0.0912 0.8802
342.027 0.1102 0.0954 0.8929
342.067 0.1114 0.0986 0.9139
342.108 0.1161 0.0942 0.9031
342.148 0.1201 0.0932 0.9301
342.188 0.1265 0.0906 0.9301
342.228 0.1329 0.0949 0.8888
342.265 0.1343 0.0952 0.8502
342.309 0.1346 0.0985 0.8242
342.349 0.1415 0.0954 0.8652
342.389 0.1432 0.0943 0.8805
342.428 0.1415 0.0909 0.9134
342.467 0.1389 0.0948 0.8982
342.510 0.1353 0.0955 0.8835
342.550 0.1332 0.0948 0.8786
342.590 0.1285 0.0918 0.9032
342.630 0.1302 0.0941 0.9161
342.669 0.1299 0.0924 0.8630
342.710 0.1269 0.0925 0.8995
342.751 0.1232 0.0945 0.9377
342.791 0.1304 0.0946 0.9205
342.831 0.1328 0.0920 0.9325
342.870 0.1320 0.0908 0.9121
342.910 0.1339 0.0928 0.8905
342.951 0.1366 0.0948 0.8919
342.992 0.1414 0.0948 0.9089
343.032 0.1480 0.0929 0.8959
343.071 0.1543 0.0907 0.9555
343.108 0.1541 0.0896 0.9439
343.153 0.1509 0.0906 0.9428
343.193 0.1518 0.0912 0.9382
343.232 0.1541 0.0926 0.9044
343.272 0.1541 0.0921 0.8909
343.309 0.1520 0.0896 0.9454
343.352 0.1493 0.0895 0.9321
343.393 0.1503 0.0910 0.9503
343.433 0.1498 0.0914 0.9278
343.473 0.1471 0.0907 0.9478
343.512 0.1440 0.0871 0.9360
343.553 0.1421 0.0899 0.9203
343.593 0.1443 0.0905 0.9462
343.634 0.1438 0.0920 0.9512
343.674 0.1406 0.0908 0.9228
343.714 0.1386 0.0898 0.9268
343.754 0.1337 0.0878 0.9476
343.795 0.1329 0.0919 0.9453
343.835 0.1359 0.0921 0.9242
343.875 0.1364 0.0924 0.8993
343.915 0.1381 0.0880 0.9122
343.952 0.1424 0.0880 0.9392
343.996 0.1436 0.0902 0.9616
344.036 0.1414 0.0938 0.9349
344.076 0.1384 0.0899 0.8942
344.115 0.1401 0.0910 0.9680
344.152 0.1405 0.0911 0.9455
344.197 0.1450 0.0875 0.9012
344.236 0.1467 0.0885 0.8948
344.277 0.1463 0.0939 0.9207
344.316 0.1474 0.0918 0.9533
344.355 0.1464 0.0911 0.9372
344.396 0.1447 0.0883 0.9242
344.437 0.1450 0.0917 0.8895
344.477 0.1439 0.0892 0.9585
344.517 0.1485 0.0893 0.9476
344.556 0.1516 0.0889 0.9138
344.596 0.1479 0.0886 0.8878
344.637 0.1515 0.0908 0.9454
344.678 0.1503 0.0889 0.9204
344.718 0.1531 0.0915 0.9411
344.758 0.1549 0.0894 0.9189
344.796 0.1522 0.0913 0.8941
344.839 0.1488 0.0896 0.8941
344.879 0.1477 0.0854 0.8952
344.920 0.1399 0.0903 0.9297
344.959 0.1381 0.0875 0.9033
344.996 0.1292 0.0848 0.9644
345.041 0.1184 0.0868 0.9122
345.080 0.1162 0.0850 0.9050
345.120 0.1105 0.0876 0.8736
345.160 0.1049 0.0860 0.9244
345.199 0.1013 0.0846 0.9492
345.240 0.0989 0.0872 0.9170
345.281 0.0957 0.0853 0.9446
345.321 0.0940 0.0907 0.9342
345.361 0.0938 0.0914 0.8898
345.400 0.0981 0.0914 0.8898
345.440 0.0962 0.0914 0.9010
345.481 0.1026 0.0869 0.9205
345.521 0.1091 0.0882 0.9313
345.561 0.1168 0.0936 0.8978
345.601 0.1173 0.0923 0.8990
345.638 0.1195 0.0901 0.9289
345.681 0.1159 0.0892 0.9216
345.722 0.1099 0.0871 0.9416
345.762 0.1046 0.0856 0.9463
345.802 0.1072 0.0923 0.9175
345.840 0.1078 0.0918 0.8953
345.883 0.1020 0.0903 0.9523
345.923 0.0998 0.0870 0.9100
345.964 0.0953 0.0868 0.9290
346.004 0.0912 0.0893 0.9204
346.042 0.0872 0.0902 0.9160
346.084 0.0849 0.0861 0.8786
346.124 0.0847 0.0853 0.8812
346.164 0.0833 0.0851 0.8826
346.204 0.0834 0.0864 0.8777
346.244 0.0828 0.0908 0.9125
346.283 0.0766 0.0889 0.9242
346.325 0.0716 0.0880 0.9252
346.365 0.0668 0.0890 0.9126
346.405 0.0668 0.0859 0.9192
346.444 0.0612 0.0880 0.9192
346.482 0.0589 0.0871 0.9051
346.526 0.0489 0.0847 0.9051
346.566 0.0405 0.0859 0.9143
346.606 0.0337 0.0838 0.8963
346.645 0.0294 0.0853 0.9025
346.682 0.0293 0.0892 0.9250
346.725 0.0331 0.0888 0.8963
346.766 0.0387 0.0881 0.9090
346.807 0.0347 0.0865 0.8985
346.846 0.0375 0.0879 0.8855
346.885 0.0383 0.0924 0.8819
346.926 0.0418 0.0904 0.9009
346.967 0.0403 0.0893 0.9129
347.008 0.0402 0.0899 0.8672
347.048 0.0428 0.0870 0.8733
347.088 0.0412 0.0883 0.8806
347.127 0.0425 0.0894 0.8688
347.168 0.0379 0.0885 0.8635
347.208 0.0292 0.0854 0.8635
347.249 0.0249 0.0853 0.8251
347.288 0.0259 0.0876 0.8283
347.325 0.0251 0.0895 0.8239
347.369 0.0194 0.0884 0.8399
347.409 0.0137 0.0883 0.8399
347.449 0.0117 0.0884 0.8399
347.489 0.0101 0.0872 0.8419
347.526 0.0076 0.0906 0.8558
347.569 0.0075 0.0905 0.8419
347.610 0.0082 0.0905 0.8419
347.650 0.0089 0.0899 0.8359
347.690 0.0103 0.0876 0.8359
347.728 0.0116 0.0861 0.8409
347.770 0.0152 0.0901 0.8455
347.810 0.0191 0.0892 0.8505
347.851 0.0288 0.0881 0.8565
347.891 0.0311 0.0867 0.8609
347.930 0.0360 0.0878 0.8399
347.970 0.0452 0.0882 0.8399
348.011 0.0532 0.0882 0.8419
348.051 0.0525 0.0884 0.8679
348.092 0.0599 0.0885 0.8704
348.132 0.0677 0.0902 0.8596
348.169 0.0737 0.0897 0.8625
348.213 0.0759 0.0924 0.8516
348.253 0.0800 0.0921 0.8608
348.293 0.0804 0.0913 0.8319
348.333 0.0791 0.0891 0.8217
348.369 0.0803 0.0907 0.8464
348.413 0.0838 0.0904 0.8126
348.453 0.0821 0.0943 0.8444
348.494 0.0786 0.0900 0.8663
348.533 0.0827 0.0913 0.8689
348.572 0.0814 0.0913 0.8369
348.614 0.0821 0.0907 0.8349
348.654 0.0815 0.0933 0.8349
348.694 0.0878 0.0929 0.8558
348.734 0.0874 0.0924 0.8558
348.773 0.0855 0.0932 0.8639
348.813 0.0855 0.0923 0.8639
348.855 0.0857 0.0916 0.8536
348.895 0.0814 0.0912 0.8536
348.935 0.0758 0.0926 0.8469
348.974 0.0712 0.0912 0.8286
349.012 0.0620 0.0902 0.8286
349.056 0.0547 0.0901 0.8519
349.096 0.0496 0.0914 0.8716
349.136 0.0453 0.0959 0.8759
349.175 0.0381 0.0902 0.8716
349.213 0.0281 0.0891 0.8716
349.257 0.0258 0.0916 0.8756
349.297 0.0258 0.0939 0.8509
349.337 0.0272 0.0913 0.8793
349.377 0.0279 0.0943 0.9008
349.416 0.0357 0.0943 0.9008
349.458 0.0488 0.0923 0.9008
349.497 0.0584 0.0948 0.8866
349.538 0.0685 0.0920 0.8953
349.578 0.0742 0.0920 0.9105
349.617 0.0809 0.0966 0.9096
349.657 0.0846 0.0953 0.9056
349.698 0.0932 0.0914 0.9096
349.738 0.1012 0.0915 0.9366
349.778 0.1043 0.0938 0.8640
349.818 0.1060 0.0941 0.8640
349.855 0.1075 0.0921 0.9278
349.899 0.1098 0.0922 0.8786
349.939 0.1114 0.0922 0.8685
349.979 0.1110 0.0920 0.9270
350.019 0.1099 0.0928 0.9598
350.056 0.1146 0.0933 0.8876
350.100 0.1163 0.0918 0.9229
350.140 0.1185 0.0882 0.9124
350.179 0.1205 0.0935 0.8876
350.220 0.1160 0.0906 0.8808
350.259 0.1154 0.0908 0.9262
350.300 0.1137 0.0900 0.9481
350.341 0.1168 0.0909 0.9080
350.381 0.1176 0.0930 0.9146
350.421 0.1169 0.0941 0.9012
350.461 0.1168 0.0931 0.8844
350.500 0.1169 0.0904 0.9052
350.542 0.1173 0.0930 0.9239
350.582 0.1159 0.0888 0.8930
350.622 0.1215 0.0901 0.8893
350.662 0.1235 0.0921 0.9509
350.699 0.1276 0.0895 0.9142
350.743 0.1371 0.0895 0.9290
350.783 0.1428 0.0882 0.9166
350.823 0.1452 0.0889 0.8945
350.862 0.1505 0.0890 0.8936
350.899 0.1511 0.0908 0.8944
350.943 0.1458 0.0896 0.9276
350.983 0.1442 0.0872 0.9021
351.024 0.1429 0.0872 0.9063
351.063 0.1455 0.0855 0.9227
351.102 0.1406 0.0869 0.9273
351.144 0.1305 0.0865 0.9354
351.184 0.1275 0.0829 0.8986
351.224 0.1193 0.0813 0.8809
351.264 0.1164 0.0818 0.8942
351.303 0.1172 0.0849 0.9059
351.343 0.1156 0.0844 0.9165
351.384 0.1128 0.0814 0.9402
351.425 0.1124 0.0831 0.8999
351.466 0.1228 0.0827 0.9198
351.505 0.1293 0.0837 0.9218
351.543 0.1267 0.0898 0.9002
351.587 0.1261 0.0834 0.9253
351.626 0.1306 0.0830 0.8993
351.666 0.1353 0.0830 0.8993
351.706 0.1418 0.0816 0.9216
351.743 0.1473 0.0840 0.9282
351.786 0.1441 0.0831 0.9492
351.827 0.1421 0.0825 0.9123
351.867 0.1468 0.0810 0.9399
351.907 0.1561 0.0827 0.9173
351.946 0.1632 0.0823 0.9223
351.988 0.1644 0.0831 0.9376
352.028 0.1711 0.0829 0.9466
352.068 0.1797 0.0827 0.9598
352.107 0.1890 0.0796 0.9028
352.147 0.2007 0.0830 0.9642
352.187 0.2088 0.0831 0.9652
352.228 0.2090 0.0855 0.9197
352.268 0.2135 0.0851 0.9257
352.308 0.2193 0.0814 0.9213
352.348 0.2176 0.0826 0.9213
352.385 0.2155 0.0843 0.9537
352.430 0.2078 0.0872 0.9465
352.469 0.1973 0.0871 0.9226
352.509 0.1931 0.0859 0.9342
352.550 0.1860 0.0854 0.9235
352.587 0.1823 0.0848 0.9255
352.631 0.1697 0.0872 0.9249
352.671 0.1576 0.0853 0.9189
352.711 0.1498 0.0883 0.8956
352.750 0.1439 0.0846 0.9028
352.789 0.1403 0.0826 0.8878
352.830 0.1392 0.0837 0.9230
352.871 0.1375 0.0866 0.9056
352.911 0.1325 0.0859 0.9163
352.951 0.1352 0.0856 0.8843
352.991 0.1338 0.0808 0.9043
353.030 0.1316 0.0805 0.8683
353.072 0.1312 0.0834 0.8683
353.112 0.1369 0.0823 0.9124
353.152 0.1426 0.0805 0.8821
353.192 0.1444 0.0804 0.8926
353.229 0.1480 0.0844 0.8822
353.272 0.1528 0.0805 0.9189
353.313 0.1525 0.0835 0.9233
353.352 0.1521 0.0835 0.9338
353.392 0.1569 0.0819 0.8851
353.429 0.1604 0.0800 0.9424
353.472 0.1664 0.0791 0.9045
353.513 0.1744 0.0811 0.9115
353.553 0.1790 0.0842 0.9036
353.593 0.1762 0.0831 0.9309
353.633 0.1746 0.0789 0.9279
353.675 0.1751 0.0797 0.9388
353.715 0.1758 0.0808 0.9161
353.755 0.1733 0.0824 0.9281
353.795 0.1721 0.0799 0.9485
353.834 0.1698 0.0784 0.9161
353.874 0.1664 0.0774 0.8992
353.915 0.1687 0.0749 0.9423
353.955 0.1690 0.0792 0.9369
353.996 0.1693 0.0785 0.8946
354.035 0.1675 0.0795 0.9036
354.072 0.1651 0.0785 0.9036
354.117 0.1635 0.0778 0.9036
354.156 0.1633 0.0828 0.9099
354.196 0.1635 0.0859 0.9335
354.236 0.1654 0.0837 0.9352
354.273 0.1650 0.0820 0.8973
354.316 0.1656 0.0820 0.9359
354.357 0.1667 0.0828 0.9209
354.397 0.1644 0.0856 0.9373
354.437 0.1616 0.0844 0.8928
354.476 0.1577 0.0854 0.9067
354.516 0.1504 0.0837 0.9153
354.557 0.1505 0.0840 0.9341
354.597 0.1508 0.0849 0.9118
354.637 0.1499 0.0872 0.8857
354.677 0.1523 0.0828 0.8911
354.717 0.1535 0.0832 0.9159
354.758 0.1563 0.0818 0.9424
354.799 0.1579 0.0830 0.9339
354.839 0.1625 0.0842 0.9428
354.879 0.1639 0.0839 0.8999
354.916 0.1636 0.0832 0.8853
354.960 0.1629 0.0829 0.9197
355.000 0.1679 0.0814 0.9076
355.040 0.1688 0.0847 0.9180
355.080 0.1688 0.0841 0.8923
355.117 0.1658 0.0832 0.8874
355.160 0.1586 0.0826 0.8832
355.200 0.1517 0.0803 0.9213
355.241 0.1464 0.0819 0.8949
355.280 0.1465 0.0840 0.9199
355.319 0.1428 0.0813 0.9436
355.360 0.1408 0.0785 0.8757
355.401 0.1409 0.0786 0.9061
355.441 0.1398 0.0767 0.9023
355.481 0.1372 0.0791 0.8973
355.520 0.1381 0.0785 0.9459
355.560 0.1349 0.0771 0.9272
355.601 0.1329 0.0769 0.9135
355.642 0.1304 0.0749 0.9168
355.682 0.1330 0.0785 0.9209
355.721 0.1363 0.0783 0.9252
355.759 0.1337 0.0741 0.9085
355.802 0.1351 0.0746 0.9145
355.842 0.1354 0.0740 0.9065
355.883 0.1334 0.0755 0.9138
355.923 0.1346 0.0780 0.9335
355.960 0.1324 0.0824 0.9145
356.004 0.1307 0.0794 0.8879
356.044 0.1312 0.0792 0.9039
356.084 0.1348 0.0785 0.8949
356.124 0.1403 0.0803 0.9053
356.163 0.1441 0.0821 0.9026
356.204 0.1403 0.0805 0.9253
356.244 0.1399 0.0823 0.8789
356.285 0.1393 0.0804 0.9215
356.324 0.1437 0.0828 0.8989
356.364 0.1459 0.0843 0.9007
356.404 0.1443 0.0856 0.8992
356.445 0.1467 0.0843 0.8992
356.485 0.1475 0.0835 0.9085
356.525 0.1463 0.0841 0.9246
356.565 0.1442 0.0850 0.9045
356.602 0.1423 0.0912 0.8975
356.647 0.1391 0.0872 0.8967
356.686 0.1409 0.0878 0.9161
356.726 0.1408 0.0859 0.9001
356.765 0.1441 0.0853 0.9060
356.803 0.1413 0.0864 0.9415
356.846 0.1403 0.0865 0.9484
356.886 0.1438 0.0848 0.9457
356.927 0.1469 0.0842 0.8728
356.967 0.1489 0.0842 0.8802
357.006 0.1520 0.0860 0.9345
357.048 0.1528 0.0863 0.9902
357.088 0.1548 0.0849 0.9395
357.128 0.1620 0.0848 0.9285
357.168 0.1670 0.0808 0.9145
357.207 0.1758 0.0831 0.9238
357.247 0.1761 0.0856 0.9255
357.288 0.1768 0.0857 0.9520
357.329 0.1789 0.0901 0.9121
357.369 0.1786 0.0879 0.9220
357.409 0.1786 0.0824 0.9165
357.446 0.1748 0.0858 0.9389
357.490 0.1728 0.0889 0.8969
357.530 0.1717 0.0859 0.9333
357.570 0.1737 0.0855 0.9385
357.609 0.1695 0.0851 0.9038
357.646 0.1659 0.0837 0.9038
357.690 0.1568 0.0867 0.8719
357.730 0.1561 0.0882 0.9523
357.770 0.1541 0.0890 0.9505
357.810 0.1536 0.0900 0.9466
357.849 0.1479 0.0873 0.9282
357.891 0.1426 0.0920 0.9204
357.930 0.1436 0.0926 0.9101
357.971 0.1445 0.0950 0.9433
358.011 0.1463 0.0942 0.9267
358.050 0.1499 0.0896 0.9311
358.091 0.1506 0.0918 0.9267
358.132 0.1518 0.0905 0.9429
358.172 0.1559 0.0886 0.9271
358.212 0.1506 0.0882 0.9035
358.252 0.1487 0.0867 0.9246
358.289 0.1447 0.0866 0.9704
358.334 0.1447 0.0893 0.9388
358.373 0.1463 0.0871 0.9216
358.413 0.1415 0.0861 0.9258
358.453 0.1382 0.0863 0.9269
358.490 0.1396 0.0859 0.9316
358.533 0.1361 0.0848 0.9074
358.574 0.1400 0.0841 0.8973
358.614 0.1441 0.0889 0.9099
358.654 0.1456 0.0839 0.9466
358.693 0.1506 0.0795 0.9606
358.733 0.1563 0.0807 0.9336
358.774 0.1602 0.0812 0.9462
358.814 0.1667 0.0840 0.9472
358.854 0.1694 0.0785 0.9372
358.894 0.1745 0.0780 0.9638
358.934 0.1778 0.0791 0.9128
358.975 0.1753 0.0788 0.9216
359.015 0.1720 0.0830 0.9636
359.055 0.1668 0.0831 0.9252
359.095 0.1640 0.0786 0.9341
359.133 0.1582 0.0792 0.9680
359.177 0.1511 0.0868 0.9403
359.217 0.1505 0.0839 0.9369
359.257 0.1481 0.0854 0.9088
359.296 0.1382 0.0839 0.9729
359.333 0.1321 0.0844 0.9308
359.377 0.1249 0.0818 0.9488
359.418 0.1247 0.0826 0.9488
359.458 0.1240 0.0848 0.9376
359.497 0.1263 0.0841 0.9376
359.536 0.1284 0.0857 0.9437
359.577 0.1257 0.0846 0.9437
359.618 0.1258 0.0801 0.9325
359.658 0.1311 0.0869 0.9358
359.698 0.1326 0.0852 0.9307
359.737 0.1330 0.0845 0.9217
359.777 0.1367 0.0835 0.9099
359.818 0.1409 0.0846 0.9015
359.859 0.1434 0.0878 0.9058
359.899 0.1452 0.0888 0.8646
359.938 0.1496 0.0866 0.9355
359.976 0.1494 0.0890 0.9308
360.020 0.1532 0.0859 0.9185
360.060 0.1543 0.0864 0.9367
360.099 0.1559 0.0880 0.9069
360.139 0.1535 0.0900 0.9158
360.176 0.1503 0.0878 0.9330
360.221 0.1474 0.0888 0.9355
360.260 0.1537 0.0869 0.9421
360.300 0.1549 0.0917 0.9318
360.341 0.1592 0.0903 0.9421
360.380 0.1628 0.0894 0.9382
360.422 0.1595 0.0872 0.9389
360.462 0.1631 0.0861 0.9289
360.502 0.1637 0.0871 0.9365
360.541 0.1626 0.0908 0.9325
360.581 0.1608 0.0886 0.9125
360.621 0.1598 0.0891 0.9232
360.662 0.1642 0.0862 0.9284
360.702 0.1691 0.0888 0.9044
360.742 0.1706 0.0903 0.9423
360.782 0.1723 0.0911 0.9003
360.819 0.1746 0.0891 0.9159
360.863 0.1709 0.0885 0.8889
360.903 0.1740 0.0896 0.9146
360.943 0.1714 0.0909 0.9259
360.983 0.1708 0.0902 0.9415
361.020 0.1691 0.0879 0.8979
361.063 0.1727 0.0882 0.9163
361.104 0.1757 0.0885 0.9229
361.144 0.1736 0.0874 0.9077
361.184 0.1715 0.0912 0.9560
361.222 0.1644 0.0883 0.9702
361.265 0.1618 0.0884 0.9139
361.304 0.1591 0.0893 0.9138
361.344 0.1590 0.0858 0.8633
361.384 0.1584 0.0872 0.9523
361.424 0.1633 0.0886 0.9375
361.464 0.1614 0.0870 0.9152
361.506 0.1623 0.0853 0.9617
361.546 0.1599 0.0880 0.9239
361.586 0.1611 0.0894 0.9367
361.625 0.1642 0.0913 0.9169
361.663 0.1625 0.0933 0.9335
361.707 0.1694 0.0909 0.8923
361.747 0.1664 0.0926 0.9433
361.787 0.1674 0.0920 0.9173
361.826 0.1757 0.0920 0.9193
361.863 0.1788 0.0933 0.9183
361.907 0.1754 0.0932 0.9347
361.947 0.1739 0.0925 0.9139
361.988 0.1725 0.0925 0.9399
362.027 0.1755 0.0933 0.8826
362.066 0.1750 0.0918 0.9071
362.108 0.1692 0.0905 0.9199
362.148 0.1727 0.0906 0.8953
362.188 0.1658 0.0920 0.9265
362.228 0.1641 0.0931 0.9192
362.267 0.1638 0.0935 0.9007
362.307 0.1538 0.0935 0.9007
362.348 0.1468 0.0935 0.9367
362.389 0.1446 0.0935 0.9068
362.429 0.1445 0.0925 0.8965
362.468 0.1488 0.0929 0.9250
362.507 0.1452 0.0944 0.8904
362.550 0.1391 0.0938 0.9138
362.591 0.1412 0.0901 0.9398
362.630 0.1403 0.0927 0.9046
362.670 0.1417 0.0913 0.9222
362.707 0.1504 0.0929 0.8875
362.751 0.1483 0.0927 0.9262
362.791 0.1456 0.0926 0.9648
362.831 0.1465 0.0923 0.9239
362.871 0.1473 0.0923 0.9457
362.910 0.1496 0.0935 0.9390
362.951 0.1452 0.0926 0.9398
362.991 0.1436 0.0958 0.9311
363.032 0.1452 0.0955 0.9097
363.071 0.1442 0.0962 0.9010
363.111 0.1428 0.0909 0.9348
363.151 0.1442 0.0908 0.9208
363.192 0.1373 0.0976 0.9303
363.232 0.1338 0.0898 0.8960
363.272 0.1363 0.0924 0.8866
363.312 0.1389 0.0936 0.9551
363.349 0.1363 0.0927 0.9442
363.392 0.1317 0.0904 0.9376
363.433 0.1253 0.0893 0.9332
363.473 0.1255 0.0912 0.9216
363.513 0.1245 0.0888 0.8902
363.550 0.1259 0.0932 0.9145
363.593 0.1259 0.0913 0.9277
363.633 0.1253 0.1029 0.9079
363.675 0.1270 0.0999 0.9088
363.714 0.1316 0.0959 0.8995
363.753 0.1341 0.0960 0.8935
363.794 0.1314 0.0983 0.8963
363.835 0.1331 0.0968 0.8963
363.875 0.1348 0.0971 0.8822
363.915 0.1407 0.0900 0.9448
363.954 0.1425 0.0917 0.8931
363.994 0.1455 0.0906 0.9300
364.035 0.1502 0.0921 0.9210
364.076 0.1534 0.0939 0.9363
364.116 0.1574 0.0934 0.9043
364.155 0.1599 0.0906 0.9449
364.193 0.1562 0.0925 0.8866
364.237 0.1557 0.0929 0.9098
364.276 0.1579 0.0925 0.9289
364.317 0.1611 0.0903 0.9481
364.356 0.1624 0.0947 0.9083
364.393 0.1623 0.0895 0.9059
364.437 0.1636 0.0952 0.9026
364.477 0.1638 0.0925 0.9280
364.517 0.1592 0.0927 0.9077
364.557 0.1565 0.0919 0.9544
364.596 0.1524 0.0928 0.9126
364.638 0.1490 0.0894 0.9375
364.678 0.1479 0.0937 0.9105
364.718 0.1489 0.0926 0.9142
364.758 0.1518 0.0932 0.9142
364.798 0.1512 0.0945 0.8816
364.838 0.1488 0.0929 0.9066
364.879 0.1504 0.0940 0.8773
364.919 0.1486 0.0966 0.8693
364.959 0.1480 0.1029 0.8911
364.999 0.1513 0.0942 0.9044
365.036 0.1547 0.0979 0.8926
365.081 0.1587 0.0995 0.8592
365.120 0.1604 0.1020 0.8897
365.160 0.1632 0.1043 0.9179
365.200 0.1637 0.1003 0.8883
365.237 0.1644 0.0989 0.8962
365.281 0.1620 0.0992 0.9169
365.320 0.1613 0.1016 0.8795
365.361 0.1613 0.1053 0.9200
365.400 0.1609 0.1055 0.9006
365.440 0.1623 0.1032 0.9389
365.482 0.1620 0.1000 0.9502
365.521 0.1573 0.1038 0.9214
365.562 0.1521 0.1088 0.9217
365.601 0.1522 0.1047 0.9255
365.640 0.1505 0.1008 0.8973
365.680 0.1486 0.1034 0.8944
365.722 0.1451 0.1046 0.9032
365.762 0.1431 0.1007 0.8806
365.802 0.1490 0.1047 0.9306
365.842 0.1502 0.1042 0.9065
365.880 0.1507 0.1020 0.9139
365.924 0.1535 0.1032 0.8955
365.964 0.1541 0.1031 0.8935
366.004 0.1540 0.1003 0.9249
366.043 0.1586 0.1016 0.9169
366.080 0.1587 0.1032 0.8789
366.124 0.1566 0.1006 0.9609
366.164 0.1562 0.0990 0.8954
366.205 0.1569 0.1026 0.9324
366.244 0.1591 0.1048 0.9242
366.283 0.1571 0.1051 0.9222
366.325 0.1553 0.1047 0.9118
366.365 0.1560 0.1045 0.9217
366.405 0.1550 0.1028 0.9306
366.445 0.1579 0.1044 0.9403
366.484 0.1637 0.1020 0.8972
366.524 0.1643 0.1022 0.9107
366.565 0.1688 0.1022 0.9165
366.606 0.1661 0.1007 0.9206
366.645 0.1704 0.1002 0.8883
366.685 0.1708 0.1015 0.9133
366.722 0.1681 0.1005 0.9297
366.767 0.1669 0.1003 0.9221
366.807 0.1657 0.1029 0.9281
366.846 0.1671 0.1028 0.9453
366.886 0.1700 0.1011 0.9382
366.924 0.1710 0.1048 0.9279
366.967 0.1672 0.1057 0.8910
367.008 0.1686 0.1003 0.9561
367.048 0.1639 0.0992 0.9499
367.088 0.1668 0.0977 0.9389
367.127 0.1634 0.1002 0.9216
367.169 0.1650 0.0984 0.9750
367.208 0.1699 0.0993 0.9593
367.249 0.1722 0.0993 0.9355
367.289 0.1756 0.0959 0.9107
367.328 0.1749 0.1044 0.9378
367.368 0.1707 0.1043 0.9388
367.409 0.1672 0.1059 0.9555
367.449 0.1623 0.1044 0.9527
367.489 0.1588 0.1020 0.9439
367.529 0.1559 0.1028 0.9509
367.566 0.1596 0.1010 0.9448
367.611 0.1596 0.0998 0.8837
367.650 0.1562 0.1010 0.8897
367.690 0.1535 0.0985 0.9395
367.730 0.1562 0.0982 0.9265
367.766 0.1554 0.0960 0.9152
367.811 0.1558 0.0935 0.9203
367.851 0.1560 0.0927 0.9363
367.891 0.1588 0.0943 0.8969
367.931 0.1656 0.0949 0.9069
367.969 0.1692 0.0941 0.9128
368.011 0.1798 0.0959 0.9172
368.051 0.1785 0.0960 0.9529
368.092 0.1815 0.0943 0.8960
368.132 0.1873 0.0945 0.8944
368.172 0.1908 0.0943 0.9159
368.211 0.1863 0.0945 0.8950
368.253 0.1847 0.0960 0.8881
368.293 0.1813 0.0951 0.9573
368.333 0.1802 0.0951 0.9411
368.372 0.1801 0.0950 0.9002
368.410 0.1761 0.0972 0.9282
368.454 0.1710 0.1002 0.8853
368.493 0.1687 0.0987 0.9098
368.534 0.1667 0.0976 0.9390
368.573 0.1655 0.0986 0.9238
368.610 0.1656 0.0987 0.9052
368.655 0.1645 0.0984 0.9381
368.694 0.1642 0.1000 0.9226
368.734 0.1635 0.0948 0.9392
368.774 0.1655 0.0958 0.9238
368.813 0.1716 0.0942 0.9148
368.855 0.1753 0.0988 0.9208
368.895 0.1754 0.0984 0.9719
368.935 0.1742 0.0985 0.9559
368.975 0.1734 0.1007 0.9175
369.014 0.1734 0.1007 0.9236
369.054 0.1735 0.0986 0.9270
369.095 0.1696 0.1050 0.9192
369.135 0.1620 0.1016 0.9636
369.175 0.1615 0.1011 0.9640
369.216 0.1608 0.0992 0.9553
369.253 0.1594 0.0996 0.9401
369.297 0.1554 0.1009 0.9454
369.337 0.1540 0.0990 0.9443
369.377 0.1512 0.1026 0.9454
369.417 0.1542 0.1014 0.9173
369.454 0.1553 0.1014 0.8955
369.497 0.1663 0.1034 0.9214
369.538 0.1681 0.1031 0.9265
369.578 0.1694 0.1024 0.9457
369.617 0.1759 0.1023 0.9385
369.657 0.1827 0.1023 0.9042
369.698 0.1896 0.1034 0.8758
369.738 0.1914 0.1053 0.9222
369.779 0.1922 0.1055 0.9155
369.818 0.1909 0.1040 0.9007
369.858 0.1926 0.1042 0.9052
369.898 0.1848 0.1039 0.8783
369.939 0.1828 0.1040 0.8989
369.979 0.1756 0.1050 0.8987
370.019 0.1710 0.1047 0.8817
370.058 0.1720 0.1030 0.8973
370.096 0.1716 0.0993 0.9101
370.139 0.1706 0.1049 0.8915
370.180 0.1654 0.1071 0.8943
370.219 0.1635 0.1061 0.8831
370.259 0.1615 0.1011 0.9153
370.297 0.1597 0.0989 0.9086
370.341 0.1545 0.0956 0.9020
370.382 0.1593 0.0954 0.9279
370.422 0.1637 0.1031 0.9200
370.461 0.1619 0.1099 0.9008
370.500 0.1636 0.1095 0.9008
370.541 0.1607 0.1058 0.8819
370.582 0.1618 0.1030 0.9298
370.622 0.1594 0.1027 0.8874
370.662 0.1560 0.1039 0.8858
370.701 0.1558 0.0977 0.9432
370.741 0.1555 0.1010 0.9384
370.782 0.1641 0.1002 0.9096
370.823 0.1678 0.0995 0.9088
370.863 0.1708 0.1048 0.9045
370.902 0.1740 0.0971 0.9374
370.939 0.1734 0.0953 0.9352
370.983 0.1722 0.0932 0.9266
371.023 0.1746 0.0942 0.9158
371.063 0.1749 0.0985 0.9233
371.103 0.1719 0.0911 0.9221
371.140 0.1726 0.0909 0.9128
371.184 0.1738 0.0893 0.9289
371.224 0.1791 0.0910 0.9193
371.264 0.1800 0.0915 0.9355
371.304 0.1787 0.0921 0.9173
371.343 0.1761 0.0923 0.9113
371.384 0.1701 0.0943 0.8999
371.425 0.1715 0.0931 0.9023
371.466 0.1767 0.0964 0.9069
371.506 0.1761 0.0982 0.9169
371.545 0.1698 0.0963 0.9045
371.584 0.1643 0.0939 0.9270
371.626 0.1652 0.0954 0.8875
371.666 0.1656 0.0976 0.8612
371.706 0.1680 0.0998 0.9391
371.746 0.1630 0.0998 0.9080
371.783 0.1561 0.1014 0.9434
371.828 0.1564 0.0930 0.9165
371.867 0.1589 0.0932 0.9268
371.907 0.1637 0.0970 0.9129
371.947 0.1643 0.0982 0.9068
371.984 0.1621 0.0973 0.9238
372.028 0.1644 0.0938 0.9238
372.067 0.1718 0.0918 0.9409
372.108 0.1767 0.0998 0.9385
372.147 0.1761 0.0988 0.9499
372.187 0.1735 0.1036 0.9385
372.228 0.1702 0.0992 0.9422
372.268 0.1755 0.0975 0.9260
372.308 0.1776 0.0944 0.9366
372.348 0.1791 0.0940 0.9324
372.387 0.1764 0.1009 0.9314
372.427 0.1688 0.0964 0.9574
372.469 0.1658 0.0937 0.9304
372.509 0.1668 0.0958 0.9314
372.550 0.1636 0.0963 0.9399
372.589 0.1611 0.1030 0.9616
372.627 0.1632 0.0980 0.9000
372.671 0.1621 0.0975 0.9054
372.710 0.1617 0.0964 0.9164
372.750 0.1611 0.0967 0.9304
372.790 0.1606 0.0988 0.8925
372.827 0.1576 0.0997 0.9426
372.870 0.1554 0.0969 0.9225
372.911 0.1579 0.0955 0.8879
372.951 0.1603 0.0950 0.8959
372.991 0.1572 0.0948 0.9205
373.030 0.1579 0.0973 0.9344
373.072 0.1557 0.0990 0.9129
373.112 0.1512 0.0956 0.9179
373.152 0.1465 0.0961 0.9350
373.192 0.1463 0.0966 0.9289
373.231 0.1455 0.0985 0.9427
373.271 0.1418 0.0987 0.9323
373.312 0.1434 0.0987 0.9272
373.353 0.1455 0.0971 0.9002
373.392 0.1469 0.1008 0.9002
373.432 0.1459 0.1022 0.9078
373.469 0.1469 0.1036 0.9078
373.513 0.1440 0.1009 0.9269
373.553 0.1464 0.0999 0.9389
373.593 0.1467 0.1006 0.9416
373.633 0.1479 0.0995 0.9272
373.671 0.1482 0.1126 0.9225
373.715 0.1440 0.1126 0.9225
373.755 0.1423 0.1024 0.9239
373.795 0.1386 0.1023 0.9143
373.835 0.1369 0.1012 0.9169
373.874 0.1395 0.1038 0.9159
373.914 0.1431 0.1025 0.9266
373.955 0.1460 0.1045 0.9391
373.996 0.1443 0.1025 0.9132
374.035 0.1424 0.1017 0.9132
374.075 0.1414 0.1024 0.9260
374.114 0.1434 0.1033 0.9702
374.156 0.1430 0.1050 0.9535
374.196 0.1440 0.1027 0.8948
374.236 0.1475 0.1017 0.8948
374.276 0.1531 0.1018 0.8973
374.313 0.1561 0.1028 0.8879
374.356 0.1538 0.1043 0.9279
374.397 0.1521 0.1047 0.9328
374.437 0.1517 0.1039 0.9234
374.476 0.1585 0.1026 0.9254
374.513 0.1648 0.1019 0.9115
374.558 0.1694 0.1051 0.8991
374.598 0.1700 0.1044 0.8781
374.638 0.1710 0.1046 0.8929
374.677 0.1736 0.0999 0.9015
374.717 0.1754 0.1005 0.8995
374.758 0.1738 0.1006 0.8991
374.799 0.1743 0.1020 0.8837
374.839 0.1691 0.1021 0.8892
374.879 0.1647 0.0989 0.8772
374.918 0.1602 0.1004 0.8888
374.958 0.1509 0.1035 0.8841
374.999 0.1447 0.1033 0.8740
375.040 0.1421 0.1050 0.8879
375.080 0.1415 0.1064 0.8929
375.119 0.1435 0.1057 0.8609
375.157 0.1441 0.1037 0.8569
375.201 0.1451 0.1055 0.8398
375.240 0.1504 0.1062 0.8787
375.281 0.1505 0.1099 0.8755
375.320 0.1560 0.1039 0.8793
375.357 0.1627 0.1123 0.8777
375.400 0.1637 0.1093 0.9215
375.441 0.1696 0.1087 0.9125
375.481 0.1735 0.1100 0.9132
375.521 0.1788 0.1138 0.9221
375.560 0.1809 0.1094 0.9558
375.601 0.1833 0.1120 0.8995
375.641 0.1835 0.1117 0.9198
375.682 0.1857 0.1092 0.9064
375.722 0.1824 0.1075 0.8923
375.761 0.1813 0.1026 0.9403
375.801 0.1779 0.0975 0.9247
375.842 0.1745 0.1021 0.9356
375.883 0.1720 0.1049 0.9443
375.923 0.1687 0.1077 0.9258
375.963 0.1662 0.1078 0.8989
376.000 0.1607 0.1021 0.9276
376.043 0.1551 0.1034 0.9208
376.084 0.1480 0.1031 0.9519
376.124 0.1439 0.1041 0.9479
376.164 0.1436 0.1078 0.9229
376.201 0.1416 0.1048 0.9078
376.244 0.1366 0.1038 0.8962
376.284 0.1368 0.1070 0.8987
376.325 0.1349 0.1038 0.9302
376.365 0.1346 0.1055 0.9185
376.403 0.1343 0.0982 0.8959
376.444 0.1318 0.0979 0.8639
376.485 0.1313 0.0990 0.8622
376.525 0.1317 0.1018 0.8586
376.565 0.1340 0.1043 0.8089
376.605 0.1346 0.1070 0.8170
376.644 0.1303 0.1033 0.8625
376.686 0.1253 0.1049 0.8250
376.726 0.1229 0.1033 0.8012
376.766 0.1200 0.1058 0.8142
376.805 0.1182 0.1044 0.8373
376.843 0.1137 0.1049 0.8189
376.886 0.1124 0.1034 0.8329
376.927 0.1114 0.1036 0.7904
376.967 0.1085 0.1060 0.7774
377.007 0.1089 0.1069 0.7730
377.044 0.1056 0.1055 0.7710
377.089 0.1054 0.1036 0.7700
377.128 0.1045 0.1016 0.7396
377.169 0.1032 0.1046 0.7863
377.208 0.1036 0.1082 0.7619
377.247 0.1032 0.1067 0.7556
377.289 0.1003 0.1087 0.7250
377.329 0.1024 0.1045 0.7452
377.369 0.0998 0.1101 0.7160
377.409 0.0972 0.1117 0.7180
377.448 0.0991 0.1089 0.7180
377.488 0.0963 0.1061 0.6919
377.529 0.0945 0.1054 0.6776
377.570 0.0910 0.1045 0.6779
377.609 0.0868 0.1030 0.6799
377.649 0.0851 0.1066 0.6573
377.686 0.0828 0.1067 0.6419
377.731 0.0808 0.1056 0.6291
377.770 0.0798 0.1047 0.6239
377.810 0.0776 0.1050 0.6335
377.850 0.0750 0.1022 0.6335
377.887 0.0773 0.1341 0.6197
377.930 0.0744 0.1169 0.6177
377.971 0.0716 0.1105 0.6175
378.011 0.0718 0.1481 0.5609
378.051 0.0699 0.1481 0.5747
378.091 0.0705 0.1441 0.5767
378.133 0.0726 0.1298 0.5791
378.172 0.0749 0.1238 0.5903
378.213 0.0747 0.1426 0.5791
378.252 0.0740 0.1260 0.5744
378.292 0.0731 0.1248 0.5903
378.332 0.0767 0.1208 0.5633
378.373 0.0747 0.1254 0.5431
378.413 0.0750 0.1183 0.5259
378.453 0.0791 0.1385 0.5053
378.493 0.0783 0.1040 0.5227
378.530 0.0771 0.1057 0.5179
378.574 0.0765 0.1001 0.5227
378.614 0.0753 0.1116 0.5051
378.654 0.0731 0.0916 0.5143
378.694 0.0732 0.1107 0.4829
378.730 0.0735 0.0935 0.4781
378.775 0.0742 0.0991 0.4496
378.814 0.0715 0.0929 0.4559
378.855 0.0716 0.0950 0.4226
378.894 0.0728 0.1045 0.4496
378.933 0.0713 0.1035 0.4511
378.975 0.0706 0.0888 0.4623
379.015 0.0752 0.1007 0.4177
379.055 0.0789 0.0966 0.4067
379.095 0.0822 0.0966 0.4116
379.134 0.0839 0.0884 0.4067
379.175 0.0860 0.0861 0.3734
379.216 0.0867 0.0928 0.3797
379.257 0.0882 0.0923 0.3797
379.297 0.0889 0.0871 0.3749
379.336 0.0889 0.0822 0.3749
379.374 0.0888 0.0789 0.3686
379.417 0.0907 0.0886 0.3416
379.458 0.0924 0.0776 0.3416
379.498 0.0940 0.0779 0.3146
379.537 0.0929 0.0789 0.3194
379.574 0.0939 0.0805 0.3352
379.617 NaN 0.0722 0.2970
379.658 NaN 0.1117 0.2226
379.698 NaN 0.0746 0.2654
379.738 NaN 0.0658 0.2272
379.777 NaN 0.0703 0.2002
379.819 NaN 0.0657 0.1890
379.859 NaN 0.0677 0.2114
379.899 NaN 0.0605 0.1890
