267.850 NaN 0.0813 0.8870
267.890 NaN 0.0786 0.8636
267.930 NaN 0.0774 0.8826
267.967 NaN 0.0832 0.8706
268.011 NaN 0.0813 0.8491
268.051 NaN 0.0813 0.8780
268.092 NaN 0.0808 0.8357
268.131 0.0497 0.0804 0.8516
268.171 0.0530 0.0791 0.8467
268.211 0.0565 0.0800 0.8870
268.252 0.0585 0.0812 0.8491
268.293 0.0629 0.0823 0.8776
268.332 0.0643 0.0812 0.8736
268.372 0.0640 0.0800 0.8743
268.412 0.0638 0.0795 0.8656
268.453 0.0650 0.0829 0.8743
268.493 0.0668 0.0802 0.8713
268.533 0.0681 0.0828 0.8418
268.573 0.0710 0.0796 0.8563
268.610 0.0713 0.0792 0.8557
268.654 0.0700 0.0817 0.8586
268.694 0.0724 0.0808 0.8463
268.734 0.0688 0.0790 0.8463
268.774 0.0646 0.0790 0.8713
268.811 0.0627 0.0790 0.8833
268.855 0.0630 0.0777 0.8923
268.894 0.0640 0.0810 0.8413
268.935 0.0606 0.0813 0.8403
268.974 0.0585 0.0805 0.8706
269.016 0.0523 0.0800 0.8706
269.055 0.0524 0.0798 0.8796
269.095 0.0529 0.0800 0.9006
269.135 0.0553 0.0807 0.8746
269.175 0.0528 0.0806 0.8537
269.216 0.0525 0.0794 0.8537
269.255 0.0549 0.0785 0.8410
269.297 0.0545 0.0799 0.8413
269.337 0.0561 0.0790 0.8669
269.377 0.0565 0.0789 0.8640
269.417 0.0571 0.0795 0.8890
269.454 0.0584 0.0788 0.8680
269.498 0.0627 0.0789 0.8680
269.538 0.0650 0.0818 0.8629
269.578 0.0653 0.0790 0.8719
269.617 0.0653 0.0801 0.8969
269.654 0.0661 0.0783 0.8969
269.699 0.0683 0.0814 0.8669
269.738 0.0687 0.0803 0.8669
269.779 0.0698 0.0817 0.8669
269.818 0.0699 0.0809 0.8669
269.858 0.0670 0.0805 0.8629
269.899 0.0658 0.0786 0.8629
269.938 0.0625 0.0799 0.8539
269.979 0.0602 0.0771 0.8969
270.019 0.0572 0.0786 0.8993
270.058 0.0560 0.0793 0.8659
270.098 0.0542 0.0793 0.8659
270.139 0.0534 0.0793 0.8629
270.180 0.0542 0.0792 0.8723
270.220 0.0529 0.0801 0.8489
270.259 0.0523 0.0793 0.8489
270.297 0.0509 0.0797 0.8530
270.342 0.0514 0.0797 0.8410
270.383 0.0533 0.0784 0.8422
270.422 0.0553 0.0796 0.8531
270.461 0.0566 0.0796 0.8403
270.502 0.0572 0.0794 0.8294
270.543 0.0551 0.0778 0.8403
270.582 0.0524 0.0790 0.8531
270.622 0.0528 0.0775 0.8789
270.662 0.0511 0.0836 0.8749
270.702 0.0482 0.0814 0.8741
270.743 0.0468 0.0795 0.8749
270.782 0.0461 0.0781 0.8741
270.823 0.0473 0.0810 0.8741
270.863 0.0463 0.0807 0.8819
270.902 0.0455 0.0839 0.8823
270.942 0.0476 0.0841 0.8705
270.983 0.0466 0.0788 0.8705
271.023 0.0457 0.0773 0.8981
271.063 0.0472 0.0789 0.8977
271.103 0.0428 0.0826 0.8816
271.140 0.0408 0.0823 0.8357
271.185 0.0420 0.0811 0.8316
271.225 0.0420 0.0793 0.8681
271.264 0.0470 0.0805 0.8530
271.304 0.0494 0.0839 0.8499
271.342 0.0510 0.0827 0.8736
271.385 0.0575 0.0798 0.8613
271.425 0.0604 0.0778 0.8649
271.466 0.0668 0.0778 0.8843
271.506 0.0735 0.0827 0.8871
271.545 0.0808 0.0814 0.8749
271.587 0.0907 0.0813 0.8839
271.626 0.0969 0.0788 0.8749
271.667 0.1002 0.0765 0.8751
271.706 0.1032 0.0813 0.8652
271.746 0.1057 0.0828 0.8950
271.786 0.1050 0.0803 0.9005
271.827 0.1035 0.0771 0.9115
271.867 0.1024 0.0804 0.8335
271.907 0.1015 0.0802 0.8429
271.947 0.0958 0.0814 0.8390
271.984 0.0910 0.0806 0.8961
272.028 0.0861 0.0783 0.8579
272.068 0.0843 0.0780 0.8789
272.108 0.0779 0.0782 0.8705
272.148 0.0748 0.0803 0.8739
272.185 0.0768 0.0828 0.8925
272.229 0.0757 0.0823 0.8925
272.269 0.0752 0.0796 0.8625
272.309 0.0733 0.0820 0.8270
272.348 0.0701 0.0816 0.8410
272.389 0.0644 0.0821 0.8410
272.429 0.0626 0.0822 0.8733
272.469 0.0631 0.0833 0.8539
272.509 0.0638 0.0831 0.8505
272.550 0.0595 0.0805 0.8359
272.590 0.0608 0.0797 0.8359
272.629 0.0664 0.0847 0.8729
272.670 0.0726 0.0819 0.8584
272.711 0.0734 0.0819 0.8775
272.751 0.0722 0.0827 0.8168
272.791 0.0800 0.0769 0.8813
272.828 0.0837 0.0813 0.8655
272.872 0.0891 0.0854 0.8711
272.912 0.0932 0.0806 0.8625
272.952 0.0952 0.0817 0.8686
273.012 0.0947 0.0783 0.8988
273.028 0.0954 0.0795 0.8825
273.072 0.0984 0.0813 0.8569
273.112 0.1001 0.0823 0.8390
273.152 0.0951 0.0830 0.8509
273.192 0.0955 0.0807 0.8329
273.232 0.0930 0.0791 0.8863
273.272 0.0914 0.0817 0.9139
273.313 0.0885 0.0836 0.8669
273.353 0.0868 0.0820 0.8515
273.393 0.0847 0.0806 0.8705
273.433 0.0814 0.0820 0.8656
273.472 0.0820 0.0798 0.8607
273.513 0.0832 0.0829 0.8816
273.553 0.0819 0.0823 0.8559
273.593 0.0803 0.0813 0.8463
273.633 0.0824 0.0791 0.8494
273.671 0.0797 0.0835 0.8569
273.716 0.0828 0.0838 0.8519
273.755 0.0850 0.0817 0.8647
273.795 0.0855 0.0825 0.8731
273.835 0.0878 0.0751 0.8609
273.872 0.0882 0.0828 0.8249
273.916 0.0912 0.0821 0.8531
273.956 0.0902 0.0806 0.8951
273.996 0.0897 0.0798 0.8898
274.035 0.0918 0.0786 0.8746
274.075 0.0911 0.0770 0.8816
274.116 0.0885 0.0801 0.8679
274.156 0.0867 0.0792 0.8744
274.196 0.0849 0.0857 0.8424
274.236 0.0808 0.0851 0.8424
274.275 0.0755 0.0779 0.8819
274.315 0.0743 0.0781 0.8819
274.356 0.0693 0.0823 0.9048
274.397 0.0678 0.0828 0.9134
274.437 0.0671 0.0829 0.8416
274.476 0.0624 0.0807 0.8964
274.514 0.0573 0.0809 0.8638
274.558 0.0514 0.0829 0.8869
274.598 0.0477 0.0855 0.8720
274.638 0.0458 0.0842 0.8748
274.678 0.0446 0.0823 0.8571
274.716 0.0401 0.0810 0.8412
274.759 0.0391 0.0799 0.8412
274.799 0.0325 0.0823 0.8728
274.840 0.0324 0.0862 0.8568
274.879 0.0299 0.0820 0.8506
274.919 0.0262 0.0819 0.8601
274.960 0.0285 0.0806 0.8601
275.011 0.0311 0.0819 0.8568
275.040 0.0311 0.0853 0.8568
275.080 0.0287 0.0821 0.8429
275.119 0.0245 0.0813 0.8429
275.159 0.0201 0.0824 0.8135
275.200 0.0180 0.0812 0.8135
275.241 0.0159 0.0861 0.8449
275.281 0.0150 0.0871 0.8649
275.320 0.0118 0.0818 0.8249
275.358 0.0109 0.0839 0.8249
275.402 0.0090 0.0800 0.8277
275.441 0.0063 0.0843 0.8576
275.482 0.0043 0.0883 0.8649
275.521 0.0042 0.0861 0.8249
275.559 0.0028 0.0853 0.8185
275.602 0.0031 0.0836 0.8249
275.642 0.0048 0.0847 0.8249
275.682 0.0039 0.0851 0.8621
275.722 0.0037 0.0860 0.8161
275.762 0.0047 0.0857 0.8161
275.803 0.0066 0.0847 0.8161
275.843 0.0072 0.0832 0.8249
275.884 0.0076 0.0831 0.8491
275.923 0.0084 0.0855 0.8588
275.963 0.0095 0.0843 0.8542
276.003 0.0086 0.0843 0.8427
276.044 0.0075 0.0847 0.8343
276.084 0.0071 0.0856 0.8256
276.124 0.0079 0.0855 0.8621
276.164 0.0094 0.0819 0.8869
276.202 0.0105 0.0848 0.8427
276.245 0.0081 0.0834 0.8427
276.342 0.0122 0.0839 0.8279
276.365 0.0124 0.0856 0.8427
276.405 0.0117 0.0842 0.8427
276.442 0.0130 0.0834 0.8427
276.486 0.0143 0.0820 0.8279
276.526 0.0153 0.0829 0.8279
276.566 0.0152 0.0843 0.8593
276.605 0.0157 0.0846 0.8279
276.646 0.0143 0.0845 0.8369
276.687 0.0138 0.0792 0.8360
276.726 0.0132 0.0807 0.8360
276.766 0.0128 0.0802 0.8270
276.806 0.0113 0.0818 0.8593
276.845 0.0115 0.0791 0.8549
276.885 0.0088 0.0802 0.8270
276.926 0.0075 0.0802 0.8385
276.967 0.0075 0.0802 0.8246
277.008 0.0039 0.0808 0.8549
277.048 0.0069 0.0806 0.8529
277.085 0.0062 0.0793 0.8529
277.129 0.0061 0.0754 0.8441
277.168 0.0054 0.0791 0.8246
277.209 0.0043 0.0793 0.8529
277.248 0.0067 0.0807 0.8569
277.286 0.0064 0.0792 0.8529
277.330 0.0053 0.0780 0.8569
277.369 0.0055 0.0754 0.8441
277.409 0.0069 0.0790 0.8371
277.449 0.0113 0.0792 0.8529
277.489 0.0201 0.0806 0.8569
277.530 0.0298 0.0785 0.8577
277.570 0.0363 0.0780 0.8643
277.610 0.0398 0.0783 0.8793
277.650 0.0448 0.0800 0.8523
277.689 0.0464 0.0839 0.8409
277.735 0.0505 0.0775 0.8370
277.770 0.0517 0.0821 0.8543
277.810 0.0545 0.0812 0.8543
277.851 0.0504 0.0817 0.8733
277.890 0.0479 0.0847 0.8506
277.928 0.0480 0.0834 0.8601
277.972 0.0430 0.0792 0.8601
278.011 0.0385 0.0799 0.8692
278.051 0.0383 0.0792 0.8581
278.092 0.0365 0.0810 0.8673
278.129 0.0336 0.0833 0.8773
278.173 0.0366 0.0791 0.8613
278.213 0.0372 0.0761 0.8553
278.253 0.0394 0.0771 0.8493
278.293 0.0407 0.0761 0.8504
278.335 0.0432 0.0803 0.8413
278.373 0.0483 0.0814 0.8522
278.413 0.0467 0.0777 0.8373
278.453 0.0495 0.0758 0.8493
278.493 0.0524 0.0772 0.8591
278.533 0.0542 0.0794 0.8163
278.572 0.0555 0.0785 0.8473
278.614 0.0584 0.0778 0.8279
278.654 0.0572 0.0761 0.8629
278.694 0.0586 0.0752 0.8273
278.733 0.0635 0.0738 0.8443
278.771 0.0627 0.0793 0.8823
278.815 0.0649 0.0780 0.8750
278.855 0.0632 0.0766 0.8770
278.895 0.0634 0.0738 0.8116
278.935 0.0613 0.0728 0.8469
278.971 0.0578 0.0758 0.8615
279.016 0.0519 0.0796 0.8787
279.056 0.0453 0.0756 0.8879
279.095 0.0422 0.0745 0.8693
279.135 0.0386 0.0740 0.8759
279.175 0.0356 0.0755 0.8782
279.217 0.0291 0.0764 0.8660
279.257 0.0243 0.0783 0.8729
279.297 0.0182 0.0756 0.8563
279.337 0.0141 0.0755 0.8597
279.376 0.0144 0.0756 0.8597
279.416 0.0130 0.0760 0.8597
279.457 0.0116 0.0768 0.8432
279.498 0.0120 0.0758 0.8482
279.538 0.0153 0.0764 0.8597
279.577 0.0188 0.0735 0.8482
279.614 0.0177 0.0751 0.8382
279.659 0.0224 0.0786 0.8848
279.698 0.0247 0.0778 0.8848
279.738 0.0256 0.0757 0.8743
279.778 0.0290 0.0735 0.8848
279.815 0.0352 0.0735 0.8848
279.859 0.0363 0.0772 0.9002
279.899 0.0366 0.0775 0.9052
279.939 0.0400 0.0765 0.8787
279.979 0.0382 0.0728 0.8831
280.018 0.0369 0.0760 0.8493
280.059 0.0320 0.0740 0.8893
280.099 0.0324 0.0754 0.8951
280.140 0.0265 0.0758 0.9182
280.179 0.0203 0.0727 0.9003
280.219 0.0165 0.0720 0.8887
280.259 0.0150 0.0736 0.8773
280.300 0.0110 0.0746 0.8971
280.341 0.0054 0.0775 0.9218
280.381 0.0042 0.0736 0.8942
280.421 0.0036 0.0723 0.8831
280.458 0.0051 0.0738 0.8507
280.502 0.0042 0.0724 0.9088
280.542 0.0033 0.0764 0.9001
280.582 0.0037 0.0740 0.8659
280.621 0.0032 0.0749 0.8659
280.659 0.0026 0.0749 0.8497
280.703 0.0036 0.0738 0.8497
280.742 0.0034 0.0747 0.8741
280.782 0.0028 0.0771 0.9095
280.822 0.0026 0.0722 0.9095
280.863 0.0033 0.0728 0.8659
280.903 0.0036 0.0717 0.8659
280.943 0.0044 0.0730 0.9095
280.983 0.0044 0.0739 0.9095
281.023 0.0043 0.0762 0.9095
281.062 0.0071 0.0722 0.9095
281.102 0.0071 0.0738 0.8852
281.143 0.0081 0.0714 0.9095
281.185 0.0095 0.0760 0.9185
281.223 0.0182 0.0760 0.9095
281.263 0.0284 0.0727 0.8966
281.301 0.0329 0.0716 0.8912
281.345 0.0438 0.0716 0.8912
281.384 0.0517 0.0750 0.9095
281.425 0.0670 0.0790 0.9112
281.465 0.0821 0.0735 0.9212
281.502 0.0915 0.0753 0.8603
281.546 0.1024 0.0753 0.8717
281.586 0.1095 0.0742 0.8496
281.626 0.1217 0.0774 0.8662
281.666 0.1322 0.0760 0.8641
281.705 0.1389 0.0741 0.8885
281.747 0.1417 0.0745 0.8445
281.786 0.1471 0.0770 0.8323
281.827 0.1477 0.0770 0.8364
281.866 0.1481 0.0767 0.8401
281.906 0.1489 0.0785 0.8403
282.029 0.1368 0.0814 0.8267
282.067 0.1346 0.0805 0.8601
282.108 0.1289 0.0804 0.8391
282.148 0.1282 0.0790 0.8418
282.187 0.1232 0.0793 0.8230
282.225 0.1150 0.0796 0.8326
282.268 0.1005 0.0761 0.8615
282.308 0.0879 0.0786 0.8686
282.348 0.0776 0.0797 0.8464
282.388 0.0678 0.0797 0.8471
282.425 0.0568 0.0798 0.8315
282.468 0.0432 0.0789 0.8100
282.509 0.0353 0.0797 0.8901
282.550 0.0298 0.0792 0.8390
282.589 0.0266 0.0783 0.8273
282.628 0.0191 0.0797 0.8432
282.669 0.0097 0.0792 0.8390
282.710 0.0058 0.0789 0.8901
282.750 0.0065 0.0792 0.8889
282.790 0.0058 0.0790 0.8901
282.830 0.0073 0.0777 0.9135
282.869 0.0063 0.0792 0.8390
282.910 0.0069 0.0777 0.8481
282.951 0.0061 0.0780 0.8729
282.991 0.0064 0.0781 0.8939
283.031 0.0039 0.0778 0.8703
283.068 0.0031 0.0769 0.8589
283.112 0.0037 0.0752 0.8703
283.152 0.0044 0.0801 0.8863
283.192 0.0053 0.0800 0.9135
283.232 0.0044 0.0784 0.8915
283.268 0.0034 0.0783 0.8781
283.312 0.0035 0.0784 0.8915
283.353 0.0038 0.0760 0.8729
283.393 0.0042 0.0782 0.8889
283.432 0.0049 0.0784 0.8991
283.471 0.0055 0.0784 0.8941
283.512 0.0061 0.0784 0.8941
283.553 0.0071 0.0767 0.8863
283.593 0.0045 0.0784 0.8991
283.633 0.0042 0.0791 0.8543
283.673 0.0045 0.0794 0.8793
283.713 0.0056 0.0792 0.8703
283.755 0.0046 0.0752 0.8703
283.795 0.0042 0.0752 0.8703
283.838 0.0065 0.0777 0.9135
283.875 0.0075 0.0801 0.9135
283.912 0.0079 0.0779 0.8613
283.955 0.0084 0.0752 0.8613
283.995 0.0085 0.0760 0.8729
284.036 0.0101 0.0792 0.8613
284.076 0.0122 0.0800 0.8901
284.112 0.0133 0.0789 0.8901
284.157 0.0171 0.0780 0.8773
284.196 0.0234 0.0754 0.8863
284.236 0.0302 0.0792 0.8773
284.276 0.0315 0.0802 0.8773
284.316 0.0355 0.0805 0.9061
284.357 0.0429 0.0782 0.8773
284.397 0.0482 0.0776 0.8383
284.437 0.0549 0.0767 0.8292
284.477 0.0590 0.0789 0.8781
284.516 0.0605 0.0801 0.8481
284.556 0.0613 0.0794 0.8551
284.597 0.0636 0.0803 0.8643
284.638 0.0646 0.0801 0.8637
284.678 0.0650 0.0792 0.8761
284.717 0.0646 0.0796 0.8569
284.756 0.0586 0.0821 0.8409
284.800 0.0565 0.0792 0.8259
284.839 0.0540 0.0802 0.8179
284.879 0.0536 0.0793 0.8674
284.919 0.0535 0.0803 0.8379
284.956 0.0532 0.0790 0.8601
285.000 0.0592 0.0793 0.8601
285.040 0.0620 0.0793 0.8732
285.080 0.0668 0.0757 0.8581
285.120 0.0712 0.0766 0.8581
285.160 0.0723 0.0780 0.8443
285.201 0.0696 0.0784 0.8045
285.240 0.0761 0.0728 0.8932
285.281 0.0753 0.0779 0.8507
285.320 0.0757 0.0722 0.9092
285.360 0.0774 0.0777 0.8732
285.399 0.0736 0.0755 0.8743
285.441 0.0704 0.0760 0.8364
285.481 0.0650 0.0760 0.8273
285.524 0.0627 0.0731 0.8483
285.561 0.0576 0.0744 0.8999
285.599 0.0503 0.0731 0.9039
285.642 0.0432 0.0786 0.8765
285.682 0.0379 0.0775 0.8237
285.722 0.0303 0.0740 0.8275
285.762 0.0286 0.0744 0.8435
285.800 0.0268 0.0759 0.8633
285.843 0.0187 0.0793 0.8582
285.883 0.0149 0.0729 0.8582
285.924 0.0119 0.0741 0.8533
285.964 0.0095 0.0728 0.8722
286.003 0.0051 0.0750 0.8257
286.044 0.0050 0.0784 0.8682
286.084 0.0043 0.0751 0.8557
286.124 0.0045 0.0771 0.8257
286.164 0.0031 0.0743 0.8415
286.204 0.0037 0.0735 0.8559
286.243 0.0040 0.0751 0.8647
286.285 0.0037 0.0772 0.8935
286.325 0.0062 0.0761 0.8941
286.365 0.0093 0.0742 0.8415
286.405 0.0113 0.0733 0.8913
286.441 0.0092 0.0754 0.8582
286.486 0.0121 0.0762 0.8941
286.525 0.0134 0.0765 0.8723
286.566 0.0133 0.0734 0.8939
286.605 0.0146 0.0737 0.8706
286.643 0.0129 0.0748 0.8698
286.687 0.0091 0.0754 0.8533
286.726 0.0089 0.0770 0.8793
286.766 0.0085 0.0776 0.8697
286.806 0.0070 0.0754 0.8281
286.846 0.0067 0.0730 0.8589
286.887 0.0080 0.0741 0.8582
286.927 0.0134 0.0761 0.8491
286.967 0.0134 0.0740 0.8773
287.008 0.0142 0.0733 0.8676
287.047 0.0207 0.0746 0.8866
287.087 0.0238 0.0746 0.8446
287.128 0.0272 0.0750 0.8431
287.168 0.0247 0.0766 0.8776
287.208 0.0241 0.0761 0.8281
287.248 0.0241 0.0752 0.8427
287.286 0.0244 0.0743 0.8697
287.330 0.0231 0.0744 0.8393
287.369 0.0231 0.0757 0.8800
287.409 0.0196 0.0749 0.8833
287.449 0.0188 0.0759 0.8831
287.486 0.0225 0.0747 0.8543
287.530 0.0266 0.0749 0.8553
287.570 0.0312 0.0744 0.8960
287.610 0.0382 0.0758 0.8920
287.650 0.0468 0.0768 0.8960
287.690 0.0512 0.0759 0.8920
287.730 0.0555 0.0751 0.8857
287.770 0.0628 0.0751 0.8693
287.811 0.0674 0.0770 0.8643
287.850 0.0730 0.0752 0.8831
287.890 0.0761 0.0743 0.8659
287.929 0.0800 0.0732 0.8847
287.971 0.0817 0.0735 0.8797
288.011 0.0781 0.0731 0.9065
288.051 0.0713 0.0738 0.8829
288.092 0.0699 0.0740 0.8873
288.129 0.0665 0.0730 0.8873
288.173 0.0669 0.0730 0.8873
288.213 0.0721 0.0716 0.8963
288.253 0.0722 0.0730 0.8873
288.293 0.0749 0.0728 0.8873
288.330 0.0734 0.0739 0.8891
288.374 0.0788 0.0725 0.9194
288.413 0.0782 0.0725 0.9047
288.454 0.0760 0.0736 0.9111
288.493 0.0747 0.0757 0.9049
288.534 0.0787 0.0744 0.8713
288.574 0.0770 0.0744 0.8713
288.614 0.0735 0.0744 0.8665
288.654 0.0681 0.0756 0.8665
288.694 0.0600 0.0755 0.8665
288.733 0.0519 0.0742 0.8660
288.773 0.0456 0.0757 0.8891
288.814 0.0418 0.0733 0.8621
288.855 0.0379 0.0745 0.8729
288.895 0.0330 0.0761 0.8709
288.934 0.0280 0.0779 0.8665
288.972 0.0234 0.0762 0.8709
289.016 0.0203 0.0726 0.8713
289.056 0.0169 0.0759 0.8828
289.096 0.0172 0.0736 0.8767
289.135 0.0186 0.0779 0.9026
289.173 0.0187 0.0784 0.9026
289.217 0.0240 0.0766 0.9071
289.257 0.0240 0.0736 0.8738
289.297 0.0251 0.0747 0.8738
289.337 0.0204 0.0781 0.9032
289.377 0.0203 0.0744 0.8966
289.418 0.0228 0.0761 0.9032
289.458 0.0245 0.0749 0.8696
289.498 0.0214 0.0736 0.8696
289.538 0.0224 0.0754 0.8696
289.577 0.0217 0.0757 0.8696
289.617 0.0196 0.0747 0.8696
289.658 0.0188 0.0754 0.8519
289.698 0.0142 0.0749 0.8531
289.738 0.0141 0.0739 0.8531
289.778 0.0127 0.0778 0.8569
289.815 0.0154 0.0761 0.8635
289.860 0.0150 0.0761 0.8635
289.899 0.0171 0.0748 0.8579
289.939 0.0178 0.0725 0.8613
289.979 0.0214 0.0757 0.8669
290.016 0.0253 0.0756 0.8999
290.060 0.0295 0.0759 0.8949
290.100 0.0295 0.0753 0.8699
290.140 0.0347 0.0730 0.8718
290.180 0.0364 0.0740 0.8415
290.220 0.0375 0.0757 0.8845
290.261 0.0410 0.0769 0.8699
290.300 0.0379 0.0744 0.8668
290.341 0.0397 0.0734 0.8668
290.381 0.0398 0.0734 0.8729
290.421 0.0369 0.0813 0.9325
290.460 0.0331 0.0882 0.9131
290.502 0.0266 0.0898 0.9099
290.542 0.0203 0.0893 0.8829
290.582 0.0176 0.0898 0.9369
290.622 0.0165 0.0920 0.9099
290.659 0.0158 0.0879 0.9421
290.703 0.0130 0.0864 0.9369
290.743 0.0088 0.0789 0.9369
290.783 0.0091 0.0756 0.8982
290.823 0.0052 0.0753 0.8982
290.859 0.0053 0.0751 0.9032
290.903 0.0064 0.0765 0.8982
290.943 0.0067 0.0706 0.9369
290.983 0.0097 0.0704 0.9369
291.023 0.0107 0.0704 0.9099
291.063 0.0114 0.0716 0.8712
291.104 0.0106 0.0744 0.9038
291.144 0.0084 0.0755 0.9109
291.184 0.0087 0.0723 0.9109
291.224 0.0093 0.0727 0.9118
291.263 0.0105 0.0731 0.9369
291.303 0.0119 0.0740 0.9175
291.344 0.0123 0.0752 0.9175
291.385 0.0119 0.0758 0.9132
291.425 0.0129 0.0741 0.9230
291.465 0.0127 0.0707 0.9376
291.503 0.0120 0.0711 0.9429
291.547 0.0146 0.0747 0.9402
291.586 0.0166 0.0745 0.9393
291.626 0.0177 0.0714 0.9132
291.666 0.0168 0.0741 0.9282
291.703 0.0169 0.0724 0.9282
291.747 0.0198 0.0758 0.9282
291.787 0.0206 0.0791 0.9152
291.827 0.0185 0.0760 0.9242
291.867 0.0184 0.0743 0.9242
291.907 0.0217 0.0713 0.9282
291.948 0.0199 0.0756 0.9226
291.987 0.0221 0.0761 0.9204
292.028 0.0206 0.0774 0.9089
292.067 0.0175 0.0728 0.8999
292.107 0.0191 0.0716 0.9048
292.147 0.0215 0.0727 0.9048
292.188 0.0237 0.0736 0.9048
292.228 0.0251 0.0765 0.9042
292.268 0.0222 0.0722 0.9062
292.308 0.0227 0.0741 0.8928
292.345 0.0245 0.0734 0.8961
292.388 0.0224 0.0723 0.8961
292.429 0.0234 0.0730 0.9005
292.469 0.0223 0.0749 0.9005
292.509 0.0223 0.0716 0.9096
292.547 0.0207 0.0744 0.9009
292.590 0.0235 0.0739 0.8886
292.631 0.0236 0.0753 0.8743
292.670 0.0214 0.0794 0.8972
292.710 0.0222 0.0729 0.8849
292.749 0.0231 0.0729 0.8812
292.791 0.0246 0.0708 0.8849
292.831 0.0237 0.0755 0.8812
292.871 0.0232 0.0744 0.8849
292.911 0.0210 0.0770 0.8812
292.951 0.0208 0.0746 0.8812
292.990 0.0209 0.0772 0.8940
293.032 0.0206 0.0744 0.8899
293.072 0.0175 0.0779 0.8878
293.112 0.0157 0.0774 0.8812
293.151 0.0175 0.0772 0.8812
293.189 0.0203 0.0779 0.8916
293.233 0.0212 0.0718 0.8916
293.272 0.0218 0.0744 0.8899
293.312 0.0267 0.0776 0.8916
293.352 0.0294 0.0746 0.8878
293.389 0.0379 0.0747 0.8955
293.432 0.0377 0.0744 0.9032
293.473 0.0474 0.0735 0.9021
293.513 0.0511 0.0760 0.9089
293.553 0.0546 0.0785 0.9089
293.592 0.0553 0.0774 0.8867
293.634 0.0583 0.0748 0.9038
293.675 0.0567 0.0761 0.9038
293.715 0.0555 0.0777 0.8961
293.755 0.0573 0.0761 0.8702
293.794 0.0550 0.0774 0.8800
293.834 0.0532 0.0761 0.8800
293.875 0.0505 0.0739 0.8800
293.915 0.0484 0.0760 0.8751
293.955 0.0452 0.0772 0.9021
293.995 0.0426 0.0772 0.8762
294.032 0.0427 0.0744 0.8468
294.076 0.0428 0.0756 0.8718
294.116 0.0418 0.0744 0.8718
294.156 0.0362 0.0756 0.8468
294.196 0.0362 0.0777 0.8534
294.233 0.0331 0.0773 0.8451
294.277 0.0311 0.0779 0.8395
294.317 0.0303 0.0760 0.8739
294.357 0.0257 0.0747 0.8601
294.397 0.0291 0.0803 0.8502
294.437 0.0319 0.0795 0.8755
294.477 0.0302 0.0790 0.8667
294.517 0.0266 0.0790 0.8667
294.558 0.0265 0.0777 0.8568
294.597 0.0252 0.0792 0.8793
294.637 0.0324 0.0795 0.8793
294.677 0.0319 0.0790 0.8605
294.718 0.0358 0.0795 0.8612
294.758 0.0382 0.0767 0.8699
294.799 0.0396 0.0759 0.8527
294.839 0.0442 0.0794 0.8715
294.877 0.0473 0.0794 0.8974
294.920 0.0483 0.0794 0.8764
294.960 0.0472 0.0775 0.8567
295.000 0.0511 0.0788 0.8503
295.040 0.0528 0.0812 0.8479
295.077 0.0541 0.0797 0.8846
295.121 0.0510 0.0782 0.8693
295.160 0.0515 0.0758 0.8633
295.200 0.0518 0.0772 0.8771
295.240 0.0535 0.0757 0.8993
295.280 0.0554 0.0807 0.8993
295.321 0.0556 0.0799 0.8993
295.361 0.0529 0.0770 0.8993
295.401 0.0506 0.0782 0.8503
295.441 0.0495 0.0794 0.8391
295.480 0.0487 0.0839 0.8229
295.520 0.0455 0.0829 0.8159
295.561 0.0452 0.0810 0.8511
295.602 0.0435 0.0743 0.8693
295.642 0.0441 0.0770 0.8505
295.681 0.0424 0.0782 0.8533
295.719 0.0413 0.0831 0.8733
295.763 0.0406 0.0797 0.8494
295.802 0.0403 0.0799 0.8511
295.842 0.0405 0.0814 0.8901
295.883 0.0413 0.0757 0.8473
295.920 0.0450 0.0756 0.8473
295.964 0.0484 0.0831 0.8849
296.004 0.0536 0.0837 0.8379
296.044 0.0560 0.0823 0.8497
296.084 0.0633 0.0826 0.8499
296.124 0.0687 0.0810 0.8733
296.165 0.0721 0.0861 0.8325
296.204 0.0710 0.0808 0.8559
296.245 0.0700 0.0799 0.8861
296.285 0.0708 0.0786 0.8519
296.324 0.0724 0.0777 0.8833
296.364 0.0712 0.0796 0.8649
296.405 0.0705 0.0826 0.8823
296.445 0.0687 0.0825 0.8693
296.485 0.0665 0.0795 0.8781
296.525 0.0669 0.0800 0.8320
296.562 0.0624 0.0816 0.8341
296.607 0.0585 0.0831 0.8341
296.646 0.0559 0.0831 0.8511
296.686 0.0582 0.0831 0.8511
296.726 0.0580 0.0831 0.8563
296.763 0.0568 0.0810 0.8492
296.807 0.0505 0.0816 0.8603
296.847 0.0495 0.0833 0.8800
296.887 0.0467 0.0840 0.8533
296.926 0.0442 0.0819 0.8800
296.967 0.0453 0.0802 0.8745
297.008 0.0427 0.0789 0.8607
297.048 0.0431 0.0810 0.8607
297.088 0.0455 0.0821 0.8391
297.128 0.0465 0.0797 0.8789
297.168 0.0459 0.0803 0.8549
297.207 0.0454 0.0806 0.8916
297.248 0.0468 0.0805 0.8789
297.289 0.0501 0.0821 0.8590
297.329 0.0555 0.0809 0.8418
297.368 0.0568 0.0780 0.8493
297.406 0.0577 0.0762 0.8699
297.450 0.0560 0.0804 0.8793
297.489 0.0547 0.0804 0.8563
297.529 0.0551 0.0808 0.8249
297.570 0.0529 0.0813 0.8712
297.606 0.0496 0.0818 0.8639
297.650 0.0460 0.0763 0.8703
297.690 0.0453 0.0798 0.8712
297.730 0.0439 0.0809 0.8763
297.770 0.0467 0.0769 0.8712
297.810 0.0458 0.0773 0.8719
297.850 0.0468 0.0755 0.8719
297.891 0.0468 0.0773 0.8719
297.931 0.0513 0.0793 0.8579
297.971 0.0557 0.0779 0.8880
298.010 0.0625 0.0773 0.8800
298.050 0.0594 0.0773 0.8353
298.092 0.0615 0.0773 0.8472
298.133 0.0645 0.0773 0.8588
298.173 0.0647 0.0786 0.8789
298.212 0.0661 0.0786 0.8662
298.250 0.0638 0.0781 0.8922
298.294 0.0597 0.0783 0.8403
298.333 0.0583 0.0797 0.8547
298.373 0.0595 0.0800 0.8753
298.412 0.0570 0.0800 0.8752
298.450 0.0531 0.0793 0.8828
298.494 0.0460 0.0766 0.8828
298.534 0.0469 0.0749 0.8449
298.574 0.0470 0.0790 0.8612
298.613 0.0449 0.0776 0.8822
298.654 0.0429 0.0783 0.8862
298.694 0.0438 0.0749 0.8699
298.734 0.0416 0.0739 0.8737
298.775 0.0423 0.0749 0.9052
298.814 0.0404 0.0780 0.8909
298.854 0.0386 0.0756 0.9012
298.893 0.0378 0.0745 0.8933
298.935 0.0362 0.0722 0.8839
298.975 0.0359 0.0722 0.8839
299.015 0.0366 0.0754 0.8843
299.055 0.0359 0.0753 0.8809
299.092 0.0356 0.0729 0.8859
299.136 0.0350 0.0729 0.8859
299.176 0.0355 0.0753 0.8859
299.217 0.0387 0.0753 0.8859
299.257 0.0428 0.0754 0.8976
299.294 0.0502 0.0728 0.8959
299.337 0.0553 0.0741 0.8823
299.377 0.0585 0.0740 0.9070
299.417 0.0600 0.0741 0.8887
299.457 0.0630 0.0740 0.9159
299.497 0.0659 0.0740 0.9159
299.538 0.0682 0.0746 0.8753
299.578 0.0705 0.0727 0.8519
299.618 0.0757 0.0731 0.8452
299.658 0.0790 0.0731 0.9134
299.697 0.0809 0.0762 0.9145
299.737 0.0826 0.0746 0.8673
299.778 0.0801 0.0739 0.8882
299.819 0.0750 0.0737 0.8882
299.859 0.0720 0.0760 0.8370
299.898 0.0725 0.0788 0.8723
299.936 0.0722 0.0773 0.8563
299.980 0.0679 0.0778 0.8797
300.019 0.0673 0.0752 0.8973
300.059 0.0659 0.0749 0.8937
300.099 0.0609 0.0778 0.9097
300.137 0.0573 0.0790 0.9097
300.180 0.0518 0.0779 0.9097
300.220 0.0485 0.0774 0.8821
300.260 0.0455 0.0759 0.8861
300.300 0.0471 0.0761 0.8861
300.341 0.0471 0.0759 0.8861
300.382 0.0484 0.0775 0.8617
300.422 0.0492 0.0783 0.8863
300.462 0.0493 0.0730 0.9123
300.502 0.0489 0.0747 0.8747
300.541 0.0464 0.0776 0.8703
300.581 0.0463 0.0768 0.8519
300.622 0.0470 0.0780 0.8519
300.662 0.0438 0.0753 0.8592
300.702 0.0405 0.0738 0.8741
300.742 0.0359 0.0741 0.8741
300.780 0.0319 0.0777 0.8781
300.824 0.0282 0.0749 0.8941
300.863 0.0233 0.0741 0.8637
300.903 0.0181 0.0739 0.8377
300.943 0.0154 0.0733 0.8941
300.980 0.0120 0.0749 0.8941
301.024 0.0074 0.0749 0.8941
301.063 0.0093 0.0748 0.9127
301.104 0.0087 0.0748 0.9127
301.143 0.0089 0.0733 0.8941
301.184 0.0081 0.0722 0.9005
301.224 0.0082 0.0760 0.8973
301.264 0.0109 0.0758 0.9167
301.304 0.0140 0.0752 0.9157
301.344 0.0136 0.0737 0.9061
301.384 0.0149 0.0746 0.9096
301.424 0.0154 0.0740 0.9071
301.466 0.0182 0.0765 0.8941
301.506 0.0226 0.0738 0.8952
301.546 0.0198 0.0737 0.9041
301.585 0.0213 0.0729 0.8825
301.623 0.0227 0.0730 0.8825
301.667 0.0280 0.0779 0.8913
301.706 0.0323 0.0739 0.9157
301.747 0.0329 0.0763 0.8825
301.786 0.0294 0.0749 0.8947
301.823 0.0307 0.0777 0.9029
301.866 0.0371 0.0782 0.9107
301.907 0.0387 0.0769 0.8738
301.947 0.0401 0.0757 0.8953
301.987 0.0379 0.0737 0.8709
302.026 0.0368 0.0751 0.8709
302.067 0.0331 0.0743 0.8953
302.108 0.0313 0.0767 0.8897
302.148 0.0295 0.0795 0.8757
302.188 0.0303 0.0769 0.8225
302.239 0.0329 0.0762 0.8225
302.267 0.0373 0.0776 0.8432
302.308 0.0406 0.0780 0.8695
302.348 0.0407 0.0781 0.8991
302.389 0.0442 0.0779 0.8805
302.428 0.0457 0.0786 0.8955
302.466 0.0511 0.0796 0.8897
302.508 0.0536 0.0773 0.8975
302.550 0.0582 0.0786 0.8975
302.590 0.0590 0.0815 0.8860
302.630 0.0609 0.0796 0.8730
302.667 0.0618 0.0809 0.8665
302.710 0.0603 0.0797 0.8747
302.751 0.0555 0.0806 0.8587
302.791 0.0530 0.0810 0.8587
302.830 0.0532 0.0822 0.8663
302.869 0.0486 0.0789 0.8589
302.911 0.0426 0.0782 0.8353
302.951 0.0387 0.0809 0.8429
302.991 0.0412 0.0787 0.8663
303.031 0.0388 0.0787 0.8663
303.070 0.0420 0.0789 0.8429
303.110 0.0431 0.0758 0.8370
303.152 0.0437 0.0795 0.8703
303.192 0.0456 0.0820 0.8430
303.232 0.0466 0.0819 0.8391
303.271 0.0493 0.0800 0.8391
303.309 0.0508 0.0799 0.8219
303.353 0.0515 0.0799 0.8359
303.393 0.0560 0.0778 0.8359
303.433 0.0579 0.0786 0.9043
303.473 0.0579 0.0784 0.9043
303.509 0.0612 0.0772 0.9083
303.552 0.0622 0.0763 0.8923
303.593 0.0636 0.0772 0.8763
303.633 0.0645 0.0812 0.8903
303.674 0.0657 0.0840 0.8435
303.713 0.0663 0.0772 0.8567
303.754 0.0714 0.0777 0.8513
303.795 0.0720 0.0788 0.8513
303.835 0.0739 0.0806 0.8530
303.875 0.0759 0.0802 0.8704
303.914 0.0821 0.0785 0.8403
303.954 0.0840 0.0792 0.8364
303.995 0.0804 0.0766 0.8810
304.036 0.0782 0.0804 0.8763
304.075 0.0754 0.0816 0.8789
304.115 0.0750 0.0823 0.8632
304.152 0.0746 0.0811 0.8704
304.196 0.0764 0.0789 0.8693
304.236 0.0763 0.0783 0.8713
304.276 0.0780 0.0814 0.8673
304.316 0.0825 0.0798 0.8251
304.353 0.0833 0.0792 0.8316
304.396 0.0804 0.0771 0.8409
304.437 0.0784 0.0748 0.8409
304.477 0.0837 0.0781 0.8340
304.517 0.0846 0.0779 0.8529
304.556 0.0865 0.0762 0.8575
304.597 0.0875 0.0784 0.8569
304.637 0.0843 0.0746 0.8449
304.678 0.0822 0.0769 0.8569
304.718 0.0795 0.0761 0.8643
304.758 0.0757 0.0788 0.8833
304.798 0.0699 0.0754 0.8581
304.839 0.0668 0.0754 0.8409
304.879 0.0592 0.0753 0.8409
304.920 0.0579 0.0759 0.8321
304.959 0.0530 0.0759 0.8745
304.997 0.0498 0.0759 0.8693
305.041 0.0514 0.0759 0.8627
305.080 0.0513 0.0748 0.8959
305.120 0.0560 0.0744 0.8959
305.160 0.0567 0.0764 0.8729
305.196 0.0563 0.0764 0.8819
305.241 0.0584 0.0761 0.8863
305.281 0.0590 0.0761 0.8391
305.321 0.0544 0.0753 0.8557
305.361 0.0591 0.0756 0.8424
305.399 0.0597 0.0775 0.8540
305.441 0.0611 0.0775 0.8627
305.481 0.0599 0.0764 0.8738
305.521 0.0556 0.0744 0.8738
305.561 0.0554 0.0756 0.8718
305.601 0.0528 0.0763 0.8718
305.640 0.0518 0.0796 0.8729
305.682 0.0512 0.0743 0.8462
305.722 0.0486 0.0744 0.8559
305.762 0.0456 0.0758 0.8593
305.802 0.0467 0.0744 0.8419
305.840 0.0458 0.0745 0.8685
305.883 0.0458 0.0770 0.8388
305.924 0.0399 0.0732 0.8658
305.964 0.0410 0.0735 0.8658
306.103 0.0366 0.0780 0.8702
306.120 0.0343 0.0750 0.8972
306.164 0.0281 0.0735 0.8911
306.204 0.0271 0.0724 0.8972
306.245 0.0261 0.0761 0.8702
306.284 0.0255 0.0788 0.8751
306.323 0.0281 0.0766 0.8751
306.364 0.0288 0.0780 0.8917
306.405 0.0337 0.0766 0.8757
306.445 0.0377 0.0779 0.9033
306.485 0.0408 0.0795 0.8873
306.524 0.0421 0.0773 0.8739
306.564 0.0418 0.0762 0.8739
306.605 0.0431 0.0752 0.8973
306.646 0.0448 0.0755 0.8826
306.686 0.0433 0.0786 0.8882
306.725 0.0425 0.0780 0.8856
306.763 0.0415 0.0791 0.8806
306.806 0.0354 0.0766 0.8782
306.846 0.0315 0.0748 0.8782
306.887 0.0254 0.0771 0.8726
306.926 0.0227 0.0763 0.8794
306.964 0.0144 0.0769 0.8986
307.007 0.0092 0.0779 0.8818
307.048 0.0067 0.0748 0.8986
307.089 0.0052 0.0767 0.8986
307.128 0.0042 0.0783 0.8744
307.167 0.0050 0.0774 0.8832
307.208 0.0065 0.0760 0.8835
307.249 0.0058 0.0761 0.8793
307.289 0.0043 0.0764 0.8649
307.329 0.0032 0.0750 0.8649
307.368 0.0069 0.0776 0.8759
307.408 0.0056 0.0771 0.8726
307.449 0.0041 0.0797 0.8736
307.489 0.0051 0.0748 0.8526
307.529 0.0098 0.0745 0.8583
307.569 0.0100 0.0752 0.8782
307.607 0.0155 0.0783 0.8826
307.651 0.0178 0.0778 0.8673
307.690 0.0230 0.0765 0.8826
307.730 0.0279 0.0765 0.8673
307.770 0.0319 0.0789 0.8640
307.807 0.0382 0.0766 0.8583
307.850 0.0416 0.0766 0.8549
307.891 0.0433 0.0745 0.8536
307.931 0.0441 0.0768 0.8549
307.970 0.0461 0.0752 0.8549
308.010 0.0438 0.0777 0.8539
308.050 0.0443 0.0794 0.8709
308.092 0.0401 0.0752 0.8890
308.133 0.0408 0.0764 0.8800
308.172 0.0369 0.0771 0.8833
308.212 0.0342 0.0800 0.8743
308.251 0.0337 0.0793 0.9056
308.293 0.0342 0.0774 0.8613
308.333 0.0351 0.0787 0.8872
308.373 0.0346 0.0762 0.8522
308.413 0.0401 0.0753 0.8572
308.450 0.0433 0.0826 0.8612
308.494 0.0496 0.0800 0.8612
308.534 0.0542 0.0793 0.8423
308.574 0.0560 0.0787 0.8423
308.613 0.0573 0.0771 0.8563
308.650 0.0587 0.0821 0.8563
308.694 0.0609 0.0806 0.8489
308.734 0.0623 0.0797 0.8576
308.775 0.0624 0.0776 0.8579
308.814 0.0626 0.0793 0.8243
308.853 0.0634 0.0813 0.8263
308.894 0.0607 0.0856 0.8312
308.935 0.0583 0.0822 0.8443
308.975 0.0561 0.0786 0.8393
309.015 0.0511 0.0787 0.8443
309.054 0.0526 0.0777 0.8758
309.094 0.0541 0.0792 0.8743
309.135 0.0550 0.0825 0.8693
309.175 0.0550 0.0801 0.8717
309.217 0.0570 0.0790 0.8193
309.256 0.0567 0.0764 0.8103
309.294 0.0528 0.0783 0.8323
309.338 0.0527 0.0808 0.8573
309.377 0.0538 0.0803 0.8399
309.417 0.0519 0.0778 0.8399
309.457 0.0486 0.0803 0.8113
309.494 0.0503 0.0773 0.8113
309.537 0.0466 0.0794 0.8285
309.578 0.0422 0.0800 0.8094
309.618 0.0363 0.0782 0.8353
309.658 0.0314 0.0759 0.8513
309.696 0.0273 0.0748 0.8170
309.739 0.0216 0.0784 0.8447
309.779 0.0203 0.0802 0.8328
309.819 0.0167 0.0774 0.8328
309.859 0.0105 0.0764 0.8328
309.898 0.0083 0.0780 0.8587
309.938 0.0091 0.0762 0.8328
309.979 0.0072 0.0822 0.8587
310.019 0.0053 0.0789 0.8753
310.059 0.0049 0.0776 0.8328
310.099 0.0064 0.0789 0.8489
310.136 0.0082 0.0795 0.8403
310.179 0.0086 0.0820 0.8479
310.220 0.0122 0.0827 0.8403
310.260 0.0135 0.0841 0.8277
310.300 0.0150 0.0810 0.8413
310.338 0.0156 0.0799 0.8362
310.382 0.0191 0.0777 0.8353
310.422 0.0177 0.0815 0.8489
310.462 0.0160 0.0815 0.8121
310.501 0.0160 0.0810 0.8121
310.541 0.0149 0.0814 0.8325
310.582 0.0139 0.0798 0.8079
310.622 0.0160 0.0827 0.8039
310.662 0.0135 0.0834 0.8039
310.702 0.0095 0.0813 0.8039
310.742 0.0083 0.0794 0.8079
310.781 0.0058 0.0801 0.7925
310.822 0.0075 0.0801 0.8065
310.863 0.0068 0.0800 0.8343
310.903 0.0065 0.0803 0.8343
310.942 0.0084 0.0791 0.8079
310.980 0.0083 0.0815 0.8255
311.024 0.0061 0.0814 0.8343
311.064 0.0065 0.0835 0.8303
311.104 0.0055 0.0835 0.8069
311.143 0.0048 0.0822 0.8069
311.180 0.0041 0.0800 0.7989
311.223 0.0033 0.0800 0.7989
311.264 0.0041 0.0819 0.8109
311.304 0.0048 0.0821 0.8069
311.344 0.0039 0.0817 0.8353
311.383 0.0037 0.0824 0.8188
311.425 0.0048 0.0790 0.8109
311.466 0.0053 0.0806 0.8249
311.506 0.0059 0.0810 0.8069
311.546 0.0037 0.0826 0.8069
311.585 0.0047 0.0824 0.8188
311.625 0.0066 0.0804 0.8019
311.666 0.0043 0.0797 0.8109
311.706 0.0054 0.0822 0.8069
311.746 0.0045 0.0835 0.8069
311.786 0.0073 0.0822 0.8069
311.823 0.0057 0.0797 0.8109
311.868 0.0066 0.0781 0.8109
311.907 0.0064 0.0781 0.8109
311.947 0.0076 0.0808 0.8183
311.987 0.0060 0.0791 0.8267
312.024 0.0068 0.0780 0.8583
312.068 0.0062 0.0769 0.8333
312.108 0.0065 0.0752 0.8187
312.148 0.0088 0.0797 0.8393
312.188 0.0070 0.0814 0.8631
312.227 0.0060 0.0778 0.8251
312.269 0.0047 0.0797 0.8393
312.308 0.0044 0.0753 0.8135
312.349 0.0047 0.0797 0.8393
312.389 0.0058 0.0801 0.8393
312.428 0.0056 0.0828 0.8403
312.468 0.0077 0.0813 0.8457
312.509 0.0083 0.0780 0.8281
312.550 0.0100 0.0774 0.8281
312.590 0.0121 0.0780 0.8281
312.630 0.0129 0.0810 0.8281
312.744 0.0115 0.0774 0.8371
312.791 0.0106 0.0775 0.8359
312.831 0.0109 0.0792 0.8359
312.871 0.0120 0.0820 0.8371
312.911 0.0105 0.0792 0.8497
312.948 0.0078 0.0775 0.8359
312.992 0.0064 0.0785 0.8371
313.032 0.0051 0.0783 0.8631
313.072 0.0028 0.0789 0.8403
313.111 0.0051 0.0789 0.8423
313.152 0.0046 0.0779 0.8423
313.192 0.0039 0.0779 0.8423
313.232 0.0045 0.0758 0.8403
313.272 0.0064 0.0788 0.8423
313.312 0.0058 0.0779 0.8575
313.352 0.0032 0.0779 0.8403
313.392 0.0050 0.0782 0.8317
313.433 0.0049 0.0758 0.8423
313.473 0.0050 0.0771 0.8403
313.513 0.0041 0.0796 0.8705
313.552 0.0050 0.0767 0.8403
313.591 0.0068 0.0758 0.8575
313.634 0.0058 0.0749 0.8307
313.675 0.0065 0.0753 0.8403
313.714 0.0086 0.0771 0.8427
313.754 0.0088 0.0779 0.8636
313.792 0.0095 0.0764 0.8451
313.836 0.0072 0.0770 0.8403
313.875 0.0062 0.0776 0.8750
313.915 0.0083 0.0753 0.8476
313.955 0.0082 0.0789 0.8427
313.995 0.0076 0.0794 0.8590
314.036 0.0108 0.0779 0.8591
314.076 0.0109 0.0781 0.8736
314.116 0.0134 0.0754 0.8641
314.156 0.0138 0.0780 0.8590
314.195 0.0118 0.0780 0.8636
314.235 0.0157 0.0769 0.8750
314.276 0.0232 0.0769 0.8750
314.317 0.0304 0.0769 0.8750
314.357 0.0346 0.0772 0.8403
314.396 0.0372 0.0788 0.8666
314.434 0.0371 0.0795 0.8641
314.478 0.0412 0.0782 0.8727
314.517 0.0439 0.0783 0.8666
314.557 0.0474 0.0787 0.8443
314.597 0.0501 0.0786 0.8135
314.634 0.0488 0.0777 0.8505
314.678 0.0520 0.0768 0.8505
314.718 0.0462 0.0783 0.8715
314.758 0.0415 0.0782 0.8385
314.799 0.0349 0.0766 0.8974
314.839 0.0291 0.0761 0.9024
314.880 0.0247 0.0776 0.8604
314.920 0.0241 0.0776 0.8604
314.960 0.0183 0.0784 0.8604
314.999 0.0167 0.0776 0.8604
315.039 0.0144 0.0776 0.8604
315.079 0.0082 0.0776 0.8604
315.120 0.0057 0.0785 0.8604
315.160 0.0032 0.0778 0.8232
315.200 0.0040 0.0778 0.8051
315.240 0.0070 0.0785 0.8395
315.278 0.0100 0.0785 0.8395
315.322 0.0170 0.0776 0.8395
315.361 0.0251 0.0766 0.8395
315.401 0.0291 0.0752 0.8395
315.441 0.0357 0.0785 0.8395
315.477 0.0405 0.0776 0.8555
315.522 0.0465 0.0776 0.8525
315.561 0.0473 0.0767 0.8505
315.602 0.0499 0.0777 0.8345
315.641 0.0526 0.0766 0.8715
315.682 0.0553 0.0756 0.8639
315.722 0.0514 0.0772 0.8755
315.762 0.0476 0.0767 0.8648
315.802 0.0446 0.0759 0.8679
315.842 0.0383 0.0747 0.8648
315.882 0.0344 0.0755 0.8688
315.922 0.0313 0.0762 0.8729
315.964 0.0250 0.0773 0.8689
316.004 0.0180 0.0774 0.8689
316.044 0.0158 0.0741 0.8651
316.083 0.0152 0.0747 0.8648
316.121 0.0168 0.0758 0.8651
316.165 0.0207 0.0764 0.8651
316.205 0.0237 0.0754 0.8476
316.245 0.0281 0.0757 0.8651
316.284 0.0300 0.0758 0.8648
316.321 0.0326 0.0735 0.8688
316.365 0.0349 0.0764 0.8651
316.405 0.0409 0.0759 0.8648
316.445 0.0447 0.0775 0.8639
316.485 0.0529 0.0772 0.8639
316.525 0.0556 0.0772 0.8639
316.566 0.0588 0.0777 0.8639
316.606 0.0589 0.0778 0.8639
316.646 0.0566 0.0772 0.8648
316.686 0.0578 0.0763 0.8507
316.725 0.0570 0.0757 0.8266
316.765 0.0574 0.0754 0.8529
316.806 0.0556 0.0760 0.8788
316.846 0.0552 0.0778 0.8529
316.887 0.0540 0.0760 0.8529
316.926 0.0531 0.0746 0.8529
316.965 0.0507 0.0765 0.8529
317.008 0.0486 0.0755 0.8726
317.048 0.0502 0.0755 0.8726
317.088 0.0511 0.0756 0.8529
317.128 0.0533 0.0753 0.8529
317.165 0.0519 0.0750 0.8819
317.209 0.0505 0.0774 0.8854
317.249 0.0474 0.0790 0.8743
317.289 0.0468 0.0767 0.8743
317.329 0.0488 0.0757 0.8743
317.369 0.0507 0.0728 0.8717
317.409 0.0497 0.0738 0.8682
317.449 0.0457 0.0782 0.8657
317.489 0.0474 0.0762 0.8701
317.529 0.0457 0.0756 0.8802
317.569 0.0444 0.0742 0.8777
317.609 0.0423 0.0742 0.8862
317.650 0.0430 0.0766 0.8837
317.690 0.0457 0.0787 0.8903
317.730 0.0492 0.0754 0.8965
317.770 0.0510 0.0760 0.8592
317.807 0.0526 0.0773 0.8802
317.851 0.0551 0.0767 0.8777
317.891 0.0550 0.0778 0.8777
317.930 0.0576 0.0794 0.8802
317.970 0.0618 0.0760 0.8802
318.008 0.0620 0.0722 0.8862
318.052 0.0614 0.0743 0.8782
318.092 0.0611 0.0778 0.8736
318.132 0.0573 0.0769 0.8769
318.172 0.0518 0.0755 0.8769
318.212 0.0445 0.0737 0.8549
318.253 0.0443 0.0743 0.8543
318.293 0.0452 0.0718 0.8516
318.333 0.0398 0.0749 0.8886
318.373 0.0381 0.0739 0.9012
318.412 0.0403 0.0726 0.9012
318.452 0.0362 0.0733 0.8543
318.493 0.0349 0.0704 0.8823
318.534 0.0379 0.0719 0.8802
318.574 0.0397 0.0731 0.8957
318.614 0.0417 0.0769 0.8896
318.651 0.0457 0.0705 0.8726
318.695 0.0475 0.0718 0.8266
318.734 0.0498 0.0750 0.8406
318.774 0.0492 0.0738 0.8590
318.814 0.0476 0.0740 0.8870
318.851 0.0476 0.0730 0.8547
318.895 0.0411 0.0726 0.8726
318.935 0.0413 0.0750 0.8382
318.975 0.0431 0.0769 0.8146
319.015 0.0420 0.0769 0.8436
319.055 0.0385 0.0769 0.8436
319.096 0.0359 0.0769 0.8346
319.135 0.0305 0.0742 0.8346
319.175 0.0304 0.0734 0.8589
319.216 0.0298 0.0747 0.8659
319.256 0.0237 0.0761 0.8543
319.296 0.0217 0.0747 0.8719
319.337 0.0223 0.0769 0.8556
319.377 0.0236 0.0747 0.8719
319.417 0.0216 0.0747 0.8719
319.457 0.0199 0.0761 0.8603
319.495 0.0198 0.0756 0.8792
319.538 0.0194 0.0747 0.8719
319.578 0.0218 0.0747 0.8653
319.618 0.0252 0.0756 0.8792
319.658 0.0294 0.0756 0.8792
319.694 0.0293 0.0748 0.8743
319.739 0.0350 0.0756 0.8743
319.779 0.0405 0.0748 0.8483
319.819 0.0405 0.0748 0.8397
319.859 0.0422 0.0756 0.8733
319.898 0.0452 0.0761 0.8583
319.939 0.0471 0.0755 0.8563
319.979 0.0456 0.0745 0.8733
320.019 0.0463 0.0738 0.8733
320.059 0.0488 0.0747 0.8723
320.098 0.0483 0.0760 0.9102
320.138 0.0449 0.0754 0.8732
320.179 0.0501 0.0752 0.8732
320.220 0.0517 0.0747 0.8732
320.260 0.0543 0.0736 0.8660
320.300 0.0585 0.0763 0.8607
320.338 0.0619 0.0774 0.8866
320.382 0.0670 0.0764 0.8993
320.421 0.0723 0.0749 0.9025
320.461 0.0778 0.0770 0.8655
320.501 0.0828 0.0769 0.8915
320.538 0.0883 0.0772 0.8875
320.582 0.0870 0.0783 0.8789
320.622 0.0889 0.0752 0.8813
320.662 0.0899 0.0760 0.8833
320.702 0.0919 0.0778 0.9043
320.742 0.0924 0.0800 0.9173
320.783 0.0912 0.0798 0.8912
320.823 0.0896 0.0817 0.8797
320.863 0.0866 0.0820 0.8837
320.903 0.0828 0.0763 0.8922
320.942 0.0816 0.0786 0.8669
320.982 0.0814 0.0818 0.9082
321.023 0.0808 0.0804 0.8795
321.063 0.0824 0.0807 0.8576
321.103 0.0853 0.0771 0.8541
321.143 0.0872 0.0790 0.8535
321.180 0.0822 0.0829 0.8659
321.225 0.0777 0.0815 0.8300
321.264 0.0782 0.0827 0.8520
321.304 0.0776 0.0796 0.8725
321.344 0.0780 0.0811 0.8725
321.382 0.0790 0.0811 0.9089
321.425 0.0738 0.0814 0.8764
321.466 0.0733 0.0829 0.8620
321.506 0.0700 0.0817 0.8629
321.546 0.0645 0.0835 0.8869
321.585 0.0632 0.0832 0.8792
321.625 0.0588 0.0832 0.8909
321.666 0.0567 0.0835 0.8959
321.706 0.0552 0.0814 0.8985
321.746 0.0567 0.0813 0.8737
321.786 0.0560 0.0777 0.8706
321.826 0.0533 0.0818 0.8995
321.867 0.0519 0.0820 0.8945
321.907 0.0546 0.0802 0.8706
321.947 0.0540 0.0801 0.8813
321.987 0.0507 0.0812 0.8449
322.024 0.0509 0.0801 0.8449
322.067 0.0540 0.0865 0.8613
322.108 0.0543 0.0854 0.8449
322.148 0.0519 0.0828 0.8537
322.188 0.0531 0.0799 0.8190
322.225 0.0498 0.0799 0.8190
322.269 0.0421 0.0770 0.8410
322.308 0.0407 0.0815 0.8419
322.349 0.0427 0.0813 0.8576
322.389 0.0431 0.0813 0.8640
322.427 0.0429 0.0756 0.8669
322.468 0.0451 0.0771 0.8509
322.509 0.0481 0.0816 0.8749
322.550 0.0532 0.0795 0.8709
322.590 0.0582 0.0788 0.8459
322.630 0.0660 0.0788 0.8675
322.669 0.0683 0.0783 0.8599
322.710 0.0739 0.0823 0.8599
322.751 0.0800 0.0827 0.8424
322.791 0.0856 0.0780 0.8759
322.830 0.0878 0.0788 0.8464
322.867 0.0893 0.0789 0.8705
322.911 0.0918 0.0787 0.8836
322.952 0.0949 0.0793 0.8627
322.991 0.0997 0.0802 0.9141
323.031 0.1013 0.0799 0.9021
323.068 0.0992 0.0805 0.8677
323.111 0.0922 0.0797 0.8599
323.152 0.0943 0.0811 0.8329
323.192 0.0938 0.0819 0.8329
323.232 0.0925 0.0822 0.8492
323.271 0.0902 0.0811 0.8440
323.311 0.0888 0.0798 0.8770
323.353 0.0846 0.0829 0.8674
323.393 0.0829 0.0819 0.8449
323.432 0.0804 0.0818 0.8460
323.472 0.0814 0.0807 0.8579
323.512 0.0794 0.0819 0.8190
323.553 0.0778 0.0832 0.8190
323.593 0.0782 0.0830 0.8586
323.633 0.0782 0.0819 0.8632
323.674 0.0774 0.0820 0.8596
323.711 0.0740 0.0789 0.8819
323.755 0.0779 0.0781 0.8863
323.795 0.0819 0.0825 0.8915
323.835 0.0853 0.0850 0.8593
323.875 0.0860 0.0827 0.8543
323.912 0.0874 0.0807 0.8751
323.955 0.0853 0.0808 0.8751
323.996 0.0830 0.0805 0.8746
324.036 0.0853 0.0831 0.9116
324.076 0.0864 0.0818 0.8632
324.114 0.0857 0.0814 0.8839
324.155 0.0839 0.0832 0.8751
324.196 0.0852 0.0826 0.8879
324.236 0.0840 0.0826 0.8879
324.276 0.0789 0.0832 0.8781
324.315 0.0764 0.0833 0.8621
324.355 0.0749 0.0811 0.8632
324.397 0.0741 0.0802 0.8882
324.437 0.0761 0.0809 0.9185
324.477 0.0783 0.0831 0.9388
324.516 0.0765 0.0822 0.8647
324.554 0.0760 0.0830 0.8673
324.597 0.0752 0.0799 0.8631
324.638 0.0736 0.0818 0.8585
324.678 0.0729 0.0813 0.8839
324.717 0.0726 0.0791 0.8839
324.756 0.0736 0.0791 0.8988
324.799 0.0759 0.0772 0.9353
324.839 0.0751 0.0772 0.9262
324.879 0.0756 0.0757 0.9273
324.919 0.0720 0.0838 0.8998
324.958 0.0683 0.0802 0.8753
324.999 0.0655 0.0766 0.8753
325.040 0.0611 0.0756 0.8778
325.080 0.0584 0.0773 0.8640
325.120 0.0614 0.0769 0.8576
325.159 0.0640 0.0791 0.9146
325.199 0.0626 0.0813 0.8508
325.240 0.0646 0.0752 0.9146
325.280 0.0641 0.0761 0.8446
325.320 0.0649 0.0773 0.8738
325.360 0.0623 0.0784 0.8705
325.397 0.0602 0.0810 0.8758
325.442 0.0567 0.0794 0.8978
325.481 0.0559 0.0775 0.8659
325.521 0.0515 0.0764 0.8399
325.561 0.0487 0.0820 0.8499
325.598 0.0450 0.0838 0.8619
325.642 0.0388 0.0805 0.8586
325.682 0.0378 0.0805 0.8706
325.722 0.0364 0.0766 0.8483
325.762 0.0328 0.0802 0.8706
325.800 0.0275 0.0816 0.8706
325.842 0.0260 0.0804 0.8599
325.883 0.0283 0.0812 0.8956
325.924 0.0311 0.0791 0.8761
325.964 0.0350 0.0790 0.8761
326.003 0.0368 0.0841 0.8781
326.043 0.0430 0.0841 0.8781
326.084 0.0419 0.0806 0.8416
326.124 0.0440 0.0784 0.8396
326.164 0.0480 0.0788 0.8481
326.204 0.0469 0.0806 0.8396
326.241 0.0497 0.0864 0.8126
326.285 0.0549 0.0866 0.8306
326.325 0.0588 0.0816 0.8406
326.365 0.0606 0.0789 0.8246
326.405 0.0611 0.0779 0.8585
326.442 0.0568 0.0845 0.8660
326.485 0.0586 0.0830 0.8815
326.525 0.0613 0.0838 0.8377
326.566 0.0655 0.0796 0.8156
326.606 0.0672 0.0824 0.8487
326.644 0.0662 0.0814 0.8339
326.686 0.0708 0.0881 0.8891
326.726 0.0720 0.0869 0.8819
326.766 0.0691 0.0861 0.8781
326.806 0.0677 0.0819 0.8781
326.845 0.0686 0.0810 0.8781
326.885 0.0716 0.0856 0.9305
326.926 0.0778 0.0875 0.8823
326.967 0.0796 0.0815 0.8729
327.008 0.0790 0.0788 0.8729
327.047 0.0747 0.0773 0.8683
327.085 0.0748 0.0791 0.8811
327.128 0.0737 0.0846 0.8811
327.168 0.0730 0.0811 0.9151
327.208 0.0714 0.0790 0.9144
327.248 0.0699 0.0765 0.8575
327.285 0.0708 0.0778 0.8924
327.328 0.0686 0.0846 0.8924
327.369 0.0642 0.0831 0.8655
327.410 0.0617 0.0814 0.8635
327.449 0.0601 0.0802 0.8855
327.488 0.0578 0.0819 0.8605
327.528 0.0580 0.0799 0.8655
327.569 0.0556 0.0819 0.8728
327.610 0.0522 0.0807 0.8592
327.650 0.0506 0.0799 0.8656
327.689 0.0471 0.0798 0.8656
327.729 0.0438 0.0790 0.8596
327.770 0.0398 0.0827 0.8445
327.810 0.0383 0.0866 0.8596
327.850 0.0382 0.0822 0.8596
327.890 0.0346 0.0816 0.8768
327.927 0.0307 0.0808 0.8674
327.971 0.0256 0.0837 0.8674
328.011 0.0221 0.0868 0.8957
328.051 0.0191 0.0849 0.8764
328.092 0.0209 0.0848 0.8764
328.129 0.0178 0.0807 0.8866
328.172 0.0140 0.0818 0.8957
328.213 0.0136 0.0849 0.8804
328.253 0.0131 0.0849 0.8804
328.293 0.0119 0.0834 0.8738
328.332 0.0100 0.0807 0.8804
328.372 0.0105 0.0802 0.8804
328.413 0.0092 0.0849 0.8804
328.453 0.0084 0.0865 0.8625
328.493 0.0089 0.0855 0.8804
328.533 0.0109 0.0825 0.8768
328.572 0.0086 0.0798 0.8866
328.613 0.0094 0.0831 0.8575
328.654 0.0107 0.0847 0.8957
328.694 0.0126 0.0847 0.8804
328.734 0.0177 0.0835 0.8738
328.771 0.0201 0.0814 0.8689
328.815 0.0226 0.0804 0.8525
328.855 0.0231 0.0846 0.8866
328.904 0.0292 0.0833 0.8866
328.934 0.0315 0.0834 0.8349
328.971 0.0367 0.0829 0.8709
329.014 0.0394 0.0804 0.8543
329.055 0.0405 0.0827 0.8499
329.096 0.0446 0.0866 0.8469
329.136 0.0445 0.0853 0.8519
329.175 0.0432 0.0858 0.8479
329.216 0.0398 0.0855 0.8706
329.257 0.0383 0.0848 0.8575
329.297 0.0363 0.0848 0.8575
329.337 0.0367 0.0854 0.8599
329.376 0.0338 0.0853 0.8627
329.416 0.0298 0.0868 0.8415
329.457 0.0286 0.0835 0.8328
329.498 0.0265 0.0874 0.8415
329.538 0.0232 0.0885 0.8625
329.578 0.0224 0.0897 0.8625
329.615 0.0217 0.0885 0.8415
329.659 0.0209 0.0864 0.8415
329.698 0.0208 0.0885 0.8625
329.739 0.0220 0.0889 0.8895
329.778 0.0216 0.0893 0.8895
329.815 0.0208 0.0850 0.8895
329.858 0.0203 0.0880 0.8895
329.899 0.0225 0.0867 0.8895
329.939 0.0237 0.0889 0.8895
329.979 0.0242 0.0886 0.8895
330.018 0.0251 0.0886 0.8895
330.059 0.0259 0.0880 0.8895
330.100 0.0279 0.0868 0.8895
330.140 0.0285 0.0841 0.8635
330.180 0.0316 0.0880 0.8696
330.219 0.0320 0.0889 0.8660
330.259 0.0316 0.0889 0.8335
330.300 0.0334 0.0889 0.8335
330.341 0.0343 0.0874 0.8335
330.381 0.0322 0.0889 0.8406
330.421 0.0295 0.0901 0.8455
330.458 0.0271 0.0908 0.8365
330.503 0.0268 0.0874 0.8365
330.542 0.0261 0.0890 0.8466
330.582 0.0225 0.0890 0.8466
330.622 0.0196 0.0920 0.8406
330.659 0.0178 0.0920 0.8406
330.703 0.0150 0.0890 0.8466
330.743 0.0129 0.0890 0.8466
330.783 0.0114 0.0913 0.8406
330.823 0.0082 0.0889 0.8466
330.862 0.0087 0.0916 0.8676
330.902 0.0089 0.0924 0.8676
330.943 0.0080 0.0913 0.8406
330.983 0.0052 0.0889 0.8466
331.023 0.0051 0.0901 0.8365
331.063 0.0060 0.0909 0.8676
331.103 0.0063 0.0905 0.8709
331.144 0.0060 0.0903 0.8676
331.184 0.0061 0.0880 0.8669
331.224 0.0083 0.0902 0.8676
331.264 0.0059 0.0880 0.8939
331.301 0.0053 0.0899 0.8669
331.344 0.0044 0.0893 0.8669
331.385 0.0057 0.0923 0.8676
331.425 0.0052 0.0889 0.8905
331.465 0.0061 0.0880 0.8939
331.502 0.0076 0.0923 0.8676
331.545 0.0121 0.0892 0.8669
331.586 0.0119 0.0909 0.8685
331.626 0.0140 0.0886 0.8758
331.666 0.0132 0.0889 0.8635
331.705 0.0165 0.0892 0.8669
331.746 0.0206 0.0893 0.8669
331.787 0.0257 0.0905 0.8939
331.827 0.0271 0.0892 0.8939
331.867 0.0300 0.0888 0.8376
331.906 0.0289 0.0903 0.8703
331.946 0.0280 0.0933 0.8585
331.987 0.0259 0.0910 0.8619
332.028 0.0248 0.0892 0.8585
332.068 0.0269 0.0892 0.8585
332.107 0.0287 0.0885 0.8585
332.145 0.0306 0.0919 0.8545
332.189 0.0282 0.0919 0.8545
332.228 0.0252 0.0905 0.8545
332.268 0.0231 0.0905 0.8585
332.308 0.0247 0.0862 0.8585
332.345 0.0256 0.0892 0.8653
332.388 0.0260 0.0905 0.8585
332.429 0.0262 0.0919 0.8585
332.470 0.0295 0.0889 0.8631
332.509 0.0326 0.0910 0.8909
332.549 0.0330 0.0888 0.8682
332.589 0.0334 0.0894 0.8639
332.630 0.0343 0.0920 0.8682
332.671 0.0354 0.0874 0.8649
332.727 0.0374 0.0885 0.8699
332.750 0.0385 0.0872 0.8939
332.790 0.0386 0.0911 0.8939
332.831 0.0359 0.0904 0.9178
332.871 0.0330 0.0892 0.8907
332.911 0.0312 0.0882 0.8776
332.951 0.0288 0.0882 0.8881
332.989 0.0262 0.0883 0.8776
333.032 0.0235 0.0891 0.8818
333.072 0.0223 0.0891 0.8890
333.112 0.0252 0.0877 0.8743
333.151 0.0262 0.0910 0.8974
333.189 0.0295 0.0867 0.8823
333.233 0.0310 0.0875 0.8511
333.272 0.0336 0.0910 0.8934
333.312 0.0383 0.0934 0.8934
333.352 0.0438 0.0876 0.8869
333.392 0.0477 0.0876 0.8869
333.433 0.0527 0.0884 0.8833
333.473 0.0558 0.0912 0.8906
333.513 0.0602 0.0894 0.8866
333.553 0.0610 0.0905 0.9139
333.593 0.0603 0.0919 0.8920
333.633 0.0571 0.0896 0.8647
333.675 0.0530 0.0880 0.8977
333.715 0.0509 0.0902 0.8952
333.755 0.0491 0.0905 0.9005
333.794 0.0456 0.0905 0.9005
333.832 0.0442 0.0908 0.9014
333.875 0.0419 0.0908 0.9014
333.915 0.0407 0.0908 0.9092
333.956 0.0411 0.0909 0.9212
333.995 0.0372 0.0908 0.9092
334.032 0.0362 0.0892 0.9092
334.077 0.0341 0.0906 0.9043
334.116 0.0381 0.0906 0.9043
334.156 0.0392 0.0911 0.8733
334.196 0.0405 0.0903 0.8733
334.235 0.0409 0.0901 0.8993
334.276 0.0414 0.0901 0.8733
334.316 0.0439 0.0886 0.8733
334.357 0.0490 0.0924 0.8733
334.397 0.0480 0.0911 0.8889
334.436 0.0471 0.0918 0.8526
334.476 0.0498 0.0919 0.8320
334.517 0.0534 0.0903 0.8320
334.557 0.0538 0.0919 0.8822
334.597 0.0541 0.0901 0.8849
334.637 0.0548 0.0923 0.8872
334.675 0.0520 0.0913 0.8923
334.718 0.0541 0.0910 0.8872
334.758 0.0554 0.0934 0.8892
334.799 0.0559 0.0945 0.8912
334.839 0.0490 0.0923 0.8863
334.876 0.0473 0.0930 0.8607
334.920 0.0469 0.0916 0.8603
334.960 0.0445 0.0928 0.8802
335.000 0.0392 0.0917 0.8452
335.039 0.0386 0.0939 0.8729
335.078 0.0349 0.0929 0.8647
335.120 0.0319 0.0941 0.8741
335.160 0.0335 0.0928 0.9029
335.200 0.0319 0.0917 0.8696
335.240 0.0320 0.0929 0.8696
335.280 0.0251 0.0939 0.9029
335.319 0.0227 0.0917 0.8647
335.361 0.0242 0.0931 0.8696
335.401 0.0242 0.0929 0.8647
335.441 0.0246 0.0934 0.8647
335.481 0.0255 0.0935 0.9064
335.518 0.0273 0.0938 0.9376
335.561 0.0300 0.0940 0.8729
335.602 0.0316 0.0921 0.8557
335.642 0.0326 0.0932 0.8969
335.681 0.0329 0.0951 0.8679
335.718 0.0330 0.0954 0.8959
335.761 0.0371 0.0927 0.8741
335.802 0.0407 0.0923 0.8817
335.842 0.0447 0.0917 0.8557
335.883 0.0471 0.0928 0.8557
335.922 0.0454 0.0955 0.8607
335.963 0.0471 0.0926 0.8761
336.004 0.0483 0.0941 0.8723
336.044 0.0510 0.0951 0.8869
336.084 0.0484 0.0949 0.9103
336.124 0.0458 0.0950 0.9139
336.163 0.0450 0.0978 0.9139
336.204 0.0438 0.0964 0.8929
336.245 0.0438 0.0949 0.8869
336.285 0.0423 0.0933 0.9128
336.324 0.0382 0.0955 0.9139
336.362 0.0336 0.0953 0.9103
336.406 0.0333 0.0962 0.8867
336.446 0.0328 0.0972 0.8659
336.485 0.0297 0.0924 0.8905
336.525 0.0254 0.0978 0.8903
336.562 0.0234 0.0967 0.8935
336.605 0.0247 0.0972 0.8709
336.646 0.0245 0.0965 0.9195
336.686 0.0220 0.0979 0.8709
336.726 0.0202 0.0963 0.8945
336.765 0.0207 0.0965 0.9154
336.807 0.0222 0.0965 0.8954
336.846 0.0216 0.0966 0.8861
336.887 0.0227 0.0940 0.8965
336.927 0.0210 0.0971 0.8709
336.967 0.0204 0.0953 0.8977
337.007 0.0201 0.0963 0.9064
337.048 0.0197 0.0963 0.9142
337.088 0.0213 0.0966 0.8873
337.128 0.0215 0.0965 0.8595
337.168 0.0231 0.0954 0.8657
337.205 0.0238 0.0963 0.8707
337.248 0.0225 0.0968 0.8613
337.289 0.0200 0.0965 0.8657
337.329 0.0193 0.0965 0.8707
337.369 0.0210 0.0951 0.8707
337.406 0.0229 0.0965 0.8716
337.450 0.0224 0.0968 0.8695
337.489 0.0214 0.0966 0.8695
337.530 0.0226 0.0980 0.8685
337.570 0.0222 0.0952 0.8695
337.608 0.0232 0.0952 0.8695
337.650 0.0238 0.0980 0.8685
337.690 0.0255 0.0981 0.8685
337.730 0.0272 0.0980 0.8685
337.770 0.0258 0.0965 0.8685
337.810 0.0279 0.0968 0.8845
337.849 0.0274 0.0952 0.8921
337.891 0.0230 0.0982 0.8769
337.931 0.0245 0.0966 0.8854
337.971 0.0259 0.0981 0.8779
338.011 0.0276 0.0966 0.8854
338.049 0.0283 0.0983 0.8779
338.092 0.0236 0.0992 0.8895
338.133 0.0234 0.0981 0.8895
338.173 0.0226 0.1006 0.8615
338.212 0.0196 0.0999 0.8615
338.249 0.0210 0.0999 0.8653
338.292 0.0187 0.1029 0.8597
338.333 0.0174 0.1029 0.8597
338.374 0.0172 0.1029 0.8597
338.413 0.0178 0.1029 0.8779
338.452 0.0157 0.1004 0.8966
338.494 0.0138 0.1029 0.8779
338.534 0.0113 0.1031 0.8730
338.574 0.0118 0.1031 0.8730
338.614 0.0126 0.0999 0.9011
338.653 0.0103 0.0960 0.9087
338.693 0.0109 0.0976 0.9011
338.734 0.0109 0.1017 0.9151
338.774 0.0112 0.1022 0.9211
338.814 0.0103 0.1017 0.9151
338.854 0.0089 0.1003 0.9151
338.891 0.0081 0.1003 0.9151
338.934 0.0101 0.1018 0.8781
338.975 0.0112 0.0990 0.9185
339.015 0.0107 0.1017 0.9151
339.055 0.0148 0.1003 0.9151
339.092 0.0162 0.1017 0.8721
339.136 0.0211 0.1014 0.8781
339.176 0.0254 0.1003 0.9344
339.217 0.0288 0.1032 0.9085
339.257 0.0370 0.1017 0.8881
339.295 0.0442 0.1017 0.8881
339.338 0.0457 0.1019 0.8881
339.377 0.0487 0.1032 0.9009
339.417 0.0512 0.1030 0.9221
339.457 0.0554 0.1032 0.8732
339.497 0.0573 0.1030 0.9223
339.537 0.0572 0.1019 0.8948
339.578 0.0580 0.1012 0.9068
339.618 0.0556 0.1021 0.8939
339.658 0.0554 0.1035 0.8849
339.698 0.0558 0.1032 0.8965
339.735 0.0535 0.1021 0.8858
339.778 0.0488 0.1019 0.8974
339.819 0.0516 0.1034 0.8873
339.859 0.0520 0.1028 0.9090
339.899 0.0536 0.1036 0.8645
339.936 0.0512 0.1016 0.8682
339.980 0.0511 0.0989 0.8773
340.019 0.0505 0.0975 0.8945
340.060 0.0472 0.1028 0.8578
340.099 0.0481 0.1041 0.8406
340.138 0.0479 0.1029 0.8497
340.179 0.0473 0.0993 0.8333
340.220 0.0447 0.0989 0.8541
340.260 0.0421 0.1005 0.8695
340.300 0.0386 0.1043 0.8602
340.340 0.0376 0.1039 0.8878
340.380 0.0324 0.1002 0.8631
340.422 0.0321 0.1002 0.8631
340.462 0.0312 0.1002 0.8655
340.502 0.0295 0.1019 0.8539
340.541 0.0299 0.1019 0.8655
340.579 0.0296 0.1028 0.8884
340.623 0.0274 0.1033 0.8549
340.662 0.0285 0.0999 0.8529
340.702 0.0284 0.1028 0.8562
340.742 0.0313 0.1050 0.8386
340.779 0.0349 0.1033 0.8435
340.822 0.0392 0.1033 0.8445
340.866 0.0464 0.1022 0.8439
340.903 0.0522 0.1019 0.8539
340.943 0.0531 0.1062 0.8789
340.982 0.0548 0.1062 0.8495
341.023 0.0577 0.1046 0.8495
341.064 0.0609 0.1039 0.8697
341.104 0.0648 0.1004 0.8855
341.144 0.0646 0.1045 0.8916
341.183 0.0665 0.1045 0.8916
341.223 0.0670 0.1055 0.8916
341.264 0.0689 0.1057 0.8546
341.304 0.0692 0.1029 0.8912
341.345 0.0693 0.1014 0.8787
341.384 0.0675 0.1048 0.8399
341.422 0.0685 0.1035 0.8448
341.467 0.0681 0.1038 0.8448
341.506 0.0709 0.1049 0.8608
341.546 0.0713 0.1024 0.8584
341.586 0.0704 0.1037 0.8456
341.623 0.0713 0.1039 0.8383
341.667 0.0705 0.1034 0.8913
341.707 0.0706 0.1024 0.8718
341.747 0.0729 0.1004 0.8642
341.786 0.0707 0.1016 0.8493
341.826 0.0697 0.1029 0.8683
341.867 0.0672 0.1022 0.8599
341.907 0.0603 0.1008 0.8549
341.948 0.0635 0.0997 0.8739
341.987 0.0633 0.0987 0.8587
342.027 0.0631 0.1004 0.8587
342.067 0.0636 0.1027 0.8887
342.108 0.0598 0.1033 0.8846
342.148 0.0577 0.1002 0.8846
342.188 0.0574 0.0967 0.8587
342.228 0.0549 0.0997 0.8965
342.265 0.0517 0.1013 0.8656
342.309 0.0526 0.1034 0.8656
342.349 0.0511 0.1013 0.8593
342.389 0.0542 0.0953 0.8931
342.428 0.0524 0.1016 0.8563
342.467 0.0490 0.1042 0.8659
342.510 0.0469 0.1035 0.8973
342.550 0.0498 0.0995 0.8878
342.590 0.0529 0.0986 0.8823
342.630 0.0530 0.0965 0.8745
342.669 0.0531 0.0975 0.8771
342.710 0.0513 0.1035 0.8923
342.751 0.0507 0.1008 0.8905
342.791 0.0461 0.0948 0.9262
342.831 0.0437 0.0988 0.8923
342.870 0.0428 0.0999 0.8923
342.910 0.0401 0.1023 0.8883
342.951 0.0409 0.1020 0.8959
342.992 0.0441 0.1007 0.8959
343.032 0.0381 0.0968 0.8828
343.071 0.0338 0.0948 0.8753
343.108 0.0325 0.0984 0.8733
343.153 0.0296 0.0980 0.8753
343.193 0.0270 0.1003 0.8830
343.232 0.0241 0.0963 0.8988
343.272 0.0203 0.0963 0.8988
343.309 0.0209 0.0948 0.8963
343.352 0.0173 0.0974 0.8963
343.393 0.0160 0.0974 0.8963
343.433 0.0145 0.0952 0.8963
343.473 0.0128 0.0966 0.8733
343.512 0.0118 0.0970 0.8733
343.553 0.0138 0.0980 0.8733
343.593 0.0133 0.0978 0.8733
343.634 0.0131 0.1007 0.8888
343.674 0.0176 0.0965 0.9107
343.714 0.0203 0.0951 0.8967
343.754 0.0239 0.0959 0.8967
343.795 0.0258 0.0973 0.8842
343.835 0.0315 0.1014 0.8846
343.875 0.0354 0.0965 0.9001
343.915 0.0403 0.0987 0.8697
343.952 0.0455 0.0985 0.8683
343.996 0.0488 0.0995 0.8999
344.036 0.0517 0.1014 0.8942
344.076 0.0556 0.0987 0.8979
344.115 0.0571 0.0984 0.8872
344.152 0.0597 0.0984 0.8834
344.197 0.0639 0.0962 0.8967
344.236 0.0649 0.0974 0.8916
344.277 0.0646 0.0977 0.8900
344.316 0.0620 0.0984 0.8872
344.355 0.0651 0.0967 0.9007
344.396 0.0663 0.0964 0.9253
344.437 0.0645 0.0994 0.9106
344.477 0.0660 0.1003 0.9012
344.517 0.0650 0.1002 0.8931
344.556 0.0637 0.1000 0.8931
344.596 0.0639 0.0991 0.8370
344.637 0.0679 0.0991 0.8359
344.678 0.0703 0.0985 0.8753
344.718 0.0724 0.1000 0.8753
344.758 0.0726 0.0997 0.8631
344.796 0.0748 0.0972 0.8963
344.839 0.0759 0.0992 0.8709
344.879 0.0774 0.0969 0.8929
344.920 0.0778 0.0981 0.8873
344.959 0.0784 0.0978 0.8732
344.996 0.0803 0.0961 0.8773
345.041 0.0810 0.0973 0.8822
345.080 0.0816 0.0965 0.8773
345.120 0.0807 0.1007 0.8923
345.160 0.0776 0.1007 0.8943
345.199 0.0738 0.0993 0.8623
345.240 0.0725 0.1035 0.8367
345.281 0.0744 0.1003 0.8173
345.321 0.0712 0.0983 0.8589
345.361 0.0676 0.0971 0.8713
345.400 0.0667 0.0983 0.8637
345.440 0.0619 0.0958 0.8583
345.481 0.0582 0.0945 0.8656
345.521 0.0560 0.0948 0.8707
345.561 0.0558 0.0997 0.8617
345.601 0.0534 0.0974 0.8642
345.638 0.0548 0.0959 0.8772
345.681 0.0582 0.0960 0.8746
345.722 0.0602 0.0956 0.8746
345.762 0.0647 0.0962 0.8357
345.802 0.0676 0.0974 0.8541
345.840 0.0699 0.0992 0.8541
345.883 0.0711 0.0952 0.8463
345.923 0.0735 0.0917 0.8773
345.964 0.0767 0.0929 0.8741
346.004 0.0784 0.0961 0.8673
346.042 0.0752 0.0997 0.8729
346.084 0.0762 0.0988 0.8729
346.124 0.0726 0.0940 0.8778
346.164 0.0692 0.0956 0.8475
346.204 0.0674 0.0938 0.8725
346.244 0.0627 0.0975 0.8736
346.283 0.0580 0.0980 0.8756
346.325 0.0544 0.0966 0.8736
346.365 0.0490 0.0925 0.8756
346.405 0.0474 0.0955 0.8756
346.444 0.0442 0.0955 0.8736
346.482 0.0388 0.1018 0.8700
346.526 0.0407 0.0969 0.8696
346.566 0.0393 0.0945 0.8660
346.606 0.0401 0.0967 0.8660
346.645 0.0434 0.0977 0.8846
346.682 0.0456 0.1031 0.8826
346.725 0.0450 0.0973 0.9139
346.766 0.0448 0.0968 0.8835
346.807 0.0458 0.0963 0.8835
346.846 0.0500 0.0959 0.8729
346.885 0.0508 0.1002 0.8815
346.926 0.0521 0.0980 0.8815
346.967 0.0556 0.0992 0.8815
347.008 0.0556 0.0978 0.8732
347.048 0.0578 0.0974 0.8859
347.088 0.0597 0.0996 0.8780
347.127 0.0590 0.1039 0.8957
347.168 0.0571 0.1008 0.8929
347.208 0.0585 0.0986 0.8778
347.249 0.0598 0.0973 0.9016
347.288 0.0602 0.0964 0.8888
347.325 0.0583 0.0991 0.8801
347.369 0.0593 0.0981 0.8819
347.409 0.0582 0.0978 0.8412
347.449 0.0576 0.0963 0.8462
347.489 0.0549 0.0951 0.8597
347.526 0.0538 0.0950 0.8382
347.569 0.0538 0.0975 0.8666
347.610 0.0517 0.0981 0.8736
347.650 0.0486 0.0978 0.8768
347.690 0.0464 0.0959 0.8800
347.728 0.0442 0.0981 0.8789
347.770 0.0414 0.0990 0.8890
347.810 0.0400 0.0998 0.8757
347.851 0.0347 0.0988 0.8706
347.891 0.0345 0.0982 0.8706
347.930 0.0296 0.0963 0.8706
347.970 0.0283 0.0963 0.8476
348.011 0.0258 0.0984 0.8366
348.051 0.0207 0.0982 0.8456
348.092 0.0182 0.0936 0.8456
348.132 0.0199 0.0943 0.8689
348.169 0.0209 0.0957 0.8682
348.213 0.0221 0.1009 0.8539
348.253 0.0241 0.1001 0.8593
348.293 0.0256 0.0963 0.8543
348.333 0.0332 0.0958 0.8633
348.369 0.0360 0.0956 0.8633
348.413 0.0405 0.0966 0.8854
348.453 0.0474 0.0977 0.8904
348.494 0.0506 0.0985 0.8854
348.533 0.0563 0.0977 0.9154
348.572 0.0607 0.0978 0.8668
348.614 0.0626 0.0967 0.8904
348.654 0.0659 0.0957 0.8878
348.694 0.0670 0.0952 0.9100
348.734 0.0662 0.0946 0.9100
348.773 0.0684 0.0975 0.8966
348.813 0.0688 0.0942 0.8787
348.855 0.0692 0.0949 0.8787
348.895 0.0689 0.0990 0.8800
348.935 0.0667 0.0957 0.8838
348.974 0.0656 0.0990 0.8773
349.012 0.0656 0.0976 0.8841
349.056 0.0626 0.0958 0.8983
349.096 0.0639 0.0967 0.8738
349.136 0.0624 0.1000 0.9127
349.175 0.0583 0.0966 0.9303
349.213 0.0588 0.0977 0.9127
349.257 0.0560 0.0976 0.9027
349.297 0.0535 0.0976 0.8936
349.337 0.0515 0.0988 0.9096
349.377 0.0475 0.0976 0.8936
349.416 0.0419 0.0984 0.8819
349.458 0.0410 0.0976 0.8793
349.497 0.0362 0.0965 0.8665
349.538 0.0344 0.0998 0.8755
349.578 0.0355 0.1007 0.8705
349.617 0.0313 0.0998 0.8705
349.657 0.0327 0.0962 0.8455
349.698 0.0346 0.0962 0.8455
349.738 0.0375 0.0962 0.8455
349.778 0.0393 0.0984 0.8669
349.818 0.0404 0.0974 0.8455
349.855 0.0416 0.0963 0.8455
349.899 0.0464 0.0955 0.8430
349.939 0.0498 0.0953 0.8869
349.979 0.0525 0.0988 0.8815
350.019 0.0554 0.0988 0.8815
350.056 0.0556 0.0984 0.8705
350.100 0.0565 0.0967 0.8485
350.140 0.0581 0.0950 0.8292
350.179 0.0573 0.0991 0.8316
350.220 0.0558 0.0995 0.8723
350.259 0.0547 0.0991 0.8684
350.300 0.0524 0.0988 0.8928
350.341 0.0540 0.0953 0.8767
350.381 0.0544 0.0964 0.8802
350.421 0.0540 0.0984 0.8547
350.461 0.0521 0.0992 0.8637
350.500 0.0535 0.0978 0.8547
350.542 0.0551 0.0982 0.8781
350.582 0.0581 0.0973 0.8551
350.622 0.0566 0.0981 0.8601
350.662 0.0603 0.0982 0.8435
350.699 0.0615 0.0997 0.8435
350.743 0.0609 0.0966 0.8569
350.783 0.0670 0.0974 0.8569
350.823 0.0670 0.0974 0.8591
350.862 0.0683 0.0961 0.8865
350.899 0.0670 0.0986 0.8657
350.943 0.0670 0.0975 0.8657
350.983 0.0640 0.0932 0.8533
351.024 0.0633 0.0925 0.8533
351.063 0.0579 0.0947 0.8731
351.102 0.0583 0.0997 0.9057
351.144 0.0552 0.0970 0.8469
351.184 0.0502 0.0939 0.8802
351.224 0.0494 0.0909 0.8641
351.264 0.0491 0.0969 0.8739
351.303 0.0493 0.0946 0.8691
351.343 0.0473 0.0979 0.8563
351.384 0.0459 0.0988 0.8930
351.425 0.0465 0.0940 0.8801
351.466 0.0531 0.0915 0.8791
351.505 0.0534 0.0973 0.8889
351.543 0.0543 0.1005 0.8801
351.587 0.0553 0.0999 0.8565
351.626 0.0543 0.1009 0.8477
351.666 0.0559 0.0972 0.8560
351.706 0.0576 0.0996 0.8570
351.743 0.0560 0.1024 0.8473
351.786 0.0531 0.1026 0.8543
351.827 0.0517 0.1017 0.8473
351.867 0.0556 0.0991 0.8473
351.907 0.0541 0.0991 0.8423
351.946 0.0477 0.1042 0.8403
351.988 0.0471 0.1018 0.8537
352.028 0.0465 0.1017 0.8537
352.068 0.0463 0.1010 0.8537
352.107 0.0461 0.0977 0.8473
352.147 0.0466 0.1027 0.8523
352.187 0.0456 0.1019 0.8681
352.228 0.0446 0.1074 0.8559
352.268 0.0444 0.1048 0.8693
352.308 0.0437 0.1000 0.8441
352.348 0.0434 0.1008 0.8319
352.385 0.0446 0.1014 0.8339
352.430 0.0540 0.1052 0.8583
352.469 0.0587 0.1027 0.8589
352.509 0.0625 0.0998 0.8186
352.550 0.0663 0.1006 0.8142
352.587 0.0701 0.1023 0.8537
352.631 0.0744 0.1022 0.8206
352.671 0.0792 0.1044 0.8206
352.711 0.0822 0.0995 0.8090
352.750 0.0806 0.1005 0.8239
352.789 0.0842 0.0981 0.8192
352.830 0.0822 0.1017 0.8398
352.871 0.0790 0.1073 0.8270
352.911 0.0745 0.0983 0.8366
352.951 0.0686 0.0976 0.8366
352.991 0.0648 0.0996 0.8276
353.030 0.0609 0.1019 0.8498
353.072 0.0590 0.1009 0.8336
353.112 0.0531 0.0995 0.8228
353.152 0.0461 0.0988 0.8200
353.192 0.0414 0.0960 0.8176
353.229 0.0418 0.0999 0.8149
353.272 0.0404 0.0978 0.8399
353.313 0.0397 0.1034 0.8399
353.352 0.0400 0.1008 0.8334
353.392 0.0396 0.0972 0.8359
353.429 0.0389 0.0964 0.8563
353.472 0.0356 0.0972 0.8359
353.513 0.0329 0.1003 0.8621
353.553 0.0294 0.1010 0.8602
353.593 0.0281 0.1003 0.8506
353.633 0.0275 0.1006 0.8609
353.675 0.0255 0.0981 0.8337
353.715 0.0229 0.1007 0.8496
353.755 0.0189 0.1010 0.8406
353.795 0.0148 0.1000 0.8494
353.834 0.0112 0.0998 0.8753
353.874 0.0099 0.0982 0.8494
353.915 0.0083 0.0998 0.8753
353.955 0.0093 0.1010 0.8676
353.996 0.0112 0.0998 0.8753
354.035 0.0122 0.1005 0.8406
354.072 0.0123 0.1003 0.8494
354.117 0.0143 0.0978 0.8753
354.156 0.0136 0.1009 0.8789
354.196 0.0148 0.1002 0.8822
354.236 0.0160 0.1031 0.8563
354.273 0.0163 0.0990 0.8883
354.316 0.0185 0.0992 0.8943
354.357 0.0161 0.0991 0.8673
354.397 0.0137 0.1005 0.9120
354.437 0.0096 0.0993 0.8742
354.476 0.0083 0.0993 0.9120
354.516 0.0068 0.0985 0.8463
354.557 0.0045 0.0974 0.8513
354.597 0.0052 0.0986 0.8575
354.637 0.0051 0.1001 0.8443
354.677 0.0030 0.0998 0.8513
354.717 0.0043 0.0987 0.8513
354.758 0.0098 0.0987 0.8513
354.799 0.0179 0.0984 0.8443
354.839 0.0189 0.1006 0.8467
354.879 0.0198 0.0970 0.8703
354.916 0.0221 0.0987 0.8523
354.960 0.0261 0.0986 0.8513
355.000 0.0314 0.0982 0.8513
355.040 0.0352 0.0991 0.8403
355.080 0.0341 0.0994 0.8614
355.117 0.0328 0.1004 0.8614
355.160 0.0344 0.0987 0.8594
355.200 0.0346 0.0977 0.8671
355.241 0.0344 0.0987 0.8486
355.280 0.0356 0.1001 0.8593
355.319 0.0402 0.0998 0.8506
355.360 0.0488 0.0998 0.8506
355.401 0.0597 0.1022 0.8636
355.441 0.0761 0.1021 0.8432
355.481 0.0926 0.1039 0.8488
355.520 0.1085 0.0999 0.8685
355.560 0.1260 0.1044 0.8498
355.601 0.1464 0.1008 0.8346
355.642 0.1630 0.1005 0.8130
355.682 0.1759 0.0993 0.8259
355.721 0.1865 0.1008 0.8292
355.759 0.1959 0.0974 0.8206
355.802 0.2010 0.1007 0.8359
355.842 0.2056 0.0939 0.8312
355.883 0.2074 0.0953 0.8379
355.923 0.2049 0.0983 0.8437
355.960 0.1985 0.0981 0.8589
356.004 0.1869 0.0969 0.8537
356.044 0.1768 0.0973 0.8523
356.084 0.1657 0.0967 0.8497
356.124 0.1532 0.0996 0.8533
356.163 0.1409 0.1029 0.8359
356.204 0.1289 0.1022 0.8501
356.244 0.1133 0.1018 0.8522
356.285 0.1013 0.0987 0.8542
356.324 0.0874 0.0988 0.8543
356.364 0.0739 0.1016 0.8599
356.404 0.0599 0.1020 0.8640
356.445 0.0446 0.0992 0.8542
356.485 0.0332 0.0990 0.8659
356.525 0.0257 0.1008 0.8659
356.565 0.0166 0.1002 0.8659
356.602 0.0111 0.1029 0.8784
356.647 0.0054 0.1002 0.8659
356.686 0.0030 0.0992 0.8542
356.726 0.0021 0.0982 0.8659
356.765 0.0031 0.1003 0.8571
356.803 0.0035 0.1028 0.8501
356.846 0.0038 0.0993 0.8542
356.886 0.0038 0.0993 0.8542
356.927 0.0038 0.0984 0.8659
356.967 0.0051 0.0974 0.8542
357.006 0.0089 0.0980 0.8542
357.048 0.0092 0.1026 0.8537
357.088 0.0121 0.1021 0.8513
357.128 0.0134 0.1009 0.8495
357.168 0.0184 0.1003 0.8385
357.207 0.0253 0.1003 0.8545
357.247 0.0284 0.1017 0.8621
357.288 0.0307 0.0994 0.8696
357.329 0.0386 0.1015 0.8322
357.369 0.0396 0.0983 0.8571
357.409 0.0416 0.0987 0.8511
357.446 0.0438 0.1013 0.8631
357.490 0.0442 0.1017 0.8611
357.530 0.0451 0.0991 0.8771
357.570 0.0468 0.0973 0.8350
357.609 0.0484 0.0955 0.8350
357.646 0.0467 0.0972 0.8522
357.690 0.0429 0.0963 0.8370
357.730 0.0392 0.0970 0.8640
357.770 0.0396 0.0963 0.8473
357.810 0.0356 0.0946 0.8513
357.849 0.0352 0.0944 0.8537
357.891 0.0377 0.0977 0.8707
357.930 0.0375 0.0977 0.8743
357.971 0.0382 0.0970 0.8955
358.011 0.0403 0.0974 0.8547
358.050 0.0447 0.0945 0.8537
358.091 0.0454 0.0953 0.8583
358.132 0.0478 0.1013 0.8613
358.172 0.0494 0.1005 0.8709
358.212 0.0539 0.1006 0.8743
358.252 0.0612 0.0979 0.8783
358.289 0.0679 0.0952 0.8916
358.334 0.0743 0.0977 0.8703
358.373 0.0770 0.0998 0.8662
358.413 0.0789 0.0973 0.8825
358.453 0.0768 0.0923 0.8727
358.490 0.0770 0.0903 0.8916
358.533 0.0757 0.0942 0.8892
358.574 0.0804 0.0996 0.8979
358.614 0.0813 0.0963 0.8999
358.654 0.0804 0.0942 0.8999
358.693 0.0816 0.0928 0.8999
358.733 0.0806 0.0928 0.9048
358.774 0.0773 0.0949 0.9126
358.814 0.0759 0.0932 0.8715
358.854 0.0736 0.0949 0.8833
358.894 0.0735 0.0928 0.8433
358.934 0.0768 0.0920 0.8520
358.975 0.0787 0.0928 0.8509
359.015 0.0773 0.0965 0.8669
359.055 0.0761 0.0949 0.8680
359.095 0.0756 0.0929 0.8837
359.133 0.0761 0.0928 0.8932
359.177 0.0783 0.0923 0.8457
359.217 0.0735 0.0929 0.8744
359.257 0.0719 0.0926 0.8999
359.296 0.0703 0.0916 0.8999
359.333 0.0694 0.0905 0.9009
359.377 0.0693 0.0934 0.8849
359.418 0.0678 0.0917 0.8998
359.458 0.0685 0.0946 0.8869
359.497 0.0692 0.0936 0.8869
359.536 0.0698 0.0944 0.8879
359.577 0.0640 0.0919 0.8845
359.618 0.0626 0.0928 0.8715
359.658 0.0579 0.0924 0.8793
359.698 0.0590 0.0924 0.8793
359.737 0.0577 0.0922 0.8793
359.777 0.0554 0.0921 0.8913
359.818 0.0557 0.0918 0.8819
359.859 0.0513 0.0922 0.8819
359.899 0.0514 0.0934 0.8936
359.938 0.0480 0.0929 0.8910
359.976 0.0484 0.0929 0.8779
360.020 0.0431 0.0931 0.8779
360.060 0.0432 0.0944 0.9009
360.099 0.0474 0.0941 0.9189
360.139 0.0502 0.0945 0.9173
360.176 0.0506 0.0918 0.8849
360.221 0.0518 0.0942 0.9113
360.260 0.0542 0.0931 0.9216
360.300 0.0567 0.0973 0.9113
360.341 0.0582 0.0975 0.9379
360.380 0.0591 0.0954 0.9077
360.422 0.0612 0.0948 0.9077
360.462 0.0557 0.0948 0.9077
360.502 0.0543 0.0935 0.9077
360.541 0.0532 0.0991 0.9157
360.581 0.0481 0.0965 0.9157
360.621 0.0427 0.0964 0.9157
360.662 0.0413 0.0987 0.9012
360.702 0.0416 0.0943 0.8987
360.742 0.0405 0.0995 0.9012
360.782 0.0352 0.0984 0.9282
360.819 0.0320 0.0972 0.8987
360.863 0.0323 0.0971 0.9159
360.903 0.0282 0.0948 0.9109
360.943 0.0336 0.0982 0.9145
360.983 0.0329 0.1011 0.9195
361.020 0.0367 0.0995 0.9532
361.063 0.0381 0.0951 0.9025
361.104 0.0407 0.0941 0.8997
361.144 0.0429 0.0929 0.8979
361.184 0.0426 0.0978 0.8952
361.222 0.0459 0.0984 0.9118
361.265 0.0442 0.0972 0.9118
361.304 0.0483 0.0953 0.8979
361.344 0.0469 0.0935 0.9043
361.384 0.0481 0.0957 0.8659
361.424 0.0439 0.0996 0.9151
361.464 0.0436 0.0981 0.9162
361.506 0.0412 0.0985 0.9113
361.546 0.0405 0.0928 0.8982
361.586 0.0431 0.0958 0.9173
361.625 0.0443 0.0995 0.9113
361.663 0.0481 0.0979 0.9571
361.707 0.0416 0.0980 0.8813
361.747 0.0453 0.0961 0.8863
361.787 0.0447 0.0960 0.8863
361.826 0.0414 0.0962 0.8853
361.863 0.0395 0.1004 0.9155
361.907 0.0457 0.0982 0.8885
361.947 0.0473 0.0961 0.8839
361.988 0.0512 0.0980 0.9155
362.027 0.0531 0.0958 0.8890
362.066 0.0522 0.0981 0.8795
362.108 0.0533 0.0982 0.8892
362.148 0.0456 0.0964 0.9044
362.188 0.0464 0.0968 0.8789
362.228 0.0464 0.0956 0.8919
362.267 0.0417 0.0960 0.8644
362.307 0.0424 0.0991 0.8644
362.348 0.0422 0.1003 0.8644
362.389 0.0366 0.0953 0.8644
362.429 0.0336 0.0981 0.8644
362.468 0.0264 0.1021 0.8947
362.507 0.0243 0.0988 0.8947
362.550 0.0210 0.1006 0.8947
362.591 0.0147 0.0998 0.8947
362.630 0.0118 0.0956 0.8687
362.670 0.0099 0.0991 0.8947
362.707 0.0047 0.1011 0.8947
362.751 0.0048 0.1027 0.8947
362.791 0.0056 0.1039 0.8892
362.831 0.0050 0.0984 0.8947
362.871 0.0055 0.0975 0.8947
362.910 0.0056 0.0971 0.8947
362.951 0.0053 0.1009 0.8947
362.991 0.0039 0.1029 0.8947
363.032 0.0057 0.1019 0.8947
363.071 0.0053 0.1010 0.8947
363.111 0.0050 0.0994 0.8947
363.151 0.0058 0.1020 0.9039
363.192 0.0050 0.1058 0.8947
363.232 0.0038 0.1011 0.8907
363.272 0.0053 0.1032 0.8947
363.312 0.0043 0.0997 0.8947
363.349 0.0041 0.1014 0.8907
363.392 0.0045 0.1046 0.8907
363.433 0.0041 0.1010 0.8956
363.473 0.0049 0.0963 0.8956
363.513 0.0041 0.0957 0.8956
363.550 0.0050 0.0985 0.8956
363.593 0.0060 0.1019 0.8956
363.633 0.0048 0.1019 0.8903
363.675 0.0035 0.1015 0.8656
363.714 0.0038 0.0983 0.8824
363.753 0.0038 0.0976 0.8737
363.794 0.0044 0.1006 0.8914
363.835 0.0066 0.1026 0.8947
363.875 0.0131 0.1019 0.8914
363.915 0.0139 0.1029 0.8623
363.954 0.0142 0.0976 0.8703
363.994 0.0132 0.0958 0.8800
364.035 0.0118 0.1043 0.8914
364.076 0.0114 0.1037 0.8914
364.116 0.0091 0.1031 0.9033
364.155 0.0136 0.0989 0.8800
364.193 0.0164 0.0978 0.8713
364.237 0.0234 0.1005 0.8914
364.276 0.0239 0.1043 0.8914
364.317 0.0245 0.1031 0.8914
364.356 0.0221 0.1000 0.8663
364.393 0.0294 0.1002 0.8644
364.437 0.0312 0.0976 0.8914
364.477 0.0321 0.1015 0.8663
364.517 0.0337 0.1037 0.8719
364.557 0.0360 0.0995 0.8719
364.596 0.0364 0.1006 0.8719
364.638 0.0303 0.0990 0.8873
364.678 0.0275 0.1036 0.8872
364.718 0.0214 0.1041 0.8719
364.758 0.0158 0.1015 0.8979
364.798 0.0138 0.0997 0.8979
364.838 0.0117 0.0987 0.8979
364.879 0.0068 0.0985 0.8973
364.919 0.0057 0.1036 0.8992
364.959 0.0058 0.1052 0.9002
364.999 0.0077 0.1011 0.8728
365.036 0.0099 0.1019 0.8678
365.081 0.0098 0.1032 0.8512
365.120 0.0091 0.1027 0.8678
365.160 0.0106 0.1062 0.8600
365.200 0.0128 0.1036 0.8588
365.237 0.0131 0.1031 0.8766
365.281 0.0131 0.1016 0.8737
365.320 0.0152 0.1048 0.8596
365.361 0.0176 0.1062 0.8907
365.400 0.0204 0.1032 0.8787
365.440 0.0203 0.1040 0.8746
365.482 0.0172 0.1023 0.8706
365.521 0.0166 0.1001 0.8656
365.562 0.0154 0.1033 0.8656
365.601 0.0136 0.1023 0.8656
365.640 0.0126 0.1029 0.8697
365.680 0.0102 0.1019 0.8393
365.722 0.0083 0.1012 0.8697
365.762 0.0094 0.1010 0.8712
365.802 0.0082 0.1029 0.8437
365.842 0.0051 0.1025 0.8397
365.880 0.0039 0.1031 0.8397
365.924 0.0037 0.1020 0.8397
365.964 0.0038 0.1015 0.8447
366.004 0.0044 0.1013 0.8447
366.043 0.0034 0.1049 0.8697
366.080 0.0035 0.1015 0.8447
366.124 0.0044 0.1012 0.8447
366.164 0.0050 0.0988 0.8447
366.205 0.0062 0.0989 0.8566
366.244 0.0058 0.1017 0.8706
366.283 0.0069 0.0993 0.8447
366.325 0.0080 0.1001 0.8619
366.365 0.0092 0.0987 0.8619
366.405 0.0089 0.0990 0.8619
366.445 0.0086 0.1028 0.8451
366.484 0.0084 0.1029 0.8451
366.524 0.0088 0.1028 0.8479
366.565 0.0076 0.1003 0.8622
366.606 0.0069 0.0999 0.8566
366.645 0.0085 0.0989 0.8869
366.685 0.0107 0.1010 0.8828
366.722 0.0098 0.0997 0.8828
366.767 0.0114 0.0982 0.8828
366.807 0.0153 0.0999 0.8566
366.846 0.0206 0.0988 0.8566
366.886 0.0224 0.1046 0.8479
366.924 0.0240 0.1031 0.8751
366.967 0.0299 0.1046 0.8595
367.008 0.0315 0.1001 0.8657
367.048 0.0314 0.1001 0.8657
367.088 0.0367 0.1032 0.8547
367.127 0.0383 0.1055 0.8313
367.169 0.0413 0.1047 0.8313
367.208 0.0459 0.1034 0.8273
367.249 0.0422 0.1037 0.8273
367.289 0.0420 0.1040 0.8113
367.328 0.0361 0.1038 0.8363
367.368 0.0352 0.1047 0.8363
367.409 0.0381 0.1055 0.8407
367.449 0.0367 0.0987 0.8551
367.489 0.0347 0.1022 0.8551
367.529 0.0349 0.1047 0.8523
367.566 0.0355 0.1047 0.8523
367.611 0.0324 0.1048 0.8523
367.650 0.0298 0.1047 0.8315
367.690 0.0258 0.1023 0.8275
367.730 0.0296 0.1044 0.8355
367.766 0.0294 0.1005 0.8631
367.811 0.0331 0.1042 0.8581
367.851 0.0374 0.1035 0.8511
367.891 0.0378 0.1028 0.8445
367.931 0.0364 0.1037 0.7903
367.969 0.0417 0.1042 0.8087
368.011 0.0490 0.1042 0.8203
368.051 0.0453 0.1033 0.8623
368.092 0.0486 0.1045 0.8427
368.132 0.0486 0.1034 0.8508
368.172 0.0478 0.1019 0.8669
368.211 0.0483 0.1047 0.8892
368.253 0.0501 0.1037 0.8892
368.293 0.0496 0.1040 0.8814
368.333 0.0471 0.1038 0.8343
368.372 0.0467 0.1038 0.8343
368.410 0.0457 0.1038 0.8407
368.454 0.0429 0.1041 0.8343
368.493 0.0422 0.1017 0.8323
368.534 0.0374 0.1030 0.8213
368.573 0.0349 0.1028 0.8437
368.610 0.0312 0.1041 0.8197
368.655 0.0334 0.1026 0.8609
368.694 0.0305 0.1031 0.8295
368.734 0.0283 0.1058 0.8328
368.774 0.0272 0.1034 0.8328
368.813 0.0282 0.1034 0.8328
368.855 0.0261 0.1041 0.8328
368.895 0.0253 0.1063 0.8287
368.935 0.0245 0.1039 0.8197
368.975 0.0240 0.1039 0.8197
369.014 0.0263 0.1034 0.8779
369.054 0.0241 0.1026 0.8509
369.095 0.0263 0.1032 0.8910
369.135 0.0254 0.1022 0.8827
369.175 0.0270 0.1022 0.8827
369.216 0.0267 0.1026 0.8549
369.253 0.0280 0.1026 0.8509
369.297 0.0261 0.1034 0.8737
369.337 0.0286 0.1022 0.8737
369.377 0.0274 0.1022 0.8737
369.417 0.0275 0.1026 0.8617
369.454 0.0272 0.1022 0.8737
369.497 0.0283 0.1016 0.8976
369.538 0.0269 0.1033 0.9156
369.578 0.0260 0.1025 0.8936
369.617 0.0240 0.1021 0.8872
369.657 0.0216 0.1021 0.8602
369.698 0.0209 0.1024 0.8782
369.738 0.0186 0.1035 0.9011
369.779 0.0201 0.1060 0.8559
369.818 0.0172 0.1022 0.9011
369.858 0.0183 0.1021 0.8832
369.898 0.0234 0.1012 0.9011
369.939 0.0250 0.1012 0.9011
369.979 0.0240 0.1067 0.8920
370.019 0.0270 0.1042 0.8559
370.058 0.0307 0.1031 0.8559
370.096 0.0311 0.1042 0.8559
370.139 0.0372 0.1042 0.8518
370.180 0.0393 0.1055 0.8518
370.219 0.0407 0.1073 0.8518
370.259 0.0409 0.1046 0.8518
370.297 0.0413 0.1075 0.8385
370.341 0.0441 0.1047 0.8538
370.382 0.0425 0.1046 0.8669
370.422 0.0464 0.1046 0.8799
370.461 0.0486 0.1054 0.8299
370.500 0.0499 0.1052 0.8136
370.541 0.0451 0.1057 0.8136
370.582 0.0462 0.1055 0.8489
370.622 0.0438 0.1055 0.8533
370.662 0.0426 0.1057 0.8483
370.701 0.0442 0.1065 0.8219
370.741 0.0418 0.1048 0.8563
370.782 0.0466 0.1048 0.8450
370.823 0.0425 0.1061 0.8319
370.863 0.0400 0.1093 0.8721
370.902 0.0385 0.1062 0.8503
370.939 0.0343 0.1052 0.8503
370.983 0.0296 0.1052 0.8503
371.023 0.0293 0.1023 0.8503
371.063 0.0296 0.1056 0.8469
371.103 0.0293 0.1075 0.8593
371.140 0.0293 0.1032 0.8559
371.184 0.0279 0.1000 0.8495
371.224 0.0309 0.1036 0.8559
371.264 0.0317 0.1092 0.8747
371.304 0.0361 0.1085 0.8425
371.343 0.0433 0.1050 0.8583
371.384 0.0465 0.1029 0.8333
371.425 0.0508 0.1032 0.8313
371.466 0.0577 0.1036 0.8322
371.506 0.0624 0.1057 0.8445
371.545 0.0669 0.1084 0.8486
371.584 0.0683 0.1011 0.8793
371.626 0.0687 0.1030 0.8778
371.666 0.0695 0.1030 0.8729
371.706 0.0701 0.1072 0.8409
371.746 0.0677 0.1075 0.8533
371.783 0.0639 0.1025 0.8485
371.828 0.0613 0.1015 0.8523
371.867 0.0564 0.1010 0.8639
371.907 0.0528 0.1040 0.8538
371.947 0.0497 0.1069 0.8379
371.984 0.0487 0.1089 0.8472
372.028 0.0501 0.1076 0.8472
372.067 0.0509 0.1063 0.8422
372.108 0.0503 0.1043 0.8462
372.147 0.0494 0.1084 0.8422
372.187 0.0473 0.1090 0.8563
372.228 0.0454 0.1068 0.8736
372.268 0.0475 0.1073 0.8596
372.308 0.0472 0.1037 0.8815
372.348 0.0480 0.1079 0.8759
372.387 0.0519 0.1071 0.8966
372.427 0.0524 0.1062 0.8759
372.469 0.0521 0.1020 0.8299
372.509 0.0509 0.1008 0.8966
372.550 0.0502 0.1041 0.8759
372.589 0.0533 0.1057 0.8759
372.627 0.0593 0.1072 0.8487
372.671 0.0652 0.1032 0.8370
372.710 0.0742 0.1037 0.8433
372.750 0.0784 0.1032 0.8709
372.790 0.0798 0.1045 0.8669
372.827 0.0816 0.1059 0.8669
372.870 0.0829 0.1043 0.8920
372.911 0.0873 0.1034 0.9166
372.951 0.0896 0.1019 0.8998
372.991 0.0911 0.1030 0.8878
373.030 0.0928 0.1045 0.9085
373.072 0.0922 0.1030 0.8489
373.112 0.0886 0.1030 0.8509
373.152 0.0839 0.1027 0.8569
373.192 0.0797 0.1024 0.8569
373.231 0.0742 0.1010 0.8819
373.271 0.0669 0.1022 0.8819
373.312 0.0637 0.1031 0.8549
373.353 0.0607 0.1031 0.8509
373.392 0.0542 0.1031 0.8719
373.432 0.0487 0.1027 0.8719
373.469 0.0440 0.1031 0.8729
373.513 0.0394 0.1032 0.8729
373.553 0.0364 0.1019 0.8729
373.593 0.0347 0.0996 0.8729
373.633 0.0339 0.1018 0.8729
373.671 0.0314 0.1031 0.8729
373.715 0.0312 0.1031 0.8729
373.755 0.0356 0.1030 0.8731
373.795 0.0402 0.1024 0.8741
373.835 0.0456 0.1030 0.9018
373.874 0.0481 0.1027 0.8636
373.914 0.0515 0.1039 0.8936
373.955 0.0555 0.1027 0.8636
373.996 0.0531 0.1027 0.8886
374.035 0.0532 0.1031 0.8821
374.075 0.0517 0.1018 0.8473
374.114 0.0527 0.1030 0.8551
374.156 0.0529 0.1028 0.8443
374.196 0.0521 0.1023 0.8609
374.236 0.0515 0.1023 0.8609
374.276 0.0537 0.1016 0.8609
374.313 0.0494 0.1035 0.8609
374.356 0.0472 0.1035 0.8649
374.397 0.0486 0.1032 0.8643
374.437 0.0511 0.1024 0.8013
374.476 0.0568 0.1021 0.8223
374.513 0.0640 0.1013 0.8423
374.558 0.0646 0.1033 0.8599
374.598 0.0701 0.1037 0.8923
374.638 0.0752 0.1024 0.8923
374.677 0.0769 0.1013 0.8530
374.717 0.0812 0.0999 0.8454
374.758 0.0821 0.1045 0.8241
374.799 0.0827 0.1048 0.8191
374.839 0.0830 0.1028 0.8241
374.879 0.0812 0.1015 0.8153
374.918 0.0767 0.0999 0.8079
374.958 0.0719 0.1022 0.8396
374.999 0.0641 0.1013 0.8129
375.040 0.0641 0.1041 0.8625
375.080 0.0593 0.1001 0.8341
375.119 0.0587 0.1016 0.8395
375.157 0.0585 0.1019 0.8163
375.201 0.0564 0.0995 0.8373
375.240 0.0532 0.1025 0.8487
375.281 0.0503 0.1030 0.8207
375.320 0.0521 0.1028 0.8217
375.357 0.0527 0.1027 0.8419
375.400 0.0537 0.1038 0.8237
375.441 0.0540 0.1061 0.8143
375.481 0.0564 0.1059 0.8439
375.521 0.0579 0.1057 0.8491
375.560 0.0616 0.1047 0.8357
375.601 0.0600 0.1044 0.8357
375.641 0.0562 0.1044 0.8201
375.682 0.0561 0.1094 0.8321
375.722 0.0529 0.1062 0.8134
375.761 0.0550 0.1044 0.8297
375.801 0.0530 0.1035 0.8437
375.842 0.0509 0.1056 0.8231
375.883 0.0481 0.1082 0.8495
375.923 0.0473 0.1071 0.8643
375.963 0.0456 0.1058 0.8643
376.000 0.0431 0.1018 0.8397
376.043 0.0388 0.1029 0.8433
376.084 0.0355 0.1069 0.8655
376.124 0.0345 0.1085 0.8412
376.164 0.0355 0.1075 0.8466
376.201 0.0360 0.1050 0.8412
376.244 0.0336 0.1040 0.8336
376.284 0.0317 0.1050 0.8336
376.325 0.0313 0.1084 0.8336
376.365 0.0325 0.1075 0.8276
376.403 0.0320 0.1084 0.8357
376.444 0.0310 0.1047 0.8516
376.485 0.0292 0.1050 0.8560
376.525 0.0296 0.1073 0.8560
376.565 0.0309 0.1098 0.8674
376.605 0.0329 0.1097 0.8674
376.644 0.0330 0.1085 0.8534
376.686 0.0336 0.1085 0.8534
376.726 0.0364 0.1091 0.8534
376.766 0.0391 0.1091 0.8534
376.805 0.0403 0.1091 0.8756
376.843 0.0402 0.1099 0.8756
376.886 0.0416 0.1030 0.8366
376.927 0.0422 0.1029 0.8550
376.967 0.0433 0.1058 0.8616
377.007 0.0454 0.1084 0.8455
377.044 0.0446 0.1054 0.8572
377.089 0.0443 0.1074 0.8572
377.128 0.0426 0.1079 0.8572
377.169 0.0430 0.1085 0.8697
377.208 0.0418 0.1089 0.8834
377.247 0.0396 0.1109 0.8832
377.289 0.0419 0.1067 0.8615
377.329 0.0415 0.1068 0.8615
377.369 0.0412 0.1060 0.8370
377.409 0.0411 0.1045 0.8562
377.448 0.0419 0.1035 0.8653
377.488 0.0403 0.1039 0.8593
377.529 0.0397 0.1045 0.8403
377.570 0.0379 0.1018 0.8094
377.609 0.0382 0.1034 0.8353
377.649 0.0366 0.1073 0.8131
377.686 0.0350 0.1062 0.8244
377.731 0.0362 0.1048 0.8244
377.770 0.0322 0.1032 0.8244
377.810 0.0332 0.1048 0.8244
377.850 0.0314 0.1058 0.8184
377.887 0.0325 0.1058 0.8184
377.930 0.0312 0.1049 0.8454
377.971 0.0328 0.1048 0.8343
378.011 0.0355 0.1034 0.8503
378.051 0.0361 0.1038 0.8722
378.091 0.0391 0.1052 0.8722
378.133 0.0387 0.1051 0.8503
378.172 0.0401 0.1038 0.8562
378.213 0.0413 0.1014 0.8439
378.252 0.0439 0.1014 0.8439
378.292 0.0444 0.1059 0.8439
378.332 0.0460 0.1040 0.8741
378.373 0.0465 0.1041 0.8601
378.413 0.0472 0.1009 0.8357
378.453 0.0462 0.1022 0.8237
378.493 0.0441 0.1030 0.8471
378.530 0.0426 0.1044 0.8286
378.574 0.0408 0.1002 0.8147
378.614 0.0400 0.1002 0.8097
378.654 0.0385 0.1007 0.8369
378.694 0.0387 0.1012 0.8369
378.730 0.0381 0.1009 0.8331
378.775 0.0375 0.1021 0.8421
378.814 0.0370 0.1003 0.8187
378.855 0.0376 0.1017 0.8246
378.894 0.0418 0.0994 0.8237
378.933 0.0462 0.1015 0.8307
378.975 0.0489 0.1081 0.8253
379.015 0.0514 0.1000 0.8363
379.055 0.0527 0.0997 0.8522
379.095 0.0568 0.1004 0.8493
379.134 0.0627 0.1003 0.8313
379.175 0.0626 0.1012 0.8463
379.216 0.0632 0.1006 0.8493
379.257 0.0650 0.1002 0.8493
379.297 0.0646 0.1015 0.8373
379.336 0.0659 0.1006 0.8225
379.374 0.0637 0.1015 0.8225
379.417 0.0610 0.1027 0.8260
379.458 0.0627 0.1006 0.8253
379.498 0.0625 0.0993 0.8519
379.537 0.0626 0.1035 0.8077
379.574 0.0608 0.1018 0.8659
379.617 0.0576 0.1029 0.8494
379.658 0.0581 0.1018 0.8453
379.698 0.0593 0.1019 0.8357
379.738 0.0593 0.1046 0.8237
379.777 0.0604 0.1080 0.8328
379.819 0.0608 0.1029 0.8249
379.859 0.0597 0.1061 0.8273
379.899 0.0623 0.1043 0.8249
379.939 0.0563 0.1025 0.8224
380.005 0.0567 0.1050 0.8139
380.058 0.0557 0.1064 0.8139
380.099 0.0558 0.1015 0.8429
380.139 0.0522 0.1000 0.8473
380.179 0.0527 0.1000 0.8473
380.219 0.0538 0.1000 0.8473
380.257 0.0523 0.1024 0.8473
380.300 0.0524 0.1027 0.8473
380.341 0.0557 0.1008 0.8473
380.381 0.0565 0.1022 0.8799
380.421 0.0602 0.0982 0.8971
380.457 0.0644 0.1008 0.8549
380.501 0.0646 0.1022 0.8609
380.542 0.0683 0.1032 0.8796
380.582 0.0679 0.1032 0.8796
380.622 0.0695 0.1000 0.8851
380.660 0.0726 0.0996 0.8849
380.701 0.0672 0.1057 0.8869
380.742 0.0625 0.1019 0.8635
380.782 0.0611 0.1051 0.8869
380.822 0.0610 0.1042 0.8645
380.862 0.0576 0.1031 0.8645
380.901 0.0541 0.1043 0.8415
380.942 0.0482 0.1054 0.8505
380.983 0.0481 0.1034 0.8635
381.023 0.0483 0.1022 0.8505
381.063 0.0463 0.1045 0.8516
381.100 0.0495 0.1008 0.8410
381.143 0.0463 0.1027 0.8519
381.184 0.0487 0.1032 0.8703
381.224 0.0534 0.1016 0.8509
381.263 0.0545 0.1020 0.8528
381.300 0.0568 0.1018 0.8508
381.343 0.0560 0.1025 0.8445
381.384 0.0537 0.1035 0.8549
381.425 0.0558 0.1025 0.8497
381.465 0.0542 0.1015 0.8727
381.504 0.0523 0.1000 0.8503
381.545 0.0540 0.1023 0.9156
381.586 0.0515 0.1026 0.9262
381.626 0.0512 0.1034 0.9262
381.666 0.0494 0.1013 0.9356
381.705 0.0457 0.1040 0.8513
381.745 0.0460 0.0987 0.8450
381.786 0.0420 0.1045 0.8669
381.827 0.0386 0.1030 0.8973
381.866 0.0426 0.1048 0.8854
381.906 0.0426 0.1013 0.8854
381.943 0.0417 0.1048 0.8854
381.987 0.0398 0.1048 0.8542
382.027 0.0385 0.1060 0.8620
382.067 0.0385 0.1052 0.8849
382.107 0.0408 0.1052 0.9228
382.144 0.0422 0.1023 0.9099
382.187 0.0449 0.1019 0.9400
382.228 0.0477 0.1050 0.9228
382.268 0.0484 0.1031 0.9347
382.308 0.0538 0.1049 0.9063
382.347 0.0556 0.1052 0.9063
382.389 0.0577 0.1052 0.9044
382.428 0.0578 0.1012 0.9118
382.469 0.0564 0.1028 0.8989
382.509 0.0557 0.1041 0.8689
382.549 0.0559 0.1033 0.8689
382.589 0.0517 0.1013 0.8749
382.630 0.0491 0.1013 0.8629
382.670 0.0470 0.1039 0.8559
382.710 0.0451 0.1032 0.8669
382.750 0.0462 0.1033 0.8379
382.787 0.0468 0.1020 0.8399
382.830 0.0440 0.1032 0.8789
382.871 0.0400 0.1017 0.8819
382.911 0.0420 0.1034 0.8879
382.951 0.0430 0.1005 0.9195
382.988 0.0454 0.1026 0.8788
383.032 0.0437 0.1004 0.8759
383.072 0.0469 0.1016 0.8759
383.112 0.0493 0.1046 0.8822
383.151 0.0496 0.1026 0.8807
383.190 0.0501 0.1034 0.8573
383.231 0.0507 0.1004 0.8573
383.272 0.0475 0.1003 0.8533
383.312 0.0479 0.1031 0.8563
383.352 0.0511 0.1047 0.8797
383.391 0.0512 0.1052 0.8659
383.431 0.0558 0.1028 0.8764
383.472 0.0572 0.0999 0.8667
383.513 0.0601 0.1012 0.8719
383.553 0.0606 0.1061 0.8968
383.593 0.0612 0.1059 0.9073
383.630 NaN 0.1033 0.8997
383.675 NaN 0.1058 0.8633
383.715 NaN 0.1036 0.8823
383.754 NaN 0.1029 0.8883
383.794 NaN 0.1084 0.8786
383.831 NaN 0.1055 0.8963
383.875 NaN 0.1037 0.9093
383.915 NaN 0.1042 0.8959
