74.439 NaN 0.0946 1.0045
74.478 NaN 0.0912 0.9585
74.518 NaN 0.0913 0.9770
74.558 NaN 0.0905 0.9398
74.595 NaN 0.0945 0.9822
74.639 NaN 0.0948 0.9778
74.679 NaN 0.0960 0.9579
74.719 0.1509 0.0937 0.9272
74.758 0.1602 0.0937 0.9282
74.799 0.1660 0.0936 0.9376
74.841 0.1714 0.0951 0.9235
74.880 0.1738 0.0968 0.9166
74.926 0.1814 0.0942 0.9067
74.960 0.1882 0.0923 0.9689
75.000 0.1895 0.0919 0.9422
75.040 0.1923 0.0918 0.9573
75.081 0.1955 0.0937 0.9304
75.121 0.1972 0.0937 0.9590
75.161 0.2028 0.0926 0.9628
75.201 0.2058 0.0890 0.9474
75.238 0.2062 0.0882 0.9589
75.282 0.2140 0.0891 0.9586
75.322 0.2172 0.0899 0.9299
75.362 0.2231 0.0876 0.9237
75.402 0.2324 0.0886 0.9569
75.439 0.2384 0.0912 0.9282
75.483 0.2396 0.0893 0.9057
75.522 0.2416 0.0880 0.9443
75.563 0.2408 0.0876 0.9257
75.603 0.2421 0.0902 0.9208
75.642 0.2444 0.0902 0.9593
75.683 0.2409 0.0895 0.9323
75.723 0.2366 0.0901 0.9553
75.763 0.2287 0.0886 0.9242
75.803 0.2249 0.0877 0.9230
75.842 0.2208 0.0874 0.9326
75.883 0.2131 0.0860 0.9353
75.924 0.2063 0.0916 0.9328
75.965 0.2045 0.0900 0.9250
76.005 0.2042 0.0885 0.9290
76.044 0.2059 0.0859 0.9663
76.082 0.2076 0.0873 0.9425
76.126 0.2141 0.0876 0.9429
76.166 0.2115 0.0860 0.9239
76.205 0.2112 0.0862 0.9790
76.245 0.2124 0.0875 0.9880
76.282 0.2119 0.0877 0.9757
76.327 0.2136 0.0866 0.9880
76.366 0.2126 0.0891 1.0258
76.406 0.2061 0.0900 0.9631
76.446 0.2022 0.0877 0.9631
76.486 0.1987 0.0892 0.9645
76.527 0.1970 0.0880 0.9769
76.567 0.2003 0.0888 0.9794
76.607 0.1946 0.0892 0.9951
76.647 0.1979 0.0874 0.9743
76.686 0.1999 0.0865 0.9689
76.726 0.2052 0.0839 0.9714
76.767 0.2101 0.0866 0.9857
76.808 0.2055 0.0870 0.9632
76.847 0.2004 0.0847 0.9422
76.887 0.2039 0.0864 0.9768
76.925 0.2026 0.0851 0.9625
76.969 0.2045 0.0829 0.9703
77.008 0.2050 0.0844 0.9379
77.049 0.2038 0.0864 0.9546
77.089 0.2050 0.0852 0.9632
77.126 0.2016 0.0861 0.9875
77.170 0.1974 0.0844 0.9799
77.210 0.1942 0.0847 0.9625
77.250 0.1918 0.0862 0.9579
77.290 0.1955 0.0858 0.9835
77.330 0.2022 0.0841 0.9488
77.370 0.2032 0.0840 0.9553
77.410 0.2055 0.0850 0.9658
77.450 0.2087 0.0859 0.9548
77.490 0.2119 0.0854 1.0031
77.530 0.2119 0.0850 0.9716
77.570 0.2095 0.0864 0.9753
77.611 0.2080 0.0852 0.9616
77.651 0.2137 0.0852 0.9677
77.691 0.2167 0.0860 0.9623
77.731 0.2172 0.0863 0.9651
77.768 0.2134 0.0846 0.9607
77.812 0.2120 0.0847 0.9649
77.852 0.2144 0.0873 0.9546
77.892 0.2195 0.0872 0.9452
77.931 0.2240 0.0906 0.9529
77.969 0.2248 0.0862 0.9806
78.013 0.2229 0.0853 0.9399
78.052 0.2253 0.0872 0.9117
78.092 0.2324 0.0852 0.9549
78.133 0.2314 0.0873 0.9549
78.173 0.2308 0.0852 0.9506
78.214 0.2293 0.0835 0.9575
78.254 0.2338 0.0830 0.9605
78.294 0.2376 0.0845 0.9357
78.334 0.2367 0.0860 0.9694
78.373 0.2325 0.0859 0.9585
78.413 0.2256 0.0840 0.9531
78.454 0.2229 0.0848 0.9927
78.495 0.2256 0.0851 0.9718
78.535 0.2274 0.0852 0.9516
78.574 0.2260 0.0890 0.9306
78.612 0.2242 0.0858 0.9680
78.656 0.2285 0.0869 0.9453
78.695 0.2303 0.0865 0.9589
78.735 0.2303 0.0849 0.9251
78.775 0.2304 0.0888 0.9742
78.812 0.2353 0.0905 0.9696
78.857 0.2402 0.0899 0.9734
78.896 0.2486 0.0870 0.9984
78.936 0.2561 0.0860 0.9856
78.976 0.2557 0.0880 0.9880
79.016 0.2586 0.0919 0.9606
79.057 0.2594 0.0928 0.9899
79.096 0.2604 0.0911 0.9899
79.137 0.2587 0.0904 0.9812
79.177 0.2547 0.0921 0.9749
79.217 0.2506 0.0935 0.9594
79.257 0.2470 0.0944 0.9804
79.298 0.2359 0.0906 0.9605
79.339 0.2275 0.0899 0.9902
79.378 0.2257 0.0860 0.9804
79.418 0.2218 0.0932 0.9391
79.455 0.2183 0.0907 0.9662
79.500 0.2187 0.0892 0.9717
79.539 0.2176 0.0877 0.9746
79.579 0.2217 0.0883 0.9262
79.618 0.2224 0.0896 0.9692
79.656 0.2226 0.0920 0.9656
79.700 0.2199 0.0909 0.9968
79.740 0.2162 0.0908 0.9399
79.779 0.2218 0.0902 0.9519
79.819 0.2283 0.0902 0.9513
79.863 0.2292 0.0936 0.9636
79.900 0.2244 0.0947 0.9522
79.940 0.2260 0.0940 0.9385
79.980 0.2232 0.0947 1.0006
80.020 0.2165 0.0902 0.9453
80.059 0.2087 0.0917 0.9429
80.099 0.2074 0.0905 0.9570
80.140 0.2073 0.0927 0.9730
80.181 0.2071 0.0888 0.9732
80.221 0.2101 0.0930 0.9606
80.260 0.2115 0.0882 0.9625
80.299 0.2094 0.0960 0.9729
80.342 0.2055 0.0937 0.9586
80.382 0.2055 0.0902 0.9661
80.423 0.2033 0.0876 0.9615
80.462 0.2058 0.0872 0.9502
80.499 0.2105 0.0846 0.9022
80.543 0.2157 0.0879 0.9483
80.583 0.2158 0.0868 0.9122
80.623 0.2187 0.0851 0.9442
80.663 0.2269 0.0805 0.9178
80.703 0.2416 0.0805 0.9412
80.744 0.2468 0.0862 0.9561
80.783 0.2512 0.0818 0.9147
80.824 0.2590 0.0838 0.9535
80.864 0.2612 0.0793 0.9316
80.903 0.2641 0.0795 0.9193
80.943 0.2648 0.0836 0.9548
80.984 0.2657 0.0819 0.9984
81.025 0.2700 0.0801 0.9862
81.064 0.2729 0.0824 0.9355
81.104 0.2712 0.0832 0.9505
81.141 0.2680 0.0824 0.9794
81.186 0.2609 0.0856 0.9480
81.225 0.2550 0.0833 1.0070
81.265 0.2506 0.0850 0.9988
81.305 0.2410 0.0820 0.9641
81.342 0.2346 0.0853 0.9812
81.386 0.2362 0.0842 0.9408
81.426 0.2322 0.0843 0.9628
81.467 0.2272 0.0838 0.9590
81.507 0.2197 0.0838 0.9769
81.547 0.2122 0.0821 0.9554
81.602 0.2044 0.0825 0.9664
81.627 0.2014 0.0836 0.9768
81.667 0.1960 0.0828 0.9436
81.707 0.1883 0.0820 0.9587
81.747 0.1885 0.0818 0.9755
81.786 0.1877 0.0837 0.9664
81.828 0.1907 0.0865 0.9119
81.868 0.1894 0.0884 0.9466
81.908 0.1899 0.0848 0.9241
81.948 0.1985 0.0849 0.9213
81.986 0.2026 0.0854 0.9420
82.029 0.2068 0.0865 0.9369
82.069 0.2094 0.0884 0.9749
82.109 0.2156 0.0835 0.9680
82.149 0.2189 0.0850 0.9323
82.186 0.2278 0.0835 0.9718
82.230 0.2235 0.0842 0.9666
82.269 0.2274 0.0856 0.9770
82.310 0.2313 0.0897 0.9906
82.349 0.2357 0.0888 0.9906
82.389 0.2389 0.0888 0.9829
82.430 0.2280 0.0868 0.9654
82.470 0.2243 0.0878 0.9522
82.510 0.2244 0.0885 0.9626
82.550 0.2237 0.0868 0.9511
82.590 0.2194 0.0888 0.9833
82.630 0.2140 0.0854 0.9444
82.671 0.2070 0.0870 0.9529
82.712 0.2042 0.0865 0.9636
82.752 0.2013 0.0872 0.9477
82.791 0.1997 0.0860 0.9553
82.829 0.1935 0.0881 0.9699
82.873 0.1895 0.0871 0.9560
82.912 0.1956 0.0874 0.9576
82.952 0.2012 0.0887 0.9604
82.992 0.1990 0.0867 0.9569
83.029 0.1938 0.0904 0.9600
83.073 0.1962 0.0878 0.9550
83.113 0.2011 0.0864 0.9495
83.153 0.2009 0.0890 0.9931
83.193 0.2047 0.0862 0.9724
83.233 0.2110 0.0842 0.9106
83.274 0.2097 0.0849 0.9452
83.314 0.2124 0.0836 0.9338
83.354 0.2159 0.0827 0.9582
83.394 0.2156 0.0843 0.9387
83.433 0.2127 0.0834 0.9426
83.473 0.2101 0.0828 0.9402
83.514 0.2200 0.0820 0.9375
83.554 0.2248 0.0826 0.9265
83.594 0.2236 0.0862 0.9492
83.634 0.2230 0.0816 0.9350
83.673 0.2235 0.0851 0.9303
83.716 0.2247 0.0819 0.9510
83.756 0.2270 0.0853 0.9396
83.796 0.2292 0.0876 0.9648
83.836 0.2262 0.0913 0.9554
83.873 0.2279 0.0881 0.9206
83.917 0.2320 0.0898 0.9670
83.957 0.2375 0.0894 0.9613
83.997 0.2359 0.0875 0.9785
84.036 0.2286 0.0907 0.9625
84.077 0.2252 0.0899 0.9768
84.117 0.2269 0.0873 0.9797
84.157 0.2292 0.0871 0.9614
84.199 0.2292 0.0882 0.9708
84.237 0.2212 0.0889 0.9684
84.277 0.2151 0.0882 0.9655
84.317 0.2124 0.0905 0.9932
84.358 0.2116 0.0878 0.9890
84.398 0.2075 0.0879 0.9641
84.438 0.1991 0.0876 0.9901
84.477 0.1917 0.0891 0.9466
84.515 0.1873 0.0874 0.9392
84.559 0.1838 0.0852 0.9588
84.599 0.1844 0.0841 0.9685
84.639 0.1871 0.0847 0.9435
84.679 0.1878 0.0868 0.9395
84.716 0.1879 0.0886 0.9530
84.760 0.1933 0.0857 0.9824
84.800 0.2030 0.0838 0.9546
84.840 0.2068 0.0858 0.9459
84.880 0.2104 0.0876 0.9425
84.920 0.2161 0.0884 0.9627
84.961 0.2243 0.0853 0.9174
85.001 0.2349 0.0843 0.9204
85.041 0.2443 0.0836 0.9538
85.081 0.2500 0.0856 0.9249
85.120 0.2478 0.0840 0.9602
85.160 0.2413 0.0871 0.9563
85.201 0.2444 0.0877 0.9880
85.241 0.2479 0.0862 0.9802
85.282 0.2488 0.0860 0.9895
85.321 0.2445 0.0871 0.9840
85.359 0.2359 0.0870 0.9542
85.403 0.2387 0.0865 0.9617
85.442 0.2335 0.0837 0.9772
85.482 0.2254 0.0824 0.9932
85.522 0.2224 0.0846 0.9634
85.559 0.2190 0.0862 0.9657
85.604 0.2201 0.0844 0.9906
85.643 0.2227 0.0834 0.9352
85.683 0.2244 0.0811 0.9476
85.723 0.2263 0.0820 0.9552
85.763 0.2208 0.0833 0.9277
85.804 0.2128 0.0863 0.9479
85.843 0.2151 0.0833 0.9758
85.884 0.2135 0.0816 0.9399
85.925 0.2111 0.0803 0.9359
85.964 0.2129 0.0792 0.9525
86.004 0.2096 0.0829 0.9554
86.045 0.2058 0.0847 0.9367
86.085 0.2089 0.0799 0.9858
86.125 0.2142 0.0820 0.8905
86.164 0.2141 0.0810 0.9132
86.228 0.2126 0.0816 0.9355
86.286 0.2209 0.0800 0.9319
86.326 0.2286 0.0800 0.9067
86.366 0.2321 0.0811 0.9427
86.406 0.2338 0.0800 0.9409
86.443 0.2343 0.0808 0.9098
86.487 0.2365 0.0838 0.9470
86.526 0.2478 0.0808 0.9429
86.567 0.2508 0.0822 0.9702
86.606 0.2481 0.0847 0.9938
86.646 0.2480 0.0847 0.9679
86.687 0.2420 0.0833 1.0112
86.727 0.2437 0.0827 0.9941
86.767 0.2465 0.0838 0.9811
86.807 0.2426 0.0814 0.9914
86.847 0.2344 0.0825 0.9458
86.886 0.2293 0.0835 0.9999
86.927 0.2254 0.0835 1.0201
86.968 0.2254 0.0830 0.9555
87.008 0.2181 0.0830 0.9789
87.049 0.2096 0.0839 0.9601
87.086 0.2054 0.0842 0.9357
87.130 0.2016 0.0822 0.9846
87.170 0.2038 0.0832 0.9846
87.210 0.2044 0.0804 0.9639
87.249 0.2002 0.0792 0.9605
87.287 0.1981 0.0849 0.9236
87.331 0.1990 0.0844 0.9606
87.370 0.1975 0.0845 0.9561
87.410 0.1970 0.0851 0.9508
87.450 0.1966 0.0833 0.9372
87.490 0.2003 0.0832 0.9668
87.531 0.2003 0.0857 0.9799
87.571 0.1982 0.0852 0.9740
87.611 0.1942 0.0839 0.9419
87.651 0.1937 0.0825 0.9549
87.690 0.1905 0.0851 0.9858
87.730 0.1850 0.0858 0.9835
87.771 0.1819 0.0851 0.9875
87.812 0.1800 0.0846 0.9521
87.851 0.1826 0.0821 0.9832
87.891 0.1864 0.0840 0.9709
87.929 0.1859 0.0861 0.9336
87.972 0.1797 0.0866 0.9705
88.012 0.1772 0.0852 0.9479
88.052 0.1804 0.0846 0.9623
88.092 0.1835 0.0798 0.9353
88.131 0.1825 0.0838 0.9588
88.174 0.1815 0.0844 0.9582
88.214 0.1800 0.0856 0.9595
88.254 0.1815 0.0879 0.9496
88.294 0.1847 0.0840 0.9584
88.334 0.1810 0.0819 0.9540
88.374 0.1785 0.0875 0.9112
88.414 0.1781 0.0847 0.9617
88.454 0.1787 0.0835 0.9679
88.495 0.1803 0.0824 0.9485
88.534 0.1796 0.0826 0.9250
88.573 0.1769 0.0840 0.9394
88.615 0.1680 0.0840 0.9346
88.655 0.1652 0.0830 0.9279
88.695 0.1653 0.0845 0.9303
88.735 0.1672 0.0837 0.8945
88.772 0.1634 0.0838 0.9194
88.816 0.1599 0.0861 0.9106
88.856 0.1572 0.0861 0.9096
88.896 0.1569 0.0883 0.8962
88.936 0.1570 0.0840 0.9246
88.972 0.1616 0.0837 0.9129
89.017 0.1613 0.0875 0.9328
89.056 0.1599 0.0865 0.9209
89.096 0.1649 0.0868 0.9246
89.136 0.1700 0.0867 0.9496
89.176 0.1731 0.0867 0.9496
89.217 0.1717 0.0847 0.9306
89.258 0.1700 0.0869 0.9621
89.298 0.1741 0.0873 0.9468
89.338 0.1799 0.0844 0.9289
89.377 0.1823 0.0872 0.9659
89.417 0.1836 0.0880 0.9360
89.458 0.1807 0.0862 0.9709
89.499 0.1757 0.0863 0.9795
89.539 0.1769 0.0888 0.9755
89.578 0.1816 0.0862 0.9702
89.616 0.1839 0.0860 0.9343
89.660 0.1855 0.0858 0.9702
89.699 0.1880 0.0853 0.9700
89.739 0.1871 0.0872 0.9649
89.779 0.1861 0.0868 0.9660
89.816 0.1858 0.0861 0.9734
89.860 0.1824 0.0887 0.9331
89.900 0.1847 0.0880 0.9367
89.940 0.1837 0.0894 0.9573
89.980 0.1815 0.0871 0.9554
90.020 0.1808 0.0883 0.9617
90.060 0.1754 0.0877 0.9356
90.101 0.1725 0.0879 0.9562
90.141 0.1719 0.0882 0.9843
90.181 0.1666 0.0894 0.9700
90.220 0.1660 0.0881 0.9701
90.260 0.1624 0.0868 0.9778
90.301 0.1613 0.0859 0.9682
90.342 0.1667 0.0851 0.9412
90.382 0.1656 0.0858 0.9347
90.422 0.1631 0.0869 0.9347
90.459 0.1661 0.0876 0.9443
90.503 0.1694 0.0861 0.9880
90.543 0.1703 0.0856 0.9572
90.583 0.1670 0.0845 0.9608
90.623 0.1609 0.0860 0.9573
90.660 0.1649 0.0858 0.9323
90.704 0.1694 0.0837 0.9692
90.743 0.1766 0.0822 0.9693
90.783 0.1806 0.0832 0.9572
90.823 0.1716 0.0819 0.9532
90.863 0.1682 0.0846 0.9582
90.904 0.1682 0.0826 0.9742
90.944 0.1675 0.0821 0.9799
90.984 0.1621 0.0838 0.9694
91.024 0.1583 0.0824 0.9618
91.063 0.1558 0.0829 0.9868
91.103 0.1583 0.0850 0.9582
91.145 0.1549 0.0827 0.9626
91.185 0.1504 0.0818 0.9515
91.225 0.1458 0.0830 0.9351
91.264 0.1385 0.0853 0.9351
91.302 0.1407 0.0845 0.9213
91.346 0.1392 0.0831 0.9516
91.386 0.1378 0.0823 0.9333
91.425 0.1372 0.0828 0.9620
91.466 0.1411 0.0845 0.9200
91.504 0.1505 0.0849 0.9209
91.547 0.1602 0.0826 0.8937
91.587 0.1686 0.0840 0.8845
91.627 0.1701 0.0865 0.9265
91.667 0.1765 0.0894 0.9451
91.707 0.1828 0.0891 0.9451
91.748 0.1869 0.0851 0.9371
91.787 0.1882 0.0835 0.9347
91.828 0.1941 0.0808 0.9243
91.868 0.1947 0.0870 0.9245
91.907 0.1985 0.0879 0.9581
91.947 0.2040 0.0859 0.9552
91.988 0.2041 0.0828 0.9552
92.029 0.2049 0.0829 0.9520
92.068 0.2006 0.0838 0.9564
92.108 0.2084 0.0848 0.9661
92.146 0.2117 0.0855 0.9464
92.190 0.2112 0.0835 0.9205
92.229 0.2160 0.0826 0.9489
92.269 0.2202 0.0801 0.9492
92.309 0.2197 0.0816 0.9358
92.346 0.2250 0.0816 0.9585
92.390 0.2299 0.0819 0.9536
92.430 0.2241 0.0781 0.9545
92.470 0.2202 0.0767 0.9466
92.509 0.2180 0.0782 0.9746
92.550 0.2189 0.0801 0.9526
92.591 0.2178 0.0821 0.9713
92.631 0.2165 0.0794 0.9472
92.671 0.2152 0.0794 0.9436
92.711 0.2156 0.0784 0.9412
92.751 0.2175 0.0770 1.0129
92.790 0.2182 0.0797 0.9742
92.832 0.2173 0.0814 0.9791
92.872 0.2118 0.0807 0.9816
92.912 0.2107 0.0793 0.9314
92.952 0.2118 0.0807 0.9739
92.989 0.2098 0.0807 0.9755
93.033 0.2109 0.0846 0.9226
93.073 0.2081 0.0818 0.9799
93.113 0.2058 0.0817 0.9540
93.152 0.1996 0.0806 0.9409
93.190 0.1978 0.0829 0.9395
93.234 0.1851 0.0850 0.9544
93.273 0.1786 0.0824 0.9582
93.314 0.1717 0.0807 0.9709
93.353 0.1697 0.0806 0.9716
93.394 0.1686 0.0820 0.9986
93.434 0.1668 0.0808 0.9519
93.474 0.1647 0.0784 0.9519
93.514 0.1596 0.0788 0.9506
93.554 0.1597 0.0779 0.9556
93.593 0.1547 0.0761 0.9609
93.633 0.1565 0.0763 0.9632
93.675 0.1538 0.0763 0.9609
93.716 0.1569 0.0764 0.9623
93.756 0.1627 0.0785 0.9193
93.795 0.1674 0.0760 0.9389
93.833 0.1664 0.0769 0.9438
93.877 0.1704 0.0776 0.9389
93.916 0.1757 0.0780 0.9192
93.956 0.1783 0.0787 0.9126
93.998 0.1792 0.0757 0.9431
94.033 0.1752 0.0788 0.9291
94.078 0.1758 0.0771 0.9029
94.117 0.1708 0.0773 0.9243
94.157 0.1684 0.0774 0.9019
94.197 0.1678 0.0787 0.8855
94.236 0.1636 0.0773 0.9105
94.278 0.1564 0.0795 0.9105
94.318 0.1552 0.0803 0.9239
94.358 0.1526 0.0796 0.9229
94.398 0.1466 0.0785 0.8930
94.437 0.1400 0.0792 0.8761
94.477 0.1323 0.0808 0.8887
94.518 0.1331 0.0820 0.8825
94.559 0.1247 0.0808 0.8965
94.598 0.1268 0.0807 0.9019
94.638 0.1243 0.0784 0.8833
94.675 0.1205 0.0793 0.9278
94.720 0.1144 0.0822 0.9293
94.759 0.1130 0.0846 0.9097
94.800 0.1109 0.0810 0.9047
94.840 0.1064 0.0808 0.8974
94.877 0.1060 0.0789 0.9478
94.921 0.1034 0.0800 0.9177
94.960 0.1084 0.0803 0.8743
95.001 0.1088 0.0830 0.9003
95.040 0.1140 0.0801 0.8915
95.081 0.1160 0.0787 0.8959
95.122 0.1184 0.0772 0.9123
95.161 0.1212 0.0802 0.8974
95.201 0.1254 0.0817 0.9049
95.241 0.1298 0.0801 0.8785
95.281 0.1342 0.0792 0.8931
95.320 0.1384 0.0794 0.8932
95.362 0.1412 0.0816 0.9306
95.402 0.1468 0.0802 0.9147
95.442 0.1519 0.0824 0.8704
95.482 0.1532 0.0773 0.8995
95.519 0.1577 0.0801 0.9179
95.564 0.1583 0.0818 0.8737
95.603 0.1614 0.0766 0.9179
95.643 0.1632 0.0811 0.9324
95.682 0.1661 0.0773 0.9305
95.728 0.1712 0.0762 0.9225
95.763 0.1760 0.0746 0.9502
95.803 0.1801 0.0744 0.9572
95.843 0.1832 0.0769 0.9229
95.883 0.1802 0.0764 0.9402
95.924 0.1759 0.0753 0.9402
95.965 0.1775 0.0750 0.9313
96.005 0.1783 0.0732 0.9576
96.045 0.1798 0.0774 0.8986
96.085 0.1820 0.0765 0.9552
96.124 0.1859 0.0748 0.9298
96.164 0.1881 0.0738 0.9298
96.205 0.1907 0.0742 0.9523
96.246 0.1892 0.0735 0.9623
96.286 0.1887 0.0752 0.9456
96.325 0.1887 0.0752 0.9479
96.363 0.1890 0.0731 0.9382
96.407 0.1966 0.0728 0.9498
96.446 0.1997 0.0739 0.9561
96.486 0.2032 0.0754 0.9182
96.526 0.2068 0.0757 0.9308
96.563 0.2090 0.0727 0.9788
96.607 0.2064 0.0731 0.9049
96.647 0.2030 0.0736 0.9174
96.687 0.2006 0.0743 0.9512
96.727 0.1958 0.0755 0.9297
96.766 0.1934 0.0790 0.9584
96.807 0.1948 0.0729 0.9163
96.847 0.1987 0.0701 0.9573
96.888 0.1972 0.0717 0.9282
96.927 0.2005 0.0768 0.8823
96.967 0.2004 0.0730 0.9508
97.008 0.1999 0.0732 0.9449
97.049 0.1983 0.0703 0.9466
97.089 0.2011 0.0721 0.9472
97.129 0.2076 0.0730 0.9153
97.169 0.2132 0.0724 0.9293
97.206 0.2149 0.0726 0.9962
97.251 0.2222 0.0728 0.9173
97.290 0.2212 0.0701 0.9294
97.330 0.2154 0.0729 0.9099
97.370 0.2158 0.0739 0.9338
97.406 0.2164 0.0705 0.9236
97.451 0.2137 0.0684 0.9326
97.490 0.2129 0.0688 0.9362
97.530 0.2115 0.0687 0.9205
97.570 0.2109 0.0717 0.8607
97.610 0.2072 0.0743 0.8619
97.651 0.2002 0.0721 0.9023
97.691 0.1995 0.0691 0.8960
97.731 0.1952 0.0683 0.9088
97.771 0.1908 0.0707 0.9290
97.810 0.1931 0.0741 0.9179
97.850 0.1948 0.0733 0.9306
97.892 0.1918 0.0704 0.9012
97.932 0.1879 0.0699 0.9224
97.972 0.1798 0.0703 0.9717
98.011 0.1778 0.0688 0.9651
98.050 0.1690 0.0699 0.9131
98.093 0.1661 0.0674 0.9126
98.133 0.1612 0.0700 0.9652
98.173 0.1571 0.0689 0.9229
98.213 0.1561 0.0695 0.9229
98.250 0.1592 0.0727 0.9323
98.295 0.1705 0.0712 0.9557
98.334 0.1777 0.0722 0.9455
98.374 0.1802 0.0695 0.9529
98.414 0.1825 0.0692 0.9414
98.454 0.1906 0.0730 0.9439
98.495 0.1967 0.0735 0.9800
98.534 0.2078 0.0739 0.9422
98.575 0.2137 0.0742 0.9053
98.615 0.2253 0.0727 0.9151
98.654 0.2349 0.0728 0.9303
98.693 0.2409 0.0739 0.9241
98.735 0.2470 0.0736 0.9390
98.776 0.2438 0.0733 0.9729
98.815 0.2382 0.0747 0.9292
98.855 0.2368 0.0731 0.9375
98.892 0.2343 0.0769 0.9609
98.937 0.2355 0.0754 0.9105
98.976 0.2359 0.0728 0.9431
99.016 0.2297 0.0747 0.9335
99.056 0.2287 0.0733 0.9550
99.093 0.2276 0.0712 0.9632
99.137 0.2220 0.0722 0.9097
99.177 0.2195 0.0707 0.9314
99.217 0.2173 0.0741 0.9573
99.257 0.2162 0.0730 0.9551
99.298 0.2157 0.0717 0.9388
99.338 0.2141 0.0739 0.9318
99.378 0.2181 0.0748 0.9412
99.419 0.2214 0.0725 0.9252
99.458 0.2218 0.0716 0.9253
99.498 0.2300 0.0705 0.9636
99.537 0.2274 0.0731 0.9493
99.579 0.2246 0.0781 0.9443
99.619 0.2272 0.0745 0.9614
99.659 0.2300 0.0704 0.9284
99.698 0.2253 0.0717 0.9198
99.736 0.2213 0.0743 0.9107
99.780 0.2189 0.0705 0.9279
99.819 0.2226 0.0754 0.9279
99.860 0.2219 0.0746 0.9102
99.899 0.2181 0.0735 0.9236
99.936 0.2160 0.0747 0.9173
99.980 0.2064 0.0736 0.8780
100.020 0.2094 0.0759 0.9501
100.060 0.2129 0.0695 0.9780
100.100 0.2129 0.0720 0.9221
100.140 0.2084 0.0714 0.9552
100.181 0.2136 0.0716 0.8956
100.221 0.2154 0.0735 0.9453
100.261 0.2185 0.0742 0.9333
100.301 0.2190 0.0741 0.9129
100.341 0.2207 0.0734 0.9426
100.381 0.2188 0.0755 0.9138
100.422 0.2204 0.0754 0.9179
100.463 0.2224 0.0760 0.9154
100.503 0.2256 0.0765 0.9019
100.542 0.2271 0.0732 0.9263
100.579 0.2238 0.0703 0.9086
100.624 0.2224 0.0748 0.8525
100.663 0.2205 0.0732 0.9396
100.703 0.2278 0.0712 0.9410
100.743 0.2308 0.0700 0.9361
100.780 0.2302 0.0675 0.9410
100.824 0.2292 0.0699 0.9102
100.864 0.2298 0.0687 0.8894
100.904 0.2281 0.0720 0.8989
100.944 0.2274 0.0716 0.9546
100.984 0.2233 0.0713 0.9373
101.024 0.2110 0.0714 0.9007
101.064 0.2044 0.0731 0.9077
101.105 0.1992 0.0750 0.9190
101.145 0.1975 0.0750 0.9248
101.184 0.1882 0.0738 0.9237
101.224 0.1788 0.0753 0.8753
101.265 0.1718 0.0753 0.9073
101.305 0.1644 0.0772 0.8913
101.345 0.1563 0.0754 0.9361
101.385 0.1495 0.0749 0.9188
101.423 0.1447 0.0780 0.9027
101.467 0.1391 0.0750 0.8822
101.507 0.1399 0.0758 0.9106
101.547 0.1467 0.0772 0.9167
101.587 0.1488 0.0773 0.9079
101.623 0.1508 0.0793 0.9079
101.668 0.1526 0.0751 0.9007
101.707 0.1562 0.0791 0.8982
101.748 0.1601 0.0791 0.8977
101.787 0.1630 0.0784 0.8977
101.828 0.1698 0.0794 0.8857
101.868 0.1807 0.0798 0.9107
101.908 0.1877 0.0797 0.8977
101.948 0.1934 0.0797 0.8657
101.988 0.2037 0.0798 0.9007
102.027 0.2067 0.0802 0.9133
102.067 0.2124 0.0807 0.9083
102.108 0.2158 0.0818 0.9291
102.149 0.2185 0.0809 0.9113
102.189 0.2215 0.0827 0.8939
102.228 0.2231 0.0833 0.9020
102.266 0.2241 0.0815 0.9169
102.310 0.2273 0.0816 0.9089
102.350 0.2251 0.0824 0.8933
102.389 0.2268 0.0838 0.8743
102.429 0.2286 0.0818 0.8959
102.467 0.2246 0.0785 0.8912
102.510 0.2219 0.0827 0.9112
102.550 0.2197 0.0785 0.8959
102.591 0.2201 0.0784 0.8941
102.631 0.2234 0.0808 0.8699
102.670 0.2206 0.0806 0.8909
102.711 0.2218 0.0829 0.8838
102.752 0.2205 0.0833 0.8973
102.792 0.2217 0.0835 0.8803
102.832 0.2232 0.0838 0.8787
102.871 0.2211 0.0834 0.9056
102.911 0.2161 0.0843 0.8878
102.952 0.2121 0.0798 0.8699
102.992 0.2105 0.0786 0.9559
103.032 0.2085 0.0773 0.9120
103.072 0.2078 0.0764 0.9170
103.109 0.1991 0.0765 0.8747
103.154 0.1955 0.0770 0.9029
103.193 0.1899 0.0754 0.8905
103.233 0.1897 0.0769 0.9078
103.273 0.1820 0.0777 0.9392
103.310 0.1762 0.0796 0.9217
103.354 0.1758 0.0789 0.9034
103.394 0.1769 0.0785 0.8937
103.434 0.1800 0.0787 0.8979
103.474 0.1831 0.0805 0.9033
103.514 0.1846 0.0796 0.9323
103.554 0.1835 0.0769 0.9165
103.594 0.1870 0.0769 0.9175
103.635 0.1843 0.0748 0.9323
103.675 0.1814 0.0774 0.9241
103.714 0.1803 0.0814 0.9212
103.754 0.1767 0.0829 0.9218
103.796 0.1764 0.0785 0.9185
103.836 0.1729 0.0782 0.9165
103.876 0.1669 0.0772 0.8872
103.916 0.1636 0.0797 0.8872
103.953 0.1578 0.0794 0.9189
103.997 0.1568 0.0794 0.9165
104.037 0.1495 0.0801 0.8846
104.077 0.1452 0.0806 0.8826
104.116 0.1444 0.0806 0.8826
104.153 0.1472 0.0844 0.9006
104.198 0.1407 0.0770 0.9052
104.237 0.1427 0.0801 0.9205
104.277 0.1438 0.0769 0.8995
104.317 0.1435 0.0760 0.9033
104.357 0.1463 0.0777 0.9161
104.398 0.1437 0.0725 0.9269
104.438 0.1429 0.0712 0.8802
104.478 0.1336 0.0714 0.8955
104.518 0.1379 0.0705 0.8975
104.557 0.1399 0.0742 0.8959
104.597 0.1386 0.0766 0.8979
104.638 0.1353 0.0752 0.8628
104.679 0.1390 0.0758 0.9097
104.719 0.1422 0.0767 0.8308
104.758 0.1435 0.0729 0.9014
104.797 0.1423 0.0753 0.8750
104.841 0.1368 0.0730 0.8744
104.880 0.1370 0.0718 0.8989
104.920 0.1336 0.0729 0.8568
104.960 0.1367 0.0733 0.9214
104.997 0.1344 0.0731 0.8820
105.041 0.1338 0.0768 0.8791
105.081 0.1327 0.0753 0.8817
105.121 0.1324 0.0754 0.8833
105.161 0.1321 0.0738 0.8793
105.201 0.1272 0.0716 0.8323
105.242 0.1236 0.0712 0.8583
105.281 0.1180 0.0742 0.8842
105.322 0.1195 0.0736 0.8793
105.362 0.1209 0.0734 0.8397
105.401 0.1221 0.0765 0.8955
105.441 0.1226 0.0751 0.8495
105.482 0.1274 0.0747 0.8865
105.522 0.1295 0.0751 0.8865
105.562 0.1291 0.0737 0.8876
105.602 0.1381 0.0747 0.8560
105.639 0.1431 0.0750 0.8876
105.683 0.1474 0.0770 0.8996
105.723 0.1524 0.0748 0.8953
105.763 0.1629 0.0734 0.8764
105.802 0.1681 0.0725 0.9078
105.841 0.1675 0.0705 0.9378
105.884 0.1678 0.0729 0.9259
105.925 0.1705 0.0740 0.9259
105.965 0.1725 0.0679 0.9168
106.004 0.1698 0.0703 0.8938
106.044 0.1690 0.0729 0.9062
106.085 0.1619 0.0733 0.9038
106.125 0.1558 0.0755 0.9011
106.165 0.1567 0.0743 0.9088
106.205 0.1580 0.0731 0.9152
106.245 0.1546 0.0734 0.9055
106.284 NaN 0.0716 0.9029
106.326 NaN 0.0726 0.9059
106.366 NaN 0.0735 0.8891
106.406 NaN 0.0715 0.9325
106.445 NaN 0.0725 0.9700
106.483 NaN 0.0700 0.9659
106.527 NaN 0.0749 0.9378
106.567 NaN 0.0751 0.9432
