16.646 NaN 0.0788 0.9339
16.686 NaN 0.0763 0.9239
16.727 NaN 0.0735 0.9907
16.767 NaN 0.0758 0.9665
16.807 NaN 0.0723 0.9303
16.847 NaN 0.0774 0.9404
16.885 NaN 0.0756 0.9535
16.929 0.2122 0.0740 0.9429
16.968 0.2182 0.0728 0.9457
17.008 0.2188 0.0738 0.9293
17.049 0.2171 0.0758 0.9262
17.087 0.2128 0.0749 0.9729
17.130 0.2162 0.0754 0.9215
17.170 0.2147 0.0747 0.9478
17.210 0.2153 0.0747 0.9429
17.250 0.2211 0.0761 0.9416
17.290 0.2198 0.0767 0.9236
17.330 0.2181 0.0752 0.9120
17.370 0.2220 0.0739 0.9310
17.411 0.2285 0.0739 0.9141
17.450 0.2377 0.0738 0.9021
17.490 0.2436 0.0773 0.9122
17.529 0.2464 0.0788 0.9154
17.571 0.2538 0.0742 0.9204
17.611 0.2531 0.0707 0.9087
17.651 0.2541 0.0706 0.8936
17.691 0.2558 0.0728 0.9272
17.729 0.2500 0.0761 0.9216
17.772 0.2495 0.0715 0.9035
17.812 0.2527 0.0724 0.9272
17.852 0.2463 0.0723 0.9306
17.891 0.2429 0.0729 0.9435
17.928 0.2314 0.0766 0.9185
17.973 0.2245 0.0767 0.9045
18.012 0.2204 0.0737 0.9553
18.053 0.2162 0.0732 0.9334
18.092 0.2155 0.0743 0.9050
18.133 0.2142 0.0765 0.9141
18.174 0.2129 0.0778 0.9226
18.214 0.2174 0.0768 0.9450
18.254 0.2203 0.0759 0.9200
18.295 0.2139 0.0755 0.8841
18.333 0.2154 0.0794 0.9135
18.373 0.2093 0.0783 0.9441
18.414 0.2075 0.0776 0.9003
18.455 0.2053 0.0769 0.9007
18.495 0.1986 0.0777 0.9452
18.534 0.1967 0.0781 0.9067
18.572 0.1908 0.0790 0.9438
18.616 0.1853 0.0811 0.9386
18.655 0.1806 0.0805 0.9348
18.695 0.1785 0.0813 0.8912
18.735 0.1718 0.0831 0.8887
18.772 0.1720 0.0865 0.8946
18.816 0.1705 0.0855 0.8957
18.856 0.1679 0.0833 0.8903
18.896 0.1692 0.0869 0.8963
18.936 0.1664 0.0821 0.8774
18.976 0.1663 0.0840 0.8863
19.017 0.1663 0.0874 0.8979
19.056 0.1670 0.0859 0.9371
19.097 0.1663 0.0864 0.8988
19.137 0.1671 0.0858 0.8988
19.176 0.1698 0.0854 0.8770
19.217 0.1685 0.0840 0.9096
19.258 0.1674 0.0863 0.9173
19.299 0.1632 0.0846 0.8886
19.338 0.1617 0.0832 0.8754
19.378 0.1607 0.0841 0.8749
19.416 0.1613 0.0850 0.9128
19.460 0.1613 0.0859 0.9131
19.499 0.1567 0.0850 0.9116
19.539 0.1554 0.0834 0.9269
19.579 0.1498 0.0816 0.9249
19.616 0.1500 0.0838 0.8723
19.660 0.1475 0.0852 0.9185
19.699 0.1472 0.0892 0.8767
19.740 0.1457 0.0812 0.9022
19.779 0.1427 0.0826 0.8779
19.819 0.1437 0.0814 0.8918
19.860 0.1431 0.0852 0.9217
19.900 0.1373 0.0825 0.9636
19.940 0.1364 0.0839 0.9162
19.980 0.1349 0.0809 0.8931
20.019 0.1345 0.0808 0.9132
20.059 0.1398 0.0795 0.9417
20.101 0.1434 0.0815 0.9093
20.141 0.1417 0.0810 0.9093
20.181 0.1406 0.0826 0.8973
20.220 0.1428 0.0819 0.9093
20.258 0.1452 0.0790 0.8904
20.302 0.1481 0.0832 0.8533
20.342 0.1478 0.0843 0.8968
20.383 0.1481 0.0840 0.9196
20.422 0.1467 0.0810 0.9085
20.459 0.1490 0.0832 0.8993
20.504 0.1527 0.0836 0.8749
20.543 0.1486 0.0836 0.9305
20.583 0.1428 0.0869 0.9334
20.623 0.1361 0.0858 0.9405
20.663 0.1284 0.0859 0.9124
20.704 0.1192 0.0858 0.8978
20.744 0.1154 0.0870 0.8949
20.784 0.1075 0.0877 0.8989
20.824 0.1027 0.0851 0.9025
20.863 0.1053 0.0857 0.8692
20.903 0.1071 0.0807 0.8772
20.944 0.1105 0.0844 0.8612
20.985 0.1121 0.0884 0.8791
21.025 0.1130 0.0855 0.8808
21.064 0.1179 0.0835 0.8772
21.102 0.1226 0.0808 0.8877
21.146 0.1359 0.0812 0.9229
21.185 0.1490 0.0829 0.9039
21.225 0.1521 0.0860 0.9155
21.265 0.1563 0.0838 0.9155
21.302 0.1622 0.0812 0.9216
21.346 0.1643 0.0780 0.9372
21.386 0.1671 0.0803 0.9372
21.426 0.1649 0.0810 0.9573
21.467 0.1597 0.0795 0.9527
21.507 0.1611 0.0804 0.9377
21.547 0.1613 0.0802 0.8935
21.588 0.1663 0.0802 0.9145
21.628 0.1685 0.0835 0.9107
21.668 0.1700 0.0826 0.8869
21.707 0.1798 0.0794 0.9197
21.747 0.1875 0.0803 0.8819
21.788 0.1944 0.0798 0.8869
21.828 0.2018 0.0813 0.9119
21.868 0.2047 0.0815 0.9088
21.908 0.2092 0.0806 0.8672
21.945 0.2110 0.0778 0.9285
21.989 0.2133 0.0802 0.9285
22.029 0.2159 0.0781 0.8933
22.069 0.2127 0.0828 0.9332
22.109 0.2092 0.0814 0.9326
22.146 0.2078 0.0811 0.9320
22.190 0.1993 0.0773 0.9354
22.229 0.1916 0.0767 0.9348
22.270 0.1821 0.0790 0.9397
22.310 0.1777 0.0816 0.9285
22.350 0.1694 0.0796 0.9351
22.390 0.1622 0.0800 0.9290
22.430 0.1635 0.0802 0.9467
22.470 0.1691 0.0797 0.9419
22.510 0.1698 0.0825 0.9337
22.550 0.1721 0.0812 0.9372
22.590 0.1757 0.0786 0.9736
22.631 0.1751 0.0767 0.9352
22.672 0.1729 0.0822 0.9086
22.712 0.1748 0.0795 0.9137
22.751 0.1796 0.0805 0.9533
22.789 0.1777 0.0796 0.9407
22.833 0.1799 0.0801 0.9326
22.872 0.1847 0.0780 0.9516
22.912 0.1861 0.0816 0.9246
22.952 0.1825 0.0804 0.9358
22.989 0.1816 0.0809 0.9378
23.034 0.1784 0.0794 0.9132
23.073 0.1772 0.0802 0.9233
23.113 0.1778 0.0810 0.9214
23.152 0.1766 0.0844 0.9603
23.193 0.1745 0.0880 0.9173
23.234 0.1747 0.0814 0.9282
23.273 0.1731 0.0800 0.8942
23.314 0.1749 0.0809 0.9007
23.354 0.1747 0.0838 0.9106
23.393 0.1737 0.0831 0.8966
23.433 0.1717 0.0821 1.0093
23.474 0.1687 0.0813 0.9458
23.515 0.1663 0.0803 0.9488
23.554 0.1676 0.0818 0.9339
23.594 0.1652 0.0843 0.9688
23.633 0.1689 0.0833 0.9127
23.676 0.1810 0.0828 0.8981
23.716 0.1830 0.0807 0.8929
23.756 0.1925 0.0823 0.9069
23.796 0.1973 0.0824 0.9266
23.833 0.2004 0.0833 0.8963
23.877 0.2051 0.0811 0.9350
23.917 0.2105 0.0794 0.9241
23.957 0.2161 0.0806 0.9159
23.997 0.2204 0.0805 0.9284
24.037 0.2202 0.0854 0.9242
24.077 0.2217 0.0815 0.9108
24.117 0.2235 0.0836 0.9266
24.158 0.2138 0.0804 0.8821
24.197 0.2098 0.0811 0.9470
24.237 0.2045 0.0819 0.9175
24.276 0.2008 0.0840 0.9312
24.318 0.2009 0.0844 0.9278
24.358 0.1939 0.0823 0.9094
24.398 0.1903 0.0824 0.9171
24.438 0.1866 0.0862 0.8952
24.476 0.1804 0.0860 0.9340
24.519 0.1808 0.0868 0.9368
24.559 0.1812 0.0861 0.9479
24.599 0.1791 0.0807 0.8908
24.639 0.1754 0.0832 0.9137
24.676 0.1805 0.0862 0.9251
24.720 0.1808 0.0834 0.9125
24.759 0.1791 0.0818 0.9310
24.800 0.1764 0.0810 0.9310
24.840 0.1769 0.0809 0.9333
24.880 0.1808 0.0826 0.9140
24.921 0.1806 0.0850 0.9029
24.961 0.1851 0.0853 0.9075
25.001 0.1849 0.0794 0.9353
25.041 0.1858 0.0785 0.9312
25.080 0.1859 0.0799 0.9407
25.120 0.1914 0.0817 0.9339
25.161 0.1928 0.0811 0.9355
25.201 0.1861 0.0800 0.9389
25.242 0.1895 0.0794 0.9377
25.281 0.1907 0.0827 0.9011
25.319 0.1893 0.0866 0.8775
25.363 0.1854 0.0888 0.8853
25.402 0.1846 0.0917 0.8631
25.442 0.1782 0.0870 0.8954
25.482 0.1735 0.0873 0.8736
25.519 0.1726 0.0884 0.8510
25.563 0.1688 0.0906 0.8653
25.603 0.1670 0.0890 0.9175
25.643 0.1610 0.0892 0.8874
25.683 0.1622 0.0875 0.9124
25.723 0.1562 0.0891 0.8827
25.764 0.1494 0.0894 0.8723
25.804 0.1464 0.0899 0.9093
25.844 0.1441 0.0900 0.9063
25.884 0.1397 0.0900 0.8875
25.924 0.1453 0.0879 0.9581
25.964 0.1550 0.0879 0.9298
26.005 0.1553 0.0884 0.9199
26.045 0.1480 0.0853 0.9075
26.085 0.1435 0.0847 0.9024
26.125 0.1513 0.0852 0.8726
26.163 0.1556 0.0881 0.9443
26.206 0.1613 0.0939 0.9305
26.246 0.1636 0.0843 0.9620
26.286 0.1649 0.0830 0.9386
26.335 0.1707 0.0869 0.9248
26.362 0.1736 0.0881 0.9447
26.407 0.1743 0.0878 0.9257
26.446 0.1673 0.0895 0.8791
26.487 0.1628 0.0874 0.9254
26.526 0.1735 0.0825 0.9105
26.566 0.1834 0.0847 0.9213
26.607 0.1832 0.0869 0.9057
26.647 0.1760 0.0886 0.9393
26.687 0.1765 0.0882 0.9443
26.727 0.1789 0.0850 0.9342
26.766 0.1813 0.0876 0.8862
26.806 0.1818 0.0865 0.8758
26.847 0.1861 0.0859 0.9165
26.888 0.1832 0.0867 0.9009
26.928 0.1886 0.0848 0.9009
26.967 0.1983 0.0826 0.9155
27.006 0.1990 0.0811 0.8987
27.050 0.2004 0.0873 0.8900
27.089 0.2017 0.0910 0.9393
27.130 0.2047 0.0836 0.9255
27.169 0.2038 0.0818 0.9118
27.207 0.2027 0.0868 0.9241
27.250 0.2055 0.0832 0.8698
27.290 0.2082 0.0817 0.8771
27.330 0.2087 0.0826 0.8790
27.370 0.2143 0.0865 0.9031
27.410 0.2171 0.0805 0.8773
27.451 0.2150 0.0804 0.8876
27.491 0.2187 0.0827 0.8617
27.531 0.2195 0.0825 0.9101
27.571 0.2157 0.0863 0.9036
27.610 0.2157 0.0822 0.9196
27.650 0.2178 0.0811 0.8846
27.691 0.2199 0.0856 0.8870
27.731 0.2231 0.0865 0.9618
27.771 0.2227 0.0867 0.9277
27.811 0.2229 0.0862 0.8945
27.849 0.2198 0.0849 0.9269
27.892 0.2179 0.0796 0.9211
27.932 0.2152 0.0905 0.9448
27.972 0.2103 0.0841 0.9704
28.012 0.2055 0.0831 0.9354
28.049 0.2028 0.0821 0.9115
28.093 0.2033 0.0826 0.9602
28.133 0.2012 0.0829 0.9121
28.174 0.2040 0.0818 0.9437
28.214 0.1980 0.0821 0.9295
28.253 0.1949 0.0830 0.9017
28.294 0.1917 0.0804 0.8977
28.334 0.1914 0.0792 0.9037
28.374 0.1889 0.0833 0.8826
28.414 0.1881 0.0840 0.8955
28.454 0.1879 0.0805 0.8745
28.494 0.1830 0.0816 0.8466
28.535 0.1784 0.0828 0.8957
28.575 0.1749 0.0841 0.8842
28.615 0.1752 0.0841 0.9249
28.654 0.1722 0.0858 0.8969
28.692 0.1686 0.0858 0.8874
28.736 0.1683 0.0870 0.8802
28.775 0.1693 0.0892 0.8566
28.816 0.1663 0.0889 0.8826
28.855 0.1634 0.0897 0.8867
28.893 0.1586 0.0858 0.9100
28.937 0.1543 0.0864 0.9159
28.976 0.1569 0.0838 0.9346
29.016 0.1629 0.0880 0.9103
29.056 0.1625 0.0863 0.9035
29.096 0.1636 0.0867 0.8989
29.137 0.1643 0.0861 0.8974
29.177 0.1696 0.0826 0.8554
29.217 0.1765 0.0840 0.8837
29.258 0.1743 0.0838 0.9321
29.298 0.1705 0.0857 0.9321
29.337 0.1679 0.0859 0.9314
29.378 0.1712 0.0837 0.9324
29.419 0.1729 0.0827 0.9099
29.459 0.1732 0.0831 0.9294
29.498 0.1717 0.0872 0.9376
29.536 0.1734 0.0866 0.9376
29.580 0.1709 0.0841 0.9376
29.619 0.1722 0.0838 0.9166
29.659 0.1673 0.0836 0.9271
29.699 0.1609 0.0907 0.9546
29.736 0.1584 0.0853 0.9336
29.780 0.1591 0.0847 0.9542
29.820 0.1612 0.0848 0.9267
29.860 0.1627 0.0864 0.9382
29.900 0.1598 0.0878 0.9538
29.940 0.1587 0.0886 0.9542
29.981 0.1542 0.0860 0.9565
30.020 0.1510 0.0853 0.9384
30.061 0.1510 0.0850 0.9356
30.101 0.1451 0.0871 0.9578
30.155 0.1395 0.0880 0.9298
30.179 0.1382 0.0866 0.9298
30.221 0.1369 0.0864 0.9053
30.261 0.1357 0.0851 0.9639
30.301 0.1384 0.0820 0.9076
30.342 0.1359 0.0862 0.9294
30.379 0.1363 0.0831 0.9400
30.423 0.1400 0.0852 0.9331
30.463 0.1397 0.0839 0.9285
30.503 0.1432 0.0808 0.9018
30.542 0.1443 0.0856 0.9186
30.580 0.1427 0.0862 0.8912
30.624 0.1453 0.0830 0.9293
30.663 0.1467 0.0849 0.8859
30.704 0.1501 0.0818 0.9078
30.743 0.1537 0.0855 0.9555
30.783 0.1504 0.0859 0.8912
30.824 0.1511 0.0839 0.9222
30.864 0.1523 0.0848 0.9095
30.904 0.1509 0.0801 0.9385
30.944 0.1518 0.0822 0.9064
30.983 0.1520 0.0864 0.9336
31.023 0.1499 0.0886 0.9318
31.064 0.1507 0.0838 0.9217
31.105 0.1534 0.0881 0.9196
31.145 0.1568 0.0871 0.9170
31.184 0.1540 0.0867 0.9064
31.221 0.1509 0.0909 0.9220
31.266 0.1518 0.0890 0.9317
31.305 0.1521 0.0896 0.9051
31.345 0.1536 0.0904 0.9036
31.385 0.1541 0.0876 0.9189
31.423 0.1555 0.0897 0.9368
31.467 0.1522 0.0913 0.8918
31.507 0.1544 0.0902 0.8903
31.547 0.1579 0.0886 0.8930
31.587 0.1630 0.0882 0.9257
31.626 0.1660 0.0925 0.9031
31.668 0.1655 0.0921 0.8869
31.707 0.1607 0.0904 0.8955
31.748 0.1622 0.0898 0.9448
31.788 0.1650 0.0891 0.9062
31.827 0.1670 0.0886 0.9271
31.866 0.1658 0.0910 0.9102
31.908 0.1629 0.0916 0.9271
31.948 0.1623 0.0917 0.9362
31.988 0.1638 0.0893 0.9124
32.028 0.1706 0.0890 0.8815
32.066 0.1720 0.0901 0.9295
32.110 0.1705 0.0920 0.9648
32.149 0.1692 0.0892 0.9066
32.189 0.1755 0.0877 0.9030
32.229 0.1807 0.0879 0.8806
32.265 0.1832 0.0879 0.9793
32.310 0.1806 0.0913 0.9479
32.350 0.1799 0.0864 0.9387
32.390 0.1850 0.0864 0.9555
32.429 0.1952 0.0883 0.9479
32.468 0.2002 0.0875 0.9713
32.510 0.1965 0.0882 0.9555
32.550 0.1930 0.0896 0.9267
32.591 0.1904 0.0869 0.9295
32.631 0.1916 0.0861 0.9527
32.670 0.1950 0.0855 0.9646
32.710 0.1943 0.0849 0.9220
32.752 0.1895 0.0873 0.9709
32.792 0.1881 0.0848 0.9505
32.832 0.1921 0.0849 0.9677
32.871 0.1935 0.0857 0.9976
32.909 0.1893 0.0860 0.9244
32.953 0.1862 0.0876 0.9310
32.992 0.1838 0.0851 0.9897
33.032 0.1807 0.0873 0.9606
33.072 0.1775 0.0844 0.9439
33.110 0.1814 0.0853 0.9146
33.153 0.1865 0.0853 0.9179
33.193 0.1868 0.0912 0.9731
33.233 0.1880 0.0844 0.9035
33.273 0.1893 0.0838 0.9335
33.313 0.1887 0.0875 0.8870
33.354 0.1862 0.0815 0.9516
33.394 0.1850 0.0869 0.9584
33.434 0.1811 0.0848 0.9464
33.474 0.1804 0.0810 0.9551
33.515 0.1840 0.0837 0.9475
33.553 0.1880 0.0816 0.9606
33.594 0.1839 0.0847 0.9329
33.635 0.1768 0.0847 0.9388
33.675 0.1713 0.0839 0.9388
33.715 0.1686 0.0833 0.9388
33.753 0.1687 0.0772 0.9073
33.797 0.1683 0.0785 0.9189
33.836 0.1702 0.0808 0.9162
33.876 0.1671 0.0842 0.9338
33.916 0.1663 0.0847 0.9197
33.953 0.1623 0.0797 0.9562
33.997 0.1577 0.0820 0.9115
34.037 0.1529 0.0837 0.9295
34.077 0.1492 0.0812 0.9246
34.117 0.1462 0.0799 0.8880
34.157 0.1462 0.0775 0.9088
34.198 0.1457 0.0786 0.9320
34.237 0.1394 0.0839 0.9402
34.278 0.1426 0.0848 0.9069
34.318 0.1413 0.0826 0.9290
34.357 0.1446 0.0810 0.9068
34.396 0.1504 0.0801 0.9559
34.438 0.1619 0.0831 0.9554
34.490 0.1698 0.0829 0.9405
34.518 0.1715 0.0883 0.9104
34.558 0.1768 0.0838 0.9416
34.596 0.1774 0.0829 0.9416
34.640 0.1797 0.0872 0.9159
34.679 0.1815 0.0889 0.8975
34.719 0.1860 0.0884 0.9043
34.759 0.1884 0.0841 0.8945
34.797 0.1879 0.0856 0.8842
34.841 0.1854 0.0827 0.8821
34.880 0.1820 0.0795 0.9512
34.921 0.1763 0.0816 0.8994
34.960 0.1723 0.0859 0.8735
35.000 0.1721 0.0816 0.8916
35.041 0.1656 0.0829 0.9251
35.081 0.1673 0.0829 0.8949
35.121 0.1675 0.0843 0.8919
35.161 0.1656 0.0841 0.9461
35.201 0.1651 0.0834 0.9039
35.240 0.1622 0.0847 0.9175
35.281 0.1608 0.0833 0.9041
35.322 0.1608 0.0837 0.9040
35.362 0.1636 0.0857 0.9298
35.401 0.1650 0.0863 0.9289
35.439 0.1634 0.0903 0.8818
35.483 0.1630 0.0865 0.8987
35.522 0.1648 0.0839 0.9107
35.563 0.1641 0.0901 0.9578
35.602 0.1600 0.0898 0.9179
35.639 0.1566 0.0870 0.8943
35.684 0.1526 0.0815 0.8640
35.723 0.1554 0.0848 0.8965
35.763 0.1566 0.0843 0.8914
35.803 0.1608 0.0866 0.9117
35.843 0.1617 0.0841 0.8975
35.884 0.1635 0.0835 0.9034
35.925 0.1662 0.0847 0.8881
35.965 0.1661 0.0816 0.8949
36.005 0.1703 0.0828 0.9114
36.044 0.1724 0.0834 0.9232
36.084 0.1744 0.0814 0.9146
36.125 0.1765 0.0801 0.9178
36.165 0.1844 0.0804 0.9232
36.205 0.1864 0.0808 0.9607
36.270 0.1807 0.0872 0.9309
36.323 0.1744 0.0872 0.9057
36.380 0.1687 0.0873 0.9150
36.406 0.1685 0.0865 0.8876
36.446 0.1651 0.0894 0.9474
36.486 0.1632 0.0896 0.9176
36.523 0.1619 0.0865 0.8601
36.567 0.1672 0.0869 0.8676
36.607 0.1738 0.0872 0.9292
36.647 0.1779 0.0893 0.9352
36.687 0.1758 0.0882 0.9298
36.727 0.1812 0.0872 0.9298
36.767 0.1828 0.0878 0.9200
36.807 0.1864 0.0871 0.9233
36.847 0.1903 0.0858 0.9088
36.887 0.1899 0.0894 0.9053
36.927 0.1903 0.0878 0.9032
36.967 0.1903 0.0845 0.8876
37.008 0.1895 0.0837 0.8682
37.050 0.1911 0.0828 0.8994
37.090 0.1928 0.0861 0.9146
37.129 0.1891 0.0850 0.8926
37.166 0.1868 0.0854 0.9190
37.210 0.1864 0.0856 0.9300
37.250 0.1885 0.0826 0.8956
37.290 0.1885 0.0862 0.9058
37.329 0.1869 0.0862 0.9013
37.367 0.1839 0.0862 0.9262
37.410 0.1790 0.0840 0.8857
37.450 0.1712 0.0829 0.8933
37.490 0.1630 0.0840 0.9170
37.530 0.1489 0.0833 0.9406
37.570 0.1294 0.0891 0.9246
37.611 0.1151 0.0842 0.9334
37.651 0.1083 0.0831 0.9334
37.691 0.0979 0.0863 0.9584
37.731 0.0846 0.0863 0.9584
37.771 0.0757 0.0865 0.9325
37.810 0.0669 0.0863 0.9584
37.851 0.0572 0.0854 0.9584
37.892 0.0475 0.0855 0.9325
37.931 0.0443 0.0862 0.9219
37.971 0.0401 0.0862 0.9219
38.009 0.0417 0.0889 0.9248
38.053 0.0465 0.0873 0.8975
38.092 0.0486 0.0850 0.8935
38.133 0.0476 0.0856 0.8919
38.173 0.0468 0.0878 0.8948
38.210 0.0500 0.0878 0.8948
38.254 0.0507 0.0878 0.9108
38.294 0.0534 0.0878 0.9193
38.334 0.0549 0.0872 0.9243
38.374 0.0628 0.0880 0.9243
38.414 0.0722 0.0878 0.9402
38.455 0.0815 0.0868 0.9108
38.494 0.0861 0.0869 0.8960
38.535 0.0896 0.0868 0.8960
38.575 0.0980 0.0876 0.8516
38.614 0.1032 0.0878 0.8958
38.654 0.1105 0.0881 0.8797
38.695 0.1172 0.0886 0.8805
38.735 0.1193 0.0869 0.8825
38.775 0.1218 0.0838 0.8651
38.815 0.1301 0.0854 0.8933
38.852 0.1336 0.0878 0.9138
38.896 0.1340 0.0866 0.8859
38.936 0.1372 0.0876 0.9138
38.976 0.1409 0.0852 0.8708
39.015 0.1494 0.0855 0.8602
39.053 0.1499 0.0889 0.8761
39.097 0.1553 0.0883 0.9112
39.137 0.1571 0.0870 0.8935
39.177 0.1587 0.0872 0.8917
39.218 0.1638 0.0855 0.8930
39.258 0.1700 0.0884 0.8895
39.298 0.1671 0.0879 0.8817
39.338 0.1696 0.0882 0.8632
39.379 0.1715 0.0896 0.9116
39.418 0.1702 0.0870 0.9053
39.458 0.1730 0.0878 0.8948
39.498 0.1679 0.0950 0.8793
39.539 0.1668 0.0871 0.8927
39.579 0.1645 0.0969 0.8629
39.619 0.1633 0.0867 0.8629
39.659 0.1621 0.0897 0.8659
39.696 0.1605 0.0886 0.8861
39.740 0.1582 0.0915 0.8858
39.780 0.1573 0.0904 0.8810
39.820 0.1511 0.0919 0.9017
39.860 0.1461 0.0909 0.8731
39.897 0.1434 0.0917 0.8829
39.941 0.1345 0.0896 0.8849
39.980 0.1262 0.0896 0.9036
40.020 0.1180 0.0895 0.8953
40.060 0.1123 0.0891 0.9096
40.100 0.1101 0.0865 0.9256
40.141 0.1034 0.0880 0.9418
40.181 0.0956 0.0857 0.9257
40.221 0.0890 0.0854 0.9257
40.261 0.0850 0.0859 0.9207
40.300 0.0837 0.0849 0.9207
40.366 0.0816 0.0915 0.9256
40.422 0.0730 0.0884 0.9247
40.463 0.0706 0.0901 0.9210
40.503 0.0757 0.0886 0.9353
40.542 0.0778 0.0904 0.8995
40.580 0.0741 0.0900 0.8986
40.624 0.0690 0.0902 0.8773
40.663 0.0670 0.0880 0.9035
40.703 0.0666 0.0846 0.8686
40.743 0.0621 0.0856 0.8817
40.780 0.0616 0.0931 0.8826
40.824 0.0535 0.0908 0.8850
40.864 0.0479 0.0915 0.8805
40.904 0.0454 0.0870 0.8916
40.944 0.0440 0.0857 0.8916
40.984 0.0405 0.0891 0.8816
41.025 0.0351 0.0910 0.8777
41.065 0.0307 0.0882 0.8489
41.105 0.0263 0.0892 0.8499
41.145 0.0241 0.0853 0.8489
41.184 0.0189 0.0869 0.8403
41.224 0.0176 0.0854 0.8426
41.265 0.0135 0.0907 0.8426
41.305 0.0105 0.0926 0.8545
41.345 0.0089 0.0859 0.8153
41.385 0.0064 0.0893 0.8243
41.423 0.0054 0.0920 0.8411
41.467 0.0072 0.0933 0.8549
41.507 0.0051 0.0905 0.8339
41.547 0.0046 0.0885 0.8489
41.587 0.0062 0.0835 0.8533
41.624 0.0051 0.0859 0.8489
41.668 0.0099 0.0881 0.8489
41.708 0.0078 0.0903 0.8549
41.748 0.0065 0.0885 0.8489
41.788 0.0081 0.0881 0.8426
41.832 0.0074 0.0852 0.8426
41.869 0.0085 0.0874 0.8542
41.908 0.0079 0.0897 0.8822
41.948 0.0068 0.0875 0.8253
41.988 0.0058 0.0887 0.8253
42.028 0.0058 0.0817 0.8152
42.068 0.0066 0.0854 0.8660
42.109 0.0081 0.0890 0.8592
42.149 0.0078 0.0907 0.8526
42.189 0.0138 0.0882 0.8567
42.228 0.0148 0.0888 0.8419
42.266 0.0152 0.0841 0.8686
42.310 0.0201 0.0895 0.8530
42.350 0.0182 0.0960 0.8734
42.390 0.0186 0.0927 0.8350
42.429 0.0201 0.0822 0.8620
42.467 0.0229 0.0890 0.8986
42.511 0.0289 0.0886 0.9010
42.550 0.0299 0.0954 0.8709
42.592 0.0275 0.0915 0.8709
42.631 0.0276 0.0908 0.8977
42.671 0.0234 0.0918 0.8792
42.711 0.0229 0.0898 0.8792
42.752 0.0217 0.0986 0.8460
42.792 0.0181 0.0937 0.8795
42.832 0.0189 0.0935 0.8408
42.871 0.0390 0.0863 0.8536
42.911 0.0639 0.0854 0.8811
42.952 0.0872 0.0867 0.8835
42.992 0.1043 0.0904 0.9205
43.032 0.1185 0.0956 0.8466
43.072 0.1257 0.0955 0.8892
43.109 0.1330 0.0880 0.8881
43.154 0.1346 0.0890 0.8403
43.193 0.1377 0.0945 0.8756
43.233 0.1346 0.0945 0.8789
43.273 0.1275 0.0919 0.8999
43.310 0.1163 0.0912 0.9166
43.354 0.1005 0.0874 0.9207
43.394 0.0835 0.0900 0.8983
43.434 0.0667 0.0949 0.8855
43.473 0.0547 0.0940 0.8855
43.514 0.0425 0.0876 0.9189
43.555 0.0341 0.0892 0.9109
43.594 0.0273 0.0887 0.9119
43.634 0.0242 0.0933 0.8673
43.675 0.0222 0.0931 0.9047
43.715 0.0194 0.0907 0.8883
43.754 0.0124 0.0862 0.8826
43.796 0.0061 0.0873 0.9149
43.836 0.0144 0.0894 0.9047
43.876 0.0260 0.0907 0.8781
43.915 0.0403 0.0904 0.9415
43.953 0.0542 0.0913 0.9519
43.997 0.0650 0.0906 0.9449
44.037 0.0754 0.0891 0.9195
44.077 0.0802 0.0932 0.9224
44.116 0.0844 0.0934 0.9314
44.153 0.0839 0.0912 0.9302
44.198 0.0846 0.0900 0.9126
44.237 0.0910 0.0904 0.9099
44.277 0.0969 0.0920 0.8977
44.317 0.0988 0.0928 0.8927
44.356 0.0973 0.0919 0.9176
44.399 0.0943 0.0919 0.9254
44.438 0.0886 0.0899 0.9167
44.478 0.0872 0.0925 0.9224
44.518 0.0832 0.0925 0.9408
44.558 0.0819 0.0917 0.9339
44.597 0.0797 0.0874 0.9478
44.638 0.0824 0.0905 0.9438
44.679 0.0863 0.0879 0.9495
44.719 0.0853 0.0905 0.9170
44.758 0.0858 0.0905 0.9146
44.797 0.0842 0.0903 0.9096
44.841 0.0789 0.0881 0.9243
44.880 0.0790 0.0876 0.9169
44.920 0.0837 0.0883 0.9429
44.960 0.0856 0.0906 0.9386
44.997 0.0884 0.0873 0.9246
45.041 0.0902 0.0874 0.9220
45.081 0.0951 0.0855 0.9130
45.121 0.1005 0.0863 0.9089
45.161 0.1043 0.0863 0.9540
45.201 0.1082 0.0844 0.9198
45.243 0.1086 0.0875 0.9212
45.282 0.1069 0.0850 0.9196
45.322 0.1126 0.0847 0.9475
45.362 0.1167 0.0873 0.9615
45.401 0.1178 0.0885 0.9450
45.441 0.1165 0.0850 0.9265
45.482 0.1141 0.0847 0.9479
45.523 0.1112 0.0834 0.9529
45.563 0.1078 0.0843 0.9339
45.602 0.1041 0.0872 0.8952
45.640 0.0964 0.0856 0.9109
45.684 0.0941 0.0782 0.9114
45.723 0.0897 0.0790 0.8905
45.763 0.1017 0.0790 0.8982
45.803 0.1054 0.0803 0.8972
45.841 0.1108 0.0819 0.9027
45.884 0.1117 0.0795 0.8957
45.925 0.1118 0.0793 0.9074
45.979 0.1218 0.0782 0.9126
46.004 0.1281 0.0782 0.9126
46.045 0.1376 0.0843 0.8915
46.113 0.1474 0.0806 0.9078
46.181 0.1560 0.0803 0.8919
46.205 0.1618 0.0798 0.8992
46.245 0.1644 0.0840 0.8897
46.284 0.1653 0.0850 0.9240
46.324 0.1701 0.0827 0.8974
46.365 0.1803 0.0814 0.9036
46.406 0.2004 0.0765 0.9008
46.446 0.2249 0.0802 0.9069
46.485 0.2389 0.0785 0.8915
46.523 0.2495 0.0796 0.8931
46.567 0.2640 0.0794 0.9075
46.606 0.2766 0.0785 0.8417
46.647 0.2932 0.0781 0.8708
46.687 0.2994 0.0803 0.8868
46.724 0.3014 0.0789 0.8955
46.768 0.3035 0.0746 0.8917
46.807 0.3016 0.0753 0.8872
46.847 0.2944 0.0764 0.9102
46.887 0.2856 0.0759 0.8891
46.927 0.2650 0.0767 0.8475
46.968 0.2463 0.0764 0.9224
47.008 0.2301 0.0752 0.9214
47.049 0.2147 0.0734 0.9193
47.088 0.2054 0.0738 0.9466
47.128 0.1872 0.0765 0.9419
47.168 0.1736 0.0756 0.9349
47.209 0.1630 0.0752 0.9335
47.251 0.1546 0.0735 0.9260
47.290 0.1499 0.0737 0.9025
47.329 0.1458 0.0763 0.9355
47.367 0.1391 0.0775 0.9494
47.411 0.1384 0.0747 0.9450
47.450 0.1341 0.0731 0.9385
47.490 0.1314 0.0747 0.9668
47.530 0.1294 0.0784 0.9414
47.567 0.1295 0.0783 0.9410
47.611 0.1340 0.0744 0.9164
47.651 0.1364 0.0758 0.9059
47.691 0.1400 0.0751 0.8814
47.731 0.1467 0.0715 0.8867
47.771 0.1498 0.0748 0.9083
47.811 0.1474 0.0754 0.9219
47.851 0.1532 0.0755 0.9175
47.891 0.1523 0.0724 0.8985
47.931 0.1544 0.0731 0.9137
47.971 0.1582 0.0742 0.9275
48.010 0.1638 0.0764 0.8941
48.052 0.1689 0.0718 0.9234
48.092 0.1699 0.0736 0.9317
48.133 0.1732 0.0728 0.8916
48.173 0.1824 0.0728 0.9019
48.210 0.1867 0.0731 0.9099
48.254 0.1858 0.0738 0.8948
48.294 0.1932 0.0733 0.8539
48.334 0.1946 0.0704 0.8933
48.373 0.1969 0.0699 0.9069
48.411 0.1969 0.0740 0.9527
48.455 0.1968 0.0750 0.9455
48.494 0.1970 0.0759 0.9303
48.534 0.1947 0.0760 0.9172
48.574 0.1903 0.0741 0.9003
48.614 0.1915 0.0733 0.9017
48.655 0.1879 0.0746 0.9332
48.695 0.1774 0.0762 0.9258
48.735 0.1769 0.0787 0.8789
48.775 0.1760 0.0777 0.9465
48.814 0.1763 0.0771 0.9718
48.854 0.1754 0.0776 0.9426
48.895 0.1799 0.0800 0.9045
48.936 0.1830 0.0799 0.9279
48.976 0.1834 0.0783 0.9129
49.015 0.1842 0.0812 0.9298
49.053 0.1844 0.0803 0.9039
49.097 0.1864 0.0803 0.9207
49.136 0.1837 0.0806 0.9361
49.176 0.1842 0.0798 0.9282
49.217 0.1887 0.0824 0.9229
49.254 0.1885 0.0817 0.9089
49.298 0.1845 0.0826 0.9357
49.338 0.1854 0.0842 0.9193
49.378 0.1812 0.0826 0.9382
49.418 0.1763 0.0829 0.9306
49.458 0.1742 0.0822 0.8815
49.499 0.1698 0.0851 0.9232
49.538 0.1705 0.0862 0.9127
49.579 0.1641 0.0854 0.9215
49.618 0.1593 0.0844 0.9055
49.658 0.1623 0.0826 0.8964
49.697 0.1591 0.0805 0.8872
49.739 0.1604 0.0826 0.8986
49.779 0.1606 0.0848 0.8931
49.819 0.1593 0.0814 0.9012
49.859 0.1615 0.0791 0.8936
49.897 0.1637 0.0783 0.8988
49.940 0.1660 0.0810 0.8945
49.980 0.1697 0.0822 0.9245
50.020 0.1742 0.0801 0.9044
50.059 0.1781 0.0791 0.8958
50.097 0.1853 0.0781 0.8945
50.141 0.1845 0.0798 0.9039
50.180 0.1899 0.0794 0.8672
50.221 0.1887 0.0825 0.8931
50.260 0.1893 0.0781 0.8790
50.300 0.1932 0.0781 0.8862
50.342 0.1930 0.0805 0.9404
50.382 0.1952 0.0835 0.9112
50.422 0.1966 0.0828 0.9491
50.462 0.1944 0.0829 0.9388
50.502 0.1886 0.0820 0.9255
50.541 0.1870 0.0811 0.9213
50.583 0.1841 0.0799 0.9111
50.623 0.1890 0.0806 0.9446
50.663 0.1914 0.0821 0.9211
50.703 0.1909 0.0800 0.9661
50.740 0.1926 0.0783 0.9691
50.783 0.1942 0.0783 0.9369
50.824 0.1980 0.0802 0.9575
50.864 0.1969 0.0788 0.9542
50.903 0.1943 0.0808 0.9384
50.940 0.1967 0.0802 0.9815
50.984 0.1968 0.0771 0.9508
51.024 0.2012 0.0775 0.9269
51.064 0.2030 0.0802 0.9479
51.104 0.1998 0.0775 0.9257
51.144 0.1967 0.0790 0.9334
51.185 0.1984 0.0747 0.9457
51.225 0.1978 0.0773 0.9560
51.265 0.2006 0.0805 0.9544
51.305 0.2000 0.0775 0.9123
51.344 0.2007 0.0775 0.9127
51.384 0.2009 0.0744 0.9376
51.425 0.1971 0.0769 0.9414
51.467 0.2021 0.0781 0.9414
51.506 0.2034 0.0776 0.9293
51.546 0.2061 0.0778 0.9247
51.584 0.2058 0.0772 0.8925
51.627 0.2097 0.0775 0.9183
51.667 0.2106 0.0740 0.9078
51.707 0.2091 0.0740 0.8988
51.747 0.2062 0.0804 0.9521
51.784 0.1989 0.0732 0.9085
51.828 0.1955 0.0744 0.9105
51.868 0.1944 0.0752 0.9045
51.908 0.1952 0.0735 0.9149
51.962 0.1871 0.0736 0.9169
51.987 0.1813 0.0746 0.9259
52.029 0.1700 0.0728 0.9353
52.068 0.1667 0.0738 0.9238
52.109 0.1649 0.0722 0.9378
52.148 0.1570 0.0737 0.9363
52.188 0.1481 0.0758 0.9205
52.227 0.1445 0.0793 0.9379
52.269 0.1479 0.0752 0.9155
52.311 0.1561 0.0716 0.9433
52.349 0.1595 0.0734 0.9343
52.389 0.1587 0.0806 0.9341
52.427 0.1552 0.0770 0.9466
52.470 0.1656 0.0758 0.9271
52.510 0.1723 0.0719 0.8920
52.550 0.1796 0.0735 0.9269
52.591 0.1807 0.0807 0.9257
52.628 0.1805 0.0751 0.8946
52.672 0.1889 0.0751 0.9102
52.711 0.1950 0.0725 0.9388
52.752 0.2001 0.0751 0.9238
52.791 0.1966 0.0719 0.9365
52.831 0.1940 0.0720 0.9291
52.872 0.1958 0.0718 0.9316
52.912 0.2010 0.0739 0.9128
52.952 0.2058 0.0755 0.9219
52.992 0.2075 0.0761 0.9153
53.032 0.2072 0.0752 0.9254
53.071 0.2047 0.0763 0.9484
53.112 0.2064 0.0768 0.9401
53.153 0.2012 0.0752 0.9083
53.193 0.2007 0.0734 0.9377
53.232 0.1951 0.0757 0.9213
53.270 0.1902 0.0752 0.9126
53.315 0.1886 0.0742 0.9459
53.354 0.1888 0.0765 0.9344
53.394 0.1932 0.0739 0.9332
53.433 0.1906 0.0756 0.8732
53.470 0.1901 0.0780 0.8879
53.515 0.1864 0.0758 0.8489
53.554 0.1918 0.0750 0.8579
53.594 0.1899 0.0720 0.9100
53.634 0.1971 0.0746 0.9126
53.675 0.1999 0.0762 0.9053
53.716 0.2016 0.0762 0.9257
53.756 0.2040 0.0762 0.9116
53.796 0.2040 0.0744 0.8835
53.836 0.2035 0.0741 0.9072
53.875 0.1995 0.0751 0.9121
53.915 0.1950 0.0756 0.8982
53.956 0.1896 0.0769 0.9497
53.997 0.1905 0.0787 0.9060
54.037 0.1860 0.0766 0.9525
54.076 0.1859 0.0771 0.9377
54.113 0.1808 0.0781 0.9462
54.158 0.1770 0.0781 0.9567
54.197 0.1771 0.0769 0.9016
54.237 0.1755 0.0769 0.8889
54.277 0.1783 0.0778 0.9521
54.314 0.1772 0.0779 0.9056
54.358 0.1729 0.0801 0.9121
54.398 0.1733 0.0788 0.8984
54.438 0.1760 0.0787 0.9043
54.478 0.1746 0.0779 0.8705
54.517 0.1755 0.0780 0.9203
54.559 0.1736 0.0809 0.8972
54.598 0.1723 0.0821 0.9065
54.639 0.1715 0.0796 0.9076
54.678 0.1666 0.0801 0.9357
54.718 0.1672 0.0820 0.9195
54.758 0.1634 0.0849 0.9737
54.800 0.1588 0.0833 0.9162
54.840 0.1587 0.0877 0.9002
54.880 0.1532 0.0833 0.8785
54.920 0.1541 0.0833 0.9019
54.958 0.1528 0.0840 0.9064
55.001 0.1493 0.0841 0.9336
55.041 0.1469 0.0798 0.9445
55.081 0.1471 0.0819 0.9312
55.121 0.1479 0.0814 0.9218
55.157 0.1468 0.0798 0.9307
55.202 0.1454 0.0814 0.9118
55.241 0.1429 0.0800 0.9720
55.282 0.1416 0.0791 0.9870
55.322 0.1395 0.0788 0.9652
55.361 0.1425 0.0783 0.9065
55.402 0.1422 0.0773 0.8999
55.442 0.1432 0.0808 0.8868
55.482 0.1461 0.0813 0.8999
55.522 0.1499 0.0822 0.9326
55.562 0.1553 0.0847 0.8995
55.601 0.1535 0.0803 0.8924
55.643 0.1564 0.0787 0.9421
55.683 0.1566 0.0829 0.8530
55.723 0.1541 0.0799 0.8801
55.763 0.1553 0.0790 0.8877
55.800 0.1553 0.0802 0.9081
55.844 0.1620 0.0820 0.9229
55.884 0.1625 0.0829 0.9089
55.925 0.1643 0.0825 0.9269
55.965 0.1639 0.0811 0.9159
56.001 0.1627 0.0798 0.8859
56.046 0.1569 0.0802 0.8710
56.085 0.1583 0.0818 0.9124
56.125 0.1576 0.0796 0.9169
56.165 0.1530 0.0791 0.9356
56.205 0.1545 0.0771 0.9224
56.246 0.1558 0.0777 0.9176
56.286 0.1596 0.0825 0.9091
56.326 0.1552 0.0781 0.9246
56.366 0.1572 0.0767 0.9343
56.405 0.1571 0.0734 0.9434
56.445 0.1565 0.0750 0.8837
56.486 0.1571 0.0783 0.9044
56.527 0.1588 0.0785 0.9105
56.567 0.1607 0.0744 0.9726
56.645 0.1606 0.0782 0.9173
56.684 0.1633 0.0758 0.8857
56.728 0.1732 0.0801 0.9255
56.767 0.1756 0.0774 0.9459
56.807 0.1781 0.0796 0.9448
56.847 0.1739 0.0757 0.9032
56.884 0.1727 0.0767 0.9215
56.928 0.1728 0.0783 0.9291
56.968 0.1768 0.0794 0.8998
57.008 0.1805 0.0791 0.9012
57.049 0.1803 0.0767 0.9389
57.089 0.1847 0.0773 0.9279
57.130 0.1917 0.0784 0.8907
57.169 0.1962 0.0787 0.8896
57.210 0.1946 0.0778 0.9202
57.250 0.1955 0.0775 0.9057
57.289 0.1992 0.0759 0.9260
57.329 0.2055 0.0744 0.8974
57.370 0.2116 0.0753 0.9389
57.410 0.2160 0.0768 0.9348
57.450 0.2154 0.0749 0.9205
57.490 0.2122 0.0744 0.9276
57.527 0.2099 0.0714 0.9061
57.572 0.2101 0.0710 0.9088
57.611 0.2068 0.0712 0.9755
57.651 0.2052 0.0699 0.9311
57.690 0.2025 0.0715 0.9448
57.727 0.2015 0.0699 0.9487
57.772 0.1941 0.0706 0.9393
57.811 0.1951 0.0719 0.9281
57.851 0.1862 0.0719 0.9275
57.891 0.1787 0.0731 0.9291
57.931 0.1750 0.0740 0.9198
57.972 0.1708 0.0722 0.8891
58.012 0.1700 0.0747 0.9290
58.052 0.1674 0.0736 0.9443
58.092 0.1631 0.0740 0.9711
58.132 0.1592 0.0742 0.9234
58.172 0.1542 0.0724 0.9127
58.213 0.1481 0.0754 0.9507
58.254 0.1449 0.0754 0.9282
58.294 0.1326 0.0763 0.9297
58.333 0.1264 0.0755 0.9008
58.371 0.1239 0.0742 0.9058
58.415 0.1166 0.0753 0.8999
58.454 0.1119 0.0770 0.8829
58.495 0.1085 0.0756 0.9369
58.534 0.1037 0.0755 0.9093
58.571 0.0988 0.0744 0.9095
58.615 0.0915 0.0746 0.8817
58.655 0.0917 0.0759 0.8943
58.695 0.0886 0.0763 0.9242
58.735 0.0850 0.0758 0.9173
58.775 0.0860 0.0761 0.8979
58.816 0.0871 0.0772 0.8979
58.855 0.0906 0.0723 0.9107
58.896 0.0919 0.0777 0.9145
58.936 0.0976 0.0767 0.9249
58.975 0.0987 0.0754 0.9532
59.015 0.0978 0.0753 0.9620
59.056 0.1032 0.0726 0.9298
59.096 0.1132 0.0731 0.8835
59.136 0.1176 0.0755 0.9083
59.176 0.1213 0.0775 0.9448
59.214 0.1256 0.0764 0.9206
59.258 0.1302 0.0756 0.9421
59.298 0.1374 0.0749 0.8820
59.338 0.1442 0.0758 0.9326
59.378 0.1527 0.0744 0.9163
59.415 0.1557 0.0794 0.9145
59.459 0.1597 0.0743 0.9276
59.499 0.1676 0.0750 0.9380
59.539 0.1748 0.0766 0.9081
59.579 0.1726 0.0763 0.9642
59.618 0.1704 0.0730 0.9126
59.659 0.1626 0.0736 0.9367
59.699 0.1645 0.0733 0.9225
59.739 0.1710 0.0739 0.9376
59.779 0.1748 0.0754 0.9067
59.819 0.1756 0.0754 0.9154
59.858 0.1766 0.0732 0.9482
59.900 0.1778 0.0732 0.9420
59.940 0.1807 0.0723 0.9420
59.980 0.1840 0.0733 0.8871
60.020 0.1818 0.0757 0.9056
60.057 0.1795 0.0730 0.9160
60.101 0.1809 0.0729 0.9020
60.141 0.1889 0.0704 0.9205
60.181 0.1984 0.0710 0.8959
60.220 0.1984 0.0726 0.9039
60.258 0.1948 0.0736 0.9138
60.301 0.2011 0.0733 0.9205
60.342 0.2019 0.0730 0.9161
60.382 0.2025 0.0747 0.8853
60.422 0.1992 0.0746 0.8895
60.461 0.1942 0.0733 0.9435
60.503 0.1882 0.0767 0.8928
60.543 0.1909 0.0756 0.9148
60.583 0.1909 0.0751 0.8766
60.623 0.1952 0.0752 0.9085
60.662 0.1972 0.0785 0.9254
60.702 0.1934 0.0762 0.9278
60.743 0.1982 0.0755 0.9006
60.784 0.1973 0.0730 0.8930
60.824 0.1927 0.0746 0.9128
60.863 0.1886 0.0764 0.9258
60.901 0.1893 0.0775 0.9327
60.945 0.1912 0.0775 0.9311
60.984 0.1944 0.0751 0.9097
61.024 0.1960 0.0759 0.9089
61.064 0.1959 0.0766 0.8613
61.102 0.1907 0.0777 0.9439
61.145 0.1829 0.0748 0.9285
61.185 0.1809 0.0791 0.9138
61.225 0.1769 0.0754 0.9295
61.265 0.1715 0.0774 0.9213
61.305 0.1692 0.0754 0.9178
61.346 0.1668 0.0764 0.9213
61.385 0.1659 0.0734 0.9158
61.425 0.1629 0.0784 0.9194
61.467 0.1606 0.0754 0.9042
61.506 0.1629 0.0749 0.8971
61.546 0.1620 0.0782 0.9187
61.587 0.1608 0.0762 0.9393
61.627 0.1599 0.0754 0.9175
61.667 0.1571 0.0724 0.9411
61.707 0.1566 0.0756 0.9281
61.745 0.1559 0.0792 0.9261
61.789 0.1470 0.0776 0.9584
61.828 0.1458 0.0789 0.9388
61.868 0.1457 0.0774 0.9097
61.908 0.1451 0.0774 0.9088
61.945 0.1434 0.0784 0.9138
61.989 0.1377 0.0798 0.9174
62.028 0.1324 0.0777 0.9577
62.069 0.1316 0.0780 0.9336
62.108 0.1326 0.0768 0.9474
62.148 0.1360 0.0760 0.9305
62.189 0.1338 0.0807 0.9416
62.229 0.1291 0.0816 0.9137
62.269 0.1315 0.0809 0.8822
62.309 0.1320 0.0766 0.9295
62.348 0.1282 0.0773 0.9244
62.388 0.1222 0.0789 0.8857
62.429 0.1182 0.0826 0.8939
62.470 0.1136 0.0773 0.8960
62.510 0.1141 0.0782 0.9266
62.550 0.1152 0.0792 0.9242
62.588 0.1139 0.0809 0.9179
62.632 0.1106 0.0808 0.9124
62.672 0.1060 0.0784 0.9015
62.711 0.1055 0.0798 0.9021
62.751 0.1079 0.0763 0.8981
62.788 0.1110 0.0796 0.8906
62.833 0.1122 0.0809 0.9039
62.872 0.1157 0.0797 0.9320
62.912 0.1242 0.0812 0.9255
62.952 0.1339 0.0770 0.9244
62.992 0.1451 0.0761 0.9388
63.033 0.1468 0.0785 0.9068
63.072 0.1473 0.0791 0.9281
63.113 0.1479 0.0791 0.9205
63.153 0.1538 0.0765 0.9045
63.192 0.1593 0.0765 0.9087
63.232 0.1616 0.0760 0.9414
63.273 0.1657 0.0805 0.9075
63.313 0.1650 0.0840 0.9150
63.353 0.1668 0.0797 0.8845
63.393 0.1666 0.0790 0.9102
63.430 0.1646 0.0771 0.9167
63.475 0.1580 0.0795 0.8955
63.514 0.1572 0.0828 0.9019
63.554 0.1585 0.0818 0.9163
63.594 0.1575 0.0790 0.9152
63.632 0.1584 0.0798 0.8851
63.675 0.1596 0.0801 0.9011
63.716 0.1599 0.0800 0.9343
63.756 0.1571 0.0840 0.9258
63.796 0.1585 0.0821 0.8782
63.835 0.1592 0.0776 0.9206
63.876 0.1585 0.0792 0.9261
63.916 0.1563 0.0828 0.9127
63.956 0.1553 0.0816 0.8882
63.996 0.1515 0.0797 0.8632
64.036 0.1504 0.0769 0.9157
64.076 0.1514 0.0746 0.8915
64.117 0.1498 0.0785 0.8851
64.157 0.1468 0.0798 0.8504
64.197 0.1498 0.0803 0.8642
64.237 0.1488 0.0761 0.8920
64.274 0.1471 0.0782 0.9064
64.318 0.1511 0.0817 0.8730
64.358 0.1523 0.0773 0.8902
64.398 0.1563 0.0786 0.8902
64.438 0.1598 0.0800 0.9021
64.474 0.1621 0.0753 0.9058
64.519 0.1584 0.0752 0.9058
64.559 0.1603 0.0754 0.9019
64.598 0.1640 0.0804 0.9437
64.638 0.1712 0.0729 0.9352
64.678 0.1702 0.0748 0.9163
64.719 0.1670 0.0698 0.9021
64.759 0.1672 0.0749 0.9233
64.800 0.1652 0.0767 0.9335
64.840 0.1615 0.0792 0.9561
64.879 0.1573 0.0780 0.9368
64.919 0.1509 0.0803 0.9371
64.960 0.1454 0.0778 0.9109
65.001 0.1481 0.0770 0.9018
65.041 0.1503 0.0802 0.9393
65.080 0.1494 0.0789 0.9322
65.117 0.1403 0.0781 0.9360
65.162 0.1325 0.0791 0.9566
65.201 0.1313 0.0807 0.9295
65.241 0.1307 0.0805 0.9217
65.281 0.1339 0.0796 0.9436
65.318 0.1325 0.0796 0.9228
65.362 0.1363 0.0802 0.9291
65.402 0.1416 0.0790 0.9251
65.442 0.1460 0.0785 0.9456
65.482 0.1458 0.0772 0.9337
65.522 0.1444 0.0780 0.9371
65.563 0.1448 0.0789 0.9204
65.602 0.1495 0.0790 0.8912
65.643 0.1520 0.0789 0.9831
65.683 0.1555 0.0789 0.9733
65.722 0.1588 0.0796 0.9532
65.762 0.1515 0.0758 0.9651
65.803 0.1477 0.0771 0.9377
65.843 0.1466 0.0761 0.9385
65.883 0.1438 0.0773 0.9278
65.924 0.1413 0.0798 0.9074
65.962 0.1362 0.0788 0.9222
66.006 0.1352 0.0801 0.9238
66.045 0.1315 0.0765 0.9128
66.085 0.1281 0.0784 0.9458
66.124 0.1270 0.0792 0.9450
66.162 0.1234 0.0789 0.9388
66.206 0.1186 0.0793 0.9013
66.245 0.1184 0.0776 0.9222
66.286 0.1231 0.0795 0.9233
66.325 0.1208 0.0832 0.9432
66.365 0.1175 0.0830 0.9377
66.406 0.1136 0.0808 0.9249
66.446 0.1189 0.0810 0.9419
66.486 0.1219 0.0766 0.9429
66.526 0.1244 0.0820 0.9399
66.566 0.1229 0.0869 0.9312
66.605 0.1250 0.0814 0.8923
66.646 0.1262 0.0823 0.8800
66.687 0.1286 0.0777 0.8927
66.727 0.1317 0.0794 0.9063
66.767 0.1392 0.0839 0.9268
66.804 0.1430 0.0834 0.8957
66.848 0.1465 0.0816 0.9205
66.888 0.1522 0.0813 0.8880
66.928 0.1550 0.0801 0.8649
66.968 0.1590 0.0843 0.8911
67.005 0.1605 0.0825 0.9007
67.050 0.1636 0.0812 0.8957
67.089 0.1645 0.0813 0.8813
67.129 0.1704 0.0795 0.8833
67.169 0.1754 0.0800 0.9039
67.208 0.1800 0.0810 0.9124
67.250 0.1732 0.0821 0.9039
67.290 0.1683 0.0855 0.9258
67.330 0.1710 0.0812 0.9443
67.370 0.1745 0.0827 0.9182
67.409 0.1791 0.0850 0.9019
67.449 0.1802 0.0843 0.9146
67.490 0.1808 0.0846 0.9276
67.531 0.1793 0.0872 0.8854
67.571 0.1817 0.0868 0.9162
67.610 0.1831 0.0869 0.9162
67.648 0.1799 0.0863 0.8961
67.692 0.1783 0.0867 0.9296
67.731 0.1806 0.0869 0.8836
67.771 0.1889 0.0851 0.8793
67.811 0.1980 0.0840 0.8915
67.848 0.1978 0.0880 0.8574
67.892 0.1892 0.0880 0.8779
67.932 0.1844 0.0854 0.8949
67.972 0.1862 0.0866 0.9052
68.012 0.1939 0.0854 0.8862
68.052 0.1952 0.0881 0.9184
68.093 0.1963 0.0870 0.9233
68.133 0.1948 0.0852 0.9225
68.174 0.1929 0.0867 0.9012
68.214 0.1906 0.0844 0.9007
68.253 0.1892 0.0844 0.8891
68.293 0.1789 0.0874 0.9148
68.334 0.1730 0.0864 0.9013
68.374 0.1749 0.0874 0.8981
68.414 0.1791 0.0850 0.8973
68.454 0.1770 0.0870 0.9133
68.491 0.1684 0.0860 0.8973
68.535 0.1656 0.0881 0.9103
68.575 0.1633 0.0821 0.9058
68.615 0.1645 0.0827 0.9193
68.655 0.1644 0.0829 0.8986
68.692 0.1684 0.0808 0.9429
68.736 0.1711 0.0821 0.9614
68.776 0.1707 0.0802 0.9602
68.816 0.1735 0.0830 0.9231
68.855 0.1739 0.0780 0.9236
68.895 0.1714 0.0791 0.9035
68.936 0.1713 0.0797 0.9114
68.976 0.1737 0.0836 0.9385
69.016 0.1744 0.0836 0.9163
69.056 0.1723 0.0849 0.9442
69.095 0.1676 0.0835 0.9396
69.147 0.1628 0.0862 0.8875
69.176 0.1593 0.0863 0.8826
69.217 0.1517 0.0850 0.9125
69.258 0.1494 0.0835 0.9171
69.297 0.1473 0.0875 0.8866
69.335 0.1430 0.0853 0.8843
69.379 0.1388 0.0880 0.8855
69.419 0.1322 0.0897 0.8869
69.458 0.1265 0.0889 0.8801
69.498 0.1229 0.0888 0.9109
69.535 0.1205 0.0888 0.9171
69.579 0.1134 0.0901 0.8515
69.619 0.1143 0.0929 0.9377
69.659 0.1157 0.0926 0.9286
69.698 0.1130 0.0892 0.9174
69.739 0.1109 0.0893 0.8988
69.780 0.1092 0.0857 0.8836
69.819 0.1095 0.0919 0.9017
69.860 0.1084 0.0902 0.9172
69.900 0.1108 0.0938 0.8932
69.939 0.1170 0.0950 0.8967
69.979 0.1167 0.0916 0.9015
70.020 0.1208 0.0923 0.8873
70.060 0.1285 0.0945 0.8769
70.100 0.1346 0.0925 0.8689
70.140 0.1373 0.0910 0.9015
70.177 0.1431 0.0916 0.9385
70.222 0.1535 0.0928 0.9185
70.262 0.1594 0.0932 0.8921
70.301 0.1600 0.0922 0.9189
70.342 0.1584 0.0917 0.9264
70.379 0.1583 0.0918 0.9064
70.423 0.1579 0.0903 0.9014
70.463 0.1641 0.0924 0.9246
70.503 0.1676 0.0912 0.9060
70.543 0.1639 0.0918 0.9199
70.583 0.1637 0.0908 0.9169
70.623 0.1622 0.0901 0.8747
70.663 0.1624 0.0910 0.9093
70.703 0.1611 0.0929 0.9266
70.743 0.1589 0.0922 0.9405
70.783 0.1586 0.0895 0.9018
70.822 0.1595 0.0893 0.8930
70.864 0.1714 0.0890 0.8968
70.904 0.1696 0.0898 0.9216
70.944 0.1617 0.0886 0.9172
70.984 0.1558 0.0847 0.9045
71.021 0.1533 0.0881 0.8969
71.065 0.1506 0.0871 0.9350
71.105 0.1509 0.0865 0.9197
71.145 0.1495 0.0891 0.9122
71.185 0.1452 0.0885 0.9165
71.221 0.1432 0.0849 0.9051
71.266 0.1404 0.0844 0.8991
71.305 0.1461 0.0850 0.9002
71.345 0.1409 0.0847 0.9331
71.385 0.1365 0.0858 0.9122
71.425 0.1468 0.0848 0.8971
71.467 0.1493 0.0851 0.9388
71.507 0.1464 0.0853 0.9149
71.547 0.1535 0.0824 0.9239
71.587 0.1589 0.0830 0.9179
71.626 0.1588 0.0820 0.9137
71.666 0.1573 0.0810 0.9313
71.707 0.1604 0.0823 0.9096
71.748 0.1684 0.0816 0.9096
71.788 0.1729 0.0840 0.9204
71.827 0.1773 0.0840 0.9302
71.865 0.1829 0.0836 0.9217
71.909 0.1863 0.0800 0.9165
71.948 0.1827 0.0788 0.9597
71.988 0.1900 0.0812 0.9543
72.028 0.1915 0.0815 0.9407
72.065 0.1895 0.0843 0.9493
72.110 0.1897 0.0817 0.9339
72.149 0.1909 0.0828 0.9228
72.189 0.1900 0.0819 0.9128
72.229 0.1844 0.0821 0.9198
72.269 0.1800 0.0847 0.9311
72.310 0.1731 0.0863 0.9091
72.349 0.1697 0.0815 0.9336
72.390 0.1672 0.0846 0.9200
72.430 0.1690 0.0855 0.9279
72.469 0.1690 0.0839 0.9332
72.509 0.1678 0.0852 0.9355
72.550 0.1659 0.0805 0.9663
72.592 0.1645 0.0800 0.9135
72.631 0.1679 0.0806 0.9196
72.671 0.1723 0.0845 0.9140
72.708 0.1723 0.0846 0.9294
72.753 0.1728 0.0839 0.9274
72.792 0.1744 0.0829 0.9294
72.832 0.1784 0.0822 0.9102
72.872 0.1771 0.0847 0.9266
72.909 0.1734 0.0827 0.9252
72.953 0.1739 0.0838 0.9486
72.993 0.1743 0.0817 0.9319
73.033 0.1731 0.0845 0.9423
73.072 0.1721 0.0848 0.9078
73.112 0.1655 0.0853 0.9242
73.153 0.1571 0.0893 0.9152
73.193 0.1511 0.0838 0.9568
73.233 0.1470 0.0838 0.9285
73.273 0.1459 0.0849 0.9209
73.313 0.1444 0.0859 0.9469
73.352 0.1427 0.0876 0.9278
73.394 0.1382 0.0869 0.9019
73.434 0.1319 0.0832 0.9323
73.474 0.1259 0.0833 0.9312
73.513 0.1221 0.0861 0.9185
73.551 0.1166 0.0857 0.9220
73.595 0.1168 0.0853 0.9220
73.635 0.1186 0.0851 0.9218
73.675 0.1214 0.0850 0.9290
73.715 0.1267 0.0878 0.9356
73.752 0.1278 0.0865 0.9146
73.797 0.1296 0.0863 0.9102
73.836 0.1279 0.0860 0.8827
73.876 0.1310 0.0851 0.9176
73.916 0.1380 0.0862 0.8987
73.956 0.1421 0.0850 0.9286
73.997 0.1416 0.0854 0.8959
74.037 0.1460 0.0843 0.9286
74.077 0.1510 0.0848 0.9266
74.117 0.1542 0.0865 0.9050
74.156 0.1600 0.0868 0.8931
74.196 0.1613 0.0853 0.9500
74.237 0.1642 0.0857 0.9441
74.278 0.1607 0.0865 0.9440
74.317 0.1580 0.0861 0.9310
74.357 0.1637 0.0829 0.8907
74.395 0.1659 0.0833 0.9566
74.439 0.1669 0.0854 0.8907
74.478 0.1712 0.0845 0.9190
74.518 0.1741 0.0842 0.9332
74.558 0.1768 0.0849 0.9122
74.595 0.1760 0.0818 0.9203
74.639 0.1733 0.0873 0.9216
74.679 0.1720 0.0841 0.9392
74.719 0.1705 0.0846 0.9371
74.758 0.1633 0.0832 0.9328
74.799 0.1669 0.0867 0.9219
74.841 0.1633 0.0912 0.8999
74.880 0.1599 0.0877 0.9055
74.926 0.1555 0.0867 0.8781
74.960 0.1579 0.0874 0.8925
75.000 0.1611 0.0863 0.8765
75.040 0.1593 0.0863 0.9121
75.081 0.1567 0.0875 0.9101
75.121 0.1559 0.0884 0.8989
75.161 0.1620 0.0860 0.8989
75.201 0.1634 0.0867 0.9172
75.238 0.1660 0.0873 0.9102
75.282 0.1694 0.0879 0.9172
75.322 0.1714 0.0890 0.8773
75.362 0.1731 0.0846 0.9146
75.402 0.1778 0.0872 0.9308
75.439 0.1805 0.0865 0.9198
75.483 0.1806 0.0898 0.8970
75.522 0.1789 0.0894 0.9036
75.563 0.1810 0.0889 0.8876
75.603 0.1846 0.0861 0.8996
75.642 0.1800 0.0868 0.9273
75.683 0.1727 0.0838 0.9112
75.723 0.1754 0.0883 0.9148
75.763 0.1738 0.0856 0.9287
75.803 0.1703 0.0853 0.9451
75.842 0.1699 0.0848 0.9233
75.883 0.1675 0.0860 0.9209
75.924 0.1639 0.0861 0.9088
75.965 0.1583 0.0879 0.9337
76.005 0.1571 0.0864 0.9381
76.044 0.1563 0.0859 0.9591
76.082 0.1527 0.0864 0.9188
76.126 0.1546 0.0856 0.9237
76.166 0.1635 0.0870 0.9619
76.205 0.1676 0.0905 0.9631
76.245 0.1736 0.0872 0.9398
76.282 0.1805 0.0878 0.9222
76.327 0.1883 0.0856 0.9128
76.366 0.1941 0.0902 0.9166
76.406 0.1925 0.0908 0.9379
76.446 0.1946 0.0865 0.9361
76.486 0.1969 0.0881 0.9238
76.527 0.1964 0.0896 0.9261
76.567 0.1978 0.0882 0.9617
76.607 0.1925 0.0926 0.9529
76.647 0.1875 0.0906 0.9345
76.686 0.1807 0.0875 0.9726
76.726 0.1758 0.0870 0.9476
76.767 0.1721 0.0873 0.9536
76.808 0.1649 0.0888 0.9788
76.847 0.1553 0.0894 0.9406
76.887 0.1502 0.0874 0.9775
76.925 0.1491 0.0882 0.9762
76.969 0.1465 0.0861 0.9602
77.008 0.1464 0.0877 0.9309
77.049 0.1413 0.0912 0.9379
77.089 0.1468 0.0888 0.8969
77.126 0.1424 0.0871 0.9128
77.170 0.1403 0.0876 0.9069
77.210 0.1358 0.0894 0.8891
77.250 0.1304 0.0926 0.8689
77.290 0.1293 0.0879 0.9266
77.330 0.1288 0.0864 0.9199
77.370 0.1288 0.0868 0.9199
77.410 0.1312 0.0896 0.8912
77.450 0.1312 0.0889 0.8931
77.490 0.1294 0.0877 0.9755
77.530 0.1332 0.0845 0.9149
77.570 0.1328 0.0869 0.9409
77.611 0.1390 0.0871 0.9007
77.651 0.1457 0.0896 0.8799
77.691 0.1529 0.0882 0.9029
77.731 0.1608 0.0866 0.9200
77.768 0.1613 0.0886 0.9097
77.812 0.1615 0.0868 0.9262
77.852 0.1677 0.0852 0.9492
77.892 0.1684 0.0882 0.9347
77.931 0.1671 0.0909 0.9406
77.969 0.1663 0.0928 0.9190
78.013 0.1657 0.0891 0.9423
78.052 0.1681 0.0901 0.9365
78.092 0.1697 0.0884 0.9311
78.133 0.1711 0.0910 0.9019
78.173 0.1691 0.0906 0.9042
78.214 0.1638 0.0886 0.9042
78.254 0.1638 0.0860 0.8975
78.294 0.1730 0.0872 0.8976
78.334 0.1741 0.0858 0.9095
78.373 0.1720 0.0882 0.8936
78.413 0.1714 0.0875 0.8956
78.454 0.1727 0.0858 0.9089
78.495 0.1775 0.0810 0.8810
78.535 0.1746 0.0847 0.8910
78.574 0.1687 0.0866 0.9042
78.612 0.1597 0.0848 0.9015
78.656 0.1581 0.0842 0.9059
78.695 0.1556 0.0859 0.9107
78.735 0.1589 0.0825 0.9145
78.775 0.1525 0.0848 0.9017
78.812 0.1479 0.0849 0.9056
78.857 0.1488 0.0856 0.8786
78.896 0.1516 0.0847 0.9242
78.936 0.1554 0.0847 0.9320
78.976 0.1561 0.0826 0.9122
79.016 0.1574 0.0838 0.9227
79.057 0.1596 0.0844 0.9117
79.096 0.1734 0.0827 0.9116
79.137 0.1779 0.0866 0.9011
79.177 0.1816 0.0880 0.8882
79.217 0.1891 0.0893 0.9355
79.257 0.1898 0.0904 0.8715
79.298 0.1929 0.0908 0.9182
79.339 0.1922 0.0899 0.9171
79.378 0.1920 0.0877 0.9223
79.418 0.1938 0.0874 0.9255
79.455 0.1921 0.0895 0.9403
79.500 0.1916 0.0895 0.9437
79.539 0.1970 0.0891 0.9224
79.579 0.1913 0.0854 0.9052
79.618 0.1854 0.0853 0.9277
79.656 0.1868 0.0866 0.9646
79.700 0.1841 0.0875 0.9466
79.740 0.1880 0.0852 0.9159
79.779 0.1913 0.0866 0.9579
79.819 0.1943 0.0867 0.9579
79.863 0.1960 0.0870 0.9171
79.900 0.1973 0.0899 0.9302
79.940 0.1966 0.0901 0.9204
79.980 0.1973 0.0904 0.9405
80.020 0.1952 0.0875 0.9242
80.059 0.1926 0.0885 0.9314
80.099 0.1877 0.0910 0.9218
80.140 0.1854 0.0925 0.9306
80.181 0.1823 0.0918 0.9319
80.221 0.1730 0.0881 0.9128
80.260 0.1654 0.0913 0.8764
80.299 0.1583 0.0954 0.8998
80.342 0.1546 0.0921 0.8972
80.382 0.1487 0.0906 0.8952
80.423 0.1452 0.0909 0.8829
80.462 0.1405 0.0909 0.8829
80.499 0.1384 0.0863 0.8786
80.543 0.1288 0.0940 0.8819
80.583 0.1304 0.0943 0.8786
80.623 0.1337 0.0913 0.9105
80.663 0.1286 0.0878 0.8869
80.703 0.1277 0.0946 0.8601
80.744 0.1274 0.0931 0.8587
80.783 0.1255 0.0958 0.8758
80.824 0.1254 0.0953 0.8758
80.864 0.1234 0.0927 0.8539
80.903 0.1226 0.0913 0.8595
80.943 0.1218 0.0951 0.9082
80.984 0.1253 0.0985 0.8809
81.025 0.1317 0.0940 0.9135
81.064 0.1371 0.0883 0.8782
81.104 0.1385 0.0942 0.9097
81.141 0.1389 0.0924 0.8998
81.186 0.1437 0.0937 0.8780
81.225 0.1425 0.0946 0.9008
81.265 0.1446 0.0945 0.9161
81.305 0.1455 0.0945 0.9266
81.342 0.1473 0.0944 0.9423
81.386 0.1618 0.0984 0.9407
81.426 0.1700 0.0955 0.9333
81.467 0.1689 0.0949 0.8786
81.507 0.1671 0.0949 0.8773
81.547 0.1691 0.0952 0.8891
81.602 0.1702 0.0943 0.8712
81.627 0.1717 0.0969 0.9442
81.667 0.1700 0.0963 0.8872
81.707 0.1746 0.0960 0.8846
81.747 0.1752 0.0964 0.8921
81.786 0.1747 0.0958 0.8988
81.828 0.1729 0.0946 0.8725
81.868 0.1647 0.0958 0.8815
81.908 0.1541 0.0954 0.8725
81.948 0.1488 0.0926 0.9308
81.986 0.1482 0.0936 0.8875
82.029 0.1496 0.0964 0.8776
82.069 0.1477 0.0963 0.8832
82.109 0.1448 0.0973 0.8889
82.149 0.1442 0.0937 0.8889
82.186 0.1405 0.0940 0.8878
82.230 0.1388 0.0926 0.9067
82.269 0.1380 0.0934 0.9043
82.310 0.1386 0.0947 0.8942
82.349 0.1371 0.0920 0.8669
82.389 0.1396 0.0937 0.9127
82.430 0.1432 0.0909 0.8942
82.470 0.1456 0.0913 0.9206
82.510 0.1454 0.0951 0.8951
82.550 0.1419 0.0916 0.9115
82.590 0.1452 0.0903 0.9177
82.630 0.1445 0.0890 0.9111
82.671 0.1474 0.0920 0.9085
82.712 0.1499 0.0939 0.9143
82.752 0.1518 0.0927 0.9265
82.791 0.1543 0.0914 0.8877
82.829 0.1587 0.0918 0.9197
82.873 0.1669 0.0931 0.8679
82.912 0.1675 0.0940 0.9055
82.952 0.1663 0.0942 0.9244
82.992 0.1641 0.0934 0.9458
83.029 0.1659 0.0921 0.9126
83.073 0.1644 0.0922 0.8923
83.113 0.1701 0.0926 0.9259
83.153 0.1684 0.0947 0.9267
83.193 0.1683 0.0937 0.9521
83.233 0.1715 0.0936 0.8765
83.274 0.1679 0.0946 0.9249
83.314 0.1661 0.0939 0.9628
83.354 0.1642 0.0927 0.9409
83.394 0.1632 0.0958 0.9386
83.433 0.1660 0.0917 0.9377
83.473 0.1675 0.0949 0.9233
83.514 0.1747 0.0915 0.9221
83.554 0.1802 0.0926 0.9433
83.594 0.1792 0.0966 0.9336
83.634 0.1821 0.0939 0.9090
83.673 0.1838 0.0949 0.9589
83.716 0.1839 0.0938 0.9355
83.756 0.1907 0.0916 0.8943
83.796 0.1959 0.0960 0.9569
83.836 0.1930 0.0961 0.9605
83.873 0.1936 0.0933 0.9561
83.917 0.1909 0.0941 0.9454
83.957 0.1923 0.0938 0.9499
83.997 0.1859 0.0940 0.9628
84.036 0.1786 0.0963 0.9505
84.077 0.1735 0.0956 0.9708
84.117 0.1722 0.0926 0.9628
84.157 0.1732 0.0934 0.9282
84.199 0.1704 0.0928 0.9566
84.237 0.1632 0.0943 0.9394
84.277 0.1598 0.0938 0.9257
84.317 0.1573 0.0956 0.9257
84.358 0.1507 0.0933 0.9268
84.398 0.1504 0.0932 0.9230
84.438 0.1506 0.0961 0.9261
84.477 0.1508 0.0973 0.9072
84.515 0.1491 0.0921 0.9305
84.559 0.1520 0.0960 0.9425
84.599 0.1502 0.0931 0.9464
84.639 0.1488 0.0966 0.9059
84.679 0.1486 0.0966 0.9870
84.716 0.1495 0.0956 0.9338
84.760 0.1516 0.0929 0.9024
84.800 0.1539 0.0910 0.9405
84.840 0.1592 0.0921 0.9312
84.880 0.1659 0.0923 0.9284
84.920 0.1664 0.0940 0.9234
84.961 0.1643 0.0956 0.8964
85.001 0.1652 0.0929 0.9193
85.041 0.1674 0.0926 0.9193
85.081 0.1728 0.0927 0.9262
85.120 0.1745 0.0954 0.9205
85.160 0.1725 0.0935 0.9225
85.201 0.1738 0.0968 0.9061
85.241 0.1690 0.0968 0.9031
85.282 0.1687 0.0943 0.9172
85.321 0.1713 0.0966 0.9426
85.359 0.1675 0.0949 0.9345
85.403 0.1635 0.0950 0.9349
85.442 0.1620 0.0975 0.9425
85.482 0.1622 0.0972 0.9463
85.522 0.1627 0.0960 0.9174
85.559 0.1610 0.0960 0.9348
85.604 0.1546 0.0951 0.9323
85.643 0.1537 0.0941 0.9593
85.683 0.1499 0.0937 0.9231
85.723 0.1515 0.0962 0.9197
85.763 0.1533 0.0991 0.8919
85.804 0.1519 0.0964 0.9181
85.843 0.1496 0.0966 0.9130
85.884 0.1511 0.0939 0.9118
85.925 0.1512 0.0963 0.9041
85.964 0.1578 0.0969 0.8951
86.004 0.1550 0.1005 0.9254
86.045 0.1466 0.0964 0.9550
86.085 0.1468 0.0964 0.9070
86.125 0.1474 0.0987 0.9070
86.164 0.1529 0.0954 0.9203
86.228 0.1567 0.0962 0.9103
86.286 0.1561 0.0952 0.9193
86.326 0.1538 0.0931 0.9417
86.366 0.1530 0.0919 0.9311
86.406 0.1527 0.0931 0.9520
86.443 0.1480 0.0969 0.9241
86.487 0.1459 0.0976 0.9274
86.526 0.1514 0.0935 0.9450
86.567 0.1511 0.0953 0.9530
86.606 0.1529 0.0953 0.9241
86.646 0.1500 0.0953 0.9187
86.687 0.1457 0.0953 0.9477
86.727 0.1440 0.0961 0.9243
86.767 0.1419 0.0963 0.8903
86.807 0.1398 0.0964 0.9004
86.847 0.1392 0.0964 0.8782
86.886 0.1391 0.0975 0.9283
86.927 0.1384 0.0941 0.9293
86.968 0.1385 0.0920 0.9283
87.008 0.1409 0.0907 0.8832
87.049 0.1440 0.0956 0.8781
87.086 0.1433 0.0942 0.8795
87.130 0.1445 0.0937 0.9065
87.170 0.1476 0.0904 0.9473
87.210 0.1543 0.0891 0.9509
87.249 0.1557 0.0929 0.9299
87.287 0.1621 0.0924 0.9299
87.331 0.1672 0.0936 0.9325
87.370 0.1712 0.0917 0.9052
87.410 0.1776 0.0921 0.8981
87.450 0.1804 0.0900 0.9035
87.490 0.1812 0.0929 0.9011
87.531 0.1815 0.0937 0.9063
87.571 0.1801 0.0933 0.9317
87.611 0.1827 0.0928 0.8727
87.651 0.1798 0.0923 0.8946
87.690 0.1740 0.0925 0.9059
87.730 0.1718 0.0926 0.9059
87.771 0.1715 0.0953 0.8837
87.812 0.1711 0.0942 0.8930
87.851 0.1650 0.0940 0.8822
87.891 0.1583 0.0951 0.9046
87.929 0.1551 0.0948 0.8835
87.972 0.1479 0.0947 0.8995
88.012 0.1395 0.0951 0.9119
88.052 0.1378 0.0940 0.8676
88.092 0.1340 0.0923 0.8638
88.131 0.1321 0.0940 0.8894
88.174 0.1357 0.0941 0.9013
88.214 0.1383 0.0947 0.8910
88.254 0.1369 0.0941 0.8724
88.294 0.1321 0.0908 0.8713
88.334 0.1319 0.0900 0.8973
88.374 0.1328 0.0928 0.9105
88.414 0.1350 0.0936 0.8879
88.454 0.1383 0.0913 0.8969
88.495 0.1428 0.0914 0.9016
88.534 0.1481 0.0915 0.8669
88.573 0.1523 0.0929 0.8399
88.615 0.1550 0.0941 0.8872
88.655 0.1548 0.0944 0.9002
88.695 0.1517 0.0967 0.9032
88.735 0.1500 0.0921 0.8869
88.772 0.1482 0.0941 0.8642
88.816 0.1512 0.0947 0.9184
88.856 0.1559 0.0971 0.9001
88.896 0.1575 0.0943 0.9042
88.936 0.1571 0.0946 0.8772
88.972 0.1625 0.0981 0.8825
89.017 0.1653 0.0970 0.8815
89.056 0.1629 0.0913 0.8815
89.096 0.1604 0.0962 0.9258
89.136 0.1568 0.0947 0.9152
89.176 0.1569 0.0883 0.8931
89.217 0.1582 0.0853 0.8931
89.258 0.1642 0.0913 0.9316
89.298 0.1630 0.0964 0.9254
89.338 0.1626 0.0885 0.8911
89.377 0.1600 0.0871 0.9151
89.417 0.1611 0.0837 0.9041
89.458 0.1596 0.0835 0.9458
89.499 0.1543 0.0890 0.9083
89.539 0.1505 0.0874 0.9049
89.578 0.1538 0.0866 0.9580
89.616 0.1567 0.0868 0.9371
89.660 0.1618 0.0862 0.9160
89.699 0.1652 0.0894 0.9143
89.739 0.1606 0.0884 0.9251
89.779 0.1624 0.0889 0.9694
89.816 0.1653 0.0864 0.9491
89.860 0.1645 0.0847 0.9527
89.900 0.1674 0.0872 0.9483
89.940 0.1660 0.0905 0.9395
89.980 0.1667 0.0903 0.9396
90.020 0.1710 0.0905 0.9191
90.060 0.1701 0.0863 0.9429
90.101 0.1701 0.0858 0.9545
90.141 0.1658 0.0874 0.9204
90.181 0.1628 0.0865 0.9320
90.220 0.1619 0.0867 0.9160
90.260 0.1602 0.0836 0.9305
90.301 0.1545 0.0832 0.9154
90.342 0.1561 0.0849 0.9207
90.382 0.1525 0.0902 0.9421
90.422 0.1530 0.0923 0.9369
90.459 0.1503 0.0901 0.9159
90.503 0.1469 0.0879 0.9352
90.543 0.1443 0.0886 0.9333
90.583 0.1420 0.0929 0.9213
90.623 0.1462 0.0912 0.8988
90.660 0.1436 0.0905 0.9519
90.704 0.1398 0.0927 0.9388
90.743 0.1363 0.0923 0.9332
90.783 0.1370 0.0932 0.9575
90.823 0.1329 0.0943 0.9322
90.863 0.1350 0.0939 0.9475
90.904 0.1338 0.0897 0.9071
90.944 0.1356 0.0926 0.9205
90.984 0.1403 0.0926 0.9337
91.024 0.1416 0.0966 0.9165
91.063 0.1456 0.0943 0.8935
91.103 0.1435 0.0908 0.9273
91.145 0.1452 0.0915 0.9144
91.185 0.1476 0.0905 0.9443
91.225 0.1493 0.0920 0.9437
91.264 0.1502 0.0953 0.8787
91.302 0.1515 0.0898 0.9758
91.346 0.1536 0.0921 0.9092
91.386 0.1538 0.0916 0.9599
91.425 0.1528 0.0924 0.9422
91.466 0.1511 0.0924 0.9396
91.504 0.1514 0.0950 0.9472
91.547 0.1502 0.0929 0.9578
91.587 0.1502 0.0942 0.9197
91.627 0.1454 0.0921 0.8935
91.667 0.1384 0.0936 0.8937
91.707 0.1357 0.0971 0.9475
91.748 0.1352 0.0951 0.9102
91.787 0.1345 0.0949 0.8929
91.828 0.1345 0.0927 0.9053
91.868 0.1374 0.0943 0.9328
91.907 0.1473 0.0956 0.9029
91.947 0.1495 0.0933 0.9028
91.988 0.1542 0.0881 0.9318
92.029 0.1571 0.0895 0.8951
92.068 0.1602 0.0914 0.9169
92.108 0.1669 0.0914 0.9002
92.146 0.1724 0.0931 0.9428
92.190 0.1809 0.0910 0.9181
92.229 0.1860 0.0886 0.9181
92.269 0.1901 0.0891 0.9261
92.309 0.1926 0.0899 0.9309
92.346 0.1908 0.0908 0.9224
92.390 0.1818 0.0882 0.9499
92.430 0.1785 0.0904 0.9191
92.470 0.1746 0.0890 0.9389
92.509 0.1764 0.0893 0.9172
92.550 0.1761 0.0908 0.9359
92.591 0.1715 0.0908 0.9272
92.631 0.1736 0.0895 0.9185
92.671 0.1750 0.0874 0.9189
92.711 0.1756 0.0912 0.8914
92.751 0.1781 0.0899 0.9224
92.790 0.1778 0.0904 0.8876
92.832 0.1808 0.0885 0.9133
92.872 0.1808 0.0888 0.9143
92.912 0.1795 0.0898 0.8834
92.952 0.1827 0.0898 0.8927
92.989 0.1789 0.0928 0.9155
93.033 0.1779 0.0928 0.8903
93.073 0.1804 0.0934 0.8899
93.113 0.1832 0.0868 0.9355
93.152 0.1814 0.0877 0.9409
93.190 0.1835 0.0915 0.9018
93.234 0.1815 0.0911 0.9252
93.273 0.1835 0.0892 0.9422
93.314 0.1845 0.0875 0.9265
93.353 0.1892 0.0847 0.9084
93.394 0.1959 0.0859 0.9040
93.434 0.1960 0.0891 0.9452
93.474 0.1980 0.0843 0.9139
93.514 0.1969 0.0861 0.9055
93.554 0.1947 0.0875 0.9268
93.593 0.1929 0.0880 0.9347
93.633 0.1915 0.0889 0.9258
93.675 0.1903 0.0910 0.9586
93.716 0.1892 0.0898 0.9477
93.756 0.1856 0.0883 0.9207
93.795 0.1836 0.0888 0.9445
93.833 0.1768 0.0897 0.9465
93.877 0.1696 0.0926 0.9637
93.916 0.1675 0.0877 0.9453
93.956 0.1685 0.0899 0.9839
93.998 0.1703 0.0898 0.9421
94.033 0.1709 0.0869 0.9361
94.078 0.1696 0.0911 0.9513
94.117 0.1700 0.0924 0.9629
94.157 0.1682 0.0917 0.9200
94.197 0.1683 0.0878 0.9135
94.236 0.1679 0.0878 0.9090
94.278 0.1680 0.0896 0.9202
94.318 0.1721 0.0908 0.9424
94.358 0.1760 0.0893 0.9302
94.398 0.1743 0.0927 0.9290
94.437 0.1707 0.0893 0.9126
94.477 0.1648 0.0901 0.9372
94.518 0.1611 0.0915 0.9434
94.559 0.1579 0.0897 0.8949
94.598 0.1523 0.0932 0.8806
94.638 0.1478 0.0909 0.9065
94.675 0.1399 0.0908 0.9123
94.720 0.1319 0.0912 0.9314
94.759 0.1266 0.0942 0.9270
94.800 0.1200 0.0936 0.8843
94.840 0.1086 0.0931 0.8841
94.877 0.0989 0.0873 0.8632
94.921 0.0895 0.0945 0.8745
94.960 0.0824 0.0966 0.8951
95.001 0.0794 0.0974 0.8681
95.040 0.0714 0.0970 0.9355
95.081 0.0688 0.0971 0.9085
95.122 0.0669 0.0956 0.8911
95.161 0.0616 0.0965 0.8911
95.201 0.0639 0.0965 0.8995
95.241 0.0612 0.0965 0.9015
95.281 0.0594 0.0950 0.8955
95.320 0.0578 0.0925 0.8998
95.362 0.0618 0.0902 0.9261
95.402 0.0618 0.0959 0.8929
95.442 0.0639 0.0924 0.8908
95.482 0.0611 0.0904 0.8638
95.519 0.0640 0.0899 0.8901
95.564 0.0665 0.0925 0.8945
95.603 0.0645 0.0934 0.8828
95.643 0.0688 0.0928 0.8847
95.682 0.0672 0.0937 0.8738
95.728 0.0725 0.0908 0.8828
95.763 0.0749 0.0874 0.8908
95.803 0.0835 0.0915 0.8772
95.843 0.0874 0.0897 0.9152
95.883 0.0975 0.0904 0.8772
95.924 0.1063 0.0888 0.8871
95.965 0.1163 0.0881 0.8889
96.005 0.1258 0.0893 0.8809
96.045 0.1337 0.0901 0.8949
96.085 0.1446 0.0962 0.8662
96.124 0.1572 0.0835 0.8902
96.164 0.1697 0.0927 0.8791
96.205 0.1795 0.0910 0.8681
96.246 0.1840 0.0940 0.8670
96.286 0.1840 0.0945 0.8592
96.325 0.1848 0.0976 0.8605
96.363 0.1828 0.0980 0.8550
96.407 0.1811 0.0937 0.8569
96.446 0.1803 0.0886 0.8927
96.486 0.1746 0.0952 0.8489
96.526 0.1712 0.0956 0.8619
96.563 0.1644 0.0955 0.8429
96.607 0.1557 0.0944 0.8458
96.647 0.1494 0.0926 0.8872
96.687 0.1432 0.0936 0.8959
96.727 0.1387 0.0946 0.9282
96.766 0.1341 0.0908 0.9058
96.807 0.1310 0.0943 0.9115
96.847 0.1274 0.0910 0.9199
96.888 0.1298 0.0934 0.8975
96.927 0.1240 0.0930 0.9063
96.967 0.1226 0.0939 0.9011
97.008 0.1177 0.0930 0.8675
97.049 0.1190 0.0928 0.8823
97.089 0.1220 0.0930 0.8717
97.129 0.1245 0.0943 0.9049
97.169 0.1258 0.0919 0.9201
97.206 0.1249 0.0925 0.9201
97.251 0.1344 0.0920 0.9201
97.290 0.1368 0.0893 0.8963
97.330 0.1462 0.0890 0.9119
97.370 0.1474 0.0915 0.8959
97.406 0.1565 0.0921 0.9183
97.451 0.1675 0.0923 0.9133
97.490 0.1811 0.0920 0.9033
97.530 0.1880 0.0890 0.9361
97.570 0.1932 0.0912 0.9317
97.610 0.1948 0.0946 0.9565
97.651 0.1985 0.0927 0.9251
97.691 0.2025 0.0895 0.9345
97.731 0.1969 0.0913 0.9368
97.771 0.1945 0.0932 0.9247
97.810 0.1930 0.0933 0.9266
97.850 0.1877 0.0900 0.9135
97.892 0.1783 0.0920 0.9321
97.932 0.1683 0.0880 0.9535
97.972 0.1592 0.0888 0.9520
98.011 0.1543 0.0920 0.9664
98.050 0.1465 0.0960 0.9301
98.093 0.1457 0.0921 0.8939
98.133 0.1391 0.0938 0.9235
98.173 0.1357 0.0926 0.9097
98.213 0.1350 0.0920 0.9106
98.250 0.1410 0.0953 0.9109
98.295 0.1387 0.0958 0.9396
98.334 0.1417 0.0928 0.9450
98.374 0.1492 0.0908 0.9253
98.414 0.1565 0.0900 0.9343
98.454 0.1635 0.0901 0.9343
98.495 0.1644 0.0916 0.9443
98.534 0.1673 0.0916 0.9343
98.575 0.1669 0.0910 0.9394
98.615 0.1674 0.0908 0.9198
98.654 0.1666 0.0908 0.9104
98.693 0.1666 0.0908 0.9631
98.735 0.1648 0.0904 0.9573
98.776 0.1626 0.0895 0.9562
98.815 0.1629 0.0907 0.9435
98.855 0.1578 0.0929 0.9573
98.892 0.1548 0.0919 0.9529
98.937 0.1550 0.0932 0.9450
98.976 0.1564 0.0905 0.9518
99.016 0.1557 0.0912 0.9499
99.056 0.1525 0.0968 0.8963
99.093 0.1520 0.0911 0.9484
99.137 0.1476 0.0974 0.9049
99.177 0.1470 0.0961 0.8955
99.217 0.1411 0.0951 0.8916
99.257 0.1450 0.0905 0.8992
99.298 0.1493 0.0978 0.9402
99.338 0.1505 0.0934 0.9092
99.378 0.1519 0.0932 0.9106
99.419 0.1451 0.0950 0.9420
99.458 0.1412 0.0933 0.9740
99.498 0.1444 0.0925 0.9485
99.537 0.1520 0.0929 0.9242
99.579 0.1600 0.0945 0.9423
99.619 0.1645 0.0939 0.9440
99.659 0.1699 0.0927 0.9036
99.698 0.1826 0.0904 0.9445
99.736 0.1861 0.0929 0.9142
99.780 0.1874 0.0950 0.9132
99.819 0.1908 0.0946 0.9181
99.860 0.1950 0.0935 0.9309
99.899 0.1995 0.0926 0.9306
99.936 0.2018 0.0933 0.9318
99.980 0.1989 0.0967 0.8925
100.020 0.1927 0.0985 0.8981
100.060 0.1878 0.0885 0.9265
100.100 0.1856 0.0855 0.8765
100.140 0.1865 0.0871 0.9664
100.181 0.1780 0.0896 0.9232
100.221 0.1748 0.0929 0.9433
100.261 0.1714 0.0918 0.9381
100.301 0.1696 0.0908 0.9756
100.341 0.1669 0.0885 0.8899
100.381 0.1660 0.0899 0.9165
100.422 0.1638 0.0900 0.9410
100.463 0.1608 0.0902 0.9160
100.503 0.1605 0.0899 0.9443
100.542 0.1524 0.0896 0.9385
100.579 0.1499 0.0892 0.9393
100.624 0.1476 0.0914 0.8999
100.663 0.1484 0.0910 0.9076
100.703 0.1521 0.0928 0.9414
100.743 0.1518 0.0915 0.9173
100.780 0.1490 0.0924 0.9194
100.824 0.1485 0.0885 0.9185
100.864 0.1479 0.0904 0.9173
100.904 0.1530 0.0912 0.9053
100.944 0.1659 0.0929 0.9372
100.984 0.1717 0.0928 0.9193
101.024 0.1827 0.0914 0.8854
101.064 0.1904 0.0915 0.9135
101.105 0.1952 0.0960 0.9067
101.145 0.2018 0.0924 0.8969
101.184 0.1997 0.0904 0.9389
101.224 0.1979 0.0905 0.9112
101.265 0.2008 0.0937 0.8839
101.305 0.2017 0.0943 0.9087
101.345 0.1986 0.0940 0.9054
101.385 0.1916 0.0950 0.8802
101.423 0.1782 0.0957 0.8968
101.467 0.1686 0.0912 0.8968
101.507 0.1603 0.0963 0.8875
101.547 0.1551 0.0950 0.9171
101.587 0.1482 0.0947 0.9051
101.623 0.1386 0.0962 0.8856
101.668 0.1372 0.0907 0.8739
101.707 0.1380 0.0917 0.8777
101.748 0.1374 0.0932 0.9117
101.787 0.1340 0.0940 0.9125
101.828 0.1312 0.0906 0.9170
101.868 0.1315 0.0931 0.8826
101.908 0.1348 0.0915 0.8949
101.948 0.1367 0.0931 0.8963
101.988 0.1394 0.0953 0.9075
102.027 0.1372 0.0909 0.8728
102.067 0.1360 0.0922 0.8883
102.108 0.1387 0.0937 0.8631
102.149 0.1369 0.0946 0.9363
102.189 0.1331 0.0943 0.9355
102.228 0.1295 0.0927 0.9016
102.266 0.1302 0.0949 0.9016
102.310 0.1317 0.0937 0.8929
102.350 0.1366 0.0931 0.8881
102.389 0.1418 0.0935 0.8959
102.429 0.1459 0.0940 0.8947
102.467 0.1469 0.0959 0.9056
102.510 0.1510 0.0942 0.8874
102.550 0.1576 0.0899 0.9059
102.591 0.1625 0.0940 0.9200
102.631 0.1660 0.0932 0.9169
102.670 0.1698 0.0930 0.9205
102.711 0.1781 0.0902 0.8845
102.752 0.1808 0.0902 0.9349
102.792 0.1846 0.0896 0.9249
102.832 0.1918 0.0896 0.9165
102.871 0.1937 0.0916 0.8891
102.911 0.1882 0.0866 0.9276
102.952 0.1852 0.0915 0.8901
102.992 0.1869 0.0866 0.8858
103.032 0.1825 0.0863 0.9061
103.072 0.1778 0.0867 0.9012
103.109 0.1753 0.0877 0.9286
103.154 0.1740 0.0871 0.9065
103.193 0.1699 0.0844 0.9155
103.233 0.1683 0.0836 0.9165
103.273 0.1675 0.0881 0.9095
103.310 0.1610 0.0914 0.8705
103.354 0.1522 0.0905 0.9011
103.394 0.1514 0.0887 0.9011
103.434 0.1546 0.0908 0.8903
103.474 0.1548 0.0901 0.8685
103.514 0.1558 0.0914 0.8662
103.554 0.1542 0.0925 0.8795
103.594 0.1537 0.0926 0.8758
103.635 0.1487 0.0905 0.8758
103.675 0.1485 0.0942 0.8848
103.714 0.1439 0.0973 0.8390
103.754 0.1392 0.0992 0.9195
103.796 0.1407 0.0970 0.9064
103.836 0.1398 0.0980 0.8935
103.876 0.1422 0.0972 0.8919
103.916 0.1406 0.0970 0.8549
103.953 0.1352 0.0971 0.9363
103.997 0.1279 0.0976 0.9081
104.037 0.1291 0.0973 0.9161
104.077 0.1274 0.0966 0.9115
104.116 0.1314 0.0979 0.9089
104.153 0.1320 0.0990 0.8921
104.198 0.1361 0.0945 0.9129
104.237 0.1405 0.0945 0.8997
104.277 0.1389 0.0955 0.9081
104.317 0.1380 0.0953 0.9194
104.357 0.1401 0.0952 0.9317
104.398 0.1412 0.0946 0.9172
104.438 0.1471 0.0945 0.9131
104.478 0.1514 0.0972 0.9215
104.518 0.1563 0.0947 0.9517
104.557 0.1615 0.0972 0.8930
104.597 0.1643 0.0983 0.9367
104.638 0.1660 0.0979 0.9237
104.679 0.1637 0.0957 0.8959
104.719 0.1652 0.0940 0.9197
104.758 0.1660 0.0940 0.9208
104.797 0.1687 0.0941 0.9389
104.841 0.1668 0.0941 0.9327
104.880 0.1643 0.0901 0.9137
104.920 0.1591 0.0903 0.9194
104.960 0.1557 0.0903 0.9057
104.997 0.1530 0.0896 0.9239
105.041 0.1472 0.0906 0.9249
105.081 0.1444 0.0914 0.9714
105.121 0.1416 0.0904 0.9731
105.161 0.1448 0.0902 0.9265
105.201 0.1441 0.0904 0.9265
105.242 0.1443 0.0903 0.9195
105.281 0.1459 0.0939 0.9280
105.322 0.1471 0.0888 0.9215
105.362 0.1487 0.0923 0.9391
105.401 0.1508 0.0884 0.9469
105.441 0.1486 0.0918 0.9546
105.482 0.1497 0.0910 0.9160
105.522 0.1499 0.0917 0.9243
105.562 0.1533 0.0937 0.9104
105.602 0.1589 0.0894 0.9381
105.639 0.1603 0.0895 0.9451
105.683 0.1637 0.0943 0.9527
105.723 0.1685 0.0959 0.8912
105.763 0.1720 0.0939 0.8912
105.802 0.1707 0.0913 0.9122
105.841 0.1729 0.0913 0.9591
105.884 0.1741 0.0918 0.9503
105.925 0.1817 0.0925 0.9266
105.965 0.1872 0.0936 0.9321
106.004 0.1907 0.0944 0.9041
106.044 0.1902 0.0924 0.8986
106.085 0.1895 0.0923 0.9151
106.125 0.1909 0.0953 0.9043
106.165 0.1860 0.0966 0.8923
106.205 0.1805 0.0931 0.9092
106.245 0.1752 0.0976 0.9212
106.284 0.1746 0.0950 0.9121
106.326 0.1722 0.0963 0.9273
106.366 0.1676 0.0991 0.9213
106.406 0.1664 0.1002 0.8931
106.445 0.1627 0.0999 0.9047
106.483 0.1639 0.1004 0.9111
106.527 0.1600 0.1016 0.9238
106.567 0.1576 0.1029 0.9197
106.606 0.1539 0.1018 0.9197
106.695 0.1530 0.1033 0.8849
106.723 0.1521 0.1041 0.9127
106.767 0.1483 0.1056 0.8868
106.807 0.1452 0.1045 0.8849
106.847 0.1483 0.1049 0.9211
106.887 0.1504 0.1033 0.9519
106.927 0.1482 0.1035 0.8958
106.968 0.1441 0.1012 0.8958
107.008 0.1451 0.1026 0.9017
107.049 0.1424 0.1002 0.8709
107.089 0.1384 0.1002 0.8905
107.128 0.1390 0.0952 0.9028
107.168 0.1404 0.0967 0.8801
107.209 0.1428 0.1011 0.9189
107.250 0.1445 0.0993 0.9423
107.290 0.1526 0.1013 0.9519
107.329 0.1530 0.0975 0.9502
107.366 0.1500 0.0936 0.9075
107.410 0.1583 0.0967 0.9047
107.450 0.1616 0.0983 0.9065
107.490 0.1665 0.0988 0.8979
107.530 0.1749 0.0949 0.8897
107.567 0.1819 0.0936 0.9194
107.611 0.1944 0.0936 0.9102
107.651 0.2031 0.0938 0.9499
107.691 0.2066 0.0934 0.9448
107.731 0.2085 0.0949 0.9498
107.770 0.2063 0.0943 0.9615
107.811 0.2063 0.0930 0.9571
107.851 0.2093 0.0932 0.9598
107.892 0.2058 0.0958 0.9659
107.931 0.2032 0.0940 0.9547
107.971 0.2018 0.0923 0.9295
108.010 0.1955 0.0923 0.9285
108.052 0.1887 0.0937 0.9791
108.092 0.1873 0.0926 0.9782
108.133 0.1799 0.0929 0.9575
108.173 0.1693 0.0926 0.9190
108.210 0.1661 0.0916 0.9224
108.254 0.1611 0.0924 0.8905
108.294 0.1584 0.0949 0.9185
108.334 0.1545 0.0924 0.9360
108.373 0.1505 0.0924 0.9053
108.411 0.1494 0.0907 0.9285
108.455 0.1450 0.0919 0.8955
108.494 0.1463 0.0922 0.9127
108.535 0.1489 0.0924 0.9282
108.574 0.1453 0.0920 0.9068
108.614 0.1445 0.0908 0.8798
108.655 0.1480 0.0876 0.9068
108.695 0.1539 0.0878 0.8761
108.735 0.1592 0.0895 0.9015
108.775 0.1643 0.0899 0.8641
108.815 0.1692 0.0906 0.9063
108.854 0.1733 0.0896 0.8691
108.895 0.1764 0.0931 0.9043
108.936 0.1824 0.0869 0.9095
108.976 0.1832 0.0890 0.9186
109.015 0.1863 0.0883 0.9198
109.053 0.1912 0.0876 0.9102
109.097 0.1894 0.0887 0.8930
109.137 0.1935 0.0855 0.9290
109.176 0.1962 0.0907 0.9494
109.217 0.1980 0.0907 0.9180
109.255 0.2001 0.0886 0.9532
109.298 0.1986 0.0880 0.9431
109.338 0.1996 0.0889 0.8771
109.378 0.1984 0.0887 0.9110
109.418 0.1964 0.0878 0.9317
109.458 0.1970 0.0897 0.9333
109.499 0.1935 0.0907 0.9541
109.538 0.1899 0.0893 0.9439
109.579 0.1882 0.0944 0.9007
109.619 0.1852 0.0910 0.9375
109.658 0.1783 0.0931 0.9138
109.697 0.1712 0.0910 0.9031
109.739 0.1621 0.0891 0.9253
109.779 0.1556 0.0908 0.8893
109.819 0.1503 0.0925 0.9223
109.859 0.1505 0.0923 0.8897
109.897 0.1490 0.0910 0.8949
109.940 0.1429 0.0909 0.8793
109.980 0.1431 0.0900 0.8823
110.020 0.1410 0.0902 0.8917
110.060 0.1389 0.0920 0.8926
110.096 0.1367 0.0921 0.9044
110.141 0.1333 0.0909 0.9391
110.181 0.1319 0.0910 0.8912
110.221 0.1320 0.0885 0.8912
110.261 0.1325 0.0889 0.9598
110.300 0.1348 0.0899 0.9182
110.342 0.1350 0.0937 0.9152
110.382 0.1360 0.0907 0.8918
110.422 0.1407 0.0914 0.8738
110.462 0.1444 0.0924 0.9182
110.502 0.1489 0.0917 0.9098
110.541 0.1521 0.0951 0.9118
110.583 0.1555 0.0936 0.9174
110.623 0.1583 0.0935 0.9459
110.663 0.1640 0.0897 0.9348
110.702 0.1684 0.0919 0.9499
110.740 0.1720 0.0966 0.9286
110.784 0.1738 0.0899 0.8938
110.824 0.1763 0.1016 0.9282
110.864 0.1769 0.0921 0.9194
110.903 0.1763 0.0964 0.9194
110.941 0.1733 0.0979 0.8981
110.985 0.1717 0.0930 0.9625
111.024 0.1681 0.0958 0.9571
111.064 0.1656 0.0909 0.9224
111.104 0.1638 0.0921 0.9042
111.144 0.1621 0.0935 0.9042
111.185 0.1558 0.0941 0.9622
111.225 0.1533 0.0918 0.9019
111.265 0.1495 0.0895 0.9036
111.305 0.1451 0.0884 0.9306
111.344 0.1417 0.0891 0.9036
111.384 0.1374 0.0904 0.9295
111.425 0.1364 0.0894 0.9205
111.467 0.1335 0.0892 0.9060
111.506 0.1317 0.0908 0.8759
111.546 0.1270 0.0906 0.8851
111.583 0.1269 0.0943 0.9098
111.627 0.1203 0.0939 0.9428
111.667 0.1192 0.0922 0.9341
111.707 0.1150 0.0929 0.8949
111.747 0.1151 0.0912 0.9119
111.784 0.1167 0.0905 0.9217
111.828 0.1133 0.0925 0.9089
111.868 0.1089 0.0902 0.9089
111.908 0.1084 0.0909 0.9056
111.948 0.1099 0.0905 0.9194
111.988 0.1097 0.0894 0.9344
112.029 0.1142 0.0943 0.9014
112.068 0.1151 0.0923 0.8975
112.109 0.1190 0.0916 0.8793
112.148 0.1207 0.0930 0.9055
112.188 0.1252 0.0906 0.9322
112.230 0.1265 0.0933 0.9091
112.269 0.1307 0.0948 0.9311
112.309 0.1364 0.0948 0.9011
112.349 0.1411 0.0910 0.8871
112.389 0.1406 0.0906 0.8960
112.426 0.1398 0.0935 0.9093
112.471 0.1397 0.0934 0.9253
112.510 0.1424 0.0929 0.9303
112.550 0.1427 0.0905 0.9361
112.591 0.1376 0.0878 0.9305
112.627 0.1405 0.0896 0.9352
112.672 0.1397 0.0922 0.9226
112.712 0.1426 0.0936 0.9660
112.752 0.1399 0.0921 0.9365
112.791 0.1353 0.0901 0.9171
112.832 0.1338 0.0894 0.9093
112.872 0.1399 0.0917 0.9111
112.912 0.1445 0.0929 0.9515
112.952 0.1500 0.0943 0.9355
112.992 0.1470 0.0906 0.9262
113.032 0.1455 0.0906 0.9190
113.071 0.1490 0.0888 0.9033
113.112 0.1508 0.0906 0.8915
113.153 0.1513 0.0910 0.9192
113.193 0.1511 0.0907 0.9139
113.232 0.1502 0.0896 0.9077
113.270 0.1457 0.0906 0.8717
113.314 0.1459 0.0879 0.8915
113.354 0.1409 0.0902 0.8997
113.393 0.1332 0.0903 0.9402
113.433 0.1239 0.0904 0.9421
113.470 0.1197 0.0920 0.8751
113.515 0.1203 0.0891 0.8832
113.554 0.1182 0.0944 0.8861
113.594 0.1145 0.0902 0.9082
113.634 0.1116 0.0914 0.9020
113.675 0.1102 0.0896 0.9052
113.716 0.1097 0.0909 0.8668
113.756 0.1140 0.0929 0.8598
113.796 0.1116 0.0940 0.8868
113.836 0.1136 0.0926 0.9039
113.875 0.1176 0.0907 0.8689
113.915 0.1216 0.0924 0.8988
113.956 0.1307 0.0908 0.8851
113.996 0.1358 0.0936 0.9020
114.036 0.1396 0.0943 0.8705
114.076 0.1434 0.0910 0.9053
114.113 0.1438 0.0903 0.8844
114.158 0.1474 0.0922 0.8833
114.197 0.1555 0.0921 0.9447
114.237 0.1578 0.0928 0.9272
114.277 0.1617 0.0934 0.9123
114.314 0.1645 0.0874 0.9123
114.358 0.1701 0.0914 0.9302
114.398 0.1761 0.0918 0.9099
114.438 0.1769 0.0928 0.9284
114.478 0.1771 0.0940 0.9403
114.518 0.1791 0.0923 0.9325
114.559 0.1829 0.0914 0.9006
114.598 0.1936 0.0911 0.9359
114.639 0.2000 0.0943 0.9323
114.678 0.1957 0.0924 0.9284
114.718 0.1984 0.0967 0.9418
114.758 0.2022 0.0924 0.9338
114.800 0.2095 0.0907 0.9398
114.840 0.2133 0.0935 0.9269
114.880 0.2167 0.0967 0.9224
114.920 0.2148 0.0919 0.9544
114.957 0.2146 0.0931 0.9135
115.001 0.2139 0.0945 0.8917
115.041 0.2095 0.0920 0.9119
115.081 0.2018 0.0944 0.9511
115.120 0.1951 0.0944 0.9440
115.158 0.1925 0.0944 0.9488
115.202 0.1872 0.0947 0.9499
115.241 0.1803 0.0940 0.9045
115.281 0.1743 0.0982 0.9078
115.321 0.1685 0.0959 0.9219
115.361 0.1581 0.0968 0.9695
115.402 0.1554 0.0918 0.9295
115.442 0.1506 0.0927 0.9161
115.482 0.1463 0.0952 0.9031
115.522 0.1449 0.0970 0.8963
115.561 0.1437 0.0954 0.9144
115.601 0.1447 0.0946 0.9202
115.642 0.1481 0.0934 0.9137
115.683 0.1491 0.0944 0.8548
115.723 0.1545 0.0965 0.8925
115.762 0.1533 0.0978 0.8889
115.800 0.1545 0.0961 0.8994
115.844 0.1541 0.0974 0.9164
115.884 0.1543 0.0952 0.9238
115.924 0.1549 0.0956 0.9026
115.964 0.1538 0.0982 0.9077
116.001 0.1496 0.0990 0.8911
116.045 0.1513 0.0971 0.9247
116.085 0.1478 0.0958 0.9108
116.125 0.1457 0.0977 0.8982
116.165 0.1436 0.0983 0.9041
116.205 0.1384 0.0985 0.9341
116.246 0.1371 0.0991 0.9181
116.285 0.1324 0.0980 0.9021
116.326 0.1238 0.0985 0.8851
116.366 0.1244 0.0981 0.9342
116.405 0.1301 0.0991 0.9464
116.445 0.1281 0.0993 0.9254
116.486 0.1305 0.0973 0.9552
116.526 0.1335 0.0985 0.9443
116.567 0.1385 0.0979 0.9254
116.606 0.1439 0.0925 0.9431
116.643 0.1457 0.0945 0.9423
116.688 0.1457 0.0950 0.9423
116.727 0.1481 0.0922 0.9502
116.767 0.1526 0.0893 0.9548
116.807 0.1649 0.0925 0.9853
116.844 0.1706 0.0943 0.9279
116.888 0.1633 0.0937 0.9241
116.928 0.1655 0.0910 0.9267
116.968 0.1700 0.0900 0.9225
117.008 0.1750 0.0891 0.9413
117.049 0.1743 0.0926 0.9662
117.089 0.1676 0.0896 0.9519
117.129 0.1611 0.0890 0.9508
117.169 0.1624 0.0870 0.9369
117.209 0.1642 0.0889 0.9297
117.249 0.1659 0.0905 0.9310
117.288 0.1619 0.0904 0.8965
117.330 0.1574 0.0889 0.8941
117.370 0.1567 0.0878 0.9220
117.410 0.1604 0.0899 0.9180
117.450 0.1629 0.0930 0.8909
117.487 0.1585 0.0955 0.9153
117.531 0.1562 0.0938 0.9031
117.571 0.1556 0.0922 0.9081
117.611 0.1610 0.0930 0.8862
117.650 0.1581 0.0913 0.9029
117.687 0.1536 0.0952 0.9084
117.731 0.1487 0.0968 0.9093
117.771 0.1467 0.0920 0.9100
117.811 0.1450 0.0935 0.8946
117.851 0.1461 0.0924 0.8805
117.891 0.1436 0.0943 0.8955
117.932 0.1405 0.0934 0.9165
117.972 0.1389 0.0950 0.9107
118.012 0.1416 0.0916 0.8999
118.052 0.1479 0.0914 0.9129
118.092 0.1515 0.0911 0.9205
118.132 0.1594 0.0931 0.9238
118.173 0.1676 0.0956 0.9482
118.213 0.1713 0.0902 0.9489
118.253 0.1761 0.0913 0.9249
118.293 0.1843 0.0902 0.9141
118.331 0.1902 0.0915 0.9431
118.375 0.1913 0.0918 0.9478
118.414 0.1905 0.0936 0.9218
118.454 0.1895 0.0915 0.9148
118.494 0.1886 0.0921 0.9425
118.531 0.1843 0.0923 0.9455
118.575 0.1788 0.0906 0.9312
118.615 0.1718 0.0923 0.9314
118.655 0.1659 0.0889 0.9633
118.695 0.1641 0.0889 0.9478
118.735 0.1597 0.0885 0.9488
118.776 0.1540 0.0931 0.9181
118.815 0.1471 0.0943 0.9218
118.856 0.1387 0.0920 0.9209
118.895 0.1346 0.0900 0.9079
118.935 0.1331 0.0901 0.9457
118.975 0.1317 0.0924 0.9161
119.016 0.1293 0.0963 0.9098
119.056 0.1258 0.0941 0.9026
119.096 0.1183 0.0940 0.8846
119.136 0.1184 0.0954 0.8767
119.174 0.1148 0.0908 0.8858
119.217 0.1152 0.0949 0.9021
119.258 0.1113 0.0951 0.8942
119.298 0.1066 0.0939 0.9011
119.338 0.1122 0.0942 0.9276
119.374 0.1120 0.0919 0.8759
119.419 0.1123 0.0940 0.8687
119.458 0.1124 0.0938 0.8907
119.499 0.1084 0.0935 0.8830
119.538 0.1071 0.0922 0.8618
119.578 0.1146 0.0929 0.8463
119.619 0.1175 0.0910 0.8817
119.659 0.1167 0.0924 0.8828
119.699 0.1137 0.0917 0.8569
119.739 0.1128 0.0931 0.8569
119.779 0.1134 0.0909 0.8725
119.818 0.1112 0.0917 0.8961
119.859 0.1113 0.0942 0.8944
119.900 0.1088 0.0937 0.9045
119.940 0.1087 0.0933 0.8729
119.979 0.1099 0.0888 0.8805
120.017 0.1124 0.0887 0.8717
120.061 0.1094 0.0943 0.8955
120.100 0.1061 0.0933 0.9073
120.140 0.1073 0.0952 0.8669
120.180 0.1073 0.0934 0.8862
120.217 0.1059 0.0925 0.9011
120.261 0.1108 0.0973 0.9077
120.301 0.1116 0.0973 0.9154
120.342 0.1137 0.0944 0.9064
120.382 0.1176 0.0921 0.9339
120.422 0.1172 0.0976 0.9165
120.463 0.1189 0.0904 0.9134
120.503 0.1208 0.0941 0.8974
120.543 0.1242 0.0928 0.8950
120.583 0.1260 0.0927 0.8923
120.622 0.1237 0.0926 0.8897
120.662 0.1229 0.0910 0.8897
120.703 0.1253 0.0944 0.8897
120.743 0.1240 0.0907 0.9147
120.783 0.1224 0.0949 0.8935
120.823 0.1187 0.0994 0.8827
120.860 0.1175 0.0975 0.9085
120.905 0.1156 0.0897 0.9224
120.944 0.1145 0.0932 0.9159
120.984 0.1078 0.0953 0.8479
121.024 0.1003 0.0929 0.9107
121.061 0.0962 0.0901 0.8773
121.105 0.0936 0.0910 0.8789
121.145 0.0972 0.0933 0.8563
121.185 0.0980 0.0953 0.8563
121.225 0.0949 0.0910 0.8770
121.264 0.0944 0.0933 0.8933
121.306 0.0956 0.0933 0.8857
121.345 0.0964 0.0896 0.8323
121.385 0.0991 0.0926 0.8911
121.425 0.0976 0.0950 0.8917
121.466 0.1005 0.0937 0.9007
121.506 0.1061 0.0925 0.8801
121.547 0.1108 0.0917 0.8781
121.587 0.1158 0.0920 0.8723
121.627 0.1149 0.0951 0.8994
121.667 0.1152 0.0942 0.8473
121.704 0.1169 0.0940 0.8682
121.748 0.1187 0.0926 0.8445
121.788 0.1214 0.0932 0.9035
121.828 0.1239 0.0943 0.8889
121.867 0.1234 0.0948 0.8901
121.905 0.1282 0.0940 0.9133
121.949 0.1312 0.0927 0.8970
121.988 0.1319 0.0916 0.9085
122.028 0.1303 0.0942 0.8709
122.068 0.1287 0.0941 0.8795
122.108 0.1308 0.0941 0.8835
122.149 0.1314 0.0915 0.9294
122.189 0.1287 0.0902 0.9076
122.229 0.1323 0.0913 0.9291
122.269 0.1339 0.0939 0.9204
122.308 0.1329 0.0924 0.8982
122.348 0.1332 0.0915 0.9192
122.389 0.1344 0.0899 0.9265
122.430 0.1343 0.0903 0.9265
122.470 0.1349 0.0908 0.9105
122.509 0.1390 0.0883 0.9116
122.547 0.1415 0.0906 0.8854
122.591 0.1447 0.0895 0.8942
122.659 0.1424 0.0892 0.9195
122.711 0.1465 0.0932 0.9102
122.751 0.1445 0.0901 0.9139
122.788 0.1444 0.0887 0.9442
122.832 0.1402 0.0882 0.9438
122.872 0.1342 0.0888 0.8959
122.912 0.1300 0.0931 0.9411
122.952 0.1298 0.0944 0.9181
122.992 0.1245 0.0933 0.9094
123.032 0.1241 0.0874 0.9073
123.072 0.1219 0.0883 0.9095
123.112 0.1199 0.0934 0.9124
123.153 0.1228 0.0926 0.8945
123.192 0.1189 0.0929 0.9132
123.232 0.1176 0.0909 0.9132
123.273 0.1129 0.0893 0.9309
123.313 0.1152 0.0896 0.9208
123.353 0.1188 0.0905 0.9008
123.393 0.1230 0.0914 0.9061
123.430 0.1207 0.0904 0.9337
123.474 0.1218 0.0897 0.9089
123.514 0.1199 0.0875 0.9046
123.554 0.1154 0.0902 0.9306
123.593 0.1144 0.0902 0.9306
123.632 0.1170 0.0911 0.9344
123.675 0.1195 0.0910 0.9344
123.715 0.1198 0.0878 0.8952
123.756 0.1219 0.0884 0.8814
123.795 0.1221 0.0897 0.9084
123.835 0.1208 0.0908 0.8945
123.876 0.1136 0.0897 0.8814
123.916 0.1113 0.0900 0.8820
123.956 0.1121 0.0892 0.8820
123.996 0.1137 0.0907 0.9143
124.035 0.1150 0.0917 0.9118
124.075 0.1141 0.0905 0.8922
124.116 0.1100 0.0906 0.9082
124.157 0.1072 0.0897 0.9082
124.197 0.1076 0.0897 0.9169
124.236 0.1097 0.0929 0.9257
124.274 0.1094 0.0928 0.9333
124.318 0.1092 0.0955 0.9295
124.358 0.1141 0.0926 0.8867
124.398 0.1169 0.0959 0.8756
124.437 0.1151 0.0930 0.9264
124.474 0.1112 0.0930 0.9264
124.518 0.1073 0.0929 0.9042
124.558 0.1050 0.0911 0.9518
124.598 0.1024 0.0914 0.9381
124.638 0.1009 0.0898 0.9221
124.678 0.0999 0.0924 0.9221
124.719 0.0986 0.0898 0.9149
124.759 0.0981 0.0929 0.8777
124.800 0.1003 0.0885 0.9257
124.840 0.0972 0.0893 0.9491
124.879 0.0943 0.0903 0.9249
124.919 0.0933 0.0903 0.9408
124.960 0.0945 0.0890 0.9227
125.000 0.0955 0.0900 0.8977
125.040 0.0975 0.0885 0.9243
125.080 0.1009 0.0910 0.9313
125.117 0.0987 0.0914 0.9349
125.163 0.0953 0.0916 0.9393
125.201 0.0935 0.0924 0.9199
125.241 0.0956 0.0881 0.8811
125.281 0.0928 0.0923 0.8974
125.318 0.0923 0.0939 0.8575
125.362 0.0940 0.0943 0.9109
125.402 0.0959 0.0922 0.8987
125.442 0.0973 0.0934 0.8821
125.482 0.0970 0.0928 0.8711
125.522 0.1018 0.0985 0.8773
125.563 0.1013 0.0927 0.8605
125.602 0.1077 0.0929 0.8467
125.643 0.1133 0.0929 0.8699
125.683 0.1216 0.0949 0.8981
125.722 0.1268 0.0968 0.8761
125.762 0.1309 0.0937 0.8865
125.803 0.1362 0.0946 0.9105
125.843 0.1411 0.0928 0.9071
125.883 0.1426 0.0929 0.8835
125.924 0.1485 0.0938 0.8835
125.961 0.1507 0.0938 0.9347
126.005 0.1518 0.0918 0.9105
126.045 0.1536 0.0912 0.8845
126.085 0.1520 0.0904 0.8981
126.125 0.1538 0.0912 0.8752
126.162 0.1539 0.0916 0.8991
126.207 0.1530 0.0930 0.8914
126.245 0.1537 0.0931 0.8764
126.285 0.1540 0.0902 0.8754
126.325 0.1512 0.0905 0.8930
126.365 0.1582 0.0905 0.8698
126.406 0.1559 0.0904 0.8826
126.446 0.1595 0.0888 0.9001
126.486 0.1650 0.0861 0.8987
126.526 0.1696 0.0877 0.9229
126.565 0.1753 0.0868 0.9493
126.605 0.1778 0.0919 0.9486
126.646 0.1821 0.0883 0.9484
126.687 0.1835 0.0900 0.8956
126.727 0.1853 0.0900 0.9216
126.766 0.1877 0.0879 0.9216
126.803 0.1886 0.0912 0.9268
126.848 0.1816 0.0904 0.9306
126.887 0.1815 0.0928 0.9172
126.927 0.1794 0.0913 0.9122
126.967 0.1731 0.0905 0.9139
127.006 0.1673 0.0907 0.9409
127.049 0.1583 0.0906 0.9187
127.089 0.1560 0.0909 0.9421
127.129 0.1478 0.0917 0.9450
127.169 0.1416 0.0901 0.9002
127.209 0.1327 0.0899 0.8969
127.250 0.1198 0.0920 0.8793
127.290 0.1159 0.0915 0.9479
127.330 0.1147 0.0919 0.8967
127.370 0.1111 0.0919 0.8967
127.409 0.1100 0.0919 0.8987
127.449 0.1090 0.0907 0.9065
127.490 0.1042 0.0916 0.9065
127.531 0.1054 0.0918 0.9065
127.570 0.1066 0.0947 0.8775
127.610 0.1082 0.0895 0.8672
127.647 0.1071 0.0881 0.8632
127.691 0.1099 0.0900 0.8779
127.731 0.1159 0.0927 0.9146
127.771 0.1185 0.0915 0.9061
127.811 0.1193 0.0878 0.8999
127.848 0.1204 0.0879 0.8999
127.892 0.1208 0.0872 0.9002
127.931 0.1198 0.0896 0.9052
127.972 0.1240 0.0885 0.9309
128.011 NaN 0.0888 0.9023
128.051 NaN 0.0839 0.9185
128.092 NaN 0.0853 0.9108
128.133 NaN 0.0903 0.9108
128.173 NaN 0.0879 0.9224
128.213 NaN 0.0875 0.9251
128.253 NaN 0.0875 0.9398
128.292 NaN 0.0866 0.9379
