75.402 NaN 0.0753 0.9186
75.439 NaN 0.0755 0.9497
75.483 NaN 0.0780 0.9088
75.522 NaN 0.0779 0.9124
75.563 NaN 0.0756 0.9476
75.603 NaN 0.0774 0.9598
75.642 NaN 0.0759 0.9778
75.683 0.1756 0.0776 0.9601
75.723 0.1712 0.0794 0.9337
75.763 0.1723 0.0767 0.9497
75.803 0.1677 0.0747 0.9334
75.842 0.1619 0.0757 0.9047
75.883 0.1585 0.0734 0.9622
75.924 0.1551 0.0744 0.9610
75.965 0.1572 0.0760 0.9532
76.005 0.1538 0.0761 0.9438
76.044 0.1497 0.0712 0.9162
76.082 0.1504 0.0708 0.8936
76.126 0.1506 0.0710 0.8899
76.166 0.1545 0.0776 0.9181
76.205 0.1586 0.0707 0.9160
76.245 0.1581 0.0716 0.9209
76.282 0.1614 0.0702 0.9087
76.327 0.1638 0.0711 0.8902
76.366 0.1659 0.0734 0.9250
76.406 0.1673 0.0756 0.9145
76.446 0.1683 0.0764 0.9478
76.486 0.1673 0.0726 0.9396
76.527 0.1644 0.0699 0.8878
76.567 0.1602 0.0729 0.9182
76.607 0.1573 0.0772 0.8977
76.647 0.1608 0.0761 0.9051
76.686 0.1581 0.0735 0.9409
76.726 0.1542 0.0740 0.9139
76.767 0.1475 0.0732 0.9229
76.808 0.1472 0.0760 0.9372
76.847 0.1478 0.0730 0.9051
76.887 0.1453 0.0730 0.9568
76.925 0.1422 0.0718 0.9508
76.969 0.1406 0.0709 0.9043
77.008 0.1451 0.0743 0.9092
77.049 0.1480 0.0772 0.9095
77.089 0.1508 0.0741 0.9390
77.126 0.1484 0.0733 0.9550
77.170 0.1448 0.0728 0.9476
77.210 0.1524 0.0742 0.9291
77.250 0.1560 0.0778 0.9238
77.290 0.1549 0.0768 0.9238
77.330 0.1519 0.0742 0.9322
77.370 0.1587 0.0728 0.9139
77.410 0.1588 0.0728 0.9238
77.450 0.1558 0.0771 0.9378
77.490 0.1570 0.0777 0.9352
77.530 0.1577 0.0769 0.8899
77.570 0.1544 0.0777 0.9382
77.611 0.1558 0.0771 0.9236
77.651 0.1597 0.0788 0.9236
77.691 0.1570 0.0788 0.9236
77.731 0.1575 0.0779 0.9307
77.768 0.1558 0.0778 0.9025
77.812 0.1610 0.0746 0.9459
77.852 0.1603 0.0734 0.9127
77.892 0.1637 0.0779 0.9542
77.931 0.1720 0.0799 0.9508
77.969 0.1698 0.0782 0.9446
78.013 0.1642 0.0739 0.8873
78.052 0.1681 0.0726 0.9598
78.092 0.1713 0.0788 0.9228
78.133 0.1713 0.0793 0.9355
78.173 0.1727 0.0775 0.9389
78.214 0.1731 0.0754 0.9399
78.254 0.1772 0.0722 0.9680
78.294 0.1789 0.0699 0.9509
78.334 0.1830 0.0716 0.9182
78.373 0.1822 0.0755 0.9126
78.413 0.1774 0.0736 0.9557
78.454 0.1770 0.0716 0.9267
78.495 0.1810 0.0717 0.9483
78.535 0.1844 0.0750 0.9476
78.574 0.1818 0.0757 0.9973
78.612 0.1770 0.0739 0.9701
78.656 0.1762 0.0729 0.9324
78.695 0.1775 0.0699 0.9506
78.735 0.1778 0.0710 0.9342
78.775 0.1809 0.0733 0.9447
78.812 0.1755 0.0762 0.9369
78.857 0.1725 0.0745 0.9778
78.896 0.1709 0.0730 0.9465
78.936 0.1713 0.0689 0.9545
78.976 0.1733 0.0737 0.9352
79.016 0.1725 0.0733 0.9441
79.057 0.1691 0.0740 0.9269
79.096 0.1762 0.0719 0.9489
79.137 0.1777 0.0709 0.9379
79.177 0.1703 0.0717 0.9447
79.217 0.1662 0.0728 0.9723
79.257 0.1581 0.0718 0.9203
79.298 0.1565 0.0712 0.9430
79.339 0.1541 0.0710 0.9673
79.378 0.1526 0.0709 0.9475
79.418 0.1584 0.0720 0.9242
79.455 0.1576 0.0748 0.9129
79.500 0.1592 0.0734 0.9420
79.539 0.1654 0.0726 0.9140
79.579 0.1642 0.0691 0.9367
79.618 0.1668 0.0681 0.9015
79.656 0.1709 0.0693 0.9236
79.700 0.1792 0.0747 0.9439
79.740 0.1849 0.0743 0.9135
79.779 0.1848 0.0745 0.9119
79.819 0.1883 0.0729 0.9133
79.863 0.1904 0.0748 0.9442
79.900 0.1853 0.0739 0.9348
79.940 0.1870 0.0738 0.9588
79.980 0.1852 0.0718 0.9088
80.020 0.1801 0.0703 0.8998
80.059 0.1775 0.0737 0.9120
80.099 0.1713 0.0748 0.9517
80.140 0.1689 0.0763 0.9328
80.181 0.1635 0.0752 0.9238
80.221 0.1575 0.0729 0.9562
80.260 0.1603 0.0738 0.9288
80.299 0.1565 0.0753 0.9277
80.342 0.1591 0.0770 0.9862
80.382 0.1614 0.0752 0.9552
80.423 0.1612 0.0742 0.9333
80.462 0.1623 0.0729 0.9352
80.499 0.1639 0.0744 0.9552
80.543 0.1691 0.0767 0.9584
80.583 0.1716 0.0755 0.9125
80.623 0.1686 0.0767 0.9576
80.663 0.1708 0.0722 0.9454
80.703 0.1719 0.0717 0.9069
80.744 0.1668 0.0742 0.9111
80.783 0.1685 0.0745 0.9646
80.824 0.1633 0.0735 0.9276
80.864 0.1645 0.0705 0.9119
80.903 0.1658 0.0695 0.9241
80.943 0.1596 0.0728 0.9015
80.984 0.1581 0.0721 0.9068
81.025 0.1552 0.0740 0.9025
81.064 0.1526 0.0701 0.9525
81.104 0.1571 0.0743 0.9437
81.141 0.1561 0.0718 0.8937
81.186 0.1568 0.0764 0.9598
81.225 0.1666 0.0753 0.9757
81.265 0.1684 0.0761 0.9594
81.305 0.1692 0.0743 0.9757
81.342 0.1669 0.0748 0.9195
81.386 0.1717 0.0779 0.9261
81.426 0.1757 0.0786 0.9429
81.467 0.1800 0.0755 0.9769
81.507 0.1809 0.0737 0.9204
81.547 0.1797 0.0725 0.9032
81.602 0.1797 0.0737 0.9505
81.627 0.1800 0.0758 0.9203
81.667 0.1788 0.0735 0.9109
81.707 0.1768 0.0776 0.9396
81.747 0.1736 0.0725 0.9293
81.786 0.1709 0.0714 0.9423
81.828 0.1771 0.0739 0.9431
81.868 0.1741 0.0735 0.9529
81.908 0.1703 0.0733 0.9489
81.948 0.1682 0.0727 0.9851
81.986 0.1646 0.0718 0.9629
82.029 0.1669 0.0722 0.9419
82.069 0.1683 0.0711 0.9757
82.109 0.1694 0.0691 0.9535
82.149 0.1728 0.0693 0.9528
82.186 0.1720 0.0688 0.9619
82.230 0.1748 0.0714 0.9562
82.269 0.1787 0.0773 0.9331
82.310 0.1780 0.0749 0.9388
82.349 0.1769 0.0705 0.9756
82.389 0.1800 0.0708 0.9539
82.430 0.1858 0.0695 0.9450
82.470 0.1879 0.0745 0.9162
82.510 0.1889 0.0772 0.8922
82.550 0.1895 0.0745 0.9424
82.590 0.1842 0.0731 0.9397
82.630 0.1815 0.0730 0.9301
82.671 0.1862 0.0748 0.8930
82.712 0.1877 0.0719 0.8805
82.752 0.1930 0.0709 0.9151
82.791 0.1967 0.0720 0.9200
82.829 0.1994 0.0750 0.9295
82.873 0.2020 0.0728 0.9369
82.912 0.1998 0.0727 0.9592
82.952 0.1997 0.0719 0.9382
82.992 0.2092 0.0708 0.9615
83.029 0.2073 0.0715 0.9222
83.073 0.2139 0.0690 0.9061
83.113 0.2178 0.0683 0.8945
83.153 0.2164 0.0738 0.9180
83.193 0.2112 0.0731 0.8961
83.233 0.2027 0.0710 0.9322
83.274 0.1999 0.0698 0.9361
83.314 0.1979 0.0700 0.8826
83.354 0.1970 0.0724 0.8948
83.394 0.1922 0.0756 0.9146
83.433 0.1935 0.0727 0.9359
83.473 0.1867 0.0689 0.9105
83.514 0.1890 0.0720 0.9082
83.554 0.1923 0.0712 0.9363
83.594 0.1975 0.0743 0.9299
83.634 0.2041 0.0731 0.9471
83.673 0.2036 0.0722 0.9442
83.716 0.2105 0.0718 0.9471
83.756 0.2151 0.0680 0.9249
83.796 0.2135 0.0754 0.9647
83.836 0.2090 0.0777 0.9410
83.873 0.2121 0.0740 0.9452
83.917 0.2133 0.0736 0.9106
83.957 0.2160 0.0711 0.9139
83.997 0.2189 0.0753 0.9161
84.036 0.2195 0.0762 0.9191
84.077 0.2174 0.0799 0.8945
84.117 0.2122 0.0785 0.9286
84.157 0.2136 0.0734 0.9088
84.199 0.2177 0.0769 0.9508
84.237 0.2162 0.0790 0.9043
84.277 0.2137 0.0798 0.8777
84.317 0.2185 0.0790 0.9105
84.358 0.2175 0.0769 0.9383
84.398 0.2152 0.0758 0.9005
84.438 0.2131 0.0764 0.9099
84.477 0.2083 0.0815 0.9414
84.515 0.2003 0.0815 0.9399
84.559 0.2031 0.0782 0.8973
84.599 0.2009 0.0803 0.9408
84.639 0.2032 0.0761 0.9679
84.679 0.2013 0.0828 0.9285
84.716 0.1966 0.0826 0.9113
84.760 0.1981 0.0801 0.9601
84.800 0.1968 0.0800 0.9298
84.840 0.1966 0.0772 0.9739
84.880 0.1985 0.0788 0.9386
84.920 0.1971 0.0789 0.9618
84.961 0.1964 0.0777 0.9370
85.001 0.1964 0.0786 0.9321
85.041 0.1907 0.0766 0.9321
85.081 0.1916 0.0776 0.9353
85.120 0.1879 0.0811 0.9323
85.160 0.1836 0.0809 0.9413
85.201 0.1808 0.0768 0.9326
85.241 0.1749 0.0753 0.9215
85.282 0.1750 0.0741 0.9222
85.321 0.1767 0.0770 0.9288
85.359 0.1740 0.0742 0.9431
85.403 0.1772 0.0747 0.9382
85.442 0.1756 0.0734 0.8955
85.482 0.1763 0.0723 0.9225
85.522 0.1770 0.0735 0.9141
85.559 0.1720 0.0765 0.9277
85.604 0.1694 0.0769 0.9118
85.643 0.1678 0.0742 0.9059
85.683 0.1682 0.0751 0.9404
85.723 0.1696 0.0734 0.9448
85.763 0.1673 0.0772 0.9381
85.804 0.1651 0.0766 0.9304
85.843 0.1665 0.0741 0.9142
85.884 0.1647 0.0731 0.9056
85.925 0.1648 0.0742 0.9355
85.964 0.1674 0.0761 0.8968
86.004 0.1655 0.0775 0.9294
86.045 0.1627 0.0741 0.9113
86.085 0.1612 0.0762 0.9389
86.125 0.1639 0.0731 0.9052
86.164 0.1646 0.0744 0.9052
86.228 0.1651 0.0767 0.9342
86.286 0.1668 0.0782 0.9358
86.326 0.1655 0.0747 0.9266
86.366 0.1664 0.0762 0.9039
86.406 0.1661 0.0786 0.9343
86.443 0.1649 0.0802 0.9363
86.487 0.1644 0.0780 0.9363
86.526 0.1709 0.0787 0.9020
86.567 0.1771 0.0779 0.9201
86.606 0.1822 0.0796 0.9499
86.646 0.1851 0.0812 0.9290
86.687 0.1858 0.0809 0.9169
86.727 0.1892 0.0776 0.9419
86.767 0.1900 0.0770 0.9354
86.807 0.1919 0.0763 0.9289
86.847 0.1907 0.0815 0.9289
86.886 0.1926 0.0809 0.9559
86.927 0.1949 0.0830 0.9388
86.968 0.1935 0.0816 0.9391
87.008 0.1942 0.0801 0.9278
87.049 0.1936 0.0823 0.9552
87.086 0.1900 0.0832 0.9472
87.130 0.1868 0.0826 0.9462
87.170 0.1889 0.0819 0.9392
87.210 0.1891 0.0826 0.9508
87.249 0.1873 0.0828 0.9592
87.287 0.1844 0.0849 0.9450
87.331 0.1807 0.0837 0.9552
87.370 0.1764 0.0864 0.9149
87.410 0.1752 0.0840 0.9389
87.450 0.1788 0.0818 0.9299
87.490 0.1795 0.0813 0.9299
87.531 0.1775 0.0835 0.9257
87.571 0.1787 0.0813 0.9382
87.611 0.1785 0.0812 0.9156
87.651 0.1777 0.0780 0.9174
87.690 0.1764 0.0812 0.9072
87.730 0.1766 0.0823 0.8939
87.771 0.1776 0.0807 0.9158
87.812 0.1794 0.0845 0.8904
87.851 0.1851 0.0811 0.9040
87.891 0.1821 0.0808 0.9671
87.929 0.1781 0.0801 0.9169
87.972 0.1748 0.0830 0.9388
88.012 0.1722 0.0812 0.9424
88.052 0.1710 0.0818 0.9412
88.092 0.1711 0.0817 0.9312
88.131 0.1700 0.0815 0.9286
88.174 0.1674 0.0820 0.9242
88.214 0.1635 0.0809 0.9325
88.254 0.1607 0.0832 0.9350
88.294 0.1581 0.0788 0.9490
88.334 0.1538 0.0780 0.9403
88.374 0.1529 0.0808 0.9393
88.414 0.1494 0.0837 0.9233
88.454 0.1499 0.0817 0.9243
88.495 0.1544 0.0792 0.9272
88.534 0.1550 0.0785 0.9700
88.573 0.1497 0.0816 0.9392
88.615 0.1468 0.0831 0.9411
88.655 0.1426 0.0842 0.9153
88.695 0.1433 0.0828 0.9356
88.735 0.1450 0.0797 0.9751
88.772 0.1471 0.0794 0.9272
88.816 0.1496 0.0826 0.9247
88.856 0.1457 0.0823 0.9322
88.896 0.1454 0.0823 0.9262
88.936 0.1459 0.0817 0.9246
88.972 0.1423 0.0824 0.9259
89.017 0.1357 0.0835 0.9356
89.056 0.1364 0.0835 0.9431
89.096 0.1415 0.0834 0.9422
89.136 0.1413 0.0828 0.9382
89.176 0.1441 0.0814 0.9700
89.217 0.1457 0.0808 0.8981
89.258 0.1470 0.0801 0.9043
89.298 0.1457 0.0837 0.9163
89.338 0.1460 0.0820 0.9361
89.377 0.1496 0.0826 0.9355
89.417 0.1509 0.0806 0.9233
89.458 0.1561 0.0803 0.9325
89.499 0.1598 0.0835 0.9245
89.539 0.1661 0.0808 0.9286
89.578 0.1660 0.0777 0.9126
89.616 0.1659 0.0788 0.9152
89.660 0.1695 0.0771 0.9076
89.699 0.1719 0.0805 0.9248
89.739 0.1749 0.0820 0.9248
89.779 0.1745 0.0831 0.9024
89.816 0.1768 0.0820 0.9464
89.860 0.1802 0.0821 0.9138
89.900 0.1821 0.0845 0.9186
89.940 0.1811 0.0874 0.9249
89.980 0.1800 0.0851 0.9424
90.020 0.1754 0.0859 0.9350
90.060 0.1715 0.0861 0.9317
90.101 0.1721 0.0843 0.9309
90.141 0.1746 0.0839 0.9109
90.181 0.1760 0.0872 0.9279
90.220 0.1765 0.0886 0.9239
90.260 0.1776 0.0876 0.9257
90.301 0.1821 0.0848 0.9004
90.342 0.1879 0.0849 0.8999
90.382 0.1897 0.0886 0.9078
90.422 0.1873 0.0895 0.9367
90.459 0.1852 0.0878 0.9053
90.503 0.1882 0.0843 0.9063
90.543 0.1891 0.0863 0.9140
90.583 0.1917 0.0837 0.9667
90.623 0.1905 0.0837 0.9508
90.660 0.1884 0.0844 0.9781
90.704 0.1854 0.0779 0.9432
90.743 0.1871 0.0779 0.9442
90.783 0.1876 0.0790 0.9602
90.823 0.1860 0.0794 0.9736
90.863 0.1859 0.0794 0.9476
90.904 0.1868 0.0798 0.9063
90.944 0.1911 0.0796 0.9333
90.984 0.1922 0.0825 0.9383
91.024 0.1978 0.0834 0.9323
91.063 0.1985 0.0842 0.9359
91.103 0.1979 0.0798 0.9555
91.145 0.1987 0.0799 0.9602
91.185 0.2000 0.0814 0.9183
91.225 0.1989 0.0832 0.9209
91.264 0.1966 0.0837 0.9648
91.302 0.1933 0.0823 0.9593
91.346 0.1911 0.0780 0.9473
91.386 0.1881 0.0785 0.9312
91.425 0.1857 0.0786 0.9562
91.466 0.1834 0.0796 0.9828
91.504 0.1779 0.0799 0.9396
91.547 0.1733 0.0799 0.9537
91.587 0.1724 0.0753 0.9753
91.627 0.1738 0.0763 0.9769
91.667 0.1698 0.0827 0.9573
91.707 0.1670 0.0835 0.9537
91.748 0.1629 0.0815 0.9593
91.787 0.1611 0.0806 0.9693
91.828 0.1588 0.0799 0.9708
91.868 0.1590 0.0808 0.9632
91.907 0.1566 0.0819 0.9487
91.947 0.1565 0.0825 0.9854
91.988 0.1568 0.0781 0.9236
92.029 0.1583 0.0775 0.9659
92.068 0.1623 0.0785 0.9629
92.108 0.1616 0.0795 0.9715
92.146 0.1629 0.0826 0.9649
92.190 0.1639 0.0807 0.9379
92.229 0.1675 0.0818 0.9597
92.269 0.1695 0.0814 0.9251
92.309 0.1671 0.0832 0.9485
92.346 0.1699 0.0842 0.9179
92.390 0.1722 0.0837 0.9449
92.430 0.1720 0.0832 0.9483
92.470 0.1737 0.0814 0.9198
92.509 0.1751 0.0831 0.9033
92.550 0.1728 0.0842 0.9445
92.591 0.1698 0.0854 0.9116
92.631 0.1662 0.0833 0.9251
92.671 0.1637 0.0840 0.9404
92.711 0.1613 0.0852 0.9440
92.751 0.1595 0.0841 0.9440
92.790 0.1619 0.0859 0.9463
92.832 0.1551 0.0832 0.9230
92.872 0.1495 0.0832 0.9464
92.912 0.1462 0.0850 0.9435
92.952 0.1439 0.0851 0.8955
92.989 0.1390 0.0868 0.9233
93.033 0.1358 0.0868 0.9443
93.073 0.1352 0.0835 0.8892
93.113 0.1346 0.0804 0.9141
93.152 0.1349 0.0813 0.9153
93.190 0.1356 0.0838 0.8905
93.234 0.1351 0.0849 0.9408
93.273 0.1317 0.0852 0.9425
93.314 0.1325 0.0807 0.9519
93.353 0.1351 0.0818 0.9285
93.394 0.1364 0.0847 0.9335
93.434 0.1376 0.0839 0.9657
93.474 0.1389 0.0838 0.9592
93.514 0.1416 0.0792 0.9512
93.554 0.1409 0.0765 0.9512
93.593 0.1392 0.0752 0.9532
93.633 0.1368 0.0801 0.9963
93.675 0.1326 0.0790 0.9870
93.716 0.1299 0.0795 0.9339
93.756 0.1258 0.0777 0.9720
93.795 0.1281 0.0779 0.9745
93.833 0.1261 0.0779 0.9919
93.877 0.1222 0.0800 0.9532
93.916 0.1175 0.0799 0.9843
93.956 0.1158 0.0809 0.9225
93.998 0.1131 0.0806 0.9225
94.033 0.1127 0.0784 0.9618
94.078 0.1134 0.0805 0.9618
94.117 0.1159 0.0826 0.9311
94.157 0.1205 0.0787 0.9625
94.197 0.1222 0.0789 0.9625
94.236 0.1254 0.0780 0.9661
94.278 0.1231 0.0791 0.9661
94.318 0.1211 0.0790 0.9615
94.358 0.1246 0.0796 0.9615
94.398 0.1272 0.0776 0.9661
94.437 0.1299 0.0776 0.9579
94.477 0.1275 0.0778 0.9790
94.518 0.1243 0.0815 0.9769
94.559 0.1210 0.0790 0.9887
94.598 0.1205 0.0778 0.9505
94.638 0.1181 0.0786 0.9592
94.675 0.1163 0.0766 0.9617
94.720 0.1104 0.0775 0.9819
94.759 0.1088 0.0795 0.9819
94.800 0.1036 0.0795 0.9942
94.840 0.1019 0.0794 0.9899
94.877 0.1012 0.0789 0.9636
94.921 0.0962 0.0768 0.9636
94.960 0.0942 0.0788 0.9589
95.001 0.0926 0.0777 0.9885
95.040 0.0902 0.0756 0.9809
95.081 0.0863 0.0762 0.9488
95.122 0.0815 0.0774 0.9669
95.161 0.0772 0.0793 0.9475
95.201 0.0750 0.0826 0.9476
95.241 0.0718 0.0789 0.9475
95.281 0.0723 0.0757 0.9464
95.320 0.0677 0.0767 0.9629
95.362 0.0648 0.0770 0.9629
95.402 0.0642 0.0776 0.9713
95.442 0.0631 0.0770 0.9604
95.482 0.0624 0.0761 0.9593
95.519 0.0641 0.0780 0.9608
95.564 0.0634 0.0782 0.9608
95.603 0.0638 0.0791 0.9742
95.643 0.0643 0.0769 0.9763
95.682 0.0649 0.0771 0.9713
95.728 0.0630 0.0748 0.9713
95.763 0.0628 0.0749 0.9449
95.803 0.0661 0.0759 0.9719
95.843 0.0671 0.0775 0.9755
95.883 0.0661 0.0773 0.9799
95.924 0.0682 0.0735 0.9615
95.965 0.0705 0.0729 0.9637
96.005 0.0656 0.0726 0.9713
96.045 0.0668 0.0775 0.9713
96.085 0.0693 0.0787 0.9713
96.124 0.0699 0.0763 0.9468
96.164 0.0698 0.0764 0.9582
96.205 0.0697 0.0765 0.9593
96.246 0.0692 0.0767 0.9669
96.286 0.0677 0.0767 0.9432
96.325 0.0684 0.0791 0.9455
96.363 0.0645 0.0755 0.9475
96.407 0.0659 0.0740 0.9505
96.446 0.0630 0.0750 0.9516
96.486 0.0683 0.0772 0.9729
96.526 0.0653 0.0761 0.9415
96.563 0.0654 0.0770 0.9459
96.607 0.0622 0.0751 0.9509
96.647 0.0627 0.0746 0.9689
96.687 0.0664 0.0784 0.9561
96.727 0.0697 0.0819 0.9955
96.766 0.0712 0.0804 0.9878
96.807 0.0723 0.0805 0.9466
96.847 0.0756 0.0753 0.9305
96.888 0.0760 0.0764 0.9305
96.927 0.0757 0.0812 0.9582
96.967 0.0734 0.0811 0.9852
97.008 0.0759 0.0789 0.9852
97.049 0.0764 0.0781 0.9325
97.089 0.0763 0.0772 0.9325
97.129 0.0763 0.0790 0.9279
97.169 0.0720 0.0797 0.9279
97.206 0.0692 0.0796 0.9165
97.251 0.0696 0.0789 0.9466
97.290 0.0676 0.0789 0.9455
97.330 0.0669 0.0785 0.9725
97.370 0.0660 0.0824 0.9702
97.406 0.0678 0.0821 0.9677
97.451 0.0671 0.0821 0.9702
97.490 0.0697 0.0820 0.9432
97.530 0.0654 0.0791 0.9313
97.570 0.0697 0.0806 0.9063
97.610 0.0680 0.0823 0.9173
97.651 0.0718 0.0807 0.9506
97.691 0.0721 0.0787 0.9442
97.731 0.0723 0.0791 0.9355
97.771 0.0730 0.0791 0.9183
97.810 0.0699 0.0847 0.9259
97.850 0.0733 0.0812 0.9478
97.892 0.0748 0.0783 0.9478
97.932 0.0780 0.0814 0.9389
97.972 0.0756 0.0808 0.9445
98.011 0.0779 0.0833 0.9192
98.050 0.0728 0.0829 0.8947
98.093 0.0712 0.0819 0.9147
98.133 0.0700 0.0828 0.8969
98.173 0.0697 0.0797 0.8779
98.213 0.0695 0.0825 0.9045
98.250 0.0655 0.0844 0.8939
98.295 0.0673 0.0876 0.9099
98.334 0.0620 0.0826 0.9132
98.374 0.0559 0.0855 0.8675
98.414 0.0565 0.0841 0.8655
98.454 0.0545 0.0861 0.8772
98.495 0.0508 0.0863 0.8872
98.534 0.0522 0.0837 0.8762
98.575 0.0486 0.0837 0.8832
98.615 0.0506 0.0830 0.9132
98.654 0.0505 0.0818 0.9132
98.693 0.0501 0.0835 0.9197
98.735 0.0540 0.0818 0.9242
98.776 0.0591 0.0810 0.9172
98.815 0.0630 0.0794 0.9290
98.855 0.0708 0.0789 0.9139
98.892 0.0686 0.0806 0.8810
98.937 0.0677 0.0809 0.8754
98.976 0.0736 0.0814 0.8854
99.016 0.0778 0.0821 0.8854
99.056 0.0851 0.0800 0.8379
99.093 0.0866 0.0809 0.9183
99.137 0.0887 0.0800 0.9032
99.177 0.0917 0.0790 0.9052
99.217 0.0934 0.0805 0.9052
99.257 0.0911 0.0797 0.9069
99.298 0.0944 0.0822 0.8863
99.338 0.0949 0.0829 0.8949
99.378 0.0936 0.0818 0.8987
99.419 0.0943 0.0829 0.8987
99.458 0.0935 0.0815 0.8685
99.498 0.0927 0.0813 0.8685
99.537 0.0927 0.0803 0.8685
99.579 0.0931 0.0812 0.8793
99.619 0.0920 0.0800 0.8793
99.659 0.0925 0.0807 0.9227
99.698 0.0933 0.0786 0.9033
99.736 0.0934 0.0808 0.8846
99.780 0.0899 0.0800 0.8615
99.819 0.0837 0.0821 0.8615
99.860 0.0847 0.0813 0.8674
99.899 0.0852 0.0813 0.8623
99.936 0.0855 0.0817 0.8867
99.980 0.0850 0.0832 0.8674
100.020 0.0805 0.0821 0.8468
100.060 0.0771 0.0823 0.8468
100.100 0.0729 0.0814 0.8487
100.140 0.0685 0.0820 0.8543
100.181 0.0671 0.0834 0.8743
100.221 0.0625 0.0863 0.8847
100.261 0.0619 0.0853 0.8968
100.301 0.0641 0.0833 0.8800
100.341 0.0662 0.0829 0.9128
100.381 0.0642 0.0836 0.8707
100.422 0.0634 0.0857 0.9396
100.463 0.0600 0.0866 0.8845
100.503 0.0618 0.0854 0.8673
100.542 0.0652 0.0847 0.8725
100.579 0.0663 0.0847 0.8469
100.624 0.0686 0.0861 0.8758
100.663 0.0626 0.0902 0.8709
100.703 0.0607 0.0902 0.8709
100.743 0.0606 0.0887 0.8803
100.780 0.0613 0.0864 0.8645
100.824 0.0550 0.0873 0.8688
100.864 0.0569 0.0895 0.8782
100.904 0.0577 0.0944 0.8898
100.944 0.0579 0.0903 0.8869
100.984 0.0612 0.0907 0.8637
101.024 0.0643 0.0888 0.8617
101.064 0.0706 0.0910 0.8671
101.105 0.0776 0.0910 0.8746
101.145 0.0880 0.0905 0.8357
101.184 0.0977 0.0892 0.8715
101.224 0.1008 0.0862 0.9008
101.265 0.1035 0.0931 0.8579
101.305 0.1110 0.0942 0.8987
101.345 0.1176 0.0893 0.8827
101.385 0.1213 0.0903 0.8966
101.423 0.1232 0.0906 0.9007
101.467 0.1272 0.0919 0.8747
101.507 0.1263 0.1017 0.8735
101.547 0.1243 0.0973 0.8824
101.587 0.1223 0.0969 0.8884
101.623 0.1177 0.0973 0.8895
101.668 0.1146 0.0920 0.9099
101.707 0.1165 0.0947 0.9115
101.748 0.1155 0.0991 0.9019
101.787 0.1154 0.0935 0.8982
101.828 0.1122 0.0885 0.8796
101.868 0.1102 0.0871 0.8796
101.908 0.1103 0.0897 0.8761
101.948 0.1103 0.0901 0.9115
101.988 0.1086 0.0912 0.9255
102.027 0.1067 0.0926 0.9489
102.067 0.1053 0.0890 0.9371
102.108 0.1089 0.0891 0.8871
102.149 0.1086 0.0917 0.8743
102.189 0.1070 0.0912 0.8936
102.228 0.1097 0.0926 0.8786
102.266 0.1078 0.0955 0.9063
102.310 0.1085 0.0915 0.9453
102.350 0.1070 0.0882 0.9189
102.389 0.1087 0.0909 0.9189
102.429 0.1069 0.0936 0.9189
102.467 0.1080 0.0903 0.9198
102.510 0.1082 0.0914 0.9101
102.550 0.1073 0.0880 0.9002
102.591 0.1057 0.0867 0.9173
102.631 0.1041 0.0868 0.9153
102.670 0.1036 0.0877 0.9009
102.711 0.1006 0.0876 0.9078
102.752 0.1031 0.0805 0.9027
102.792 0.1024 0.0834 0.9063
102.832 0.0976 0.0905 0.9052
102.871 0.0949 0.0890 0.8924
102.911 0.0926 0.0884 0.9553
102.952 0.0929 0.0844 0.9163
102.992 0.0927 0.0840 0.9281
103.032 0.0952 0.0815 0.9063
103.072 0.0970 0.0889 0.9203
103.109 0.0960 0.0853 0.9079
103.154 0.0952 0.0823 0.9142
103.193 0.0979 0.0837 0.9166
103.233 0.0979 0.0823 0.9173
103.273 0.0981 0.0814 0.9379
103.310 0.1014 0.0826 0.9303
103.354 0.1025 0.0826 0.9085
103.394 0.1063 0.0803 0.9023
103.434 0.1052 0.0821 0.8936
103.474 0.1055 0.0815 0.9345
103.514 0.1065 0.0842 0.9335
103.554 0.1035 0.0819 0.9335
103.594 0.1030 0.0831 0.9125
103.635 0.1021 0.0797 0.8867
103.675 0.1014 0.0817 0.9059
103.714 0.0999 0.0907 0.9306
103.754 0.0980 0.0872 0.9371
103.796 0.0975 0.0840 0.9231
103.836 0.0976 0.0824 0.9441
103.876 0.0950 0.0835 0.9356
103.916 0.0914 0.0855 0.9092
103.953 0.0881 0.0886 0.9216
103.997 0.0883 0.0863 0.9264
104.037 0.0829 0.0835 0.9179
104.077 0.0784 0.0833 0.9375
104.116 0.0843 0.0823 0.9255
104.153 0.0858 0.0853 0.9419
104.198 0.0829 0.0849 0.9334
104.237 0.0852 0.0854 0.9364
104.277 0.0915 0.0828 0.9429
104.317 0.0971 0.0837 0.9427
104.357 0.1018 0.0897 0.8699
104.398 0.1070 0.0898 0.8914
104.438 0.1155 0.0909 0.8971
104.478 0.1201 0.0850 0.9225
104.518 0.1265 0.0846 0.9204
104.557 0.1374 0.0895 0.9194
104.597 0.1361 0.0923 0.9247
104.638 0.1344 0.0870 0.8939
104.679 0.1390 0.0898 0.9239
104.719 0.1414 0.0891 0.8943
104.758 0.1405 0.0875 0.8976
104.797 0.1383 0.0897 0.9241
104.841 0.1395 0.0902 0.8977
104.880 0.1454 0.0979 0.9421
104.920 0.1511 0.0852 0.9165
104.960 0.1484 0.0872 0.9417
104.997 0.1488 0.0870 0.9385
105.041 0.1499 0.0899 0.9353
105.081 0.1503 0.0904 0.9318
105.121 0.1519 0.0907 0.9269
105.161 0.1526 0.0905 0.8990
105.201 0.1527 0.0889 0.8757
105.242 0.1493 0.0893 0.9069
105.281 0.1449 0.0952 0.9068
105.322 0.1401 0.0905 0.8929
105.362 0.1359 0.0892 0.8825
105.401 0.1247 0.0882 0.8923
105.441 0.1157 0.0918 0.8911
105.482 0.1084 0.0927 0.9320
105.522 0.1026 0.0929 0.8900
105.562 0.1023 0.0899 0.8681
105.602 0.1034 0.0906 0.8795
105.639 0.1032 0.0914 0.8956
105.683 0.1001 0.0932 0.8872
105.723 0.0992 0.0945 0.8872
105.763 0.0988 0.0951 0.9136
105.802 0.1017 0.0922 0.9058
105.841 0.1019 0.0919 0.9252
105.884 0.1019 0.0955 0.9048
105.925 0.1070 0.0955 0.9187
105.965 0.1137 0.0959 0.9230
106.004 0.1170 0.0933 0.9281
106.044 0.1181 0.0965 0.9825
106.085 0.1155 0.0927 0.9228
106.125 0.1153 0.0975 0.9213
106.165 0.1189 0.0948 0.9208
106.205 0.1210 0.0956 0.9529
106.245 0.1266 0.0953 0.9678
106.284 0.1284 0.0893 0.9182
106.326 0.1293 0.0941 0.9432
106.366 0.1329 0.0905 0.9432
106.406 0.1366 0.0916 0.9487
106.445 0.1388 0.0906 0.9439
106.483 0.1474 0.0896 0.9561
106.527 0.1496 0.0892 0.8925
106.567 0.1567 0.0926 0.9366
106.606 0.1628 0.0918 0.8868
106.695 0.1654 0.0899 0.9775
106.723 0.1637 0.0899 0.9265
106.767 0.1649 0.0913 0.9245
106.807 0.1658 0.0947 0.9470
106.847 0.1653 0.0940 0.9551
106.887 0.1653 0.0909 0.9296
106.927 0.1669 0.0895 0.9246
106.968 0.1617 0.0923 0.9195
107.008 0.1613 0.0948 0.9110
107.049 0.1576 0.0918 0.9186
107.089 0.1543 0.0919 0.9168
107.128 0.1529 0.0915 0.8772
107.168 0.1505 0.0917 0.9300
107.209 0.1483 0.0924 0.9205
107.250 0.1486 0.0940 0.9204
107.290 0.1455 0.0914 0.9077
107.329 0.1424 0.0915 0.9336
107.366 0.1431 0.0893 0.9510
107.410 0.1420 0.0906 0.9696
107.450 0.1446 0.0923 0.9397
107.490 0.1457 0.0941 0.9389
107.530 0.1441 0.0913 0.8966
107.567 0.1405 0.0917 0.8982
107.611 0.1374 0.0919 0.8902
107.651 0.1400 0.0948 0.8927
107.691 0.1427 0.0939 0.8804
107.731 0.1428 0.0936 0.8792
107.770 0.1425 0.0947 0.8959
107.811 0.1477 0.0927 0.8875
107.851 0.1477 0.0948 0.9050
107.892 0.1482 0.0953 0.9399
107.931 0.1439 0.0972 0.8971
107.971 0.1361 0.0984 0.8935
108.010 0.1320 0.0943 0.8804
108.052 0.1354 0.0947 0.8933
108.092 0.1372 0.0965 0.8817
108.133 0.1365 0.0970 0.9225
108.173 0.1333 0.0979 0.9118
108.210 0.1308 0.0997 0.9457
108.254 0.1343 0.0906 0.9035
108.294 0.1321 0.0939 0.9379
108.334 0.1324 0.0948 0.9273
108.373 0.1322 0.0924 0.9180
108.411 0.1302 0.0894 0.9200
108.455 0.1319 0.0906 0.9342
108.494 0.1358 0.0903 0.9206
108.535 0.1346 0.0931 0.9102
108.574 0.1342 0.0944 0.9091
108.614 0.1325 0.0959 0.9280
108.655 0.1328 0.0956 0.9290
108.695 0.1329 0.0943 0.9405
108.735 0.1253 0.0952 0.9288
108.775 0.1198 0.0988 0.9143
108.815 0.1152 0.0959 0.9171
108.854 0.1097 0.0948 0.9019
108.895 0.1064 0.0916 0.9368
108.936 0.1056 0.0913 0.9126
108.976 0.1052 0.0937 0.9043
109.015 0.1068 0.0911 0.8942
109.053 0.1043 0.0919 0.8805
109.097 0.0983 0.0925 0.8854
109.137 0.0974 0.0916 0.9064
109.176 0.0985 0.0944 0.8773
109.217 0.1011 0.0958 0.8783
109.255 0.1021 0.0968 0.9025
109.298 0.1041 0.0965 0.9219
109.338 0.0998 0.0939 0.9043
109.378 0.0989 0.0921 0.9139
109.418 0.0943 0.0942 0.8864
109.458 0.0894 0.0970 0.9145
109.499 0.0809 0.0958 0.9028
109.538 0.0746 0.0949 0.9411
109.579 0.0693 0.0984 0.9639
109.619 0.0652 0.0967 0.9411
109.658 0.0566 0.0969 0.9303
109.697 0.0498 0.0981 0.9004
109.739 0.0446 0.0946 0.9585
109.779 0.0366 0.0954 0.9369
109.819 0.0327 0.0985 0.9267
109.859 0.0283 0.1006 0.9323
109.897 0.0275 0.0987 0.9013
109.940 0.0289 0.0964 0.8997
109.980 0.0271 0.0949 0.9053
110.020 0.0263 0.0963 0.9053
110.060 0.0283 0.0949 0.9053
110.096 0.0325 0.0986 0.9053
110.141 0.0318 0.0962 0.9323
110.181 0.0316 0.0957 0.9003
110.221 0.0295 0.0951 0.9003
110.261 0.0291 0.0951 0.8613
110.300 0.0295 0.1000 0.9299
110.342 0.0332 0.0992 0.9272
110.382 0.0324 0.0971 0.9272
110.422 0.0268 0.0991 0.9182
110.462 0.0295 0.0992 0.9272
110.502 0.0331 0.1028 0.9182
110.541 0.0358 0.0980 0.9343
110.583 0.0324 0.0962 0.9532
110.623 0.0339 0.0975 0.9471
110.663 0.0400 0.0942 0.9443
110.702 0.0462 0.0968 0.9376
110.740 0.0539 0.1003 0.9714
110.784 0.0633 0.0981 0.9671
110.824 0.0704 0.1001 0.9671
110.864 0.0760 0.0986 0.9392
110.903 0.0843 0.0977 0.9478
110.941 0.0862 0.1021 0.9335
110.985 0.0856 0.1010 0.9396
111.024 0.0860 0.1015 0.9265
111.064 0.0846 0.1003 0.9183
111.104 0.0869 0.0993 0.9099
111.144 0.0846 0.1011 0.9336
111.185 0.0805 0.1011 0.9394
111.225 0.0765 0.1011 0.9162
111.265 0.0738 0.0993 0.9215
111.305 0.0708 0.0974 0.9248
111.344 0.0686 0.0978 0.9548
111.384 0.0658 0.1020 0.9245
111.425 0.0674 0.1020 0.9309
111.467 0.0676 0.0992 0.9309
111.506 0.0684 0.0991 0.9330
111.546 0.0744 0.0979 0.9306
111.583 0.0787 0.1009 0.9321
111.627 0.0798 0.1004 0.9334
111.667 0.0833 0.0970 0.9124
111.707 0.0867 0.0983 0.9162
111.747 0.0890 0.0982 0.9366
111.784 0.0895 0.1000 0.9499
111.828 0.0893 0.1011 0.9466
111.868 0.0879 0.1006 0.9379
111.908 0.0820 0.0983 0.9265
111.948 0.0783 0.0953 0.9638
111.988 0.0766 0.0959 0.9700
112.029 0.0735 0.0990 0.9499
112.068 0.0704 0.1003 0.9561
112.109 0.0688 0.0980 0.9561
112.148 0.0660 0.0944 0.9499
112.188 0.0623 0.0957 0.9499
112.230 0.0565 0.0942 0.9499
112.269 0.0520 0.1018 0.9036
112.309 0.0468 0.0977 0.9278
112.349 0.0441 0.0986 0.9278
112.389 0.0437 0.0960 0.9414
112.426 0.0441 0.0952 0.9237
112.471 0.0410 0.0980 0.9237
112.510 0.0375 0.0984 0.9237
112.550 0.0333 0.0982 0.9314
112.591 0.0304 0.0975 0.9237
112.627 0.0303 0.0955 0.9237
112.672 0.0276 0.0989 0.9409
112.712 0.0278 0.1007 0.9524
112.752 0.0267 0.0982 0.9409
112.791 0.0262 0.0990 0.9409
112.832 0.0228 0.0975 0.9437
112.872 0.0199 0.0991 0.9227
112.912 0.0166 0.1009 0.9289
112.952 0.0146 0.0997 0.9289
112.992 0.0136 0.0985 0.9289
113.032 0.0128 0.0983 0.9492
113.071 0.0123 0.0980 0.9492
113.112 0.0084 0.1009 0.9289
113.153 0.0104 0.1019 0.9314
113.193 0.0122 0.0996 0.9314
113.232 0.0192 0.0970 0.9227
113.270 0.0264 0.0971 0.8905
113.314 0.0336 0.0992 0.8905
113.354 0.0400 0.1004 0.9289
113.393 0.0461 0.1027 0.9055
113.433 0.0501 0.1001 0.9027
113.470 0.0574 0.0986 0.8923
113.515 0.0642 0.0979 0.9184
113.554 0.0706 0.0996 0.9320
113.594 0.0798 0.1010 0.9265
113.634 0.0806 0.1003 0.9230
113.675 0.0823 0.1006 0.9355
113.716 0.0816 0.0995 0.9458
113.756 0.0771 0.1009 0.9356
113.796 0.0753 0.1034 0.9491
113.836 0.0737 0.0988 0.9314
113.875 0.0756 0.1051 0.9232
113.915 0.0754 0.0998 0.9283
113.956 0.0753 0.1029 0.9336
113.996 0.0770 0.1065 0.9101
114.036 0.0782 0.1045 0.9193
114.076 0.0777 0.1010 0.9472
114.113 0.0759 0.1014 0.9352
114.158 0.0764 0.1027 0.9405
114.197 0.0747 0.1026 0.8939
114.237 0.0751 0.1013 0.8933
114.277 0.0767 0.1039 0.8852
114.314 0.0785 0.1051 0.9097
114.358 0.0765 0.1015 0.9007
114.398 0.0779 0.1010 0.8951
114.438 0.0769 0.1034 0.8927
114.478 0.0756 0.1034 0.9023
114.518 0.0763 0.1001 0.8959
114.559 0.0735 0.1016 0.9061
114.598 0.0725 0.0963 0.9251
114.639 0.0748 0.0985 0.9131
114.678 0.0777 0.1015 0.9221
114.718 0.0814 0.0991 0.9123
114.758 0.0839 0.0977 0.9313
114.800 0.0838 0.0977 0.9123
114.840 0.0872 0.1006 0.9123
114.880 0.0916 0.0986 0.9123
114.920 0.0986 0.1006 0.9221
114.957 0.1015 0.1008 0.9044
115.001 0.1033 0.0956 0.8913
115.041 0.1030 0.0972 0.8927
115.081 0.1063 0.1024 0.8947
115.120 0.1071 0.1027 0.8904
115.158 0.1058 0.1047 0.8957
115.202 0.1064 0.0998 0.9091
115.241 0.1040 0.1010 0.8775
115.281 0.1036 0.1033 0.8858
115.321 0.1008 0.1050 0.9265
115.361 0.0999 0.1027 0.8893
115.402 0.0953 0.1018 0.8901
115.442 0.0934 0.1010 0.9354
115.482 0.0885 0.1010 0.9248
115.522 0.0833 0.1051 0.8960
115.561 0.0826 0.1051 0.8983
115.601 0.0775 0.1015 0.9304
115.642 0.0745 0.0991 0.9304
115.683 0.0708 0.1022 0.9362
115.723 0.0692 0.1006 0.9309
115.762 0.0662 0.1046 0.9194
115.800 0.0658 0.1045 0.9437
115.844 0.0656 0.1028 0.9232
115.884 0.0610 0.1014 0.9143
115.924 0.0583 0.1016 0.8823
115.964 0.0538 0.1034 0.9031
116.001 0.0538 0.1037 0.8945
116.045 0.0448 0.1011 0.9352
116.085 0.0422 0.1014 0.9236
116.125 0.0409 0.0998 0.8858
116.165 0.0359 0.1014 0.9349
116.205 0.0302 0.1026 0.9349
116.246 0.0274 0.1014 0.9062
116.285 0.0244 0.1023 0.9087
116.326 0.0214 0.0994 0.9026
116.366 0.0189 0.1023 0.9146
116.405 0.0143 0.1029 0.9064
116.445 0.0145 0.1022 0.8925
116.486 0.0119 0.1013 0.8974
116.526 0.0100 0.1001 0.8908
116.567 0.0083 0.0982 0.8923
116.606 0.0111 0.1005 0.8999
116.643 0.0066 0.1025 0.9087
116.688 0.0080 0.1004 0.8875
116.727 0.0094 0.1022 0.8969
116.767 0.0111 0.0982 0.8913
116.807 0.0135 0.1017 0.8934
116.844 0.0168 0.1032 0.8980
116.888 0.0209 0.1015 0.9062
116.928 0.0207 0.1002 0.8987
116.968 0.0246 0.0994 0.8987
117.008 0.0291 0.0993 0.9027
117.049 0.0355 0.1023 0.9436
117.089 0.0406 0.0997 0.9161
117.129 0.0420 0.0996 0.9047
117.169 0.0460 0.1000 0.8814
117.209 0.0528 0.0984 0.9047
117.249 0.0545 0.1005 0.9005
117.288 0.0578 0.1017 0.8895
117.330 0.0614 0.1013 0.8860
117.370 0.0638 0.1014 0.8915
117.410 0.0675 0.1005 0.9109
117.450 0.0707 0.1012 0.8996
117.487 0.0721 0.1035 0.8726
117.531 0.0726 0.1012 0.8866
117.571 0.0714 0.1016 0.8796
117.611 0.0731 0.1003 0.8982
117.650 0.0751 0.1014 0.8982
117.687 0.0739 0.1024 0.8595
117.731 0.0707 0.1031 0.9088
117.771 0.0702 0.1023 0.8916
117.811 0.0672 0.1012 0.8916
117.851 0.0670 0.1026 0.8916
117.891 0.0697 0.1007 0.8829
117.932 0.0674 0.1042 0.8826
117.972 0.0681 0.1018 0.8848
118.012 0.0658 0.1029 0.8871
118.052 0.0670 0.0995 0.9299
118.092 0.0685 0.0990 0.9103
118.132 0.0665 0.1033 0.9102
118.173 0.0643 0.1022 0.9142
118.213 0.0624 0.1008 0.9203
118.253 0.0629 0.0998 0.9020
118.293 0.0663 0.1007 0.9020
118.331 0.0668 0.1025 0.8947
118.375 0.0597 0.1027 0.8957
118.414 0.0621 0.1041 0.9050
118.454 0.0592 0.1024 0.8961
118.494 0.0602 0.1013 0.8987
118.531 0.0580 0.1035 0.8795
118.575 0.0533 0.1029 0.8907
118.615 0.0508 0.1032 0.8915
118.655 0.0461 0.1015 0.8867
118.695 0.0423 0.0989 0.9065
118.735 0.0372 0.1011 0.9129
118.776 0.0325 0.1000 0.9179
118.815 0.0264 0.1006 0.9050
118.856 0.0271 0.1008 0.9198
118.895 0.0200 0.0984 0.9248
118.935 0.0151 0.0991 0.9310
118.975 0.0113 0.0989 0.9347
119.016 0.0068 0.1025 0.9310
119.056 0.0039 0.1004 0.9297
119.096 0.0040 0.0986 0.9297
119.136 0.0047 0.0991 0.9310
119.174 0.0043 0.0987 0.9216
119.217 0.0065 0.0994 0.9216
119.258 0.0043 0.1017 0.9216
119.298 0.0051 0.0998 0.9216
119.338 0.0146 0.0997 0.9260
119.374 0.0204 0.0987 0.9310
119.419 0.0273 0.1003 0.9297
119.458 0.0367 0.0993 0.9610
119.499 0.0440 0.1006 0.9532
119.538 0.0493 0.0998 0.9532
119.578 0.0589 0.0988 0.9444
119.619 0.0644 0.0998 0.9536
119.659 0.0677 0.1009 0.9154
119.699 0.0711 0.1010 0.9154
119.739 0.0708 0.0991 0.8880
119.779 0.0692 0.0990 0.8854
119.818 0.0661 0.0979 0.8816
119.859 0.0609 0.1008 0.8957
119.900 0.0563 0.1035 0.8961
119.940 0.0493 0.1010 0.9266
119.979 0.0411 0.0971 0.9205
120.017 0.0363 0.0986 0.9195
120.061 0.0279 0.0977 0.9216
120.100 0.0216 0.1020 0.9190
120.140 0.0177 0.1020 0.9294
120.180 0.0113 0.0983 0.9319
120.217 0.0085 0.0952 0.9398
120.261 0.0077 0.0962 0.9415
120.301 0.0041 0.0995 0.9400
120.342 0.0027 0.1003 0.9400
120.382 0.0035 0.0977 0.9415
120.422 0.0027 0.0981 0.9415
120.463 0.0053 0.0962 0.9415
120.503 0.0039 0.0983 0.9319
120.543 0.0041 0.1017 0.9319
120.583 0.0046 0.1007 0.9319
120.622 0.0051 0.0983 0.9319
120.662 0.0055 0.0964 0.9415
120.703 0.0058 0.0983 0.9310
120.743 0.0047 0.0980 0.9400
120.783 0.0053 0.0991 0.9401
120.823 0.0072 0.0996 0.9310
120.860 0.0117 0.0977 0.9269
120.905 0.0165 0.0967 0.9006
120.944 0.0205 0.0990 0.8930
120.984 0.0217 0.1010 0.8854
121.024 0.0247 0.1003 0.9118
121.061 0.0243 0.0984 0.8873
121.105 0.0224 0.0974 0.8987
121.145 0.0232 0.0981 0.9327
121.185 0.0198 0.1008 0.9427
121.225 0.0154 0.1006 0.9133
121.264 0.0117 0.0992 0.8685
121.306 0.0092 0.0977 0.8783
121.345 0.0055 0.0979 0.8945
121.385 0.0052 0.0993 0.8973
121.425 0.0059 0.0991 0.9133
121.466 0.0065 0.1016 0.9183
121.506 0.0074 0.0998 0.8983
121.547 0.0081 0.0979 0.8983
121.587 0.0099 0.0982 0.9133
121.627 0.0091 0.1005 0.9133
121.667 0.0057 0.1005 0.9133
121.704 0.0063 0.0981 0.9183
121.748 0.0058 0.0995 0.9057
121.788 0.0051 0.0979 0.9057
121.828 0.0062 0.1020 0.9117
121.867 0.0042 0.1019 0.9057
121.905 0.0035 0.1003 0.9057
121.949 0.0035 0.0993 0.9143
121.988 0.0021 0.0974 0.9085
122.028 0.0049 0.1022 0.8943
122.068 0.0041 0.1009 0.9143
122.108 0.0048 0.1030 0.9133
122.149 0.0060 0.0975 0.8983
122.189 0.0051 0.0981 0.8957
122.229 0.0070 0.0981 0.8957
122.269 0.0086 0.1032 0.8993
122.308 0.0081 0.1004 0.9425
122.348 0.0100 0.0987 0.9425
122.389 0.0163 0.0973 0.9216
122.430 0.0222 0.0979 0.8975
122.470 0.0284 0.1012 0.8973
122.509 0.0320 0.1003 0.8983
122.547 0.0428 0.1012 0.8983
122.591 0.0554 0.0992 0.8713
122.659 0.0709 0.1011 0.8392
122.711 0.0807 0.1012 0.8455
122.751 0.0839 0.1010 0.8455
122.788 0.0882 0.1007 0.8810
122.832 0.0911 0.1005 0.8800
122.872 0.0886 0.0988 0.8847
122.912 0.0847 0.1010 0.8896
122.952 0.0824 0.1010 0.8813
122.992 0.0792 0.1001 0.9071
123.032 0.0727 0.1021 0.9180
123.072 0.0631 0.0996 0.8863
123.112 0.0563 0.1000 0.8813
123.153 0.0488 0.1027 0.9096
123.192 0.0431 0.0982 0.9235
123.232 0.0352 0.0959 0.9541
123.273 0.0318 0.0983 0.9382
123.313 0.0306 0.0964 0.9271
123.353 0.0320 0.0946 0.9644
123.393 0.0371 0.1004 0.9382
123.430 0.0399 0.0989 0.9175
123.474 0.0431 0.0936 0.9415
123.514 0.0463 0.0969 0.9262
123.554 0.0562 0.0970 0.9312
123.593 0.0576 0.0980 0.9302
123.632 0.0645 0.0981 0.9374
123.675 0.0701 0.0986 0.9335
123.715 0.0804 0.0989 0.9299
123.756 0.0924 0.0973 0.9429
123.795 0.1003 0.0993 0.9459
123.835 0.1094 0.0979 0.9346
123.876 0.1136 0.0956 0.9326
123.916 0.1160 0.0937 0.9347
123.956 0.1181 0.0942 0.9423
123.996 0.1220 0.0942 0.9509
124.035 0.1212 0.0953 0.9371
124.075 0.1208 0.0940 0.9367
124.116 0.1205 0.0927 0.9335
124.157 0.1194 0.0988 0.9269
124.197 0.1170 0.0901 0.9197
124.236 0.1122 0.0981 0.9378
124.274 0.1090 0.0945 0.9439
124.318 0.1040 0.0952 0.9199
124.358 0.0983 0.0919 0.9142
124.398 0.0962 0.0955 0.9052
124.437 0.0952 0.0922 0.9334
124.474 0.0968 0.0916 0.8808
124.518 0.0977 0.0949 0.9367
124.558 0.0987 0.0902 0.8945
124.598 0.0998 0.0918 0.8723
124.638 0.0958 0.0948 0.9037
124.678 0.0943 0.0957 0.9315
124.719 0.0943 0.0957 0.9532
124.759 0.0916 0.0932 0.9418
124.800 0.0881 0.0942 0.9066
124.840 0.0849 0.0939 0.9127
124.879 0.0835 0.0958 0.8910
124.919 0.0840 0.0943 0.8696
124.960 0.0772 0.0951 0.8854
125.000 0.0724 0.0950 0.8854
125.040 0.0724 0.0931 0.8829
125.080 0.0682 0.0946 0.8579
125.117 0.0638 0.0945 0.8539
125.163 0.0625 0.0945 0.9013
125.201 0.0578 0.0934 0.9194
125.241 0.0551 0.0917 0.9217
125.281 0.0558 0.0937 0.9095
125.318 0.0546 0.0934 0.9168
125.362 0.0536 0.0941 0.9223
125.402 0.0475 0.0948 0.9051
125.442 0.0499 0.0949 0.8820
125.482 0.0532 0.0934 0.8910
125.522 0.0493 0.0976 0.8803
125.563 0.0468 0.0969 0.8673
125.602 0.0506 0.0952 0.8463
125.643 0.0525 0.0945 0.8593
125.683 0.0538 0.0952 0.8489
125.722 0.0590 0.0956 0.8579
125.762 0.0578 0.0959 0.8869
125.803 0.0609 0.0955 0.8748
125.843 0.0648 0.0960 0.8639
125.883 0.0669 0.0927 0.8859
125.924 0.0664 0.0955 0.9126
125.961 0.0606 0.0959 0.8825
126.005 0.0603 0.0971 0.9073
126.045 0.0602 0.0974 0.8729
126.085 0.0601 0.0959 0.8673
126.125 0.0587 0.0950 0.8851
126.162 0.0587 0.0959 0.8673
126.207 0.0568 0.0971 0.8513
126.245 0.0583 0.0969 0.8621
126.285 0.0569 0.0967 0.8839
126.325 0.0564 0.0976 0.8445
126.365 0.0576 0.0974 0.8539
126.406 0.0580 0.1006 0.8453
126.446 0.0601 0.1007 0.8469
126.486 0.0593 0.1000 0.8439
126.526 0.0581 0.0995 0.8444
126.565 0.0572 0.0990 0.8590
126.605 0.0575 0.1010 0.8469
126.646 0.0602 0.1010 0.8469
126.687 0.0642 0.1010 0.8469
126.727 0.0599 0.0995 0.8553
126.766 0.0605 0.0979 0.8599
126.803 0.0577 0.1028 0.8629
126.848 0.0564 0.1019 0.8679
126.887 0.0570 0.1015 0.8699
126.927 0.0567 0.1016 0.8469
126.967 0.0609 0.1019 0.8443
127.006 0.0634 0.0997 0.8559
127.049 0.0636 0.1016 0.8283
127.089 0.0640 0.1034 0.8778
127.129 0.0636 0.1025 0.8778
127.169 0.0615 0.1010 0.8373
127.209 0.0653 0.1022 0.8475
127.250 0.0699 0.1036 0.8399
127.290 0.0730 0.1049 0.8489
127.330 0.0749 0.1025 0.8479
127.370 0.0759 0.1025 0.8315
127.409 0.0781 0.1022 0.8609
127.449 0.0761 0.1027 0.8669
127.490 0.0750 0.1036 0.8639
127.531 0.0755 0.1027 0.8823
127.570 0.0792 0.1023 0.9011
127.610 0.0803 0.1020 0.8555
127.647 0.0811 0.1031 0.8617
127.691 0.0841 0.1048 0.8683
127.731 0.0801 0.1036 0.8799
127.771 0.0842 0.1053 0.8799
127.811 0.0845 0.1009 0.8527
127.848 0.0832 0.1025 0.8669
127.892 0.0828 0.1044 0.8916
127.931 0.0836 0.1037 0.9003
127.972 0.0838 0.1037 0.9003
128.011 0.0864 0.1004 0.9063
128.051 0.0877 0.1001 0.9063
128.092 0.0887 0.0986 0.8793
128.133 0.0901 0.1004 0.9045
128.173 0.0880 0.1020 0.8936
128.213 0.0912 0.0974 0.9069
128.253 0.0886 0.0985 0.8909
128.292 0.0862 0.0966 0.8540
128.334 0.0857 0.0990 0.8480
128.416 0.0832 0.0990 0.9001
128.454 0.0838 0.0969 0.8649
128.493 0.0830 0.0967 0.8854
128.531 0.0792 0.0970 0.9346
128.575 0.0791 0.1018 0.9243
128.615 0.0770 0.1004 0.9287
128.655 0.0761 0.0975 0.9312
128.694 0.0748 0.0937 0.9287
128.731 0.0745 0.0946 0.9233
128.775 0.0767 0.0975 0.9233
128.815 0.0794 0.0959 0.9323
128.855 0.0858 0.0938 0.8977
128.895 0.0904 0.0946 0.8977
128.935 0.0946 0.0960 0.8923
128.976 0.0978 0.0984 0.8832
129.016 0.1040 0.0995 0.9117
129.056 0.1077 0.0974 0.8943
129.096 0.1138 0.0973 0.8493
129.135 0.1154 0.0934 0.9033
129.175 0.1180 0.0990 0.8627
129.217 0.1189 0.0962 0.9097
129.258 0.1183 0.0971 0.9463
129.298 0.1188 0.0970 0.8767
129.337 0.1132 0.0939 0.8640
129.375 0.1072 0.0975 0.8569
129.419 0.1028 0.0939 0.8429
129.458 0.0983 0.0931 0.8569
129.498 0.0933 0.0928 0.8558
129.538 0.0854 0.0924 0.8745
129.575 0.0810 0.0928 0.8879
129.619 0.0791 0.0915 0.8879
129.659 0.0774 0.0931 0.8738
129.699 0.0780 0.0942 0.8828
129.739 0.0774 0.0946 0.8929
129.779 0.0780 0.0946 0.8903
129.820 0.0787 0.0895 0.8720
129.859 0.0851 0.0940 0.8739
129.900 0.0884 0.0939 0.9110
129.939 0.0958 0.0930 0.8926
129.979 0.0974 0.0931 0.8744
130.019 0.0980 0.0923 0.8995
130.060 0.0968 0.0959 0.8875
130.100 0.0905 0.0966 0.9063
130.140 0.0868 0.0940 0.9176
130.180 0.0821 0.0935 0.9402
130.218 0.0773 0.0939 0.9333
130.262 0.0708 0.0953 0.8912
130.301 0.0650 0.0977 0.9007
130.342 0.0575 0.0971 0.9266
130.381 0.0536 0.0970 0.8962
130.419 0.0455 0.0943 0.8793
130.463 0.0395 0.0927 0.8932
130.502 0.0357 0.0948 0.8833
130.543 0.0320 0.1014 0.8922
130.583 0.0311 0.0990 0.9016
130.622 0.0301 0.0993 0.9054
130.663 0.0278 0.0981 0.9054
130.703 0.0251 0.0997 0.8797
130.743 0.0220 0.0998 0.9094
130.783 0.0206 0.0975 0.8929
130.823 0.0259 0.0998 0.9192
130.875 0.0285 0.0940 0.9303
130.903 0.0303 0.0998 0.9180
130.944 0.0307 0.0997 0.9192
130.984 0.0377 0.0998 0.9094
131.024 0.0492 0.0998 0.9192
131.061 0.0557 0.0998 0.9180
131.105 0.0620 0.0982 0.9231
131.144 0.0651 0.0979 0.9225
131.184 0.0745 0.1030 0.9225
131.224 0.0904 0.1001 0.9205
131.261 0.0992 0.0974 0.9167
131.305 0.1036 0.0965 0.9257
131.345 0.1040 0.0976 0.9257
131.385 0.1081 0.0965 0.9292
131.425 0.1123 0.1017 0.9558
131.465 0.1180 0.0987 0.9002
131.507 0.1164 0.1019 0.8198
131.547 0.1179 0.1000 0.8352
131.587 0.1178 0.1001 0.8532
131.627 0.1214 0.1012 0.8472
131.666 0.1212 0.1002 0.8862
131.706 0.1159 0.1002 0.8982
131.747 0.1108 0.0991 0.8530
131.788 0.1041 0.0980 0.8602
131.828 0.0971 0.0993 0.8678
131.867 0.0953 0.0992 0.9012
131.905 0.0890 0.0967 0.8895
131.949 0.0825 0.0992 0.8208
131.988 0.0729 0.0967 0.8652
132.028 0.0640 0.1044 0.8262
132.068 0.0584 0.1008 0.8519
132.105 0.0556 0.0983 0.8251
132.149 0.0515 0.0981 0.8251
132.189 0.0509 0.0993 0.8402
132.229 0.0466 0.0980 0.8402
132.269 0.0454 0.0982 0.8371
132.308 0.0496 0.0982 0.8351
132.349 0.0477 0.1021 0.8576
132.389 0.0510 0.1009 0.8576
132.430 0.0509 0.1009 0.8704
132.469 0.0501 0.1009 0.8794
132.509 0.0513 0.0984 0.8729
132.550 0.0509 0.0989 0.8464
132.591 0.0498 0.0973 0.8502
132.631 0.0477 0.1007 0.8260
132.671 0.0423 0.0992 0.8279
132.711 0.0416 0.0980 0.8725
132.748 0.0401 0.1030 0.8343
132.792 0.0364 0.1012 0.8269
132.832 0.0329 0.0990 0.8370
132.872 0.0302 0.0974 0.8419
132.911 0.0281 0.0981 0.8355
132.948 0.0279 0.0990 0.8239
132.993 0.0272 0.0976 0.8475
133.032 0.0282 0.0980 0.8245
133.072 0.0251 0.1015 0.8535
133.112 0.0228 0.0969 0.8807
133.151 0.0208 0.0983 0.8665
133.193 0.0182 0.1003 0.8727
133.233 0.0153 0.0963 0.8613
133.273 0.0145 0.0983 0.8739
133.313 0.0143 0.0944 0.8561
133.352 0.0110 0.1014 0.8613
133.392 0.0092 0.1013 0.8523
133.433 0.0079 0.0975 0.8990
133.474 0.0065 0.0956 0.9009
133.514 0.0040 0.0989 0.8834
133.553 0.0035 0.0978 0.8935
133.592 0.0045 0.1007 0.8686
133.635 0.0042 0.1016 0.8432
133.675 0.0047 0.0963 0.8561
133.715 0.0050 0.0981 0.8499
133.755 0.0048 0.0980 0.8533
133.792 0.0055 0.1029 0.8757
133.836 0.0034 0.1005 0.8369
133.876 0.0066 0.0987 0.8459
133.916 0.0103 0.0955 0.8739
133.956 0.0111 0.0963 0.8459
133.995 0.0122 0.0979 0.8790
134.037 0.0141 0.1020 0.8523
134.077 0.0200 0.1008 0.8757
134.117 0.0235 0.1003 0.9098
134.157 0.0262 0.1001 0.8837
134.196 0.0292 0.0985 0.8576
134.236 0.0339 0.1000 0.8475
134.277 0.0398 0.0976 0.8751
134.318 0.0421 0.0979 0.8573
134.357 0.0395 0.1002 0.8679
134.397 0.0374 0.0999 0.8689
134.434 0.0348 0.1006 0.8426
134.479 0.0379 0.1047 0.8554
134.518 0.0424 0.1046 0.8576
134.558 0.0433 0.1032 0.8334
134.598 0.0415 0.1018 0.8604
134.635 0.0416 0.1061 0.8625
134.679 0.0391 0.1089 0.8565
134.719 0.0388 0.1068 0.8495
134.759 0.0378 0.1070 0.8581
134.799 0.0371 0.1070 0.8487
134.839 0.0382 0.1070 0.8487
134.880 0.0370 0.1079 0.8467
134.920 0.0403 0.1058 0.8467
134.960 0.0413 0.1079 0.8467
135.000 0.0405 0.1068 0.8467
135.040 0.0385 0.1055 0.8391
135.079 0.0367 0.1079 0.8314
135.121 0.0346 0.1105 0.8231
135.161 0.0350 0.1097 0.8351
135.201 0.0369 0.1068 0.7943
135.241 0.0381 0.1053 0.8325
135.278 0.0374 0.1070 0.8371
135.322 0.0369 0.1078 0.8321
135.362 0.0362 0.1116 0.8155
135.402 0.0337 0.1064 0.8143
135.441 0.0284 0.1047 0.8295
135.478 0.0255 0.1024 0.8353
135.523 0.0243 0.1038 0.8197
135.562 0.0252 0.1036 0.8363
135.602 0.0257 0.1019 0.8723
135.642 0.0269 0.1027 0.8315
135.681 0.0273 0.1027 0.8315
135.723 0.0258 0.1027 0.8315
135.763 0.0254 0.1045 0.8657
135.803 0.0254 0.1043 0.8109
135.843 0.0260 0.1043 0.8315
135.883 0.0284 0.1041 0.8315
135.923 0.0311 0.1040 0.8225
135.964 0.0365 0.1038 0.8286
136.005 0.0387 0.1036 0.8225
136.045 0.0393 0.1067 0.8169
136.084 0.0419 0.1031 0.8129
136.122 0.0439 0.1040 0.8129
136.166 0.0466 0.1035 0.8379
136.205 0.0507 0.1065 0.8339
136.245 0.0540 0.1048 0.8053
136.285 0.0523 0.1038 0.8063
136.322 0.0510 0.1032 0.8513
136.366 0.0529 0.1031 0.8143
136.406 0.0598 0.1050 0.8640
136.446 0.0615 0.1041 0.8575
136.486 0.0596 0.1059 0.8283
136.526 0.0592 0.1046 0.8283
136.567 0.0570 0.1033 0.8233
136.606 0.0547 0.1083 0.8499
136.647 0.0505 0.1090 0.8263
136.687 0.0450 0.1040 0.8523
136.726 0.0386 0.1056 0.8423
136.766 0.0381 0.1038 0.8617
136.807 0.0381 0.1047 0.8789
136.847 0.0356 0.1095 0.8789
136.887 0.0278 0.1126 0.8657
136.927 0.0198 0.1092 0.8829
136.965 0.0178 0.1052 0.8657
137.008 0.0170 0.1056 0.8657
137.049 0.0143 0.1076 0.8617
137.089 0.0128 0.1088 0.8041
137.129 0.0111 0.1074 0.8447
137.166 0.0101 0.1026 0.8263
137.209 0.0106 0.1060 0.8041
137.250 0.0083 0.1039 0.8177
137.290 0.0078 0.1093 0.8177
137.329 0.0070 0.1060 0.8197
137.368 0.0066 0.1052 0.8197
137.410 0.0058 0.1042 0.8197
137.450 0.0042 0.1025 0.8157
137.490 0.0033 0.1121 0.8087
137.530 0.0036 0.1145 0.8197
137.569 0.0041 0.1062 0.8197
137.609 0.0036 0.1073 0.8153
137.651 0.0028 0.1034 0.8197
137.691 0.0023 0.1043 0.8091
137.731 0.0044 0.1112 0.8543
137.770 0.0030 0.1048 0.8423
137.808 0.0027 0.1056 0.8551
137.852 0.0031 0.1025 0.8533
137.892 0.0043 0.1023 0.8423
137.931 0.0053 0.1077 0.8543
137.971 0.0027 0.1063 0.8423
138.008 0.0031 0.1062 0.8407
138.053 0.0035 0.1037 0.8383
138.092 0.0044 0.1043 0.8533
138.133 0.0053 0.1105 0.8573
138.173 0.0038 0.1125 0.8543
138.213 0.0047 0.1045 0.8911
138.254 0.0050 0.1081 0.8517
138.294 0.0084 0.1038 0.8500
138.334 0.0128 0.1053 0.8423
138.374 0.0139 0.1058 0.8423
138.413 0.0122 0.1100 0.8533
138.453 0.0163 0.1097 0.8423
138.494 0.0213 0.1077 0.8423
138.535 0.0248 0.1041 0.8423
138.575 0.0259 0.1077 0.8263
138.614 0.0307 0.1093 0.8523
138.651 0.0329 0.1093 0.8263
138.696 0.0338 0.1086 0.8523
138.735 0.0319 0.1042 0.8497
138.775 0.0332 0.1054 0.8330
138.815 0.0322 0.1102 0.8856
138.852 0.0305 0.1087 0.8742
138.896 0.0329 0.1051 0.8876
138.936 0.0326 0.1056 0.9011
138.976 0.0353 0.1040 0.8916
139.016 0.0365 0.1037 0.8927
139.055 0.0379 0.1056 0.8876
139.096 0.0368 0.1066 0.8937
139.136 0.0368 0.1060 0.8747
139.176 0.0390 0.1039 0.8747
139.217 0.0448 0.1089 0.8837
139.257 0.0456 0.1074 0.8563
139.297 0.0441 0.1081 0.8513
139.338 0.0434 0.1084 0.8777
139.378 0.0459 0.1074 0.8513
139.418 0.0466 0.1052 0.8633
139.458 0.0425 0.1066 0.8657
139.495 0.0401 0.1139 0.8553
139.539 0.0391 0.1076 0.8403
139.579 0.0364 0.1091 0.8533
139.619 0.0352 0.1083 0.8397
139.658 0.0369 0.1074 0.8525
139.695 0.0325 0.1116 0.8397
139.740 0.0283 0.1068 0.8187
139.779 0.0262 0.1075 0.8187
139.820 0.0275 0.1056 0.8559
139.859 0.0246 0.1117 0.8699
139.898 0.0222 0.1110 0.8890
139.940 0.0211 0.1106 0.8897
139.980 0.0246 0.1132 0.8523
140.020 0.0252 0.1112 0.8523
140.060 0.0291 0.1070 0.8854
140.100 0.0309 0.1077 0.8237
140.139 0.0288 0.1087 0.8557
140.180 0.0298 0.1089 0.8383
140.221 0.0340 0.1081 0.8443
140.261 0.0350 0.1077 0.8443
140.300 0.0365 0.1086 0.8546
140.339 0.0369 0.1092 0.8546
140.383 0.0386 0.1086 0.8569
140.422 0.0418 0.1034 0.8533
140.462 0.0418 0.1038 0.8123
140.502 0.0397 0.1038 0.8243
140.539 0.0354 0.1094 0.8083
140.584 0.0334 0.1082 0.8339
140.623 0.0315 0.1065 0.8617
140.663 0.0324 0.1058 0.8523
140.703 0.0307 0.1027 0.8689
140.743 0.0328 0.1080 0.8642
140.784 0.0298 0.1059 0.8598
140.824 0.0282 0.1046 0.8776
140.864 0.0256 0.1076 0.8637
140.904 0.0233 0.0970 0.8733
140.943 0.0211 0.1025 0.8661
140.983 0.0235 0.1043 0.8598
141.024 0.0256 0.1042 0.8587
141.064 0.0261 0.1070 0.8699
141.104 0.0269 0.1029 0.8587
141.144 0.0256 0.1019 0.8587
141.182 0.0266 0.1042 0.8935
141.226 0.0275 0.1000 0.9110
141.265 0.0289 0.1004 0.9161
141.305 0.0290 0.1025 0.9181
141.345 0.0352 0.0990 0.9143
141.383 0.0386 0.0986 0.9172
141.426 0.0394 0.0996 0.9161
141.467 0.0391 0.1021 0.8919
141.507 0.0405 0.1010 0.9110
141.547 0.0415 0.0984 0.9044
141.585 0.0444 0.1037 0.9143
141.627 0.0492 0.1019 0.8943
141.667 0.0524 0.1124 0.9272
141.707 0.0552 0.1069 0.9196
141.747 0.0549 0.1044 0.9113
141.787 0.0610 0.1040 0.9273
141.826 0.0613 0.1062 0.9157
141.868 0.0641 0.1043 0.8816
141.908 0.0699 0.1108 0.9282
141.948 0.0718 0.1010 0.9380
141.988 0.0739 0.1016 0.9336
142.025 0.0753 0.1004 0.9282
142.069 0.0764 0.1025 0.9324
142.109 0.0768 0.1044 0.9114
142.149 0.0772 0.1007 0.9064
142.188 0.0770 0.1000 0.9064
142.226 0.0795 0.0996 0.9174
142.270 0.0779 0.1001 0.9396
142.309 0.0753 0.1035 0.9478
142.349 0.0723 0.1038 0.9408
142.389 0.0672 0.1006 0.9670
142.428 0.0665 0.1006 0.9432
142.470 0.0625 0.0994 0.9681
142.510 0.0592 0.1021 0.9540
142.550 0.0590 0.1015 0.9654
142.591 0.0587 0.0999 0.9808
142.630 0.0607 0.1018 0.9724
142.670 0.0588 0.1000 0.9574
142.711 0.0573 0.0997 0.9524
142.752 0.0599 0.1005 0.9724
142.792 0.0630 0.1015 0.9768
142.831 0.0728 0.0993 0.9768
142.869 0.0812 0.0973 1.0028
142.913 0.0845 0.0973 1.0070
142.952 0.0849 0.0999 0.9919
142.993 0.0959 0.1006 0.9914
143.032 0.0993 0.1009 1.0148
143.069 0.0993 0.1015 0.9222
143.113 0.0970 0.0965 0.9795
143.153 0.1023 0.0997 0.9246
143.193 0.1131 0.1041 0.9770
143.233 0.1186 0.1030 0.9402
143.272 0.1212 0.1025 0.9586
143.314 0.1187 0.0983 0.9586
143.353 0.1119 0.0975 0.9466
143.394 0.1025 0.1046 0.9427
143.434 0.1074 0.1012 0.9620
143.473 0.1072 0.0966 0.9634
143.513 0.1016 0.0954 0.9623
143.554 0.1041 0.0944 0.9515
143.594 0.1034 0.0957 0.9725
143.634 0.0998 0.0989 0.9725
143.675 0.0921 0.0979 0.9785
143.712 0.0805 0.0932 0.9761
143.756 0.0729 0.0933 0.9641
143.796 0.0683 0.0935 0.9342
143.836 0.0653 0.0995 0.9794
143.876 0.0688 0.0943 0.9724
143.913 0.0698 0.0950 0.9579
143.957 0.0659 0.0939 0.9799
143.997 0.0634 0.0933 0.9832
144.037 0.0561 0.0963 1.0020
144.076 0.0558 0.0999 0.9722
144.115 0.0558 0.0963 0.9982
144.157 0.0547 0.0957 0.8927
144.197 0.0538 0.0980 0.8516
144.237 0.0555 0.0991 0.8632
144.277 0.0543 0.1000 0.8516
144.316 0.0519 0.0985 0.8572
144.356 0.0503 0.0980 0.8572
144.398 0.0506 0.0980 0.8842
144.438 0.0444 0.0985 0.8842
144.478 0.0442 0.0980 0.8842
144.518 0.0494 0.0973 0.8891
144.555 0.0497 0.1058 0.8859
144.599 0.0496 0.0995 0.8557
144.638 0.0479 0.1056 0.8223
144.679 0.0507 0.1019 0.8374
144.718 0.0528 0.1046 0.8791
144.757 0.0553 0.1036 0.8791
144.800 0.0613 0.1046 0.8353
144.840 0.0683 0.1034 0.8927
144.880 0.0701 0.1015 0.8525
144.920 0.0734 0.1070 0.8465
144.960 0.0801 0.1050 0.8489
145.001 0.0847 0.1051 0.8773
145.041 0.0913 0.1031 0.8849
145.081 0.0958 0.1022 0.8633
145.121 0.1017 0.1032 0.8677
145.160 0.1090 0.1045 0.8677
145.200 0.1117 0.1033 0.8613
145.241 0.1192 0.1024 0.8753
145.281 0.1221 0.1000 0.8593
145.322 0.1257 0.1038 0.8633
145.361 0.1275 0.1022 0.9052
145.398 0.1329 0.1030 0.8773
145.443 0.1362 0.0979 0.8915
145.482 0.1414 0.1005 0.8879
145.522 0.1408 0.1005 0.8923
145.562 0.1396 0.1005 0.9129
145.599 0.1434 0.0994 0.9173
145.643 0.1470 0.0991 0.8956
145.683 0.1496 0.1001 0.8957
145.723 0.1477 0.0975 0.9122
145.762 0.1479 0.0971 0.9126
145.802 0.1434 0.0976 0.9258
145.843 0.1423 0.0974 0.9295
145.883 0.1447 0.0996 0.9305
145.924 0.1440 0.0965 0.9684
145.964 0.1370 0.0989 0.8945
146.003 0.1324 0.0994 0.8573
146.043 0.1294 0.0993 0.8773
146.085 0.1255 0.1007 0.8868
146.125 0.1139 0.0975 0.8792
146.165 0.1069 0.0986 0.8680
146.205 0.1022 0.0993 0.8720
146.242 0.0980 0.1034 0.8857
146.286 0.0930 0.1008 0.8897
146.326 0.0900 0.0993 0.9222
146.366 0.0822 0.0995 0.8809
146.405 0.0741 0.0952 0.8927
146.443 0.0734 0.0997 0.9162
146.486 0.0699 0.0993 0.9241
146.526 0.0667 0.0996 0.8747
146.567 0.0651 0.0977 0.8620
146.606 0.0644 0.0975 0.8797
146.645 0.0651 0.0992 0.8591
146.687 0.0645 0.1013 0.8722
146.727 0.0612 0.0978 0.8734
146.767 0.0618 0.0976 0.8604
146.807 0.0581 0.0941 0.8813
146.847 0.0566 0.0947 0.8609
146.886 0.0574 0.0958 0.8897
146.927 0.0534 0.0952 0.9057
146.968 0.0545 0.0947 0.9057
147.008 0.0549 0.1030 0.8688
147.048 0.0555 0.1016 0.8957
147.086 0.0553 0.0963 0.9083
147.130 0.0542 0.0962 0.9383
147.170 0.0564 0.0961 0.9255
147.209 0.0592 0.0986 0.8919
147.249 0.0597 0.0951 0.9097
147.286 0.0625 0.0951 0.9207
147.330 0.0651 0.0967 0.9130
147.370 0.0692 0.0938 0.9004
147.410 0.0732 0.0951 0.9071
147.450 0.0744 0.0936 0.9471
147.489 0.0752 0.0942 0.9373
147.531 0.0727 0.0943 0.9681
147.571 0.0742 0.0953 0.9741
147.611 0.0793 0.1010 0.9448
147.651 0.0802 0.0992 0.9405
147.690 0.0780 0.0938 0.9778
147.730 0.0747 0.0984 1.0080
147.771 0.0778 0.1003 1.0080
147.811 0.0832 0.0983 1.0130
147.851 0.0945 0.0996 0.9706
147.891 0.0961 0.0944 0.9940
147.928 0.0932 0.0960 0.9965
147.973 0.0919 0.0992 0.9965
148.012 0.0936 0.0984 1.0069
148.052 0.0935 0.0955 0.9959
148.092 0.0931 0.1007 0.8835
148.130 0.0908 0.1015 0.8912
148.174 0.0921 0.1098 0.9157
148.213 0.0972 0.1046 0.8981
148.254 0.0993 0.1027 0.8981
148.293 0.1024 0.1011 0.8981
148.332 0.0898 0.1055 0.8537
148.374 0.0841 0.1074 0.8590
148.414 0.0842 0.1069 0.9030
148.454 0.0841 0.1081 0.8757
148.494 0.0834 0.1019 0.8494
148.534 0.0833 0.1025 0.8419
148.573 0.0798 0.1025 0.8263
148.615 0.0795 0.1043 0.8534
148.655 0.0759 0.1054 0.8641
148.695 0.0721 0.1021 0.8941
148.735 0.0710 0.1018 0.8645
148.772 0.0681 0.1009 0.8796
148.816 0.0673 0.1017 0.8666
148.856 0.0658 0.1075 0.8541
148.896 0.0641 0.1003 0.8586
148.935 0.0615 0.1019 0.8786
148.972 0.0602 0.1017 0.8537
149.017 0.0623 0.1026 0.8665
149.056 0.0622 0.1047 0.9019
149.096 0.0578 0.1053 0.8778
149.136 0.0563 0.1028 0.8924
149.175 0.0599 0.1031 0.8597
149.217 0.0578 0.1006 0.8957
149.258 0.0555 0.1020 0.8487
149.298 0.0558 0.1049 0.8310
149.338 0.0570 0.1043 0.8242
149.377 0.0574 0.1024 0.8199
149.417 0.0595 0.1017 0.8359
149.458 0.0621 0.0989 0.8399
149.499 0.0620 0.1004 0.8359
149.539 0.0611 0.1010 0.8339
149.578 0.0657 0.1005 0.8100
149.616 0.0709 0.0985 0.8100
149.660 0.0697 0.1005 0.8175
149.699 0.0723 0.1018 0.8009
149.739 0.0720 0.1072 0.8009
149.779 0.0698 0.1063 0.8100
149.816 0.0672 0.1097 0.8249
149.860 0.0663 0.1058 0.8219
149.900 0.0653 0.0994 0.8399
149.939 0.0665 0.1055 0.8913
149.980 0.0656 0.1064 0.8716
150.019 0.0675 0.1090 0.8992
150.060 0.0672 0.1037 0.9185
150.100 0.0628 0.1060 0.8895
150.141 0.0628 0.1089 0.8845
150.180 0.0623 0.1073 0.9206
150.220 0.0647 0.1051 0.8803
150.260 0.0692 0.1083 0.8999
150.301 0.0773 0.1039 0.9361
150.342 0.0791 0.1063 0.9327
150.382 0.0858 0.1103 0.9139
150.422 0.0907 0.1067 0.8949
150.459 0.0940 0.1058 0.9255
150.503 0.0954 0.1049 0.9393
150.543 0.0965 0.1038 1.0050
150.583 0.0992 0.1089 0.9786
150.622 0.1069 0.1065 0.9877
150.660 0.1152 0.1031 1.0040
150.704 0.1155 0.0999 0.9979
150.744 0.1120 0.0958 0.9927
150.784 0.1053 0.1009 0.9603
150.823 0.1036 0.1028 1.0164
150.862 0.1057 0.1023 0.9948
150.904 0.1060 0.0973 1.0107
150.944 0.1067 0.0967 1.0182
150.984 0.1088 0.0956 1.0244
151.024 0.1090 0.1006 1.0198
151.063 0.1122 0.0997 1.0222
151.103 0.1115 0.0974 1.0358
151.144 0.1046 0.0957 1.0511
151.185 0.1012 0.0941 1.0774
151.225 0.1096 0.0930 1.0950
151.264 0.1277 0.0943 1.0917
151.302 0.1285 0.0920 1.0950
151.346 0.1228 0.0920 1.1012
151.385 0.1178 0.0904 1.0947
151.426 0.1119 0.0912 1.0957
151.466 0.1043 0.0968 1.0865
151.503 0.1007 0.1000 0.9042
151.547 0.1007 0.0996 0.9042
151.587 0.0974 0.0994 0.9042
151.627 0.0914 0.0989 0.9114
151.667 0.0891 0.0994 0.9114
151.706 0.0809 0.1061 0.8775
151.748 0.0578 0.1038 0.8731
151.788 0.0524 0.1037 0.8789
151.828 0.0497 0.1038 0.8800
151.868 0.0471 0.1052 0.8800
151.907 0.0480 0.1060 0.9125
151.947 0.0463 0.1090 0.8745
151.988 0.0460 0.1090 0.8756
152.028 0.0415 0.1090 0.8736
152.069 0.0385 0.1055 0.8925
152.108 0.0379 0.1053 0.8769
152.146 0.0341 0.1055 0.9119
152.190 0.0355 0.1042 0.9139
152.229 0.0352 0.1054 0.8725
152.269 0.0316 0.1044 0.8745
152.309 0.0291 0.1044 0.8813
152.346 0.0284 0.1058 0.8629
152.390 0.0230 0.1066 0.8782
152.430 0.0209 0.1044 0.8466
152.470 0.0189 0.1036 0.8412
152.509 0.0169 0.1042 0.8402
152.550 0.0162 0.1054 0.8668
152.591 0.0138 0.1083 0.8295
152.631 0.0151 0.1061 0.8142
152.671 0.0150 0.1040 0.8052
152.711 0.0141 0.1042 0.8142
152.751 0.0168 0.1043 0.8142
152.790 0.0194 0.1061 0.8142
152.832 0.0216 0.1042 0.8142
152.872 0.0223 0.1058 0.8142
152.912 0.0268 0.1035 0.8142
152.952 0.0290 0.1057 0.8142
152.989 0.0323 0.1049 0.8219
153.033 0.0345 0.1065 0.8372
153.072 0.0364 0.1065 0.8372
153.113 0.0392 0.1084 0.8192
153.153 0.0429 0.1073 0.8269
153.190 0.0478 0.1124 0.8322
153.234 0.0488 0.1124 0.8269
153.273 0.0504 0.1124 0.8269
153.313 0.0502 0.1103 0.8249
153.353 0.0525 0.1103 0.8249
153.392 0.0536 0.1093 0.8229
153.434 0.0547 0.1107 0.8662
153.474 0.0544 0.1136 0.8540
153.514 0.0526 0.1081 0.8536
153.554 0.0546 0.1068 0.8536
153.593 0.0575 0.1074 0.8487
153.633 0.0594 0.1093 0.8256
153.675 0.0610 0.1105 0.8592
153.716 0.0652 0.1121 0.8527
153.756 0.0679 0.1105 0.8682
153.795 0.0711 0.1122 0.8527
153.833 0.0742 0.1118 0.8538
153.877 0.0783 0.1121 0.8521
153.916 0.0814 0.1116 0.8434
153.957 0.0821 0.1107 0.8542
153.996 0.0860 0.1145 0.8042
154.033 0.0863 0.1153 0.8118
154.077 0.0835 0.1155 0.8450
154.117 0.0846 0.1116 0.8549
154.157 0.0834 0.1104 0.8561
154.197 0.0776 0.1143 0.8255
154.237 0.0751 0.1137 0.8318
154.278 0.0726 0.1137 0.8419
154.318 0.0684 0.1169 0.8419
154.357 0.0645 0.1117 0.8589
154.398 0.0641 0.1143 0.8841
154.437 0.0680 0.1116 0.8667
154.477 0.0649 0.1117 0.8301
154.518 0.0641 0.1125 0.8504
154.558 0.0669 0.1115 0.8667
154.598 0.0680 0.1121 0.8702
154.638 0.0619 0.1095 0.8128
154.676 0.0641 0.1112 0.8166
154.720 0.0643 0.1112 0.8012
154.759 0.0628 0.1119 0.8012
154.800 0.0627 0.1139 0.8216
154.840 0.0620 0.1127 0.8324
154.877 0.0571 0.1138 0.8324
154.921 0.0475 0.1156 0.8513
154.961 0.0472 0.1161 0.8573
155.001 0.0454 0.1182 0.8807
155.040 0.0417 0.1163 0.8807
155.079 0.0395 0.1160 0.8744
155.121 0.0414 0.1136 0.8438
155.161 0.0422 0.1147 0.8637
155.201 0.0436 0.1145 0.8510
155.241 0.0450 0.1191 0.8199
155.281 0.0491 0.1108 0.8351
155.320 0.0515 0.1136 0.8547
155.362 0.0582 0.1142 0.8666
155.402 0.0601 0.1145 0.8666
155.442 0.0623 0.1145 0.8666
155.482 0.0642 0.1134 0.8773
155.519 0.0684 0.1076 0.8853
155.563 0.0686 0.1098 0.8817
155.603 0.0722 0.1165 0.8916
155.643 0.0736 0.1175 0.8899
155.682 0.0719 0.1093 0.9039
155.719 0.0713 0.1189 0.8529
155.764 0.0698 0.1087 0.8616
155.803 0.0709 0.1185 0.8832
155.843 0.0681 0.1110 0.8687
155.883 0.0709 0.1133 0.8815
155.923 0.0714 0.1097 0.8839
155.965 0.0720 0.1094 0.8863
156.005 0.0735 0.1122 0.8745
156.045 0.0752 0.1095 0.8826
156.085 0.0730 0.1112 0.8890
156.124 0.0736 0.1109 0.9018
156.164 0.0743 0.1099 0.9018
156.205 0.0762 0.1102 0.8729
156.245 0.0780 0.1100 0.8910
156.286 0.0787 0.1109 0.9251
156.325 0.0813 0.1097 0.8807
156.363 0.0810 0.1098 0.9191
156.407 0.0811 0.1097 0.8867
156.446 0.0831 0.1077 0.8873
156.486 0.0853 0.1079 0.8955
156.526 0.0871 0.1099 0.8955
156.563 0.0891 0.1074 0.8835
156.607 0.0905 0.1077 0.8696
156.647 0.0910 0.1068 0.8815
156.687 0.0948 0.1086 0.9082
156.727 0.0970 0.1098 0.9061
156.766 0.0978 0.1089 0.8551
156.808 0.0932 0.1074 0.8857
156.847 0.0936 0.1063 0.8523
156.887 0.0950 0.1066 0.8639
156.927 0.0922 0.1066 0.8444
156.967 0.0909 0.1087 0.8685
157.008 0.0837 0.1061 0.8494
157.049 0.0792 0.1033 0.8525
157.089 0.0746 0.1083 0.8845
157.129 0.0711 0.1057 0.8866
157.169 0.0640 0.1090 0.9082
157.206 0.0583 0.1057 0.8725
157.250 0.0536 0.1041 0.8886
157.290 0.0527 0.1048 0.8725
157.330 0.0492 0.1053 0.8870
157.369 0.0452 0.1058 0.8990
157.407 0.0458 0.1056 0.9121
157.451 0.0412 0.1047 0.9121
157.491 0.0407 0.1055 0.8498
157.531 0.0431 0.1041 0.8411
157.570 0.0436 0.1056 0.8411
157.610 0.0450 0.1056 0.8460
157.651 0.0483 0.1056 0.8321
157.691 0.0539 0.1055 0.8321
157.731 0.0580 0.1039 0.8409
157.771 0.0631 0.1056 0.8409
157.810 0.0690 0.1064 0.8453
157.850 0.0732 0.1058 0.8573
157.891 0.0768 0.1036 0.8573
157.931 0.0806 0.1045 0.8753
157.971 0.0893 0.1047 0.8789
158.011 0.0933 0.1068 0.8905
158.050 0.0975 0.1114 0.8666
158.093 0.1024 0.1050 0.8793
158.133 0.1053 0.1042 0.8917
158.174 0.1047 0.1070 0.9063
158.213 0.1041 0.1087 0.9116
158.250 0.1061 0.1077 0.8980
158.294 0.1092 0.1107 0.9190
158.334 0.1133 0.1049 0.9232
158.374 0.1145 0.1075 0.9101
158.414 0.1154 0.1062 0.9358
158.453 0.1197 0.1101 0.9113
158.542 0.1249 0.1058 0.9389
158.575 0.1246 0.1067 0.9549
158.614 0.1241 0.1056 0.9084
158.654 0.1230 0.1077 0.9348
158.694 0.1262 0.1076 0.9338
158.734 0.1254 0.1039 0.9598
158.775 0.1247 0.1044 0.9274
158.815 0.1204 0.0983 0.9300
158.855 0.1152 0.1008 0.9825
158.895 0.1216 0.1011 1.0271
158.933 0.1220 0.1004 1.0481
158.976 0.1208 0.0991 1.0378
159.016 0.1187 0.0965 1.0214
159.056 0.1142 0.0986 1.0046
159.096 0.1122 0.0927 1.0592
159.133 0.1134 0.0948 1.0528
159.177 0.1130 0.1026 0.9069
159.217 0.1106 0.0964 0.9105
159.258 0.1092 0.0955 0.9105
159.297 0.1077 0.0951 0.9564
159.337 0.1106 0.1044 0.8922
159.378 0.1081 0.0987 0.8925
159.418 0.1006 0.0964 0.8489
159.458 0.0968 0.0964 0.8508
159.498 0.0910 0.0990 0.8562
159.538 0.0915 0.0990 0.8725
159.578 0.0922 0.1018 0.8545
159.619 0.0936 0.1001 0.8545
159.659 0.0895 0.0973 0.8756
159.699 0.0906 0.0986 0.8696
159.739 0.0883 0.1007 0.8857
159.777 0.0855 0.0999 0.9282
159.820 0.0845 0.0991 0.9082
159.860 0.0814 0.0967 0.9151
159.900 0.0831 0.0980 0.9151
159.939 0.0853 0.1005 0.8968
159.976 0.0852 0.0985 0.8977
160.021 0.0826 0.0997 0.9073
160.060 0.0813 0.0997 0.9147
160.101 0.0770 0.0985 0.8922
160.141 0.0783 0.0987 0.8970
160.180 0.0773 0.0994 0.8969
160.221 0.0760 0.1017 0.9032
160.261 0.0766 0.0995 0.9084
160.301 0.0784 0.0985 0.9041
160.342 0.0775 0.0985 0.9041
160.382 0.0768 0.1002 0.9290
160.421 0.0716 0.1013 0.9335
160.462 0.0711 0.0991 0.9317
160.503 0.0745 0.1006 0.9049
160.543 0.0768 0.0981 0.9029
160.582 0.0782 0.1021 0.9237
160.620 0.0764 0.1030 0.9065
160.664 0.0764 0.1048 0.9247
160.703 0.0761 0.1020 0.9017
160.743 0.0769 0.1020 0.9458
160.783 0.0746 0.1011 0.9064
160.820 0.0732 0.1040 0.9064
160.864 0.0741 0.1040 0.9064
160.904 0.0748 0.1034 0.9124
160.944 0.0759 0.1036 0.9179
160.984 0.0756 0.1015 0.8978
161.024 0.0740 0.1008 0.8978
161.064 0.0737 0.1067 0.9132
161.105 0.0773 0.1059 0.8955
161.144 0.0806 0.1030 0.8955
161.185 0.0824 0.1002 0.9095
161.224 0.0833 0.0992 0.8953
161.264 0.0858 0.1015 0.8711
161.305 0.0897 0.1045 0.9305
161.345 0.0906 0.1033 0.9305
161.385 0.0928 0.1040 0.8757
161.425 0.0936 0.1006 0.8761
161.463 0.0950 0.1040 0.8655
161.508 0.0960 0.1076 0.8821
161.547 0.0974 0.1082 0.8723
161.587 0.0980 0.1027 0.9055
161.627 0.0975 0.1012 0.9109
161.664 0.0954 0.1043 0.8796
161.708 0.0962 0.1040 0.8636
161.748 0.0945 0.1039 0.8676
161.788 0.0909 0.1036 0.8790
161.828 0.0898 0.1023 0.8563
161.867 0.0883 0.1041 0.8650
161.908 0.0896 0.1023 0.8712
161.948 0.0905 0.1020 0.8822
161.988 0.0936 0.1013 0.8961
162.028 0.0956 0.1035 0.8702
162.068 0.0943 0.1035 0.8583
162.108 0.0917 0.1019 0.8959
162.149 0.0917 0.1045 0.8689
162.189 0.0874 0.1028 0.8899
162.229 0.0847 0.1046 0.8795
162.269 0.0853 0.1046 0.8831
162.306 0.0833 0.0995 0.8831
162.350 0.0817 0.1031 0.8826
162.390 0.0788 0.1043 0.8663
162.430 0.0728 0.1033 0.9059
162.469 0.0666 0.1030 0.8885
162.507 0.0610 0.0992 0.9301
162.551 0.0572 0.1032 0.9311
162.591 0.0551 0.1008 0.9051
162.632 0.0524 0.1058 0.9399
162.671 0.0521 0.1049 0.9361
162.711 0.0537 0.0990 0.9492
162.752 0.0516 0.1026 0.9492
162.792 0.0518 0.1041 0.9492
162.832 0.0511 0.1076 0.9149
162.872 0.0516 0.1038 0.9067
162.911 0.0529 0.1011 0.9056
162.951 0.0531 0.1014 0.9072
162.992 0.0547 0.1020 0.9442
163.033 0.0549 0.1063 0.9468
163.073 0.0604 0.1073 0.9457
163.112 0.0611 0.1014 0.9617
163.150 0.0651 0.1014 0.9629
163.194 0.0690 0.1000 0.9617
163.233 0.0738 0.1015 0.9568
163.273 0.0756 0.1067 0.9635
163.313 0.0788 0.1003 0.9574
163.351 0.0816 0.0998 0.9514
163.394 0.0820 0.0970 0.9315
163.434 0.0876 0.0985 0.9525
163.474 0.0933 0.1013 0.9661
163.514 0.0993 0.0982 0.9784
163.554 0.0995 0.0960 0.9748
163.594 0.1019 0.0971 0.9525
163.634 0.1037 0.0988 0.9535
163.675 0.1040 0.0975 1.0170
163.715 0.1072 0.1002 1.0040
163.755 0.1126 0.0983 1.0070
163.795 0.1178 0.0964 1.0166
163.836 0.1204 0.0987 1.0289
163.876 0.1231 0.0987 1.0300
163.917 0.1270 0.0988 1.0252
163.956 0.1284 0.0973 1.0653
163.993 0.1289 0.0961 1.0467
164.038 0.1295 0.0951 1.0685
164.077 0.1313 0.0939 1.0751
164.117 0.1323 0.0948 1.0331
164.157 0.1329 0.0948 1.0314
164.194 0.1305 0.0931 1.0669
164.238 0.1260 0.0924 1.0592
164.278 0.1234 0.0916 1.0382
164.317 0.1211 0.0900 1.0982
164.357 0.1238 0.0902 1.1048
164.397 0.1327 0.0917 1.0916
164.438 0.1208 0.0901 1.0682
164.478 0.1246 0.0882 1.1173
164.518 0.1144 0.0882 1.1173
164.558 0.1198 0.0874 1.0929
164.598 0.1157 0.0887 1.0682
164.637 0.1112 0.0979 0.9358
164.679 0.1085 0.0865 1.0952
164.719 0.1073 0.0926 0.9445
164.759 0.1034 0.0872 1.1109
164.800 0.0991 0.0940 0.9636
164.838 0.0933 0.0966 0.9314
164.881 0.0764 0.0891 0.9336
164.921 0.0871 0.0894 0.9270
164.961 0.0735 0.0960 0.9327
165.000 0.0776 0.0973 0.9327
165.037 0.0603 0.0914 0.9332
165.081 0.0493 0.0926 0.9109
165.121 0.0484 0.0925 0.9045
165.161 0.0478 0.0940 0.9025
165.201 0.0424 0.0950 0.9025
165.241 0.0398 0.0922 0.9089
165.282 0.0332 0.0952 0.9025
165.322 0.0323 0.0916 0.9025
165.362 0.0283 0.0942 0.9025
165.402 0.0256 0.0935 0.9285
165.441 0.0271 0.0942 0.9285
165.481 0.0240 0.0978 0.9279
165.522 0.0217 0.0931 0.9305
165.562 0.0211 0.0931 0.9305
165.603 0.0194 0.0932 0.9365
165.642 0.0161 0.0956 0.9455
165.679 0.0164 0.0949 0.9324
165.723 0.0174 0.0919 0.9459
165.763 0.0220 0.0924 0.9439
165.803 0.0309 0.0924 0.9189
165.843 0.0313 0.0945 0.9095
165.881 0.0361 0.0994 0.9181
165.925 0.0354 0.0905 0.9129
165.965 0.0375 0.0898 0.9266
166.005 0.0417 0.0912 0.9266
166.044 0.0448 0.0907 0.9302
166.085 0.0457 0.0958 0.9225
166.125 0.0488 0.0970 0.9180
166.165 0.0520 0.0939 0.9189
166.205 0.0529 0.0930 0.9189
166.245 0.0514 0.0932 0.9189
166.285 0.0476 0.0928 0.9409
166.325 0.0494 0.0948 0.9459
166.365 0.0507 0.0940 0.9409
166.406 0.0525 0.0943 0.9329
166.446 0.0558 0.0958 0.9285
166.486 0.0600 0.0951 0.9295
166.523 0.0604 0.0966 0.9036
166.567 0.0652 0.0974 0.9276
166.607 0.0700 0.0929 0.8956
166.647 0.0714 0.0909 0.9042
166.686 0.0729 0.0950 0.9321
166.723 0.0746 0.0963 0.9235
166.768 0.0752 0.0958 0.9215
166.807 0.0775 0.0958 0.9485
166.848 0.0760 0.0933 0.9575
166.887 0.0740 0.0923 0.9061
166.927 0.0721 0.0936 0.9061
166.968 0.0702 0.0987 0.9139
167.008 0.0677 0.0973 0.9087
167.049 0.0632 0.0949 0.9075
167.089 0.0607 0.0944 0.9191
167.128 0.0554 0.0944 0.9138
167.168 0.0518 0.0972 0.9276
167.209 0.0520 0.0987 0.9276
167.250 0.0515 0.0973 0.9276
167.290 0.0517 0.0952 0.8878
167.329 0.0510 0.0959 0.8955
167.367 0.0507 0.0965 0.8955
167.411 0.0525 0.0965 0.8956
167.450 0.0512 0.0949 0.8976
167.490 0.0514 0.0971 0.8981
167.530 0.0564 0.0928 0.8995
167.567 0.0591 0.0956 0.8736
167.611 0.0625 0.0969 0.9091
167.651 0.0671 0.1005 0.8684
167.691 0.0662 0.0991 0.8684
167.731 0.0649 0.0944 0.8761
167.771 0.0672 0.0959 0.8835
167.811 0.0688 0.0977 0.8972
167.851 0.0673 0.0994 0.8928
167.892 0.0659 0.0992 0.8640
167.931 0.0671 0.0969 0.8640
167.971 0.0647 0.0995 0.8716
168.011 0.0602 0.1000 0.8672
168.052 0.0547 0.0994 0.8632
168.092 0.0538 0.1036 0.8544
168.133 0.0533 0.1009 0.8544
168.173 0.0524 0.1017 0.8544
168.210 0.0542 0.0988 0.8521
168.254 0.0558 0.1020 0.8521
168.294 0.0557 0.1031 0.8716
168.334 0.0589 0.1007 0.8446
168.374 0.0652 0.1000 0.8716
168.411 0.0671 0.1000 0.8420
168.455 0.0727 0.1025 0.8868
168.494 0.0812 0.1009 0.8823
168.535 0.0842 0.1032 0.8435
168.574 0.0863 0.1024 0.8573
168.614 0.0876 0.1036 0.8980
168.655 0.0861 0.1028 0.9161
168.695 0.0880 0.1024 0.8678
168.735 0.0868 0.1059 0.8922
168.775 0.0825 0.1055 0.8699
168.815 0.0799 0.1042 0.8662
168.854 0.0779 0.1014 0.9154
168.896 0.0770 0.1046 0.9154
168.936 0.0749 0.1050 0.9154
168.976 0.0718 0.1071 0.8728
169.016 0.0735 0.1031 0.8815
169.053 0.0750 0.1015 0.8766
169.097 0.0752 0.0987 0.8927
169.136 0.0754 0.1040 0.9296
169.177 0.0737 0.1016 0.9083
169.217 0.0734 0.0962 0.9092
169.254 0.0766 0.0988 0.9195
169.298 0.0768 0.0985 0.9121
169.338 0.0769 0.1004 0.8949
169.378 0.0748 0.1006 0.8949
169.418 0.0773 0.0996 0.8949
169.458 0.0779 0.0982 0.8949
169.498 0.0782 0.0971 0.9135
169.539 0.0781 0.0995 0.9350
169.579 0.0763 0.1013 0.9207
169.619 0.0740 0.1005 0.9343
169.658 0.0749 0.1009 0.9343
169.698 0.0729 0.0979 0.9247
169.739 0.0728 0.0967 0.9258
169.779 0.0754 0.1011 0.9086
169.819 0.0746 0.1057 0.9161
169.859 0.0756 0.0971 0.9329
169.897 0.0719 0.1010 0.9333
169.940 0.0716 0.0994 0.9019
169.980 0.0684 0.0987 0.9242
170.020 0.0663 0.0996 0.9253
170.060 0.0669 0.0966 0.9463
170.097 0.0684 0.0979 0.9253
170.141 0.0697 0.0938 0.9253
170.181 0.0742 0.0945 0.8912
170.221 0.0748 0.0983 0.9082
170.260 0.0728 0.0984 0.9107
170.301 0.0724 0.0975 0.9157
170.342 0.0705 0.0950 0.9345
170.382 0.0731 0.0950 0.9345
170.423 0.0704 0.0943 0.8886
170.462 0.0694 0.0944 0.9096
170.502 0.0694 0.0937 0.9096
170.542 0.0667 0.0931 0.9029
170.583 0.0654 0.0934 0.9363
170.623 0.0642 0.0927 0.9440
170.663 0.0583 0.0959 0.9623
170.702 0.0573 0.0937 0.9609
170.740 0.0558 0.0927 0.9652
170.784 0.0551 0.0916 0.9466
170.824 0.0554 0.0906 0.9478
170.864 0.0543 0.0875 1.0103
170.903 0.0554 0.0931 1.0318
170.941 0.0571 0.0936 0.9983
170.985 0.0580 0.0902 1.0223
171.024 0.0595 0.0881 0.9838
171.065 0.0568 0.0896 0.9831
171.104 0.0510 0.0902 1.0074
171.143 0.0497 0.0933 0.9947
171.185 0.0447 0.0940 0.9947
171.225 0.0378 0.0901 1.0284
171.265 0.0323 0.0890 0.9935
171.305 0.0237 0.0897 1.0047
171.345 0.0228 0.0906 1.0255
171.455 0.0087 0.0887 1.0251
171.506 0.0094 0.0915 1.0329
171.546 0.0131 0.0900 1.0144
171.586 0.0177 0.0895 1.0144
171.626 0.0187 0.0871 1.0144
171.664 0.0201 0.0884 1.0211
171.707 0.0262 0.0885 1.0092
171.747 0.0324 0.0885 1.0092
171.788 0.0339 0.0874 1.0295
171.827 0.0432 0.0885 0.9910
171.864 0.0517 0.0891 0.9878
171.907 0.0595 0.0880 0.9878
171.948 0.0648 0.0897 0.9963
171.988 0.0666 0.0897 0.9877
172.028 0.0648 0.0895 0.9617
172.067 0.0667 0.0885 1.0052
172.108 0.0717 0.0894 0.9346
172.149 0.0762 0.0913 0.9096
172.189 0.0782 0.0910 0.9466
172.229 0.0781 0.0913 0.9466
172.268 0.0773 0.0921 0.9466
172.308 0.0763 0.0898 0.9216
172.349 0.0755 0.0901 0.8886
172.389 0.0740 0.0906 0.9136
172.429 0.0726 0.0909 0.9181
172.469 0.0712 0.0945 0.9230
172.507 0.0685 0.0934 0.9136
172.550 0.0637 0.0944 0.9544
172.591 0.0570 0.0922 0.9555
172.631 0.0536 0.0927 0.9282
172.671 0.0459 0.0960 0.9072
172.708 0.0400 0.0960 0.8994
172.751 0.0336 0.0967 0.8994
172.792 0.0244 0.0927 0.8862
172.832 0.0153 0.0951 0.8994
172.871 0.0098 0.0925 0.9378
172.911 0.0053 0.0960 0.9204
172.953 0.0052 0.0896 0.9466
172.992 0.0064 0.0907 0.8956
173.033 0.0072 0.0911 0.9128
173.072 0.0090 0.0923 0.8956
173.111 0.0136 0.0920 0.8956
173.151 0.0152 0.0910 0.8956
173.193 0.0178 0.0899 0.8734
173.233 0.0187 0.0888 0.8734
173.273 0.0186 0.0907 0.8956
173.313 0.0206 0.0929 0.9244
173.350 0.0247 0.0914 0.8956
173.393 0.0313 0.0888 0.9006
173.434 0.0405 0.0888 0.9006
173.474 0.0486 0.0878 0.9190
173.513 0.0574 0.0902 0.9216
173.550 0.0653 0.0913 0.9376
173.594 0.0760 0.0882 0.9216
173.634 0.0837 0.0893 0.9128
173.675 0.0925 0.0886 0.9116
173.715 0.0992 0.0907 0.9116
173.754 0.1039 0.0903 0.8886
173.795 0.1090 0.0897 0.8836
173.836 0.1142 0.0872 0.9096
173.876 0.1159 0.0865 0.9363
173.916 0.1146 0.0886 0.9117
173.955 0.1130 0.0903 0.9446
173.995 0.1093 0.0909 0.9748
174.037 0.1013 0.0873 0.9660
174.077 0.0934 0.0865 0.9680
174.117 0.0903 0.0857 0.9579
174.156 0.0834 0.0879 0.9799
174.194 0.0780 0.0889 0.9951
174.238 0.0717 0.0895 0.9825
174.278 0.0694 0.0884 0.9825
174.318 0.0621 0.0872 0.9825
174.357 0.0564 0.0887 0.9849
174.394 0.0519 0.0895 0.9926
174.438 0.0491 0.0905 1.0095
174.478 0.0498 0.0881 1.0603
174.520 0.0490 0.0881 1.0365
174.650 0.0382 0.0886 1.0455
174.741 0.0356 0.0858 1.0185
174.799 0.0296 0.0840 1.0222
174.839 0.0258 0.0908 1.0185
174.880 0.0279 0.0854 1.0570
174.919 0.0230 0.0857 1.0570
174.959 0.0206 0.0839 1.0492
174.999 0.0187 0.0838 1.0492
175.040 0.0191 0.0847 1.0570
175.081 0.0204 0.0874 1.0570
175.121 0.0207 0.0858 1.0483
175.160 0.0266 0.0848 1.0406
175.197 0.0231 0.0838 1.0492
175.242 0.0237 0.0830 1.0483
175.281 0.0240 0.0863 1.0887
175.322 0.0348 0.0905 1.0483
175.361 0.0352 0.0867 1.0483
175.398 0.0391 0.0878 0.9511
175.443 0.0397 0.0862 1.0717
175.482 0.0373 0.0865 1.0717
175.522 0.0389 0.0855 1.0804
175.562 0.0454 0.0920 0.9475
175.602 0.0440 0.0855 0.9357
175.643 0.0373 0.0845 0.9313
175.682 0.0389 0.0887 0.9616
175.723 0.0415 0.0907 0.9333
175.763 0.0451 0.0915 0.9660
175.802 0.0420 0.0888 0.9366
175.842 0.0382 0.0883 0.9227
175.883 0.0352 0.0867 0.8991
175.924 0.0362 0.0911 0.9324
175.965 0.0375 0.0905 0.9088
176.004 0.0346 0.0889 0.8981
176.041 0.0325 0.0905 0.9348
176.086 0.0328 0.0869 0.9088
176.125 0.0336 0.0915 0.9270
176.165 0.0332 0.0906 0.9389
176.205 0.0321 0.0886 0.9648
176.242 0.0300 0.0893 0.9565
176.286 0.0259 0.0867 0.9389
176.326 0.0274 0.0874 0.9479
176.366 0.0300 0.0912 0.9618
176.405 0.0334 0.0905 0.9866
176.446 0.0353 0.0903 0.9607
176.486 0.0445 0.0897 0.9467
176.527 0.0478 0.0861 0.9348
176.567 0.0494 0.0882 0.9467
176.606 0.0532 0.0934 0.9363
176.646 0.0589 0.0892 0.9353
176.685 0.0626 0.0890 0.8859
176.727 0.0650 0.0883 0.9208
176.767 0.0706 0.0899 0.9082
176.807 0.0708 0.0930 0.9153
176.847 0.0721 0.0912 0.9388
176.884 0.0705 0.0909 0.8946
176.928 0.0704 0.0935 0.8935
176.969 0.0636 0.0913 0.8935
177.008 0.0606 0.0941 0.8990
177.048 0.0591 0.0944 0.9262
177.085 0.0581 0.0949 0.9174
177.130 0.0509 0.0933 0.9002
177.169 0.0513 0.0928 0.8810
177.209 0.0520 0.0936 0.8863
177.249 0.0502 0.0932 0.9080
177.290 0.0475 0.0948 0.9146
177.330 0.0457 0.0949 0.9146
177.370 0.0451 0.0948 0.9059
177.410 0.0416 0.0933 0.9149
177.450 0.0402 0.0927 0.9139
177.489 0.0391 0.0990 0.8935
177.529 0.0373 0.0943 0.8924
177.570 0.0328 0.0918 0.8924
177.610 0.0356 0.0933 0.8910
177.651 0.0354 0.0929 0.9032
177.690 0.0340 0.0948 0.9032
177.728 0.0323 0.0979 0.8997
177.772 0.0322 0.0938 0.9107
177.811 0.0314 0.0906 0.9107
177.852 0.0297 0.0935 0.9204
177.891 0.0286 0.0944 0.9204
177.929 0.0271 0.0958 0.9195
177.972 0.0273 0.0945 0.9057
178.011 0.0257 0.0920 0.9151
178.052 0.0268 0.0918 0.8872
178.092 0.0260 0.0925 0.8862
178.133 0.0202 0.0952 0.8872
178.174 0.0171 0.0927 0.9135
178.213 0.0138 0.0927 0.9135
178.253 0.0110 0.0913 0.9142
178.294 0.0104 0.0928 0.9367
178.340 0.0103 0.0952 0.9366
178.372 0.0079 0.0935 0.9366
178.414 0.0081 0.0950 0.9056
178.454 0.0081 0.0900 0.9160
178.494 0.0109 0.0927 0.8919
178.533 0.0225 0.0916 0.9171
178.571 0.0315 0.0960 0.9397
178.615 0.0362 0.0917 0.9444
178.655 0.0440 0.0935 0.9082
178.695 0.0515 0.0887 0.9355
178.734 0.0572 0.0882 0.8865
178.772 0.0670 0.0924 0.9107
178.816 0.0803 0.0900 0.9032
178.855 0.0909 0.0893 0.8924
178.896 0.0996 0.0887 0.9169
178.935 0.1024 0.0866 0.9277
178.975 0.1032 0.0893 0.9282
179.016 0.0949 0.0914 0.9180
179.056 0.0913 0.0918 0.9205
179.096 0.0879 0.0887 0.8723
179.136 0.0835 0.0873 0.9173
179.175 0.0789 0.0867 0.9153
179.216 0.0781 0.0902 0.9189
179.257 0.0742 0.0919 0.8966
179.298 0.0703 0.0893 0.8888
179.338 0.0671 0.0860 0.9241
179.377 0.0653 0.0879 0.9238
179.415 0.0648 0.0869 0.9238
179.459 0.0608 0.0876 0.8971
179.498 0.0586 0.0876 0.8991
179.539 0.0585 0.0893 0.9033
179.578 0.0599 0.0875 0.9093
179.615 0.0582 0.0893 0.9089
179.659 0.0572 0.0897 0.9358
179.699 0.0559 0.0887 0.9260
179.754 0.0527 0.0884 0.9358
179.779 0.0486 0.0874 0.9164
179.819 0.0400 0.0873 0.9212
179.859 0.0330 0.0876 0.9164
179.899 0.0236 0.0874 0.9181
179.939 0.0151 0.0872 0.9133
179.979 0.0120 0.0867 0.9164
180.019 0.0080 0.0832 0.9075
180.059 0.0042 0.0843 0.9075
180.100 0.0107 0.0868 0.9120
180.140 0.0182 0.0857 0.9120
180.180 0.0282 0.0863 0.9280
180.220 0.0395 0.0856 0.9258
180.258 0.0471 0.0878 0.9337
180.301 0.0543 0.0886 0.9337
180.342 0.0610 0.0878 0.9607
180.382 0.0673 0.0879 0.9627
180.422 0.0682 0.0878 0.9618
180.459 0.0696 0.0859 0.9108
180.503 0.0720 0.0876 0.9158
180.543 0.0712 0.0887 0.9354
180.583 0.0677 0.0877 0.9334
180.622 0.0665 0.0856 0.9604
180.662 0.0622 0.0880 0.8799
180.703 0.0587 0.0893 0.8835
180.743 0.0574 0.0931 0.9225
180.783 0.0529 0.0893 0.9095
180.823 0.0508 0.0906 0.9028
180.862 0.0485 0.0909 0.9320
180.902 0.0502 0.0882 0.9260
180.943 0.0514 0.0903 0.9139
180.984 0.0520 0.0904 0.9121
181.024 0.0527 0.0892 0.9121
181.064 0.0549 0.0910 0.9259
181.101 0.0570 0.0885 0.8882
181.144 0.0617 0.0928 0.9192
181.184 0.0642 0.0944 0.9201
181.225 0.0620 0.0944 0.9201
181.264 0.0631 0.0889 0.9201
181.301 0.0628 0.0923 0.9029
181.344 0.0640 0.0912 0.9009
181.385 0.0612 0.0912 0.9029
181.425 0.0597 0.0944 0.9055
181.466 0.0586 0.0908 0.8887
181.505 0.0571 0.0887 0.8489
181.546 0.0576 0.0873 0.8489
181.586 0.0548 0.0886 0.8500
181.627 0.0474 0.0922 0.8849
181.667 0.0434 0.0932 0.8849
181.706 0.0415 0.0880 0.9085
181.746 0.0381 0.0877 0.9085
181.787 0.0398 0.0877 0.9085
181.827 0.0405 0.0871 0.8699
181.867 0.0387 0.0881 0.9095
181.907 0.0387 0.0878 0.9120
181.944 0.0390 0.0889 0.8835
181.988 0.0394 0.0885 0.8835
182.028 0.0422 0.0872 0.8783
182.069 0.0418 0.0895 0.8924
182.109 0.0454 0.0896 0.9209
182.145 0.0466 0.0875 0.9209
182.188 0.0465 0.0888 0.8799
182.229 0.0490 0.0864 0.8799
182.269 0.0468 0.0903 0.8761
182.309 0.0446 0.0913 0.9085
182.348 0.0468 0.0859 0.8686
182.388 0.0470 0.0850 0.8711
182.429 0.0447 0.0846 0.8686
182.469 0.0488 0.0845 0.8680
182.509 0.0462 0.0893 0.8805
182.550 0.0461 0.0900 0.8805
182.590 0.0464 0.0883 0.8919
182.631 0.0438 0.0853 0.8505
182.671 0.0464 0.0867 0.8476
182.711 0.0472 0.0874 0.8402
182.751 0.0492 0.0872 0.8402
182.788 0.0481 0.0854 0.8402
182.832 0.0446 0.0850 0.8402
182.872 0.0419 0.0845 0.8749
182.914 0.0447 0.0850 0.8540
182.952 0.0398 0.0892 0.8520
182.989 0.0383 0.0883 0.8500
183.033 0.0348 0.0896 0.8404
183.073 0.0318 0.0867 0.8632
183.113 0.0334 0.0891 0.8286
183.152 0.0312 0.0898 0.8390
183.193 0.0291 0.0929 0.8390
183.233 0.0261 0.0910 0.8568
183.273 0.0240 0.0862 0.8988
183.313 0.0251 0.0872 0.8352
183.353 0.0271 0.0863 0.8963
183.393 0.0254 0.0866 0.8959
183.432 0.0230 0.0879 0.8985
183.474 0.0216 0.0879 0.8985
183.514 0.0235 0.0878 0.8775
183.554 0.0241 0.0881 0.8808
183.593 0.0229 0.0864 0.8985
183.632 0.0201 0.0935 0.8808
183.675 0.0175 0.0852 0.8985
183.716 0.0151 0.0853 0.9219
183.756 0.0130 0.0852 0.9219
183.797 0.0078 0.0854 0.9229
183.832 0.0044 0.0876 0.9525
183.877 0.0055 0.0916 0.9033
183.916 0.0078 0.0882 0.9219
183.956 0.0117 0.0829 0.9448
183.996 0.0159 0.0870 0.9448
184.036 0.0205 0.0850 0.9489
184.077 0.0293 0.0931 0.9163
184.117 0.0344 0.0851 0.9255
184.157 0.0417 0.0844 0.9229
184.197 0.0500 0.0847 0.9214
184.236 0.0588 0.0878 0.9214
184.276 0.0674 0.0905 0.9154
184.317 0.0735 0.0855 0.9178
184.357 0.0841 0.0836 0.9257
184.397 0.0933 0.0832 0.9146
184.437 0.1031 0.0832 0.9135
184.475 0.1114 0.0900 0.8825
184.519 0.1234 0.0868 0.8362
184.569 0.1346 0.0864 0.8565
184.598 0.1393 0.0855 0.8352
184.638 0.1405 0.0849 0.8502
184.675 0.1418 0.0892 0.8576
184.719 0.1394 0.0955 0.8763
184.759 0.1406 0.0902 0.8803
184.800 0.1412 0.0891 0.8653
184.840 0.1354 0.0862 0.8641
184.880 0.1264 0.0901 0.8652
184.920 0.1185 0.0901 0.8641
184.960 0.1107 0.0896 0.8795
185.000 0.0987 0.0885 0.8862
185.040 0.0836 0.0885 0.8862
185.079 0.0700 0.0870 0.9178
185.119 0.0591 0.0898 0.9049
185.161 0.0496 0.0903 0.9015
185.201 0.0428 0.0861 0.9261
185.308 0.0215 0.0869 0.9145
185.360 0.0176 0.0886 0.9261
185.397 0.0123 0.0898 0.9145
185.442 0.0074 0.0855 0.9355
185.482 0.0084 0.0876 0.9266
185.522 0.0082 0.0857 0.9367
185.561 0.0102 0.0881 0.9260
185.599 0.0103 0.0882 0.9260
185.643 0.0093 0.0880 0.9235
185.682 0.0113 0.0857 0.9318
185.722 0.0122 0.0843 0.9286
185.762 0.0100 0.0844 0.9266
185.802 0.0075 0.0891 0.9366
185.843 0.0071 0.0859 0.9322
185.883 0.0065 0.0856 0.9366
185.924 0.0057 0.0856 0.9366
185.964 0.0037 0.0831 0.9374
186.003 0.0060 0.0879 0.9374
186.043 0.0160 0.0860 0.9355
186.084 0.0223 0.0831 0.9374
186.125 0.0271 0.0836 0.9266
186.165 0.0347 0.0827 0.9318
186.204 0.0402 0.0839 0.9318
186.242 0.0415 0.0873 0.9084
186.286 0.0453 0.0865 0.8862
186.325 0.0500 0.0870 0.9132
186.365 0.0551 0.0836 0.9175
186.405 0.0627 0.0871 0.8925
186.442 0.0669 0.0909 0.8925
186.486 0.0680 0.0914 0.9064
186.526 0.0669 0.0896 0.8755
186.566 0.0694 0.0857 0.8895
186.606 0.0706 0.0883 0.9084
186.646 0.0732 0.0901 0.8493
186.687 0.0712 0.0867 0.8802
186.726 0.0754 0.0899 0.8953
186.767 0.0785 0.0875 0.8854
186.807 0.0803 0.0887 0.9127
186.846 0.0804 0.0894 0.9115
186.885 0.0785 0.0929 0.9335
186.927 0.0758 0.0923 0.9141
186.967 0.0736 0.0925 0.8823
187.008 0.0735 0.0929 0.8956
187.048 0.0708 0.0906 0.8813
187.086 0.0715 0.0920 0.9053
187.129 0.0700 0.0927 0.8854
187.169 0.0703 0.0906 0.8890
187.209 0.0707 0.0920 0.8793
187.249 0.0678 0.0906 0.8599
187.286 0.0661 0.0902 0.8599
187.330 0.0646 0.0957 0.8995
187.369 0.0604 0.0892 0.8585
187.410 0.0595 0.0887 0.8685
187.449 0.0589 0.0898 0.8685
187.489 0.0592 0.0887 0.8609
187.530 0.0574 0.0909 0.8529
187.570 0.0514 0.0908 0.8725
187.610 0.0513 0.0911 0.8725
187.650 0.0515 0.0899 0.8496
187.690 0.0507 0.0888 0.8496
187.729 0.0526 0.0884 0.8476
187.771 0.0542 0.0916 0.8452
187.811 0.0580 0.0895 0.8560
187.851 0.0643 0.0868 0.8223
187.890 0.0675 0.0903 0.8295
187.928 0.0707 0.0854 0.8273
187.972 0.0704 0.0924 0.8567
188.012 0.0698 0.0931 0.8876
188.052 0.0769 0.0906 0.8956
188.092 0.0780 0.0932 0.8819
188.130 0.0791 0.0884 0.8897
188.174 0.0824 0.0897 0.8499
188.213 0.0793 0.0915 0.8662
188.253 0.0776 0.0914 0.8250
188.293 0.0773 0.0893 0.8479
188.333 0.0766 0.0894 0.8879
188.374 0.0732 0.0906 0.9078
188.414 0.0709 0.0908 0.9134
188.454 0.0702 0.0927 0.9134
188.494 0.0693 0.0913 0.9134
188.533 0.0661 0.0922 0.8893
188.573 0.0636 0.0902 0.8875
188.614 0.0620 0.0891 0.9342
188.654 0.0570 0.0912 0.9317
188.694 0.0598 0.0913 0.9173
188.734 0.0648 0.0927 0.9284
188.772 0.0621 0.0919 0.9197
188.816 0.0550 0.0916 0.9142
188.855 0.0535 0.0916 0.9162
188.895 0.0534 0.0933 0.9077
188.935 0.0536 0.0933 0.8808
188.972 0.0529 0.0924 0.8788
189.016 0.0572 0.0926 0.8983
189.056 0.0592 0.0926 0.8983
189.096 0.0590 0.0926 0.8983
189.136 0.0586 0.0926 0.8983
189.176 0.0578 0.0911 0.9022
189.217 0.0558 0.0905 0.8997
189.257 0.0561 0.0919 0.9102
189.298 0.0590 0.0925 0.9042
189.337 0.0576 0.0905 0.8808
189.377 0.0588 0.0913 0.8808
189.417 0.0578 0.0894 0.9058
189.458 0.0593 0.0881 0.9058
189.498 0.0564 0.0913 0.9058
189.538 0.0529 0.0941 0.8907
189.578 0.0511 0.0881 0.9209
189.615 0.0523 0.0876 0.9000
189.659 0.0537 0.0874 0.9107
189.699 0.0512 0.0881 0.9145
189.739 0.0502 0.0907 0.9116
189.778 0.0511 0.0884 0.8886
189.816 0.0535 0.0898 0.8592
189.860 0.0542 0.0866 0.8612
189.899 0.0510 0.0863 0.8720
189.939 0.0487 0.0895 0.9015
189.979 0.0510 0.0906 0.8989
190.019 0.0536 0.0874 0.9116
190.060 0.0553 0.0866 0.9096
190.100 0.0559 0.0879 0.9259
190.140 0.0597 0.0861 0.9249
190.180 0.0617 0.0874 0.9085
190.219 0.0687 0.0874 0.9249
190.259 0.0705 0.0877 0.9249
190.300 0.0710 0.0842 0.9259
190.342 0.0754 0.0827 0.9319
190.382 0.0800 0.0883 0.8969
190.421 0.0889 0.0894 0.9229
190.459 0.0915 0.0836 0.9219
190.503 0.0931 0.0844 0.9488
190.542 0.0951 0.0838 0.9478
190.583 0.0980 0.0836 0.9448
190.622 0.0957 0.0851 0.9442
190.659 0.0987 0.0855 0.9502
190.703 0.0943 0.0843 0.9316
190.743 0.0928 0.0811 0.9016
190.783 0.0956 0.0803 0.9315
190.823 0.0945 0.0819 0.9348
190.863 0.0950 0.0832 1.0008
190.904 0.0941 0.0833 0.9495
190.943 0.0949 0.0825 0.9976
190.984 0.0935 0.0818 0.9668
191.024 0.0908 0.0796 1.0008
191.063 0.0916 0.0828 1.0008
191.103 0.0983 0.0821 0.9477
191.144 0.0983 0.0808 1.0041
191.184 0.0939 0.0796 0.9800
191.224 0.0919 0.0783 0.9839
191.264 0.0860 0.0776 1.0265
191.302 0.0824 0.0786 1.0564
191.345 0.0783 0.0811 0.9409
191.385 0.0762 0.0812 0.9623
191.425 0.0758 0.0844 0.9633
191.466 0.0708 0.0844 0.9633
191.503 0.0684 0.0855 0.9633
191.547 0.0618 0.0817 0.9547
191.586 0.0510 0.0851 1.0073
191.627 0.0404 0.0842 1.0073
191.666 0.0369 0.0808 0.9818
191.706 0.0337 0.0855 0.9623
191.747 0.0351 0.0849 0.9839
191.787 0.0328 0.0841 0.9753
191.827 0.0305 0.0823 0.9574
191.867 0.0253 0.0808 0.9615
191.907 0.0134 0.0840 0.9556
191.946 0.0113 0.0841 0.9839
191.988 0.0100 0.0808 0.9652
192.028 0.0101 0.0796 0.9708
192.068 0.0095 0.0830 0.9063
192.108 0.0117 0.0816 0.9652
192.145 0.0200 0.0819 0.9652
192.190 0.0253 0.0833 0.9768
192.229 0.0351 0.0865 0.9313
192.269 0.0439 0.0832 0.9355
192.308 0.0530 0.0817 0.9306
192.346 0.0580 0.0821 0.9944
192.390 0.0575 0.0833 0.9824
192.429 0.0649 0.0835 0.9782
192.469 0.0682 0.0823 0.9932
192.509 0.0731 0.0819 0.9918
192.550 0.0713 0.0814 0.9832
192.591 0.0619 0.0828 0.9547
192.631 0.0541 0.0841 0.9262
192.671 0.0499 0.0841 0.9409
192.711 0.0434 0.0836 0.9409
192.750 0.0368 0.0804 0.9588
192.790 0.0299 0.0817 0.9588
192.831 0.0226 0.0863 0.9625
192.872 0.0203 0.0851 0.9648
192.912 0.0135 0.0817 0.9587
192.951 0.0152 0.0817 0.9587
192.989 0.0210 0.0825 0.9448
193.033 0.0217 0.0835 0.9539
193.072 0.0233 0.0821 0.9539
193.112 0.0233 0.0838 0.9539
193.152 0.0256 0.0809 0.9665
193.189 0.0307 0.0803 0.9572
193.233 0.0350 0.0829 0.9528
193.273 0.0366 0.0844 0.9339
193.313 0.0384 0.0820 0.9229
193.353 0.0417 0.0838 0.8943
193.393 0.0433 0.0813 0.9474
193.433 0.0400 0.0817 0.8932
193.473 0.0314 0.0857 0.9192
193.513 0.0279 0.0822 1.0278
193.554 0.0233 0.0805 0.9485
193.593 0.0194 0.0832 0.9029
193.633 0.0170 0.0809 0.9485
193.675 0.0125 0.0846 0.8892
193.715 0.0094 0.0838 0.9744
193.755 0.0054 0.0832 0.9631
193.795 0.0072 0.0824 0.9431
193.833 0.0092 0.0824 0.9701
193.876 0.0091 0.0826 0.9162
193.916 0.0120 0.0848 0.9669
193.956 0.0094 0.0838 0.9755
193.995 0.0116 0.0820 0.9628
194.032 0.0149 0.0827 0.9202
194.076 0.0159 0.0821 1.0061
194.116 0.0258 0.0828 0.9887
194.157 0.0366 0.0832 0.9901
194.196 0.0439 0.0852 0.9908
194.235 0.0528 0.0835 1.0051
194.277 0.0552 0.0829 0.9747
194.317 0.0652 0.0838 0.9618
194.357 0.0754 0.0859 0.9618
194.397 0.0797 0.0843 0.9423
194.436 0.0811 0.0813 0.9615
194.476 0.0791 0.0807 0.9305
194.517 0.0761 0.0826 0.9355
194.558 0.0774 0.0808 0.9465
194.598 0.0742 0.0831 0.9572
194.637 0.0715 0.0829 0.9262
194.675 0.0673 0.0808 0.9323
194.718 0.0618 0.0820 0.9012
194.759 0.0606 0.0825 0.9262
194.800 0.0541 0.0833 0.9907
194.839 0.0521 0.0838 0.9858
194.876 0.0532 0.0835 0.9562
194.919 0.0571 0.0843 0.9272
194.960 0.0601 0.0843 0.9322
195.000 0.0608 0.0867 0.9311
195.040 0.0605 0.0883 0.9322
195.079 0.0617 0.0857 0.9322
195.119 0.0591 0.0869 0.9103
195.161 0.0549 0.0891 0.9103
195.201 0.0536 0.0900 0.9116
195.241 0.0495 0.0921 0.9116
195.280 0.0510 0.0888 0.9116
195.320 0.0498 0.0867 0.9279
195.361 0.0477 0.0862 0.9289
195.402 0.0465 0.0877 0.8672
195.441 0.0441 0.0896 0.9322
195.481 0.0457 0.0917 0.9019
195.518 0.0502 0.0903 0.8975
195.561 0.0532 0.0891 0.9135
195.602 0.0498 0.0893 0.9135
195.642 0.0529 0.0917 0.9019
195.682 0.0536 0.0917 0.9079
195.719 0.0548 0.0920 0.8895
195.763 0.0558 0.0870 0.9185
195.803 0.0579 0.0875 0.9015
195.843 0.0611 0.0910 0.9059
195.883 0.0594 0.0912 0.9296
195.923 0.0611 0.0899 0.9285
195.963 0.0583 0.0908 0.9098
196.004 0.0558 0.0897 0.9065
196.044 0.0533 0.0895 0.9241
196.084 0.0577 0.0901 0.9506
196.124 0.0594 0.0896 0.9329
196.163 0.0613 0.0903 0.9079
196.205 0.0618 0.0896 0.9079
196.245 0.0601 0.0876 0.9289
196.289 0.0595 0.0878 0.9611
196.324 0.0595 0.0935 0.9132
196.362 0.0622 0.0888 0.9202
196.406 0.0640 0.0889 0.9136
196.446 0.0656 0.0858 0.9032
196.486 0.0709 0.0869 0.9042
196.526 0.0715 0.0858 0.9192
196.562 0.0700 0.0883 0.9105
196.605 0.0703 0.0902 0.9116
196.646 0.0724 0.0869 0.9201
196.687 0.0715 0.0869 0.9201
196.726 0.0725 0.0884 0.8911
196.765 0.0742 0.0895 0.8549
196.806 0.0753 0.0907 0.8552
196.847 0.0759 0.0877 0.8792
196.887 0.0743 0.0899 0.9105
196.927 0.0743 0.0892 0.9125
196.967 0.0713 0.0896 0.9136
197.007 0.0692 0.0896 0.9125
197.048 0.0716 0.0874 0.9115
197.089 0.0723 0.0875 0.8705
197.129 0.0709 0.0849 0.8657
197.168 0.0725 0.0866 0.8965
197.205 0.0742 0.0882 0.8706
197.249 0.0765 0.0884 0.8706
197.290 0.0736 0.0864 0.8589
197.330 0.0695 0.0873 0.8642
197.369 0.0669 0.0864 0.8686
197.406 0.0659 0.0866 0.8855
197.449 0.0645 0.0855 0.8768
197.490 0.0662 0.0855 0.9018
197.530 0.0635 0.0856 0.8822
197.570 0.0601 0.0884 0.8905
197.609 0.0584 0.0864 0.8789
197.651 0.0542 0.0893 0.8999
197.691 0.0513 0.0893 0.9076
197.731 0.0489 0.0875 0.8935
197.770 0.0488 0.0875 0.8924
197.810 0.0539 0.0864 0.9164
197.850 0.0574 0.0893 0.9164
197.891 0.0565 0.0882 0.9048
197.931 0.0591 0.0892 0.9038
197.972 0.0621 0.0875 0.8778
198.011 0.0656 0.0874 0.9059
198.049 0.0678 0.0888 0.9148
198.093 0.0682 0.0924 0.9478
198.133 0.0711 0.0897 0.9478
198.173 0.0761 0.0889 0.9219
198.213 0.0789 0.0861 0.9489
198.250 0.0799 0.0877 0.9418
198.294 0.0782 0.0898 0.9429
198.334 0.0767 0.0890 0.9608
198.374 0.0804 0.0879 0.9608
198.413 0.0826 0.0854 0.9587
198.454 0.0810 0.0850 0.9449
198.494 0.0791 0.0905 0.9449
198.534 0.0800 0.0878 0.9378
198.574 0.0823 0.0874 0.9677
198.614 0.0856 0.0870 0.9462
198.654 0.0883 0.0870 0.9451
198.693 0.0885 0.0859 0.9461
198.735 0.0903 0.0891 0.9400
198.775 0.0939 0.0894 0.9571
198.815 0.0969 0.0878 0.9571
198.855 0.0999 0.0860 0.9454
198.892 0.1001 0.0863 0.9351
198.936 0.1019 0.0871 0.9305
198.976 0.1012 0.0913 0.9217
199.016 0.1061 0.0877 0.9217
199.055 0.1074 0.0828 0.9487
199.092 0.1075 0.0855 0.9196
199.136 0.1032 0.0868 0.9513
199.176 0.1005 0.0862 0.9305
199.217 0.1003 0.0836 0.9186
199.257 0.0983 0.0835 0.9562
199.297 0.0970 0.0872 0.9121
199.338 0.0926 0.0861 0.9132
199.378 0.0933 0.0900 0.9111
199.418 0.0941 0.0865 0.9385
199.458 0.0989 0.0849 0.9121
199.497 0.0980 0.0837 0.9121
199.537 0.0997 0.0835 0.9391
199.578 0.1019 0.0862 0.9391
199.619 0.1051 0.0876 0.9391
199.659 0.1103 0.0864 0.9088
199.698 0.1121 0.0856 0.8831
199.736 0.1115 0.0839 0.9140
199.780 0.1109 0.0850 0.9088
199.819 0.1133 0.0869 0.9325
199.859 0.1139 0.0868 0.9314
199.899 0.1154 0.0862 0.9148
199.936 0.1152 0.0862 0.9077
199.979 0.1127 0.0836 0.9184
200.020 0.1110 0.0856 0.9374
200.060 0.1079 0.0856 0.9385
200.100 0.1066 0.0856 0.9385
200.139 0.1019 0.0843 0.9374
200.180 0.0981 0.0849 0.9314
200.220 0.0973 0.0860 0.9168
200.260 0.0999 0.0866 0.9468
200.300 0.1017 0.0866 0.9209
200.341 0.1030 0.0849 0.9198
200.380 0.1001 0.0826 0.9198
200.422 0.1029 0.0826 0.9198
200.462 0.1049 0.0851 0.9222
200.502 0.1077 0.0859 0.9452
200.542 0.1108 0.0847 0.9171
200.579 0.1090 0.0836 0.8785
200.622 0.1104 0.0837 0.8851
200.663 0.1097 0.0825 0.8785
200.703 0.1105 0.0859 0.9044
200.742 0.1063 0.0864 0.9098
200.780 0.1019 0.0837 0.9112
200.823 0.0974 0.0824 0.9148
200.863 0.0952 0.0814 0.9137
200.903 0.0852 0.0863 0.9407
200.943 0.0807 0.0881 0.9619
200.982 0.0751 0.0873 0.9644
201.024 0.0671 0.0881 0.9644
201.064 0.0649 0.0869 0.9512
201.104 0.0611 0.0873 0.9502
201.144 0.0606 0.0888 0.9502
201.183 0.0629 0.0874 0.9502
201.223 0.0639 0.0863 0.9502
201.264 0.0679 0.0887 0.8931
201.305 0.0668 0.0877 0.9152
201.345 0.0692 0.0906 0.9152
201.384 0.0751 0.0885 0.9152
201.423 0.0750 0.0916 0.9201
201.466 0.0742 0.0896 0.9165
201.507 0.0747 0.0888 0.9272
201.547 0.0732 0.0909 0.9185
201.586 0.0779 0.0934 0.9185
201.623 0.0826 0.0939 0.9185
201.668 0.0766 0.0933 0.8915
201.707 0.0714 0.0916 0.9185
201.747 0.0628 0.0892 0.9262
201.787 0.0580 0.0920 0.9272
201.826 0.0513 0.0974 0.9181
201.867 0.0413 0.0948 0.9528
201.908 0.0361 0.0902 0.9618
201.948 0.0309 0.0891 0.9367
201.988 0.0244 0.0915 0.9152
202.027 0.0216 0.0941 0.9468
202.067 0.0130 0.0911 0.9367
202.108 0.0067 0.0921 0.8892
202.148 0.0072 0.0912 0.8795
202.189 0.0081 0.0926 0.8771
202.228 0.0086 0.0960 0.9097
202.265 0.0102 0.0953 0.9117
202.310 0.0106 0.0933 0.9002
202.349 0.0089 0.0933 0.8925
202.389 0.0080 0.0905 0.8959
202.429 0.0049 0.0935 0.9056
202.467 0.0048 0.0944 0.9046
202.510 0.0028 0.0930 0.9002
202.550 0.0029 0.0916 0.8759
202.591 0.0046 0.0916 0.8759
202.630 0.0054 0.0906 0.8709
202.669 0.0081 0.0915 0.9311
202.710 0.0100 0.0901 0.9316
202.751 0.0117 0.0885 0.9082
202.791 0.0117 0.0868 0.8898
202.831 0.0144 0.0864 0.8898
202.871 0.0156 0.0883 0.8975
202.910 0.0152 0.0884 0.8898
202.952 0.0156 0.0903 0.8975
202.992 0.0142 0.0848 0.8782
203.032 0.0160 0.0836 0.8716
203.072 0.0159 0.0852 0.8716
203.109 0.0134 0.0885 0.8645
203.153 0.0113 0.0840 0.8925
203.193 0.0105 0.0865 0.8628
203.233 0.0097 0.0841 0.8716
203.272 0.0126 0.0853 0.8838
203.309 0.0121 0.0880 0.8915
203.353 0.0081 0.0877 0.8645
203.393 0.0094 0.0864 0.8568
203.433 0.0081 0.0868 0.8568
203.473 0.0086 0.0858 0.8931
203.512 0.0070 0.0894 0.8768
203.554 0.0085 0.0880 0.8568
203.594 0.0076 0.0859 0.8568
203.634 0.0054 0.0848 0.8568
203.675 0.0046 0.0801 0.8568
203.714 0.0042 0.0868 0.8568
203.754 0.0027 0.0874 0.8568
203.795 0.0034 0.0879 0.8448
203.836 0.0057 0.0888 0.8448
203.875 0.0043 0.0862 0.8479
203.915 0.0057 0.0884 0.8479
203.952 0.0049 0.0879 0.8512
203.997 0.0068 0.0884 0.8459
204.036 0.0083 0.0866 0.8619
204.076 0.0092 0.0853 0.8619
204.116 0.0109 0.0778 0.8578
204.153 0.0153 0.0865 0.8838
204.197 0.0149 0.0880 0.8878
204.237 0.0172 0.0886 0.8878
204.277 0.0180 0.0838 0.8811
204.317 0.0165 0.0828 0.8741
204.356 0.0188 0.0804 0.8828
204.398 0.0187 0.0817 0.8741
204.437 0.0210 0.0895 0.8986
204.478 0.0219 0.0901 0.8649
204.518 0.0224 0.0884 0.8660
204.557 0.0237 0.0813 0.8531
204.597 0.0267 0.0851 0.8542
204.638 0.0219 0.0884 0.8552
204.678 0.0202 0.0853 0.8661
204.719 0.0190 0.0853 0.8661
204.758 0.0187 0.0845 0.8575
204.796 0.0183 0.0847 0.8931
204.839 0.0150 0.0848 0.8871
204.880 0.0142 0.0848 0.8931
204.920 0.0148 0.0848 0.8882
204.960 0.0133 0.0862 0.8795
204.997 0.0125 0.0848 0.8882
205.040 0.0127 0.0827 0.8575
205.080 0.0135 0.0867 0.8735
205.120 0.0204 0.0858 0.8735
205.160 0.0235 0.0836 0.8612
205.199 0.0265 0.0808 0.8862
205.240 0.0269 0.0814 0.8592
205.281 0.0316 0.0860 0.8839
205.321 0.0370 0.0841 0.8995
205.361 0.0397 0.0836 0.8404
205.400 0.0386 0.0844 0.8445
205.440 0.0387 0.0800 0.8513
205.481 0.0434 0.0789 0.8434
205.522 0.0443 0.0825 0.8654
205.562 0.0476 0.0813 0.8665
205.601 0.0502 0.0804 0.8665
205.639 0.0493 0.0794 0.8698
205.682 0.0507 0.0774 0.8665
205.722 0.0560 0.0802 0.8468
205.763 0.0565 0.0810 0.8709
205.802 0.0558 0.0814 0.8619
205.840 0.0569 0.0797 0.8792
205.883 0.0609 0.0792 0.8842
205.924 0.0650 0.0814 0.8762
205.964 0.0667 0.0811 0.8742
206.004 0.0659 0.0814 0.8772
206.043 0.0650 0.0820 0.8624
206.084 0.0610 0.0802 0.8492
206.125 0.0626 0.0811 0.8998
206.165 0.0618 0.0836 0.8969
206.204 0.0580 0.0835 0.8602
206.244 0.0551 0.0833 0.8602
206.284 0.0554 0.0805 0.8710
206.325 0.0552 0.0799 0.8690
206.365 0.0539 0.0829 0.8690
206.405 0.0538 0.0838 0.8861
206.445 0.0517 0.0818 0.8901
206.482 0.0559 0.0856 0.8869
206.525 0.0604 0.0815 0.8739
206.566 0.0603 0.0806 0.9086
206.606 0.0593 0.0827 0.9709
206.646 0.0612 0.0847 0.9314
206.683 0.0642 0.0831 0.9322
206.727 0.0679 0.0796 0.9200
206.767 0.0678 0.0805 0.9189
206.807 0.0660 0.0813 0.9139
206.846 0.0694 0.0810 0.9076
206.886 0.0712 0.0804 0.8989
206.927 0.0719 0.0799 0.9076
206.967 0.0683 0.0778 0.9234
207.008 0.0643 0.0796 0.8913
207.048 0.0625 0.0811 0.8885
207.088 0.0636 0.0820 0.8755
207.127 0.0607 0.0804 0.8640
207.169 0.0521 0.0804 0.8730
207.209 0.0471 0.0804 0.8730
207.249 0.0413 0.0809 0.8755
207.288 0.0404 0.0834 0.9461
207.326 0.0379 0.0812 0.9559
207.369 0.0319 0.0802 0.9767
207.410 0.0289 0.0833 0.9451
207.450 0.0268 0.0812 0.9767
207.489 0.0256 0.0840 1.0063
207.527 0.0248 0.0842 0.9741
207.570 0.0232 0.0790 0.9631
207.610 0.0236 0.0822 0.9605
207.650 0.0281 0.0822 0.9681
207.690 0.0291 0.0836 0.9605
207.729 0.0330 0.0854 0.9681
207.770 0.0362 0.0821 0.9605
207.811 0.0381 0.0821 0.9681
207.851 0.0404 0.0826 0.9681
207.891 0.0361 0.0880 0.9486
207.930 0.0369 0.0853 0.9197
207.970 0.0369 0.0832 0.9323
208.011 0.0381 0.0846 0.9247
208.051 0.0399 0.0867 0.9075
208.092 0.0403 0.0840 0.9024
208.132 0.0391 0.0867 0.9075
208.169 0.0435 0.0874 0.9196
208.214 0.0446 0.0883 0.9466
208.253 0.0479 0.0864 0.9024
208.293 0.0486 0.0859 0.9466
208.333 0.0464 0.0883 0.9746
208.370 0.0491 0.0909 0.9720
208.413 0.0531 0.0905 0.9466
208.454 0.0580 0.0863 0.9648
208.494 0.0617 0.0868 0.9510
208.534 0.0653 0.0850 0.9388
208.573 0.0645 0.0865 0.9682
208.613 0.0676 0.0897 0.9664
208.655 0.0669 0.0851 0.9542
208.695 0.0680 0.0816 0.9594
208.735 0.0684 0.0835 0.9594
208.774 0.0692 0.0819 0.9749
208.813 0.0722 0.0860 0.9809
208.855 0.0758 0.0846 0.9847
208.895 0.0745 0.0807 0.9836
208.935 0.0746 0.0809 0.9730
208.975 0.0695 0.0809 0.9631
209.012 0.0639 0.0833 1.0111
209.057 0.0645 0.0817 0.9906
209.096 0.0659 0.0835 0.9857
209.136 0.0660 0.0777 0.9857
209.176 0.0656 0.0764 0.9831
209.213 0.0668 0.0775 0.9995
209.258 0.0698 0.0799 1.0021
209.298 0.0667 0.0816 0.9977
209.338 0.0679 0.0807 0.9865
209.377 0.0737 0.0793 1.0131
209.416 0.0777 0.0810 1.0454
209.458 0.0856 0.0832 0.9942
209.498 0.0922 0.0870 0.9129
209.538 0.0934 0.0879 0.9129
209.578 0.0907 0.0857 0.9206
209.617 0.0887 0.0855 0.8955
209.657 0.0891 0.0895 0.9137
209.698 0.0879 0.0917 0.9387
209.739 0.0823 0.0904 0.9527
209.779 0.0796 0.0909 0.8583
209.818 0.0830 0.0885 0.8833
209.856 0.0820 0.0890 0.8822
209.899 0.0766 0.0916 0.8852
209.939 0.0708 0.0897 0.8459
209.980 0.0645 0.0924 0.9266
210.019 0.0651 0.0867 0.9176
210.056 0.0646 0.0867 0.8966
210.099 0.0686 0.0907 0.9033
210.140 0.0728 0.0912 0.8798
210.180 0.0766 0.0865 0.8949
210.220 0.0788 0.0856 0.8942
210.259 0.0853 0.0869 0.8933
210.300 0.0856 0.0872 0.9262
210.341 0.0833 0.0942 0.8823
210.382 0.0844 0.0879 0.8823
210.422 0.0925 0.0892 0.8599
210.461 0.0992 0.0890 0.8859
210.501 0.1017 0.0857 0.9017
210.542 0.1084 0.0885 0.9177
210.582 0.1139 0.0887 0.9203
210.642 0.1189 0.0893 0.9083
210.662 0.1193 0.0883 0.9043
210.699 0.1201 0.0859 0.8915
210.742 0.1248 0.0880 0.9039
210.783 0.1296 0.0899 0.9162
210.823 0.1381 0.0886 0.9236
210.863 0.1425 0.0867 0.8952
210.900 0.1438 0.0838 0.8749
210.943 0.1466 0.0858 0.8809
210.983 0.1448 0.0868 0.9516
211.024 0.1483 0.0880 0.9285
211.063 0.1449 0.0871 0.9294
211.103 0.1405 0.0854 0.8673
211.144 0.1338 0.0855 0.9333
211.184 0.1336 0.0843 0.8834
211.224 0.1324 0.0886 0.8849
211.264 0.1298 0.0863 0.9007
211.304 0.1274 0.0844 0.9195
211.343 0.1243 0.0841 0.9405
211.384 0.1211 0.0858 0.9090
211.425 0.1161 0.0868 0.8861
211.466 0.1128 0.0870 0.9459
211.505 0.1122 0.0832 0.9207
211.543 0.1102 0.0856 0.9186
211.586 0.1094 0.0849 0.9302
211.626 0.1149 0.0880 0.9077
211.667 0.1159 0.0879 0.9295
211.706 0.1132 0.0879 0.9315
211.743 0.1121 0.0855 0.9127
211.786 0.1089 0.0842 0.9032
211.827 0.1091 0.0854 0.9282
211.867 0.1078 0.0861 0.9216
211.907 0.1031 0.0884 0.9086
211.946 0.1057 0.0861 0.9339
211.987 0.0990 0.0844 0.9339
212.028 0.0959 0.0834 0.9031
212.068 0.0978 0.0855 0.9331
212.108 0.0975 0.0845 0.9369
212.147 0.0987 0.0861 0.9055
212.187 0.1006 0.0882 0.9186
212.228 0.0979 0.0844 0.9029
212.269 0.0961 0.0879 0.9161
212.309 0.0925 0.0915 0.9191
212.348 0.0922 0.0931 0.9245
212.385 0.0945 0.0894 0.8975
212.428 0.0986 0.0881 0.8714
212.469 0.1027 0.0900 0.8757
212.509 0.1084 0.0942 0.8979
212.550 0.1067 0.0958 0.9307
212.587 0.1034 0.0946 0.9352
212.630 0.1032 0.0969 0.9160
212.671 0.1000 0.0904 0.8633
212.711 0.1025 0.0860 0.9117
212.751 0.1065 0.0892 0.9554
212.790 0.1067 0.0886 0.8819
212.830 0.1103 0.0900 0.8987
212.871 0.1135 0.0890 0.8911
212.911 0.1098 0.0893 0.9137
212.951 0.1061 0.0938 0.9148
212.991 0.1028 0.0972 0.8849
213.030 0.1001 0.0894 0.8889
213.072 0.1012 0.0917 0.8849
213.112 0.1002 0.0885 0.9041
213.152 0.0985 0.0891 0.9157
213.192 0.1000 0.0921 0.9097
213.229 0.0986 0.0923 0.9129
213.273 0.0991 0.0899 0.9313
213.313 0.0992 0.0921 0.9076
213.353 0.0952 0.0916 0.9056
213.392 0.0963 0.0903 0.8604
213.429 0.0989 0.0958 0.8895
213.473 0.0998 0.0939 0.9067
213.513 0.0997 0.0889 0.8854
213.553 0.1004 0.0880 0.8916
213.593 0.0971 0.0903 0.8682
213.633 0.0940 0.0911 0.8902
213.675 0.0929 0.0903 0.8951
213.715 0.0908 0.0926 0.8951
213.755 0.0897 0.0896 0.9386
213.795 0.0845 0.0917 0.8876
213.834 0.0826 0.0915 0.9525
213.874 0.0796 0.0906 0.9016
213.915 0.0783 0.0938 0.8912
213.956 0.0752 0.0921 0.9105
213.996 0.0739 0.0924 0.9056
214.035 0.0755 0.0936 0.9228
214.072 0.0783 0.0924 0.9240
214.117 0.0833 0.0919 0.8968
214.157 0.0820 0.0934 0.8980
214.197 0.0831 0.0925 0.8808
214.236 0.0827 0.0884 0.8808
214.273 0.0823 0.0923 0.8988
214.318 0.0868 0.0958 0.8965
214.357 0.0896 0.0875 0.8799
214.397 0.0897 0.0898 0.8765
214.437 0.0913 0.0865 0.8549
214.476 0.0906 0.0850 0.8761
214.517 NaN 0.0882 0.8967
214.557 NaN 0.0865 0.8615
214.598 NaN 0.0828 0.8812
214.638 NaN 0.0806 0.8945
214.677 NaN 0.0810 0.9031
214.717 NaN 0.0807 0.9405
214.758 NaN 0.0830 0.9031
214.799 NaN 0.0833 0.9081
