225.278 NaN 0.0905 0.8839
225.322 NaN 0.0872 0.8751
225.361 NaN 0.0892 0.8650
225.402 NaN 0.0911 0.8839
225.441 NaN 0.0957 0.8836
225.480 NaN 0.0940 0.8739
225.522 NaN 0.0911 0.9023
225.562 0.0814 0.0874 0.8856
225.602 0.0806 0.0912 0.8850
225.642 0.0815 0.0939 0.8850
225.681 0.0834 0.0922 0.8653
225.721 0.0855 0.0912 0.8633
225.763 0.0908 0.0920 0.8372
225.803 0.0985 0.0901 0.8892
225.843 0.1055 0.0922 0.8708
225.883 0.1080 0.0956 0.8932
225.921 0.1110 0.0922 0.8675
225.965 0.1134 0.0906 0.9214
226.004 0.1155 0.0910 0.8969
226.045 0.1228 0.0898 0.9219
226.084 0.1252 0.0930 0.8883
226.121 0.1246 0.0913 0.8883
226.164 0.1230 0.0905 0.8643
226.205 0.1198 0.0894 0.8570
226.245 0.1148 0.0905 0.8779
226.285 0.1069 0.0917 0.8779
226.324 0.1039 0.0917 0.9269
226.364 0.0970 0.0898 0.9149
226.405 0.0913 0.0896 0.9033
226.446 0.0869 0.0875 0.8932
226.486 0.0836 0.0874 0.8932
226.525 0.0789 0.0890 0.8936
226.565 0.0723 0.0884 0.9076
226.606 0.0712 0.0868 0.8989
226.646 0.0687 0.0853 0.9004
226.686 0.0664 0.0844 0.8882
226.726 0.0659 0.0850 0.8866
226.763 0.0696 0.0855 0.9179
226.806 0.0690 0.0832 0.9168
226.847 0.0694 0.0832 0.9282
226.887 0.0739 0.0824 0.9282
226.927 0.0741 0.0828 0.9192
226.965 0.0755 0.0847 0.9334
227.008 0.0764 0.0871 0.8828
227.049 0.0795 0.0871 0.8925
227.089 0.0793 0.0825 0.8925
227.128 0.0828 0.0859 0.8850
227.168 0.0868 0.0839 0.9302
227.210 0.0873 0.0877 0.9362
227.249 0.0866 0.0840 0.9069
227.289 0.0857 0.0833 0.9508
227.329 0.0859 0.0813 0.9519
227.369 0.0883 0.0812 0.9464
227.408 0.0915 0.0854 0.9319
227.449 0.0944 0.0862 0.9366
227.490 0.0921 0.0862 0.9366
227.530 0.0904 0.0846 0.9355
227.569 0.0912 0.0845 0.9625
227.607 0.0897 0.0844 0.9429
227.650 0.0901 0.0869 0.9236
227.691 0.0911 0.0864 0.9398
227.731 0.0931 0.0845 0.9124
227.770 0.0967 0.0844 0.9105
227.807 0.1006 0.0841 0.9625
227.851 0.0998 0.0876 0.9615
227.891 0.0981 0.0889 0.9251
227.931 0.1002 0.0856 0.9715
227.971 0.1067 0.0854 0.9319
228.010 0.1077 0.0833 0.9409
228.052 0.1106 0.0871 0.9179
228.092 0.1182 0.0865 0.9259
228.133 0.1171 0.0835 0.9323
228.173 0.1145 0.0804 0.9419
228.213 0.1125 0.0811 0.8917
228.252 0.1098 0.0832 0.9309
228.293 0.1051 0.0837 0.9269
228.333 0.1015 0.0837 0.8989
228.374 0.1007 0.0800 0.9280
228.413 0.1005 0.0819 0.9268
228.450 0.0984 0.0804 0.9345
228.494 0.0970 0.0818 0.9295
228.534 0.0993 0.0838 0.9607
228.574 0.1017 0.0827 0.9555
228.614 0.0992 0.0791 0.9323
228.651 0.0976 0.0782 0.9323
228.694 0.0987 0.0789 0.9488
228.735 0.0977 0.0802 0.9440
228.775 0.0935 0.0822 0.9338
228.815 0.0895 0.0845 0.9045
228.854 0.0843 0.0845 0.9045
228.895 0.0770 0.0853 0.9188
228.936 0.0656 0.0860 0.9074
228.976 0.0570 0.0868 0.8958
229.015 0.0488 0.0859 0.9009
229.054 0.0374 0.0853 0.9020
229.094 0.0312 0.0853 0.9020
229.136 0.0331 0.0859 0.8708
229.176 0.0368 0.0854 0.9290
229.217 0.0444 0.0854 0.9020
229.257 0.0536 0.0860 0.9020
229.294 0.0553 0.0858 0.8739
229.338 0.0580 0.0843 0.8899
229.378 0.0609 0.0864 0.8555
229.418 0.0636 0.0867 0.8772
229.458 0.0683 0.0830 0.8796
229.494 0.0718 0.0864 0.8930
229.539 0.0755 0.0845 0.8930
229.579 0.0748 0.0864 0.8919
229.619 0.0702 0.0885 0.9095
229.658 0.0638 0.0866 0.9015
229.697 0.0518 0.0835 0.9015
229.739 0.0327 0.0822 0.8927
229.779 0.0229 0.0851 0.8870
229.819 0.0409 0.0854 0.8948
229.859 0.0643 0.0853 0.8974
229.898 0.0847 0.0843 0.9056
229.938 0.0987 0.0833 0.8899
229.980 0.1103 0.0852 0.9015
230.020 0.1220 0.0878 0.8991
230.060 0.1281 0.0886 0.8958
230.099 0.1323 0.0870 0.9029
230.137 0.1367 0.0840 0.8958
230.180 0.1310 0.0845 0.8781
230.221 0.1137 0.0831 0.8892
230.261 0.0927 0.0842 0.8964
230.300 0.0750 0.0885 0.9223
230.338 0.0566 0.0836 0.9261
230.382 0.0358 0.0809 0.9261
230.422 0.0220 0.0830 0.8964
230.462 0.0132 0.0881 0.8996
230.502 0.0061 0.0862 0.8936
230.541 0.0078 0.0872 0.8991
230.583 0.0122 0.0855 0.8936
230.623 0.0177 0.0833 0.9338
230.663 0.0267 0.0816 0.9338
230.702 0.0301 0.0826 0.9223
230.742 0.0297 0.0826 0.9256
230.782 0.0315 0.0815 0.9333
230.823 0.0316 0.0805 0.9333
230.863 0.0315 0.0833 0.9073
230.903 0.0300 0.0832 0.9305
230.943 0.0299 0.0832 0.9305
230.980 0.0245 0.0815 0.9305
231.025 0.0230 0.0817 0.9305
231.064 0.0219 0.0824 0.9305
231.104 0.0210 0.0877 0.8993
231.144 0.0148 0.0863 0.9217
231.181 0.0098 0.0837 0.9367
231.225 0.0104 0.0860 0.9045
231.265 0.0128 0.0860 0.9107
231.305 0.0172 0.0823 0.9279
231.345 0.0244 0.0871 0.9020
231.384 0.0309 0.0891 0.9020
231.425 0.0365 0.0857 0.9020
231.466 0.0447 0.0848 0.8750
231.506 0.0529 0.0844 0.8869
231.546 0.0564 0.0886 0.8925
231.586 0.0576 0.0854 0.9009
231.625 0.0591 0.0861 0.9259
231.667 0.0632 0.0841 0.9228
231.707 0.0660 0.0854 0.9044
231.747 0.0705 0.0827 0.8881
231.787 0.0690 0.0851 0.8941
231.824 0.0665 0.0855 0.8951
231.868 0.0645 0.0832 0.8962
231.908 0.0593 0.0857 0.8947
231.948 0.0553 0.0847 0.8930
231.987 0.0477 0.0872 0.8876
232.024 0.0430 0.0865 0.9180
232.068 0.0425 0.0864 0.9075
232.109 0.0413 0.0821 0.8895
232.148 0.0422 0.0789 0.9146
232.188 0.0413 0.0844 0.9135
232.227 0.0372 0.0857 0.9135
232.269 0.0363 0.0835 0.9146
232.309 0.0344 0.0821 0.9135
232.349 0.0338 0.0781 0.9135
232.389 0.0371 0.0800 0.8865
232.428 0.0390 0.0879 0.9091
232.468 0.0422 0.0865 0.9367
232.509 0.0466 0.0862 0.9321
232.550 0.0495 0.0840 0.8981
232.590 0.0535 0.0808 0.9232
232.630 0.0555 0.0848 0.9362
232.667 0.0571 0.0924 0.9119
232.712 0.0612 0.0886 0.9382
232.751 0.0611 0.0864 0.9068
232.791 0.0648 0.0842 0.9042
232.831 0.0671 0.0856 0.9117
232.868 0.0704 0.0870 0.8891
232.912 0.0742 0.0877 0.8866
232.952 0.0800 0.0873 0.8956
232.992 0.0815 0.0829 0.9185
233.032 0.0811 0.0807 0.8745
233.071 0.0798 0.0848 0.8935
233.112 0.0747 0.0849 0.9151
233.152 0.0746 0.0860 0.9245
233.193 0.0730 0.0821 0.9117
233.232 0.0769 0.0831 0.8959
233.272 0.0759 0.0845 0.8959
233.312 0.0762 0.0866 0.9349
233.353 0.0730 0.0862 0.9229
233.393 0.0721 0.0849 0.9079
233.433 0.0658 0.0851 0.9019
233.473 0.0649 0.0825 0.9039
233.510 0.0618 0.0830 0.8905
233.555 0.0619 0.0869 0.9039
233.594 0.0668 0.0865 0.9051
233.634 0.0710 0.0857 0.8946
233.674 0.0723 0.0881 0.9298
233.711 0.0693 0.0838 0.9366
233.756 0.0734 0.0851 0.9366
233.796 0.0737 0.0848 0.9291
233.836 0.0760 0.0905 0.9413
233.875 0.0757 0.0838 0.9143
233.914 0.0770 0.0840 0.9279
233.955 0.0775 0.0852 0.9323
233.996 0.0823 0.0856 0.9145
234.036 0.0864 0.0831 0.9223
234.076 0.0903 0.0828 0.9109
234.116 0.0896 0.0805 0.8959
234.155 0.0902 0.0797 0.8939
234.197 0.0899 0.0830 0.9249
234.237 0.0870 0.0818 0.9129
234.277 0.0861 0.0830 0.9129
234.316 0.0865 0.0802 0.9169
234.354 0.0870 0.0792 0.9181
234.398 0.0915 0.0822 0.8718
234.437 0.0941 0.0833 0.9049
234.478 0.0939 0.0801 0.9022
234.517 0.0890 0.0792 0.9029
234.554 0.0855 0.0801 0.8565
234.598 0.0837 0.0801 0.9029
234.638 0.0815 0.0801 0.9099
234.678 0.0800 0.0825 0.8840
234.718 0.0763 0.0810 0.9051
234.758 0.0742 0.0810 0.8953
234.799 0.0726 0.0822 0.9158
234.840 0.0706 0.0844 0.9107
234.880 0.0652 0.0841 0.9135
234.920 0.0600 0.0840 0.9147
234.959 0.0551 0.0794 0.9159
234.999 0.0541 0.0790 0.9267
235.040 0.0554 0.0793 0.8909
235.081 0.0544 0.0806 0.8933
235.121 0.0556 0.0810 0.8681
235.160 0.0572 0.0810 0.8772
235.197 0.0572 0.0810 0.8772
235.242 0.0577 0.0810 0.8692
235.281 0.0552 0.0817 0.8793
235.321 0.0549 0.0811 0.9001
235.361 0.0548 0.0813 0.9052
235.397 0.0548 0.0824 0.9189
235.441 0.0545 0.0822 0.9189
235.482 0.0568 0.0830 0.9169
235.522 0.0594 0.0828 0.9229
235.562 0.0559 0.0808 0.8903
235.600 0.0489 0.0815 0.8531
235.641 0.0444 0.0795 0.8989
235.682 0.0434 0.0798 0.8878
235.723 0.0460 0.0847 0.9076
235.762 0.0506 0.0824 0.9148
235.802 0.0521 0.0821 0.9260
235.842 0.0526 0.0798 0.9148
235.883 0.0565 0.0777 0.8829
235.924 0.0601 0.0814 0.9092
235.964 0.0637 0.0826 0.9132
236.004 0.0619 0.0815 0.9144
236.041 0.0615 0.0811 0.9284
236.084 0.0677 0.0830 0.8956
236.124 0.0706 0.0856 0.9132
236.165 0.0737 0.0897 0.8935
236.205 0.0742 0.0890 0.8769
236.241 0.0744 0.0859 0.8559
236.286 0.0785 0.0817 0.8665
236.325 0.0782 0.0825 0.8549
236.365 0.0785 0.0876 0.8879
236.405 0.0823 0.0870 0.8912
236.444 0.0815 0.0859 0.8725
236.486 0.0767 0.0866 0.8679
236.526 0.0784 0.0836 0.8683
236.566 0.0790 0.0873 0.8801
236.606 0.0808 0.0887 0.9290
236.645 0.0852 0.0897 0.9070
236.685 0.0852 0.0907 0.9070
236.726 0.0859 0.0852 0.9135
236.767 0.0867 0.0852 0.8994
236.807 0.0907 0.0892 0.8833
236.846 0.0939 0.0922 0.9057
236.884 0.0916 0.0909 0.8703
236.927 0.0853 0.0864 0.9244
236.967 0.0888 0.0848 0.9244
237.008 0.0898 0.0882 0.8949
237.048 0.0915 0.0904 0.9011
237.085 0.0906 0.0887 0.8761
237.129 0.0859 0.0846 0.9037
237.169 0.0866 0.0866 0.9025
237.209 0.0845 0.0852 0.9193
237.249 0.0814 0.0886 0.8848
237.288 0.0788 0.0893 0.8837
237.330 0.0769 0.0893 0.8829
237.370 0.0713 0.0855 0.8737
237.410 0.0776 0.0895 0.8829
237.449 0.0792 0.0862 0.8829
237.489 0.0785 0.0866 0.9236
237.529 0.0778 0.0912 0.8797
237.570 0.0801 0.0854 0.9129
237.610 0.0826 0.0856 0.9209
237.650 0.0812 0.0849 0.9059
237.690 0.0867 0.0902 0.9039
237.727 0.0874 0.0856 0.9061
237.771 0.0882 0.0855 0.9182
237.811 0.0902 0.0872 0.9204
237.851 0.0972 0.0858 0.8763
237.891 0.0970 0.0887 0.8825
237.927 0.0958 0.0885 0.8878
237.971 0.0987 0.0895 0.9089
238.012 0.1007 0.0854 0.8916
238.052 0.1003 0.0842 0.9073
238.092 0.1010 0.0854 0.9089
238.131 0.1034 0.0863 0.9168
238.172 0.1003 0.0876 0.9204
238.213 0.0997 0.0847 0.9005
238.253 0.1012 0.0847 0.9195
238.293 0.0991 0.0847 0.9277
238.332 0.0961 0.0844 0.9323
238.372 0.0924 0.0856 0.9204
238.414 0.0909 0.0848 0.9396
238.454 0.0888 0.0837 0.9204
238.494 0.0862 0.0820 0.9311
238.534 0.0847 0.0839 0.9051
238.571 0.0822 0.0855 0.9051
238.614 0.0832 0.0827 0.9051
238.655 0.0798 0.0856 0.9152
238.695 0.0788 0.0798 0.9152
238.734 0.0779 0.0798 0.9062
238.771 0.0751 0.0845 0.9470
238.816 0.0728 0.0833 0.9481
238.855 0.0716 0.0819 0.9315
238.895 0.0682 0.0846 0.9311
238.935 0.0695 0.0823 0.9139
238.974 0.0691 0.0846 0.9111
239.016 0.0667 0.0820 0.9108
239.056 0.0685 0.0809 0.9203
239.096 0.0645 0.0811 0.9293
239.136 0.0680 0.0787 0.8995
239.175 0.0702 0.0779 0.9051
239.216 0.0700 0.0827 0.8835
239.257 0.0711 0.0823 0.8961
239.297 0.0722 0.0842 0.9129
239.338 0.0725 0.0816 0.9042
239.377 0.0745 0.0833 0.8865
239.414 0.0721 0.0855 0.8854
239.458 0.0700 0.0860 0.9083
239.498 0.0719 0.0847 0.9314
239.538 0.0713 0.0816 0.8932
239.578 0.0749 0.0836 0.9102
239.615 0.0725 0.0778 0.8653
239.659 0.0732 0.0822 0.9180
239.699 0.0740 0.0862 0.8934
239.739 0.0753 0.0842 0.9273
239.779 0.0742 0.0787 0.8899
239.818 0.0731 0.0776 0.9075
239.859 0.0711 0.0785 0.9084
239.900 0.0720 0.0843 0.9174
239.940 0.0726 0.0825 0.9409
239.979 0.0739 0.0797 0.9075
240.019 0.0752 0.0767 0.8966
240.059 0.0752 0.0766 0.8955
240.100 0.0774 0.0878 0.8769
240.140 0.0756 0.0814 0.8955
240.180 0.0754 0.0822 0.8966
240.220 0.0756 0.0803 0.8955
240.258 0.0767 0.0798 0.8635
240.300 0.0752 0.0836 0.8966
240.342 0.0756 0.0886 0.8966
240.382 0.0775 0.0869 0.9110
240.421 0.0789 0.0862 0.8999
240.459 0.0773 0.0845 0.8949
240.502 0.0786 0.0804 0.9366
240.542 0.0773 0.0865 0.8446
240.583 0.0764 0.0860 0.8630
240.650 0.0817 0.0821 0.8822
240.701 0.0858 0.0787 0.8822
240.742 0.0878 0.0838 0.9095
240.783 0.0929 0.0877 0.9369
240.823 0.0976 0.0855 0.9090
240.863 0.0986 0.0822 0.8951
240.902 0.1011 0.0806 0.9111
240.942 0.1010 0.0819 0.8951
240.983 0.0987 0.0872 0.8738
241.024 0.0968 0.0862 0.8791
241.064 0.0937 0.0848 0.8842
241.103 0.0903 0.0810 0.8858
241.141 0.0872 0.0818 0.8858
241.184 0.0844 0.0862 0.8922
241.224 0.0809 0.0915 0.8772
241.264 0.0777 0.0863 0.9085
241.304 0.0716 0.0812 0.8973
241.342 0.0724 0.0850 0.9178
241.384 0.0684 0.0839 0.9236
241.425 0.0705 0.0901 0.9623
241.466 0.0735 0.0889 0.9198
241.506 0.0789 0.0883 0.9198
241.545 0.0857 0.0850 0.8988
241.587 0.0923 0.0819 0.9048
241.626 0.0968 0.0849 0.9048
241.667 0.0966 0.0881 0.9248
241.706 0.0989 0.0860 0.9157
241.746 0.1004 0.0823 0.9468
241.786 0.1046 0.0813 0.9269
241.827 0.1076 0.0831 0.9109
241.867 0.1130 0.0856 0.8869
241.907 0.1147 0.0829 0.8966
241.947 0.1165 0.0828 0.9253
241.984 0.1138 0.0798 0.9057
242.027 0.1085 0.0797 0.9057
242.068 0.1064 0.0822 0.8759
242.108 0.1046 0.0829 0.9153
242.148 0.1037 0.0795 0.9263
242.185 0.1022 0.0792 0.9253
242.229 0.1007 0.0787 0.9558
242.269 0.1028 0.0774 0.9558
242.309 0.0997 0.0797 0.9525
242.349 0.0958 0.0793 0.9175
242.388 0.0928 0.0766 0.9105
242.429 0.0917 0.0756 0.9211
242.469 0.0943 0.0753 0.9146
242.509 0.0951 0.0742 0.9244
242.550 0.0960 0.0764 0.9244
242.589 0.0952 0.0734 0.9267
242.630 0.0942 0.0734 0.9257
242.671 0.0999 0.0734 0.9051
242.711 0.1040 0.0744 0.9062
242.751 0.1039 0.0755 0.9277
242.790 0.1095 0.0774 0.9389
242.828 0.1130 0.0753 0.9362
242.872 0.1213 0.0771 0.9553
242.912 0.1244 0.0761 0.9525
242.952 0.1297 0.0749 0.9565
242.991 0.1355 0.0774 0.9311
243.028 0.1412 0.0779 0.9365
243.073 0.1451 0.0777 0.9430
243.112 0.1497 0.0732 0.9603
243.152 0.1470 0.0734 0.9552
243.192 0.1469 0.0743 0.9412
243.231 0.1477 0.0745 0.9794
243.273 0.1436 0.0740 0.9726
243.313 0.1410 0.0744 0.9716
243.353 0.1356 0.0744 0.9794
243.393 0.1348 0.0757 0.9882
243.432 0.1307 0.0763 0.9619
243.472 0.1252 0.0749 0.9543
243.513 0.1183 0.0751 0.9746
243.554 0.1138 0.0738 0.9424
243.594 0.1098 0.0752 0.9239
243.633 0.1085 0.0738 0.9335
243.672 0.1053 0.0732 0.9335
243.715 0.1025 0.0728 0.9272
243.755 0.1015 0.0726 0.8950
243.795 0.1015 0.0735 0.8915
243.835 0.1021 0.0736 0.9677
243.872 0.1004 0.0762 0.9099
243.916 0.0984 0.0739 0.9298
243.956 0.0942 0.0757 0.8982
243.996 0.0921 0.0767 0.8867
244.036 0.0895 0.0758 0.9174
244.075 0.0872 0.0786 0.9674
244.115 0.0848 0.0740 0.9708
244.157 0.0900 0.0737 0.8919
244.197 0.0885 0.0738 0.9084
244.366 0.0796 0.0771 0.9217
244.396 0.0795 0.0742 0.9174
244.436 0.0829 0.0742 0.9419
244.477 0.0855 0.0748 0.9509
244.517 0.0865 0.0769 0.9741
244.559 0.0850 0.0772 0.9561
244.597 0.0890 0.0758 0.9311
244.635 0.0831 0.0758 0.9288
244.678 0.0839 0.0739 0.9059
244.718 0.0853 0.0754 0.9269
244.759 0.0843 0.0758 0.9298
244.799 0.0846 0.0754 0.9298
244.836 0.0858 0.0755 0.9225
244.880 0.0864 0.0754 0.9189
244.920 0.0845 0.0745 0.9520
244.960 0.0825 0.0762 0.9409
245.000 0.0814 0.0750 0.8905
245.040 0.0883 0.0753 0.9189
245.081 0.0867 0.0750 0.8988
245.121 0.0879 0.0750 0.9238
245.161 0.0874 0.0762 0.9258
245.200 0.0869 0.0770 0.9348
245.240 0.0882 0.0762 0.9312
245.280 0.0849 0.0759 0.9376
245.321 0.0838 0.0757 0.9031
245.361 0.0806 0.0763 0.9305
245.401 0.0800 0.0802 0.9045
245.441 0.0777 0.0774 0.9045
245.478 0.0766 0.0770 0.9315
245.523 0.0741 0.0770 0.9194
245.562 0.0699 0.0758 0.9285
245.602 0.0713 0.0772 0.9025
245.641 0.0745 0.0783 0.9315
245.679 0.0760 0.0783 0.9225
245.723 0.0713 0.0770 0.9225
245.762 0.0737 0.0764 0.9194
245.803 0.0773 0.0804 0.9257
245.842 0.0805 0.0806 0.9007
245.883 0.0789 0.0792 0.8955
245.924 0.0764 0.0788 0.8782
245.964 0.0821 0.0774 0.9042
246.004 0.0806 0.0780 0.9132
246.044 0.0807 0.0809 0.9208
246.083 0.0803 0.0788 0.8922
246.123 0.0788 0.0775 0.8905
246.164 0.0782 0.0721 0.9034
246.205 0.0808 0.0732 0.8975
246.245 0.0845 0.0793 0.8925
246.284 0.0826 0.0794 0.8905
246.322 0.0825 0.0762 0.9031
246.366 0.0807 0.0738 0.9031
246.405 0.0864 0.0736 0.9065
246.445 0.0865 0.0748 0.9236
246.485 0.0882 0.0779 0.9274
246.522 0.0883 0.0749 0.9208
246.567 0.0874 0.0741 0.8938
246.606 0.0860 0.0745 0.8728
246.646 0.0827 0.0754 0.8832
246.686 0.0822 0.0785 0.9132
246.725 0.0806 0.0789 0.9078
246.766 0.0800 0.0783 0.9313
246.807 0.0820 0.0780 0.9312
246.847 0.0847 0.0783 0.9026
246.887 0.0895 0.0788 0.8523
246.926 0.0932 0.0841 0.9089
246.967 0.0932 0.0828 0.9099
247.008 0.0969 0.0772 0.8775
247.048 0.1013 0.0758 0.8775
247.088 0.1068 0.0806 0.8775
247.128 0.1100 0.0829 0.9393
247.165 0.1094 0.0832 0.9142
247.210 0.1054 0.0808 0.9143
247.249 0.1076 0.0794 0.9159
247.289 0.1027 0.0792 0.8902
247.329 0.0989 0.0827 0.8902
247.366 0.0967 0.0834 0.9172
247.410 0.0903 0.0819 0.9095
247.450 0.0862 0.0791 0.9074
247.490 0.0852 0.0780 0.9176
247.530 0.0839 0.0788 0.8939
247.570 0.0808 0.0809 0.9573
247.610 0.0779 0.0821 0.9531
247.650 0.0779 0.0785 0.9151
247.691 0.0806 0.0784 0.9290
247.730 0.0806 0.0787 0.8979
247.769 0.0853 0.0827 0.9289
247.809 0.0909 0.0811 0.9560
247.851 0.0948 0.0829 0.9539
247.891 0.0958 0.0810 0.9238
247.931 0.0987 0.0789 0.9088
247.971 0.1009 0.0805 0.9213
248.009 0.1010 0.0815 0.9219
248.052 0.1029 0.0845 0.9176
248.092 0.1028 0.0832 0.9410
248.133 0.1033 0.0809 0.9212
248.172 0.1059 0.0780 0.9017
248.209 0.1029 0.0815 0.9132
248.254 0.1006 0.0809 0.8936
248.293 0.0970 0.0827 0.9089
248.333 0.0960 0.0800 0.9159
248.373 0.0945 0.0811 0.8879
248.413 0.0964 0.0799 0.8929
248.454 0.0955 0.0799 0.8901
248.494 0.0932 0.0837 0.8793
248.534 0.0938 0.0817 0.8677
248.574 0.0971 0.0830 0.8649
248.613 0.0975 0.0823 0.8859
248.653 0.0963 0.0809 0.9233
248.694 0.1031 0.0816 0.9285
248.735 0.1053 0.0838 0.9262
248.775 0.1083 0.0804 0.9376
248.814 0.1080 0.0816 0.9454
248.852 0.1064 0.0801 0.9117
248.896 0.1083 0.0806 0.9551
248.935 0.1068 0.0806 0.9393
248.975 0.1075 0.0811 0.9061
249.015 0.1099 0.0777 0.9431
249.052 0.1061 0.0749 0.9283
249.096 0.1102 0.0796 0.9263
249.136 0.1111 0.0809 0.9621
249.176 0.1092 0.0809 0.8927
249.217 0.1085 0.0794 0.9399
249.257 0.1085 0.0789 0.9135
249.298 0.1085 0.0778 0.9135
249.337 0.1079 0.0835 0.9062
249.377 0.1038 0.0827 0.9066
249.462 0.1014 0.0798 0.9041
249.497 0.1000 0.0783 0.9254
249.537 0.1022 0.0791 0.9432
249.578 0.1036 0.0815 0.8838
249.618 0.1044 0.0818 0.8960
249.659 0.1063 0.0791 0.8986
249.698 0.1079 0.0805 0.8868
249.736 0.1085 0.0794 0.8911
249.780 0.1092 0.0818 0.9151
249.819 0.1147 0.0800 0.8963
249.859 0.1157 0.0800 0.8963
249.899 0.1187 0.0793 0.9197
249.936 0.1212 0.0794 0.9147
249.980 0.1186 0.0804 0.9336
250.020 0.1163 0.0793 0.8843
250.060 0.1116 0.0793 0.9182
250.099 0.1058 0.0784 0.9145
250.140 0.1000 0.0778 0.8913
250.180 0.0914 0.0799 0.9167
250.220 0.0917 0.0789 0.8846
250.260 0.0912 0.0806 0.8734
250.300 0.0892 0.0759 0.8930
250.341 0.0893 0.0748 0.8790
250.380 0.0896 0.0752 0.8902
250.422 0.0897 0.0798 0.8826
250.462 0.0894 0.0829 0.8910
250.502 0.0889 0.0789 0.8706
250.541 0.0863 0.0770 0.8576
250.580 0.0875 0.0742 0.9083
250.623 0.0881 0.0769 0.9238
250.663 0.0933 0.0825 0.9019
250.702 0.0929 0.0813 0.8956
250.742 0.0884 0.0785 0.9075
250.779 0.0867 0.0748 0.9192
250.824 0.0844 0.0721 0.9345
250.863 0.0870 0.0752 0.9075
250.903 0.0849 0.0792 0.9072
250.943 0.0874 0.0746 0.8972
250.983 0.0927 0.0775 0.9069
251.024 0.0967 0.0758 0.8935
251.064 0.0980 0.0771 0.8910
251.104 0.1005 0.0782 0.9072
251.144 0.0983 0.0817 0.9035
251.183 0.0946 0.0773 0.9216
251.223 0.0971 0.0837 0.9061
251.264 0.0987 0.0778 0.9113
251.305 0.0990 0.0801 0.9113
251.344 0.0955 0.0836 0.9508
251.384 0.0952 0.0826 0.9573
251.423 0.0942 0.0758 0.9309
251.467 0.0903 0.0788 0.9372
251.506 0.0860 0.0786 0.8745
251.546 0.0849 0.0805 0.9119
251.586 0.0820 0.0830 0.9119
251.623 0.0798 0.0786 0.9455
251.667 0.0817 0.0793 0.9232
251.707 0.0799 0.0772 0.9302
251.747 0.0781 0.0851 0.8969
251.787 0.0745 0.0829 0.8854
251.827 0.0718 0.0801 0.9229
251.867 0.0690 0.0781 0.8959
251.907 0.0691 0.0780 0.8871
251.948 0.0688 0.0781 0.8924
251.987 0.0694 0.0807 0.9032
252.027 0.0720 0.0775 0.8722
252.067 0.0756 0.0798 0.8948
252.108 0.0815 0.0781 0.9035
252.148 0.0838 0.0771 0.8955
252.188 0.0907 0.0791 0.9315
252.228 0.0928 0.0819 0.8935
252.265 0.0962 0.0790 0.9265
252.308 0.1006 0.0770 0.9225
252.349 0.1041 0.0748 0.8645
252.389 0.1062 0.0771 0.8681
252.429 0.1061 0.0795 0.8704
252.467 0.1086 0.0775 0.8997
252.509 0.1084 0.0774 0.9170
252.550 0.1089 0.0774 0.9129
252.591 0.1072 0.0744 0.9277
252.630 0.1109 0.0763 0.9188
252.669 0.1089 0.0792 0.9042
252.710 0.1084 0.0793 0.9053
252.751 0.1101 0.0799 0.9146
252.791 0.1138 0.0786 0.9272
252.831 0.1212 0.0791 0.9348
252.871 0.1239 0.0825 0.9325
252.910 0.1236 0.0810 0.9233
252.951 0.1225 0.0796 0.9223
252.992 0.1221 0.0774 0.9543
253.032 0.1182 0.0805 0.9159
253.071 0.1156 0.0772 0.9336
253.109 0.1107 0.0779 0.9249
253.152 0.1126 0.0786 0.8829
253.193 0.1110 0.0758 0.8979
253.233 0.1056 0.0755 0.8979
253.272 0.1034 0.0763 0.9331
253.309 0.1027 0.0785 0.9252
253.353 0.0997 0.0768 0.9305
253.393 0.1028 0.0763 0.9636
253.433 0.1021 0.0764 0.9351
253.473 0.1021 0.0754 0.9667
253.513 0.1055 0.0786 0.9637
253.554 0.1049 0.0762 0.9472
253.594 0.1087 0.0784 0.9348
253.634 0.1056 0.0780 0.9225
253.675 0.1019 0.0759 0.9245
253.713 0.1046 0.0807 0.9354
253.754 0.1083 0.0828 0.9042
253.795 0.1026 0.0814 0.9303
253.835 0.1007 0.0817 0.9475
253.875 0.0969 0.0810 0.9425
253.915 0.0967 0.0792 0.9253
253.952 0.0983 0.0788 0.9257
253.997 0.0966 0.0791 0.9731
254.036 0.0986 0.0798 0.9534
254.076 0.0996 0.0786 0.9385
254.116 0.1000 0.0784 0.9619
254.153 0.1029 0.0782 0.9545
254.197 0.1045 0.0776 0.9560
254.237 0.1022 0.0782 0.9429
254.277 0.1018 0.0791 0.9429
254.317 0.1006 0.0785 0.9158
254.356 0.0985 0.0772 0.8949
254.397 0.0950 0.0787 0.8876
254.437 0.0904 0.0816 0.9493
254.478 0.0854 0.0780 0.9129
254.517 0.0831 0.0763 0.9324
254.557 0.0758 0.0757 0.9427
254.597 0.0706 0.0777 0.9367
254.651 0.0605 0.0798 0.9181
254.678 0.0583 0.0767 0.9037
254.718 0.0489 0.0760 0.8789
254.758 0.0430 0.0763 0.8869
254.796 0.0404 0.0774 0.8779
254.840 0.0370 0.0782 0.9025
254.880 0.0317 0.0781 0.9118
254.920 0.0265 0.0785 0.9201
254.959 0.0267 0.0769 0.8981
254.996 0.0237 0.0747 0.8971
255.040 0.0254 0.0765 0.8923
255.080 0.0238 0.0789 0.8966
255.120 0.0268 0.0737 0.8771
255.160 0.0229 0.0759 0.8809
255.200 0.0231 0.0714 0.8731
255.241 0.0231 0.0788 0.8539
255.281 0.0182 0.0765 0.8595
255.321 0.0167 0.0769 0.8595
255.361 0.0137 0.0761 0.8645
255.571 0.0061 0.0791 0.8832
255.600 0.0074 0.0739 0.8519
255.641 0.0051 0.0725 0.8721
255.682 0.0051 0.0747 0.8666
255.722 0.0051 0.0782 0.8666
255.761 0.0062 0.0816 0.8388
255.800 0.0047 0.0779 0.8666
255.843 0.0049 0.0741 0.8666
255.883 0.0055 0.0731 0.8685
255.924 0.0050 0.0770 0.8825
255.963 0.0113 0.0797 0.8666
256.000 0.0183 0.0797 0.8825
256.045 0.0249 0.0776 0.8825
256.084 0.0344 0.0754 0.8825
256.124 0.0439 0.0769 0.8825
256.164 0.0562 0.0790 0.8825
256.203 0.0661 0.0801 0.9260
256.245 0.0769 0.0831 0.9211
256.285 0.0862 0.0844 0.8961
256.325 0.0995 0.0852 0.8573
256.364 0.1081 0.0842 0.8830
256.404 0.1121 0.0887 0.9153
256.444 0.1133 0.0872 0.8598
256.485 0.1161 0.0864 0.8777
256.526 0.1203 0.0884 0.8839
256.565 0.1291 0.0860 0.8935
256.605 0.1313 0.0905 0.8865
256.642 0.1304 0.0905 0.8999
256.687 0.1274 0.0890 0.9115
256.726 0.1269 0.0874 0.9236
256.767 0.1275 0.0890 0.9162
256.806 0.1284 0.0910 0.8883
256.843 0.1254 0.0910 0.8585
256.887 0.1211 0.0898 0.8591
256.927 0.1220 0.0877 0.8705
256.967 0.1219 0.0872 0.9243
257.008 0.1180 0.0877 0.9167
257.048 0.1096 0.0923 0.8685
257.088 0.1043 0.0865 0.8845
257.128 0.1021 0.0889 0.8845
257.168 0.0971 0.0858 0.9235
257.208 0.0978 0.0873 0.9308
257.248 0.0944 0.0835 0.9071
257.287 0.0886 0.0874 0.8917
257.329 0.0842 0.0870 0.8712
257.369 0.0894 0.0853 0.8673
257.409 0.0911 0.0857 0.9116
257.448 0.0893 0.0863 0.8983
257.486 0.0889 0.0897 0.8835
257.531 0.0911 0.0854 0.8923
257.570 0.0925 0.0844 0.9069
257.610 0.0920 0.0862 0.9171
257.649 0.0951 0.0852 0.8975
257.687 0.0935 0.0864 0.8955
257.731 0.0946 0.0903 0.8975
257.771 0.0964 0.0864 0.9046
257.811 0.0968 0.0864 0.9046
257.850 0.0953 0.0896 0.8815
257.890 0.0910 0.0899 0.8618
257.931 0.0918 0.0885 0.8997
257.971 0.0947 0.0895 0.8930
258.011 0.0965 0.0880 0.9259
258.051 0.0960 0.0880 0.9259
258.091 0.0966 0.0880 0.8730
258.131 0.0936 0.0869 0.9049
258.172 0.0962 0.0890 0.9049
258.213 0.0969 0.0901 0.8944
258.253 0.0928 0.0875 0.9194
258.292 0.0925 0.0842 0.9146
258.329 0.0901 0.0879 0.9257
258.374 0.0932 0.0889 0.9328
258.413 0.0930 0.0889 0.9108
258.453 0.0928 0.0860 0.9303
258.493 0.0895 0.0860 0.9303
258.530 0.0906 0.0848 0.8924
258.575 0.0920 0.0861 0.8888
258.614 0.0942 0.0844 0.9250
258.654 0.0934 0.0860 0.9262
258.694 0.0934 0.0858 0.8866
258.734 0.0986 0.0834 0.8866
258.775 0.1027 0.0858 0.8866
258.814 0.1057 0.0866 0.9172
258.855 0.1064 0.0844 0.9205
258.895 0.1061 0.0832 0.9165
258.934 0.1056 0.0823 0.8749
258.974 0.1039 0.0815 0.9215
259.015 0.1012 0.0840 0.9127
259.055 0.0972 0.0837 0.9165
259.095 0.0939 0.0828 0.9219
259.135 0.0946 0.0824 0.8949
259.173 0.0953 0.0815 0.8949
259.217 0.0973 0.0830 0.9262
259.257 0.1000 0.0859 0.9158
259.297 0.1055 0.0842 0.9158
259.336 0.1103 0.0832 0.9158
259.374 0.1139 0.0830 0.9158
259.418 0.1144 0.0842 0.9247
259.457 0.1166 0.0840 0.9198
259.498 0.1178 0.0848 0.8866
259.537 0.1167 0.0844 0.9000
259.578 0.1159 0.0815 0.9236
259.618 0.1107 0.0855 0.8876
259.658 0.1047 0.0853 0.9121
259.698 0.0957 0.0875 0.8966
259.738 0.0857 0.0844 0.8725
259.778 0.0763 0.0816 0.8781
259.817 0.0676 0.0809 0.8991
259.859 0.0569 0.0839 0.8991
259.899 0.0524 0.0833 0.8786
259.939 0.0480 0.0863 0.8781
259.978 0.0472 0.0831 0.8869
260.016 0.0445 0.0841 0.8703
260.060 0.0440 0.0852 0.8843
260.099 0.0447 0.0853 0.9077
260.140 0.0483 0.0822 0.8879
260.179 0.0534 0.0838 0.8829
260.217 0.0595 0.0851 0.8873
260.260 0.0609 0.0842 0.8930
260.300 0.0606 0.0836 0.8559
260.341 0.0665 0.0867 0.9186
260.381 0.0700 0.0925 0.9228
260.421 0.0705 0.0809 0.9213
260.462 0.0697 0.0811 0.9097
260.502 0.0729 0.0840 0.9227
260.542 0.0754 0.0839 0.9379
260.582 0.0797 0.0892 0.9081
260.621 0.0817 0.0832 0.8954
260.661 0.0859 0.0851 0.8981
260.702 0.0856 0.0849 0.9256
260.743 0.0886 0.0866 0.9577
260.782 0.0978 0.0893 0.9587
260.822 0.1045 0.0893 0.9587
260.860 0.1063 0.0881 0.9659
260.904 0.1117 0.0844 0.8849
260.943 0.1172 0.0873 0.9055
260.983 0.1207 0.0874 0.9107
261.023 0.1243 0.0905 0.9558
261.061 0.1228 0.0903 0.8829
261.104 0.1251 0.0882 0.9075
261.144 0.1201 0.0863 0.9075
261.184 0.1171 0.0876 0.9481
261.224 0.1164 0.0883 0.9109
261.264 0.1108 0.0837 0.9109
261.305 0.1044 0.0856 0.8811
261.344 0.1026 0.0830 0.8854
261.385 0.1024 0.0837 0.8742
261.425 0.0968 0.0830 0.9253
261.465 0.0957 0.0855 0.9159
261.504 0.0903 0.0856 0.8649
261.546 0.0905 0.0855 0.8821
261.586 0.0876 0.0837 0.8639
261.626 0.0887 0.0856 0.8649
261.666 0.0919 0.0885 0.8551
261.703 0.0920 0.0868 0.8883
261.747 0.0929 0.0810 0.8973
261.787 0.0927 0.0775 0.9173
261.827 0.0911 0.0791 0.8805
261.867 0.0879 0.0821 0.9078
261.904 0.0911 0.0853 0.8907
262.055 0.0884 0.0812 0.9116
262.108 0.0879 0.0812 0.9391
262.148 0.0860 0.0832 0.8753
262.187 0.0856 0.0843 0.8549
262.228 0.0871 0.0818 0.8701
262.269 0.0863 0.0827 0.8596
262.308 0.0852 0.0830 0.9028
262.348 0.0896 0.0860 0.9164
262.393 0.0914 0.0849 0.9164
262.428 0.0909 0.0858 0.8819
262.468 0.0920 0.0841 0.8840
262.509 0.0969 0.0841 0.8595
262.550 0.0962 0.0824 0.8612
262.590 0.0964 0.0834 0.8769
262.630 0.0945 0.0835 0.8769
262.667 0.0937 0.0821 0.8857
262.711 0.0898 0.0852 0.8910
262.751 0.0916 0.0849 0.8673
262.791 0.0908 0.0853 0.8930
262.830 0.0862 0.0852 0.8696
262.868 0.0813 0.0845 0.8756
262.912 0.0791 0.0850 0.8540
262.951 0.0774 0.0861 0.8476
262.991 0.0769 0.0871 0.8476
263.031 0.0782 0.0877 0.9183
263.071 0.0809 0.0893 0.9190
263.112 0.0854 0.0883 0.8991
263.152 0.0876 0.0911 0.9241
263.192 0.0906 0.0908 0.8913
263.232 0.0865 0.0903 0.8823
263.272 0.0870 0.0874 0.9073
263.311 0.0903 0.0853 0.9316
263.352 0.0929 0.0859 0.9113
263.393 0.0962 0.0870 0.8956
263.433 0.0949 0.0885 0.8912
263.472 0.0949 0.0872 0.8887
263.510 0.0937 0.0856 0.8662
263.554 0.0926 0.0856 0.8962
263.594 0.0907 0.0863 0.9276
263.633 0.0917 0.0904 0.9205
263.674 0.0913 0.0875 0.9078
263.711 0.0926 0.0876 0.8887
263.755 0.0943 0.0838 0.8721
263.795 0.0982 0.0873 0.8963
263.835 0.1011 0.0902 0.9039
263.875 0.1002 0.0892 0.8717
263.944 0.1055 0.0874 0.8432
263.996 0.1091 0.0855 0.9045
264.035 0.1104 0.0873 0.8806
264.076 0.1119 0.0903 0.9132
264.116 0.1104 0.0869 0.8793
264.155 0.1108 0.0864 0.8779
264.195 0.1107 0.0891 0.8846
264.236 0.1096 0.0858 0.8577
264.276 0.1032 0.0897 0.8912
264.316 0.1006 0.0903 0.8902
264.356 0.0972 0.0879 0.8928
264.394 0.0941 0.0829 0.8834
264.437 0.0920 0.0874 0.8529
264.477 0.0883 0.0874 0.9058
264.517 0.0805 0.0873 0.8857
264.557 0.0758 0.0874 0.8869
264.594 0.0747 0.0839 0.8869
264.641 0.0671 0.0810 0.8786
264.678 0.0617 0.0843 0.8808
264.718 0.0594 0.0880 0.8997
264.758 0.0603 0.0871 0.8925
264.799 0.0576 0.0827 0.9003
264.840 0.0567 0.0840 0.8932
264.879 0.0597 0.0829 0.8932
264.920 0.0569 0.0865 0.8912
264.960 0.0548 0.0875 0.8872
264.999 0.0592 0.0848 0.9122
265.038 0.0639 0.0837 0.9015
265.080 0.0665 0.0823 0.9039
265.120 0.0674 0.0828 0.8989
265.160 0.0726 0.0839 0.9013
265.199 0.0746 0.0837 0.8887
265.237 0.0761 0.0850 0.9015
265.281 0.0782 0.0814 0.9015
265.321 0.0769 0.0805 0.9173
265.361 0.0771 0.0815 0.9147
265.400 0.0837 0.0814 0.9348
265.438 0.0901 0.0802 0.8977
265.482 0.0979 0.0798 0.9239
265.521 0.1041 0.0785 0.9239
265.562 0.1056 0.0785 0.9363
265.601 0.1119 0.0841 0.9253
265.641 0.1172 0.0820 0.9399
265.682 0.1215 0.0776 0.8989
265.722 0.1288 0.0764 0.9080
265.762 0.1319 0.0786 0.9290
265.802 0.1338 0.0771 0.9589
265.842 0.1392 0.0771 0.9315
265.882 0.1358 0.0781 0.9315
265.923 0.1330 0.0790 0.9049
265.964 0.1287 0.0786 0.9215
266.004 0.1245 0.0786 0.9226
266.043 0.1228 0.0796 0.9286
266.081 0.1204 0.0774 0.8685
266.125 0.1196 0.0758 0.8746
266.164 0.1223 0.0775 0.9495
266.204 0.1219 0.0784 0.9346
266.244 0.1246 0.0762 0.9382
266.281 0.1301 0.0756 0.9356
266.326 0.1282 0.0777 0.9512
266.365 0.1290 0.0764 0.9229
266.405 0.1306 0.0745 0.9322
266.445 0.1323 0.0766 0.9495
266.485 0.1314 0.0780 0.9408
266.525 0.1303 0.0775 0.9172
266.565 0.1282 0.0775 0.8923
266.606 0.1279 0.0799 0.9582
266.646 0.1282 0.0798 0.9331
266.685 0.1250 0.0775 0.9505
266.724 0.1183 0.0788 0.9136
266.766 0.1137 0.0789 0.8942
266.806 0.1131 0.0789 0.8942
266.846 0.1174 0.0780 0.9389
266.886 0.1172 0.0795 0.9625
266.924 0.1103 0.0799 0.9366
266.967 0.1076 0.0776 0.9345
267.008 0.1068 0.0778 0.8996
267.048 0.1080 0.0773 0.9116
267.088 0.1064 0.0784 0.9170
267.124 0.1027 0.0784 0.9315
267.169 0.1005 0.0810 0.9355
267.208 0.1007 0.0788 0.9221
267.249 0.1031 0.0773 0.9431
267.289 0.1044 0.0790 0.9254
267.328 0.1020 0.0796 0.9146
267.369 0.0999 0.0817 0.9339
267.409 0.1056 0.0790 0.9415
267.449 0.1088 0.0797 0.9288
267.489 0.1088 0.0784 0.8835
267.532 0.1094 0.0810 0.9218
267.568 0.1088 0.0840 0.9278
267.609 0.1089 0.0841 0.9278
267.650 0.1062 0.0815 0.9243
267.690 0.1077 0.0815 0.9243
267.729 0.1113 0.0818 0.8783
267.767 0.1084 0.0843 0.9149
267.811 0.1049 0.0853 0.9290
267.850 0.1022 0.0873 0.9170
267.890 0.1012 0.0837 0.9185
267.930 0.1004 0.0824 0.9134
267.967 0.1035 0.0836 0.9251
268.011 0.1033 0.0822 0.9290
268.051 0.1048 0.0824 0.9290
268.092 0.1080 0.0832 0.9246
268.131 0.1113 0.0851 0.8862
268.171 0.1171 0.0813 0.9065
268.211 0.1123 0.0843 0.9159
268.252 0.1115 0.0835 0.9159
268.293 0.1127 0.0841 0.9156
268.332 0.1140 0.0838 0.8846
268.372 0.1163 0.0841 0.9006
268.412 0.1196 0.0814 0.9012
268.453 0.1167 0.0837 0.9052
268.493 0.1166 0.0837 0.8976
268.533 0.1177 0.0816 0.8759
268.573 0.1184 0.0832 0.9132
268.610 0.1205 0.0833 0.8818
268.654 0.1208 0.0832 0.9121
268.694 0.1235 0.0841 0.9026
268.734 0.1274 0.0830 0.9116
268.774 0.1290 0.0811 0.9055
268.811 0.1341 0.0833 0.8933
268.855 0.1341 0.0855 0.8569
268.894 0.1326 0.0848 0.8820
268.935 0.1349 0.0840 0.9172
268.974 0.1374 0.0839 0.8775
269.016 0.1413 0.0809 0.8967
269.055 0.1424 0.0820 0.8909
269.095 0.1416 0.0849 0.9076
269.135 0.1370 0.0875 0.9445
269.175 0.1346 0.0861 0.9218
269.216 0.1336 0.0845 0.9323
269.255 0.1314 0.0813 0.9345
269.297 0.1299 0.0807 0.9032
269.337 0.1287 0.0866 0.9252
269.377 0.1294 0.0836 0.9451
269.417 0.1315 0.0812 0.9204
269.454 0.1327 0.0797 0.9269
269.498 0.1350 0.0817 0.9204
269.538 0.1365 0.0860 0.9345
269.578 0.1376 0.0820 0.9582
269.617 0.1437 0.0814 0.9448
269.654 0.1481 0.0786 0.9342
269.699 0.1485 0.0792 0.9132
269.738 0.1530 0.0817 0.9342
269.779 0.1550 0.0800 0.9290
269.818 0.1580 0.0791 0.9482
269.858 0.1619 0.0786 0.9392
269.899 0.1639 0.0762 0.9382
269.938 0.1666 0.0750 0.9685
269.979 0.1697 0.0782 0.9963
270.019 0.1689 0.0800 0.9270
270.058 0.1703 0.0768 0.9202
270.098 0.1669 0.0772 0.9302
270.139 0.1661 0.0784 0.9073
270.180 0.1665 0.0781 0.9359
270.220 0.1676 0.0809 0.9247
270.259 0.1689 0.0796 0.9360
270.297 0.1729 0.0789 0.9193
270.342 0.1656 0.0780 0.9306
270.383 0.1663 0.0805 0.9336
270.422 0.1635 0.0796 0.9575
270.461 0.1563 0.0796 0.9499
270.502 0.1525 0.0792 0.9625
270.543 0.1478 0.0764 0.9319
270.582 0.1501 0.0817 0.9210
270.622 0.1498 0.0826 0.9392
270.662 0.1494 0.0865 0.9153
270.702 0.1452 0.0832 0.9278
270.743 0.1421 0.0775 0.9152
270.782 0.1348 0.0800 0.8856
270.823 0.1364 0.0804 0.9192
270.863 0.1331 0.0847 0.9359
270.902 0.1313 0.0813 0.9286
270.942 0.1303 0.0836 0.9286
270.983 0.1309 0.0849 0.9259
271.023 0.1308 0.0833 0.9202
271.063 0.1290 0.0831 0.9409
271.103 0.1299 0.0868 0.9420
271.140 0.1278 0.0846 0.9339
271.185 0.1301 0.0833 0.9082
271.225 0.1327 0.0842 0.9312
271.264 0.1335 0.0831 0.9292
271.304 0.1352 0.0856 0.9353
271.342 0.1325 0.0855 0.9078
271.385 0.1299 0.0855 0.9465
271.425 0.1296 0.0836 0.9432
271.466 0.1294 0.0850 0.9118
271.506 0.1294 0.0856 0.9379
271.545 0.1330 0.0847 0.9312
271.587 0.1303 0.0862 0.9170
271.626 0.1316 0.0833 0.9327
271.667 0.1328 0.0833 0.9307
271.706 0.1350 0.0846 0.8936
271.746 0.1369 0.0878 0.9174
271.786 0.1345 0.0878 0.9165
271.827 0.1370 0.0834 0.9157
271.867 0.1411 0.0846 0.9133
271.907 0.1451 0.0848 0.8935
271.947 0.1443 0.0843 0.9252
271.984 0.1443 0.0853 0.9089
272.028 0.1400 0.0802 0.9245
272.068 0.1418 0.0811 0.9334
272.108 0.1399 0.0785 0.9306
272.148 0.1392 0.0803 0.8755
272.185 0.1363 0.0834 0.8872
272.229 0.1314 0.0838 0.8856
272.269 0.1306 0.0819 0.9206
272.309 0.1319 0.0819 0.9209
272.348 0.1295 0.0804 0.8936
272.389 0.1285 0.0823 0.8882
272.429 0.1271 0.0812 0.9162
272.469 0.1273 0.0805 0.8775
272.509 0.1317 0.0793 0.8865
272.550 0.1294 0.0779 0.8923
272.590 0.1301 0.0801 0.9323
272.629 NaN 0.0828 0.8982
272.670 NaN 0.0806 0.9295
272.711 NaN 0.0814 0.9002
272.751 NaN 0.0802 0.8869
272.791 NaN 0.0802 0.9053
272.828 NaN 0.0832 0.9355
272.872 NaN 0.0827 0.9489
272.912 NaN 0.0818 0.9078
