106.606 NaN 0.0925 0.8522
106.695 NaN 0.0851 0.8585
106.723 NaN 0.0843 0.8819
106.767 NaN 0.0914 0.8566
106.807 NaN 0.0874 0.8609
106.847 NaN 0.0869 0.8522
106.887 0.0687 0.0903 0.8797
106.927 0.0749 0.0832 0.8715
106.968 0.0764 0.0882 0.8705
107.008 0.0820 0.0911 0.8685
107.049 0.0826 0.0888 0.8953
107.089 0.0855 0.0880 0.8781
107.128 0.0887 0.0844 0.8778
107.168 0.0927 0.0915 0.8813
107.209 0.1013 0.0880 0.8967
107.250 0.0996 0.0890 0.9017
107.290 0.1015 0.0879 0.9232
107.329 0.1027 0.0859 0.9122
107.366 0.0973 0.0843 0.8857
107.410 0.0932 0.0880 0.8837
107.450 0.0917 0.0880 0.8632
107.490 0.0908 0.0870 0.9020
107.530 0.0925 0.0888 0.9065
107.567 0.0921 0.0870 0.8830
107.611 0.0934 0.0861 0.8866
107.651 0.0968 0.0888 0.8630
107.691 0.0989 0.0897 0.8556
107.731 0.1041 0.0874 0.8492
107.770 0.1062 0.0866 0.8742
107.811 0.1070 0.0880 0.9054
107.851 0.1135 0.0895 0.8596
107.892 0.1188 0.0894 0.8848
107.931 0.1202 0.0892 0.9121
107.971 0.1244 0.0903 0.8730
108.010 0.1218 0.0919 0.8608
108.052 0.1258 0.0883 0.9052
108.092 0.1225 0.0881 0.8862
108.133 0.1218 0.0885 0.8851
108.173 0.1187 0.0879 0.8871
108.210 0.1114 0.0906 0.8838
108.254 0.1086 0.0899 0.8592
108.294 0.1061 0.0873 0.8818
108.334 0.1038 0.0889 0.8845
108.373 0.1032 0.0869 0.9075
108.411 0.1044 0.0878 0.8468
108.455 0.1069 0.0849 0.8383
108.494 0.1138 0.0833 0.8828
108.535 0.1118 0.0879 0.8439
108.574 0.1135 0.0864 0.8645
108.614 0.1146 0.0893 0.8561
108.655 0.1145 0.0883 0.8502
108.695 0.1171 0.0853 0.8564
108.735 0.1205 0.0871 0.8686
108.775 0.1238 0.0898 0.9208
108.815 0.1318 0.0880 0.8742
108.854 0.1340 0.0872 0.8558
108.895 0.1333 0.0825 0.8558
108.936 0.1318 0.0848 0.8755
108.976 0.1256 0.0875 0.9056
109.015 0.1229 0.0840 0.9124
109.053 0.1184 0.0892 0.8956
109.097 0.1138 0.0892 0.8956
109.137 0.1120 0.0877 0.8729
109.176 0.1114 0.0860 0.9198
109.217 0.1115 0.0877 0.9294
109.255 0.1078 0.0874 0.9182
109.298 0.1059 0.0862 0.8661
109.338 0.1025 0.0886 0.8635
109.378 0.1027 0.0872 0.9072
109.418 0.1037 0.0904 0.9317
109.458 0.1060 0.0890 0.9353
109.499 0.1089 0.0857 0.8938
109.538 0.1113 0.0855 0.8669
109.579 0.1171 0.0852 0.8879
109.619 0.1198 0.0877 0.8759
109.658 0.1227 0.0887 0.9015
109.697 0.1206 0.0855 0.8903
109.739 0.1257 0.0858 0.9200
109.779 0.1227 0.0839 0.9083
109.819 0.1226 0.0857 0.8861
109.859 0.1236 0.0874 0.9016
109.897 0.1200 0.0850 0.9272
109.940 0.1149 0.0869 0.9262
109.980 0.1125 0.0836 0.8986
110.020 0.1146 0.0832 0.8581
110.060 0.1123 0.0861 0.8591
110.096 0.1088 0.0870 0.9352
110.141 0.1052 0.0848 0.9197
110.181 0.1053 0.0853 0.9132
110.221 0.0990 0.0818 0.8660
110.261 0.0985 0.0839 0.8953
110.300 0.0962 0.0837 0.9072
110.342 0.0914 0.0832 0.8969
110.382 0.0928 0.0851 0.9035
110.422 0.0949 0.0836 0.8689
110.462 0.0988 0.0832 0.8793
110.502 0.1020 0.0864 0.8966
110.541 0.1023 0.0880 0.8966
110.583 0.1071 0.0857 0.9007
110.623 0.1087 0.0824 0.9002
110.663 0.1098 0.0874 0.8872
110.702 0.1151 0.0874 0.8872
110.740 0.1152 0.0882 0.8939
110.784 0.1152 0.0870 0.9018
110.824 0.1159 0.0873 0.9073
110.864 0.1160 0.0855 0.9123
110.903 0.1190 0.0883 0.9109
110.941 0.1206 0.0903 0.9169
110.985 0.1178 0.0881 0.9169
111.024 0.1194 0.0874 0.9169
111.064 0.1181 0.0886 0.9283
111.104 0.1202 0.0901 0.9355
111.144 0.1218 0.0894 0.9212
111.185 0.1196 0.0885 0.9285
111.225 0.1196 0.0889 0.9128
111.265 0.1200 0.0883 0.9227
111.305 0.1240 0.0875 0.8749
111.344 0.1258 0.0903 0.9056
111.384 0.1256 0.0898 0.9072
111.425 0.1209 0.0898 0.8973
111.467 0.1168 0.0899 0.8963
111.506 0.1130 0.0859 0.8963
111.546 0.1136 0.0866 0.9195
111.583 0.1102 0.0889 0.9562
111.627 0.1089 0.0867 0.8911
111.667 0.1075 0.0868 0.9032
111.707 0.1049 0.0871 0.9007
111.747 0.1080 0.0844 0.9032
111.784 0.1080 0.0858 0.8973
111.828 0.1072 0.0885 0.9023
111.868 0.1006 0.0869 0.9267
111.908 0.1037 0.0847 0.9296
111.948 0.1097 0.0858 0.9130
111.988 0.1137 0.0833 0.9316
112.029 0.1154 0.0901 0.9048
112.068 0.1175 0.0909 0.9233
112.109 0.1200 0.0888 0.9222
112.148 0.1180 0.0843 0.9109
112.188 0.1235 0.0883 0.8995
112.230 0.1213 0.0895 0.9031
112.269 0.1195 0.0884 0.9089
112.309 0.1156 0.0877 0.8789
112.349 0.1165 0.0850 0.9213
112.389 0.1189 0.0855 0.9153
112.426 0.1113 0.0856 0.9093
112.471 0.1061 0.0858 0.9117
112.510 0.1007 0.0877 0.9219
112.550 0.0980 0.0824 0.8629
112.591 0.0954 0.0872 0.8873
112.627 0.0950 0.0839 0.8755
112.672 0.0863 0.0865 0.8927
112.712 0.0852 0.0868 0.9233
112.752 0.0840 0.0869 0.9183
112.791 0.0804 0.0850 0.9026
112.832 0.0806 0.0862 0.8960
112.872 0.0768 0.0850 0.8960
112.912 0.0757 0.0882 0.9084
112.952 0.0713 0.0858 0.9286
112.992 0.0636 0.0822 0.8883
113.032 0.0569 0.0844 0.9201
113.071 0.0520 0.0853 0.8723
113.112 0.0447 0.0844 0.8855
113.153 0.0392 0.0842 0.8697
113.193 0.0340 0.0875 0.9192
113.232 0.0232 0.0853 0.9070
113.270 0.0191 0.0848 0.9201
113.314 0.0139 0.0844 0.8819
113.354 0.0083 0.0870 0.8819
113.393 0.0057 0.0870 0.8972
113.433 0.0050 0.0844 0.8757
113.470 0.0072 0.0835 0.8757
113.515 0.0062 0.0866 0.8906
113.554 0.0048 0.0866 0.8906
113.594 0.0058 0.0866 0.8906
113.634 0.0062 0.0879 0.8906
113.675 0.0036 0.0879 0.9070
113.716 0.0032 0.0855 0.8819
113.756 0.0057 0.0844 0.8758
113.796 0.0069 0.0870 0.8758
113.836 0.0087 0.0842 0.8697
113.875 0.0125 0.0835 0.8757
113.915 0.0140 0.0836 0.8757
113.956 0.0135 0.0842 0.8757
113.996 0.0134 0.0834 0.8795
114.036 0.0156 0.0840 0.8855
114.076 0.0187 0.0837 0.8635
114.113 0.0222 0.0837 0.8635
114.158 0.0243 0.0837 0.8635
114.197 0.0268 0.0834 0.8739
114.237 0.0255 0.0860 0.8862
114.277 0.0270 0.0848 0.8912
114.314 0.0235 0.0861 0.8822
114.358 0.0253 0.0848 0.8912
114.398 0.0251 0.0854 0.8849
114.438 0.0247 0.0883 0.8808
114.478 0.0307 0.0871 0.8826
114.518 0.0311 0.0847 0.8845
114.559 0.0314 0.0854 0.8845
114.598 0.0250 0.0854 0.8845
114.639 0.0224 0.0854 0.8845
114.678 0.0209 0.0858 0.9033
114.718 0.0233 0.0859 0.8733
114.758 0.0246 0.0857 0.8838
114.800 0.0301 0.0840 0.9079
114.840 0.0320 0.0840 0.9079
114.880 0.0361 0.0862 0.8963
114.920 0.0390 0.0852 0.8963
114.957 0.0359 0.0852 0.8963
115.001 0.0323 0.0859 0.8845
115.041 0.0281 0.0852 0.8905
115.081 0.0273 0.0864 0.9109
115.120 0.0251 0.0864 0.9029
115.158 0.0272 0.0854 0.9029
115.202 0.0251 0.0858 0.8723
115.241 0.0210 0.0858 0.8764
115.281 0.0185 0.0861 0.9029
115.321 0.0233 0.0854 0.9029
115.361 0.0251 0.0872 0.9029
115.402 0.0273 0.0858 0.8713
115.442 0.0262 0.0851 0.9029
115.482 0.0272 0.0854 0.9029
115.522 0.0293 0.0866 0.8723
115.561 0.0304 0.0878 0.8749
115.601 0.0307 0.0869 0.8963
115.642 0.0284 0.0869 0.8729
115.683 0.0283 0.0869 0.8789
115.723 0.0291 0.0869 0.8789
115.762 0.0307 0.0876 0.8865
115.800 0.0251 0.0887 0.9115
115.844 0.0144 0.0877 0.9135
115.884 0.0089 0.0877 0.9115
115.924 0.0078 0.0861 0.9115
115.964 0.0079 0.0868 0.9479
116.001 0.0053 0.0896 0.9176
116.045 0.0047 0.0845 0.9115
116.085 0.0031 0.0876 0.8789
116.125 0.0046 0.0845 0.8789
116.165 0.0062 0.0883 0.8729
116.205 0.0065 0.0879 0.9175
116.246 0.0066 0.0863 0.9153
116.285 0.0073 0.0876 0.8789
116.326 0.0155 0.0875 0.8789
116.366 0.0181 0.0876 0.8789
116.405 0.0228 0.0887 0.9116
116.445 0.0243 0.0914 0.8789
116.486 0.0347 0.0891 0.8789
116.526 0.0395 0.0876 0.9093
116.567 0.0448 0.0836 0.8973
116.606 0.0448 0.0847 0.9093
116.643 0.0445 0.0860 0.8973
116.688 0.0483 0.0871 0.8973
116.727 0.0476 0.0871 0.8789
116.767 0.0450 0.0851 0.8789
116.807 0.0380 0.0871 0.9003
116.844 0.0386 0.0895 0.9003
116.888 0.0398 0.0881 0.8909
116.928 0.0361 0.0878 0.8963
116.968 0.0233 0.0873 0.8963
117.008 0.0167 0.0878 0.8963
117.049 0.0359 0.0912 0.8983
117.089 0.0666 0.0902 0.8983
117.129 0.0940 0.0908 0.9146
117.169 0.1261 0.0900 0.8983
117.209 0.1550 0.0902 0.9146
117.249 0.1753 0.0878 0.8789
117.288 0.1886 0.0865 0.8911
117.330 0.2019 0.0848 0.8713
117.370 0.2109 0.0863 0.8519
117.410 0.2181 0.0851 0.8657
117.450 0.2214 0.0880 0.8922
117.487 0.2120 0.0880 0.8507
117.531 0.1914 0.0895 0.8686
117.571 0.1671 0.0847 0.8272
117.611 0.1435 0.0861 0.8263
117.650 0.1201 0.0843 0.8494
117.687 0.0976 0.0855 0.8494
117.731 0.0754 0.0918 0.8964
117.771 0.0660 0.0877 0.8833
117.811 0.0557 0.0860 0.8854
117.851 0.0472 0.0812 0.8478
117.891 0.0433 0.0853 0.8478
117.932 0.0388 0.0857 0.8871
117.972 0.0382 0.0830 0.8480
118.012 0.0382 0.0825 0.8480
118.052 0.0371 0.0825 0.8500
118.092 0.0390 0.0838 0.8536
118.132 0.0395 0.0836 0.8699
118.173 0.0404 0.0856 0.8855
118.213 0.0417 0.0844 0.8679
118.253 0.0379 0.0856 0.9029
118.293 0.0354 0.0818 0.8669
118.331 0.0358 0.0851 0.8481
118.375 0.0353 0.0856 0.8481
118.414 0.0371 0.0851 0.8481
118.454 0.0368 0.0838 0.8497
118.494 0.0364 0.0845 0.8334
118.531 0.0365 0.0860 0.8270
118.575 0.0333 0.0887 0.8807
118.615 0.0340 0.0872 0.8517
118.655 0.0340 0.0846 0.8359
118.695 0.0293 0.0846 0.8359
118.735 0.0265 0.0874 0.8783
118.776 0.0243 0.0868 0.8295
118.815 0.0260 0.0924 0.8783
118.856 0.0251 0.0881 0.8890
118.895 0.0222 0.0881 0.8808
118.935 0.0197 0.0871 0.8890
118.975 0.0200 0.0872 0.8806
119.016 0.0180 0.0850 0.8839
119.056 0.0170 0.0862 0.8732
119.096 0.0135 0.0875 0.8968
119.136 0.0098 0.0854 0.9018
119.174 0.0103 0.0844 0.8968
119.217 0.0097 0.0873 0.9232
119.258 0.0125 0.0869 0.9232
119.298 0.0153 0.0866 0.9206
119.338 0.0239 0.0856 0.8968
119.374 0.0314 0.0843 0.9006
119.419 0.0442 0.0847 0.8935
119.458 0.0476 0.0874 0.9232
119.499 0.0539 0.0866 0.9202
119.538 0.0597 0.0848 0.9228
119.578 0.0685 0.0825 0.9095
119.619 0.0767 0.0845 0.9228
119.659 0.0845 0.0865 0.8746
119.699 0.0852 0.0846 0.9106
119.739 0.0890 0.0860 0.8919
119.779 0.0892 0.0822 0.8746
119.818 0.0879 0.0851 0.8910
119.859 0.0870 0.0836 0.9433
119.900 0.0813 0.0887 0.9169
119.940 0.0782 0.0873 0.9169
119.979 0.0757 0.0850 0.8899
120.017 0.0727 0.0848 0.8892
120.061 0.0728 0.0850 0.8826
120.100 0.0717 0.0890 0.8786
120.140 0.0691 0.0871 0.8852
120.180 0.0648 0.0853 0.8892
120.217 0.0619 0.0838 0.8912
120.261 0.0641 0.0875 0.8826
120.301 0.0644 0.0889 0.8826
120.342 0.0596 0.0901 0.8988
120.382 0.0549 0.0901 0.9008
120.422 0.0524 0.0864 0.9133
120.463 0.0554 0.0869 0.8918
120.503 0.0629 0.0886 0.8888
120.543 0.0622 0.0918 0.8943
120.583 0.0607 0.0881 0.8919
120.622 0.0564 0.0916 0.8924
120.662 0.0580 0.0894 0.9158
120.703 0.0613 0.0886 0.8876
120.743 0.0614 0.0891 0.8875
120.783 0.0585 0.0898 0.8875
120.823 0.0571 0.0887 0.9002
120.860 0.0595 0.0876 0.8875
120.905 0.0658 0.0882 0.9146
120.944 0.0682 0.0898 0.8863
120.984 0.0593 0.0940 0.9117
121.024 0.0592 0.0905 0.9019
121.061 0.0601 0.0904 0.8715
121.105 0.0642 0.0880 0.8693
121.145 0.0656 0.0886 0.8643
121.185 0.0625 0.0927 0.8573
121.225 0.0584 0.0927 0.8599
121.264 0.0538 0.0917 0.8896
121.306 0.0458 0.0923 0.8943
121.345 0.0304 0.0918 0.8968
121.385 0.0216 0.0932 0.8758
121.425 0.0203 0.0935 0.8778
121.466 0.0295 0.0939 0.8778
121.506 0.0422 0.0917 0.8803
121.547 0.0483 0.0878 0.8937
121.587 0.0538 0.0886 0.8652
121.627 0.0600 0.0926 0.8579
121.667 0.0662 0.0886 0.8826
121.704 0.0685 0.0869 0.8826
121.748 0.0600 0.0879 0.8750
121.788 0.0497 0.0871 0.8619
121.828 0.0389 0.0920 0.8888
121.867 0.0315 0.0877 0.8998
121.905 0.0242 0.0870 0.8891
121.949 0.0227 0.0879 0.8629
121.988 0.0235 0.0873 0.9173
122.028 0.0208 0.0873 0.9173
122.068 0.0151 0.0901 0.9157
122.108 0.0110 0.0877 0.8875
122.149 0.0099 0.0882 0.9293
122.189 0.0106 0.0868 0.8736
122.229 0.0089 0.0885 0.8736
122.269 0.0071 0.0887 0.9361
122.308 0.0065 0.0890 0.9255
122.348 0.0046 0.0907 0.8983
122.389 0.0069 0.0859 0.8748
122.430 0.0050 0.0869 0.8748
122.470 0.0040 0.0869 0.8748
122.509 0.0063 0.0880 0.9002
122.547 0.0085 0.0869 0.8748
122.591 0.0109 0.0869 0.8748
122.659 0.0067 0.0872 0.8955
122.711 0.0072 0.0893 0.8955
122.751 0.0073 0.0858 0.9002
122.788 0.0076 0.0870 0.8999
122.832 0.0089 0.0871 0.8999
122.872 0.0064 0.0872 0.8843
122.912 0.0068 0.0895 0.8843
122.952 0.0042 0.0882 0.8919
122.992 0.0061 0.0872 0.8843
123.032 0.0061 0.0886 0.8843
123.072 0.0061 0.0872 0.8843
123.112 0.0078 0.0871 0.9173
123.153 0.0079 0.0850 0.9321
123.192 0.0067 0.0893 0.9354
123.232 0.0084 0.0850 0.9321
123.273 0.0078 0.0858 0.9255
123.313 0.0100 0.0869 0.9223
123.353 0.0061 0.0894 0.9223
123.393 0.0038 0.0878 0.9182
123.430 0.0048 0.0881 0.8955
123.474 0.0033 0.0872 0.8955
123.514 0.0045 0.0852 0.9075
123.554 0.0043 0.0877 0.9002
123.593 0.0056 0.0903 0.8843
123.632 0.0066 0.0895 0.8879
123.675 0.0067 0.0872 0.8955
123.715 0.0072 0.0873 0.8955
123.756 0.0076 0.0936 0.8770
123.795 0.0060 0.0877 0.8748
123.835 0.0041 0.0884 0.8875
123.876 0.0071 0.0870 0.8748
123.916 0.0037 0.0895 0.8866
123.956 0.0066 0.0867 0.8748
123.996 0.0107 0.0864 0.8748
124.035 0.0167 0.0890 0.8748
124.075 0.0210 0.0872 0.8919
124.116 0.0238 0.0901 0.8723
124.157 0.0246 0.0889 0.8998
124.197 0.0286 0.0896 0.8855
124.236 0.0283 0.0901 0.8728
124.274 0.0290 0.0889 0.8728
124.318 0.0317 0.0889 0.8623
124.358 0.0326 0.0883 0.8649
124.398 0.0290 0.0866 0.8747
124.437 0.0280 0.0907 0.8990
124.474 0.0246 0.0895 0.8899
124.518 0.0228 0.0911 0.8899
124.558 0.0235 0.0902 0.8959
124.598 0.0268 0.0907 0.8693
124.638 0.0323 0.0890 0.8899
124.678 0.0320 0.0890 0.8899
124.719 0.0319 0.0890 0.8629
124.759 0.0325 0.0890 0.8629
124.800 0.0358 0.0875 0.8911
124.840 0.0397 0.0887 0.8911
124.879 0.0401 0.0881 0.8779
124.919 0.0381 0.0883 0.9039
124.960 0.0381 0.0890 0.8791
125.000 0.0358 0.0883 0.8783
125.040 0.0355 0.0900 0.8803
125.080 0.0327 0.0888 0.8791
125.117 0.0316 0.0888 0.8791
125.163 0.0310 0.0883 0.8869
125.201 0.0317 0.0890 0.8801
125.241 0.0353 0.0887 0.8839
125.281 0.0415 0.0870 0.8843
125.318 0.0436 0.0883 0.8869
125.362 0.0504 0.0890 0.8843
125.402 0.0528 0.0889 0.8843
125.442 0.0562 0.0889 0.8869
125.482 0.0613 0.0880 0.8869
125.522 0.0650 0.0884 0.8869
125.563 0.0704 0.0932 0.8731
125.602 0.0685 0.0915 0.8922
125.643 0.0690 0.0880 0.8902
125.683 0.0716 0.0874 0.8902
125.722 0.0730 0.0881 0.8604
125.762 0.0706 0.0933 0.8660
125.803 0.0630 0.0922 0.8865
125.843 0.0556 0.0847 0.8416
125.883 0.0544 0.0833 0.8428
125.924 0.0541 0.0851 0.8599
125.961 0.0526 0.0874 0.8715
126.005 0.0474 0.0880 0.8596
126.045 0.0409 0.0885 0.8625
126.085 0.0389 0.0874 0.8516
126.125 0.0374 0.0901 0.8625
126.162 0.0369 0.0894 0.8543
126.207 0.0309 0.0935 0.8460
126.245 0.0277 0.0926 0.8739
126.285 0.0273 0.0937 0.8640
126.325 0.0244 0.0886 0.8609
126.365 0.0247 0.0888 0.8739
126.406 0.0206 0.0931 0.8629
126.446 0.0172 0.0940 0.8629
126.486 0.0149 0.0915 0.8543
126.526 0.0137 0.0894 0.8595
126.565 0.0143 0.0864 0.8579
126.605 0.0133 0.0899 0.8525
126.646 0.0076 0.0879 0.8398
126.687 0.0060 0.0912 0.8481
126.727 0.0065 0.0876 0.8703
126.766 0.0053 0.0858 0.8517
126.803 0.0078 0.0903 0.8730
126.848 0.0045 0.0912 0.8668
126.887 0.0076 0.0912 0.8668
126.927 0.0065 0.0875 0.8579
126.967 0.0058 0.0877 0.8730
127.006 0.0062 0.0904 0.8509
127.049 0.0051 0.0895 0.8739
127.089 0.0046 0.0897 0.8739
127.129 0.0071 0.0909 0.8517
127.169 0.0049 0.0897 0.8727
127.209 0.0049 0.0871 0.8773
127.250 0.0057 0.0903 0.8543
127.290 0.0046 0.0894 0.8939
127.330 0.0043 0.0916 0.8785
127.370 0.0035 0.0895 0.8680
127.409 0.0023 0.0892 0.8795
127.449 0.0031 0.0892 0.8785
127.490 0.0060 0.0890 0.9017
127.531 0.0069 0.0894 0.8939
127.570 0.0073 0.0895 0.8785
127.610 0.0052 0.0877 0.8543
127.647 0.0057 0.0915 0.8543
127.691 0.0054 0.0935 0.8770
127.731 0.0052 0.0877 0.8747
127.771 0.0049 0.0877 0.8587
127.811 0.0048 0.0874 0.8979
127.848 0.0047 0.0870 0.8817
127.892 0.0043 0.0895 0.8795
127.931 0.0072 0.0894 0.8988
127.972 0.0102 0.0897 0.8739
128.011 0.0101 0.0884 0.8825
128.051 0.0094 0.0890 0.8739
128.092 0.0097 0.0882 0.8620
128.133 0.0088 0.0897 0.8620
128.173 0.0083 0.0908 0.8620
128.213 0.0088 0.0882 0.8620
128.253 0.0080 0.0899 0.8739
128.292 0.0073 0.0861 0.8761
128.334 0.0111 0.0899 0.8620
128.416 0.0062 0.0893 0.8608
128.454 0.0071 0.0884 0.8608
128.493 0.0106 0.0893 0.8608
128.531 0.0177 0.0886 0.8677
128.575 0.0233 0.0898 0.8747
128.615 0.0259 0.0882 0.8777
128.655 0.0276 0.0898 0.8747
128.694 0.0316 0.0875 0.8927
128.731 0.0376 0.0907 0.8637
128.775 0.0458 0.0881 0.8747
128.815 0.0444 0.0877 0.8782
128.855 0.0440 0.0872 0.8797
128.895 0.0486 0.0864 0.8747
128.935 0.0528 0.0880 0.8786
128.976 0.0529 0.0871 0.8822
129.016 0.0516 0.0919 0.8821
129.056 0.0516 0.0914 0.8802
129.096 0.0520 0.0913 0.8782
129.135 0.0526 0.0876 0.8782
129.175 0.0503 0.0875 0.8695
129.217 0.0490 0.0951 0.8789
129.258 0.0439 0.0934 0.8501
129.298 0.0431 0.0883 0.8396
129.337 0.0443 0.0867 0.8450
129.375 0.0419 0.0865 0.8584
129.419 0.0412 0.0889 0.8429
129.458 0.0419 0.0947 0.8458
129.498 0.0364 0.0917 0.8372
129.538 0.0325 0.0881 0.8084
129.575 0.0301 0.0881 0.8112
129.619 0.0335 0.0948 0.8271
129.659 0.0342 0.0950 0.8332
129.699 0.0311 0.0910 0.8594
129.739 0.0338 0.0877 0.8226
129.779 0.0350 0.0931 0.8646
129.820 0.0357 0.0914 0.8060
129.859 0.0390 0.0931 0.8203
129.900 0.0405 0.0938 0.9171
129.939 0.0416 0.0945 0.8262
129.979 0.0457 0.0901 0.8883
130.019 0.0514 0.0930 0.9141
130.060 0.0558 0.0910 0.8815
130.100 0.0556 0.0922 0.8865
130.140 0.0549 0.0878 0.8815
130.180 0.0585 0.0908 0.9045
130.218 0.0552 0.0891 0.8815
130.262 0.0555 0.0857 0.9015
130.301 0.0528 0.0867 0.8699
130.342 0.0499 0.0940 0.8699
130.381 0.0486 0.0885 0.9209
130.419 0.0440 0.0870 0.8993
130.463 0.0446 0.0886 0.9097
130.502 0.0440 0.0861 0.8949
130.543 0.0421 0.0910 0.9192
130.583 0.0397 0.0895 0.9023
130.622 0.0390 0.0857 0.9012
130.663 0.0386 0.0862 0.8949
130.703 0.0430 0.0863 0.9066
130.743 0.0411 0.0896 0.9129
130.783 0.0380 0.0911 0.9129
130.823 0.0376 0.0888 0.9129
130.875 0.0340 0.0875 0.8706
130.903 0.0323 0.0878 0.9207
130.944 0.0314 0.0868 0.9129
130.984 0.0264 0.0896 0.9172
131.024 0.0227 0.0908 0.9217
131.061 0.0195 0.0886 0.9129
131.105 0.0147 0.0862 0.8818
131.144 0.0155 0.0886 0.9217
131.184 0.0130 0.0864 0.8862
131.224 0.0108 0.0891 0.8992
131.261 0.0140 0.0877 0.8818
131.305 0.0217 0.0874 0.9226
131.345 0.0324 0.0854 0.9226
131.385 0.0432 0.0877 0.8818
131.425 0.0483 0.0921 0.8818
131.465 0.0548 0.0928 0.8774
131.507 0.0540 0.0886 0.8706
131.547 0.0609 0.0888 0.8632
131.587 0.0669 0.0916 0.8684
131.627 0.0666 0.0882 0.8683
131.666 0.0625 0.0882 0.8955
131.706 0.0611 0.0867 0.8911
131.747 0.0549 0.0867 0.8973
131.788 0.0496 0.0893 0.9112
131.828 0.0405 0.0909 0.8925
131.867 0.0295 0.0913 0.9091
131.905 0.0221 0.0877 0.9291
131.949 0.0129 0.0905 0.9220
131.988 0.0125 0.0910 0.8569
132.028 0.0121 0.0890 0.8709
132.068 0.0078 0.0925 0.9091
132.105 0.0059 0.0916 0.8729
132.149 0.0087 0.0880 0.9276
132.189 0.0138 0.0870 0.8943
132.229 0.0234 0.0871 0.8709
132.269 0.0277 0.0892 0.9036
132.308 0.0315 0.0903 0.8963
132.349 0.0371 0.0866 0.9282
132.389 0.0475 0.0921 0.8920
132.430 0.0536 0.0875 0.8909
132.469 0.0598 0.0914 0.8857
132.509 0.0617 0.0933 0.8958
132.550 0.0613 0.0938 0.8703
132.591 0.0643 0.0916 0.8879
132.631 0.0669 0.0904 0.8833
132.671 0.0692 0.0901 0.8897
132.711 0.0619 0.0936 0.8793
132.748 0.0554 0.0952 0.8592
132.792 0.0491 0.0931 0.8505
132.832 0.0468 0.0939 0.8664
132.872 0.0362 0.0933 0.8539
132.911 0.0334 0.0940 0.8716
132.948 0.0285 0.0942 0.8600
132.993 0.0202 0.0933 0.8600
133.032 0.0183 0.0940 0.8655
133.072 0.0142 0.0940 0.8716
133.112 0.0083 0.0940 0.8655
133.151 0.0051 0.0896 0.9098
133.193 0.0049 0.0958 0.8878
133.233 0.0054 0.0954 0.8878
133.273 0.0052 0.0915 0.8835
133.313 0.0047 0.0931 0.8816
133.352 0.0081 0.0952 0.8655
133.392 0.0056 0.0921 0.8848
133.433 0.0079 0.0952 0.8716
133.474 0.0139 0.0922 0.8856
133.514 0.0200 0.0938 0.8655
133.553 0.0264 0.0931 0.8856
133.592 0.0339 0.0969 0.8878
133.635 0.0402 0.0942 0.8868
133.675 0.0449 0.0931 0.8758
133.715 0.0531 0.0881 0.8544
133.755 0.0590 0.0881 0.8544
133.792 0.0654 0.0915 0.8617
133.836 0.0701 0.0921 0.8569
133.876 0.0763 0.0915 0.8469
133.916 0.0797 0.0929 0.8393
133.956 0.0775 0.0914 0.8553
133.995 0.0781 0.0957 0.8762
134.037 0.0756 0.0937 0.8580
134.077 0.0732 0.0940 0.8653
134.117 0.0694 0.0915 0.8649
134.157 0.0692 0.0916 0.8658
134.196 0.0695 0.0915 0.8326
134.236 0.0680 0.0915 0.8416
134.277 0.0643 0.0929 0.8405
134.318 0.0632 0.0934 0.8606
134.357 0.0576 0.0917 0.8240
134.397 0.0563 0.0893 0.8845
134.434 0.0566 0.0912 0.8521
134.479 0.0551 0.0922 0.8598
134.518 0.0518 0.0938 0.8448
134.558 0.0490 0.0897 0.8355
134.598 0.0472 0.0901 0.8277
134.635 0.0450 0.0899 0.8315
134.679 0.0421 0.0905 0.8365
134.719 0.0396 0.0889 0.8105
134.759 0.0402 0.0908 0.8146
134.799 0.0389 0.0882 0.8236
134.839 0.0451 0.0902 0.7992
134.880 0.0497 0.0909 0.8312
134.920 0.0472 0.0910 0.8440
134.960 0.0456 0.0904 0.8446
135.000 0.0484 0.0887 0.8405
135.040 0.0531 0.0872 0.8665
135.079 0.0555 0.0858 0.8793
135.121 0.0574 0.0891 0.8642
135.161 0.0562 0.0893 0.8642
135.201 0.0549 0.0880 0.8642
135.241 0.0582 0.0849 0.9032
135.278 0.0606 0.0895 0.8888
135.322 0.0569 0.0880 0.9111
135.362 0.0469 0.0899 0.8625
135.402 0.0462 0.0892 0.8810
135.441 0.0455 0.0880 0.8716
135.478 0.0421 0.0867 0.8900
135.523 0.0412 0.0884 0.8950
135.562 0.0396 0.0906 0.8950
135.602 0.0409 0.0913 0.8736
135.642 0.0433 0.0875 0.8866
135.681 0.0461 0.0868 0.8969
135.723 0.0506 0.0876 0.8920
135.763 0.0494 0.0872 0.9276
135.803 0.0482 0.0892 0.9016
135.843 0.0518 0.0892 0.9025
135.883 0.0534 0.0862 0.9047
135.923 0.0563 0.0872 0.8846
135.964 0.0603 0.0898 0.8940
136.005 0.0596 0.0940 0.9142
136.045 0.0604 0.0892 0.9113
136.084 0.0605 0.0887 0.9002
136.122 0.0610 0.0893 0.8999
136.166 0.0664 0.0936 0.8926
136.205 0.0671 0.0957 0.9146
136.245 0.0686 0.0918 0.9196
136.285 0.0746 0.0891 0.9146
136.322 0.0772 0.0931 0.8912
136.366 0.0846 0.0933 0.8842
136.406 0.0865 0.0978 0.8798
136.446 0.0857 0.0933 0.8862
136.486 0.0915 0.0945 0.9072
136.526 0.0912 0.0933 0.8945
136.567 0.0922 0.0941 0.8945
136.606 0.0894 0.0942 0.8974
136.647 0.0833 0.0953 0.8945
136.687 0.0763 0.0951 0.8862
136.726 0.0682 0.0936 0.9059
136.766 0.0617 0.0973 0.8802
136.807 0.0588 0.0973 0.8879
136.847 0.0586 0.0973 0.8803
136.887 0.0542 0.0984 0.8803
136.927 0.0563 0.0973 0.8683
136.965 0.0504 0.0908 0.8912
137.008 0.0472 0.0944 0.8803
137.049 0.0446 0.1001 0.8841
137.089 0.0424 0.0955 0.8680
137.129 0.0448 0.0971 0.8815
137.166 0.0442 0.0950 0.8730
137.209 0.0479 0.0988 0.9052
137.250 0.0517 0.0960 0.8956
137.290 0.0540 0.1010 0.8950
137.329 0.0499 0.0972 0.8843
137.368 0.0499 0.0963 0.9104
137.410 0.0487 0.0966 0.8808
137.450 0.0534 0.0966 0.8820
137.490 0.0585 0.1024 0.8846
137.530 0.0608 0.1026 0.8912
137.569 0.0633 0.0978 0.8866
137.609 0.0594 0.0980 0.8956
137.651 0.0596 0.0954 0.8734
137.691 0.0638 0.0970 0.8701
137.731 0.0611 0.1013 0.8673
137.770 0.0593 0.0986 0.8719
137.808 0.0596 0.1020 0.8666
137.852 0.0574 0.0976 0.8611
137.892 0.0564 0.0976 0.8673
137.931 0.0521 0.1001 0.8873
137.971 0.0430 0.1001 0.8603
138.008 0.0385 0.1000 0.8782
138.053 0.0373 0.0992 0.8201
138.092 0.0402 0.0992 0.8201
138.133 0.0373 0.1002 0.8168
138.173 0.0319 0.1038 0.8418
138.213 0.0296 0.1042 0.8168
138.254 0.0274 0.1028 0.8168
138.294 0.0250 0.1007 0.8168
138.334 0.0230 0.0999 0.8423
138.374 0.0212 0.1029 0.8418
138.413 0.0224 0.1056 0.8390
138.453 0.0268 0.1022 0.8742
138.494 0.0301 0.0979 0.8237
138.535 0.0290 0.1023 0.8423
138.575 0.0267 0.1011 0.8593
138.614 0.0283 0.1048 0.8656
138.651 0.0271 0.1029 0.8462
138.696 0.0246 0.1030 0.8576
138.735 0.0242 0.0998 0.8642
138.775 0.0224 0.1023 0.8642
138.815 0.0222 0.1029 0.8642
138.852 0.0219 0.1033 0.8642
138.896 0.0166 0.1029 0.8642
138.936 0.0148 0.1028 0.8642
138.976 0.0128 0.1029 0.8642
139.016 0.0142 0.1033 0.8642
139.055 0.0142 0.1033 0.8422
139.096 0.0185 0.1021 0.8422
139.136 0.0241 0.1024 0.8642
139.176 0.0282 0.1039 0.8552
139.217 0.0261 0.1035 0.8642
139.257 0.0265 0.1029 0.8422
139.297 0.0252 0.1061 0.8532
139.338 0.0246 0.1039 0.8721
139.378 0.0252 0.1039 0.8781
139.418 0.0241 0.1039 0.8691
139.458 0.0248 0.1047 0.8982
139.495 0.0228 0.1051 0.8761
139.539 0.0201 0.1026 0.8688
139.579 0.0168 0.1077 0.8260
139.619 0.0146 0.1081 0.8260
139.658 0.0131 0.1037 0.8729
139.695 0.0142 0.1045 0.8802
139.740 0.0148 0.1024 0.8794
139.779 0.0145 0.1030 0.8530
139.820 0.0137 0.1016 0.8829
139.859 0.0127 0.1010 0.8739
139.898 0.0125 0.1082 0.8510
139.940 0.0104 0.1073 0.8530
139.980 0.0089 0.1087 0.8530
140.020 0.0066 0.1065 0.8240
140.060 0.0063 0.1043 0.8169
140.100 0.0060 0.1018 0.8668
140.139 0.0065 0.1065 0.8240
140.180 0.0068 0.1043 0.8169
140.221 0.0056 0.1040 0.8359
140.261 0.0039 0.1032 0.8260
140.300 0.0034 0.1020 0.8260
140.339 0.0104 0.1043 0.8510
140.383 0.0086 0.1055 0.8879
140.422 0.0105 0.1055 0.8510
140.462 0.0110 0.1017 0.8559
140.502 0.0098 0.1062 0.8510
140.539 0.0090 0.1053 0.8461
140.584 0.0060 0.1058 0.8804
140.623 0.0101 0.1050 0.8878
140.663 0.0141 0.1052 0.8734
140.703 0.0090 0.1007 0.8993
140.743 0.0111 0.0983 0.9080
140.784 0.0073 0.1048 0.9083
140.824 0.0080 0.1062 0.8780
140.864 0.0100 0.1015 0.8723
140.904 0.0088 0.1038 0.8723
140.943 0.0084 0.1004 0.8821
140.983 0.0084 0.1023 0.8689
141.024 0.0058 0.1047 0.9009
141.064 0.0064 0.1047 0.9009
141.104 0.0055 0.1014 0.8911
141.144 0.0071 0.1021 0.8661
141.182 0.0097 0.1025 0.8702
141.226 0.0132 0.1044 0.9099
141.265 0.0127 0.1060 0.8849
141.305 0.0174 0.1049 0.8793
141.345 0.0196 0.1014 0.8661
141.383 0.0227 0.1068 0.8583
141.426 0.0272 0.1044 0.8946
141.467 0.0338 0.1069 0.8393
141.507 0.0418 0.1053 0.8469
141.547 0.0499 0.1060 0.8432
141.585 0.0538 0.1006 0.8747
141.627 0.0577 0.1048 0.8399
141.667 0.0545 0.1048 0.8260
141.707 0.0516 0.1024 0.8427
141.747 0.0521 0.1024 0.8427
141.787 0.0505 0.1047 0.8559
141.826 0.0534 0.1013 0.8080
141.868 0.0504 0.1054 0.8185
141.908 0.0446 0.1033 0.8655
141.948 0.0410 0.1020 0.8655
141.988 0.0396 0.1029 0.8630
142.025 0.0359 0.1020 0.8679
142.069 0.0360 0.1036 0.8679
142.109 0.0336 0.1025 0.8655
142.149 0.0343 0.1023 0.8759
142.188 0.0367 0.0996 0.8383
142.226 0.0397 0.0977 0.8513
142.270 0.0424 0.1025 0.8436
142.309 0.0455 0.1016 0.8987
142.349 0.0465 0.0970 0.8455
142.389 0.0487 0.0986 0.8402
142.428 0.0518 0.0970 0.8402
142.470 0.0505 0.0949 0.8569
142.510 0.0523 0.0987 0.8944
142.550 0.0507 0.1002 0.8813
142.591 0.0485 0.0967 0.8895
142.630 0.0485 0.0960 0.8475
142.670 0.0485 0.0940 0.8633
142.711 0.0533 0.0978 0.8201
142.752 0.0520 0.0982 0.8937
142.792 0.0515 0.0972 0.8789
142.831 0.0524 0.0944 0.8793
142.869 0.0545 0.0964 0.8892
142.913 0.0585 0.0953 0.8543
142.952 0.0594 0.0953 0.8645
142.993 0.0593 0.0984 0.8785
143.032 0.0615 0.0969 0.8785
143.069 0.0627 0.0966 0.8785
143.113 0.0650 0.0966 0.8527
143.153 0.0666 0.0978 0.8904
143.193 0.0612 0.1006 0.8407
143.233 0.0618 0.0984 0.8666
143.272 0.0620 0.0960 0.8854
143.314 0.0564 0.0950 0.8750
143.353 0.0583 0.0956 0.8892
143.394 0.0611 0.1005 0.8567
143.434 0.0575 0.0987 0.8661
143.473 0.0553 0.0980 0.8661
143.513 0.0529 0.0931 0.8751
143.554 0.0540 0.0948 0.8683
143.594 0.0553 0.0977 0.8661
143.634 0.0549 0.0967 0.8767
143.675 0.0558 0.0966 0.8661
143.712 0.0546 0.0997 0.8546
143.756 0.0514 0.0938 0.8661
143.796 0.0556 0.1001 0.8549
143.836 0.0544 0.1027 0.8779
143.876 0.0460 0.0978 0.8645
143.913 0.0418 0.1005 0.8779
143.957 0.0414 0.0963 0.8529
143.997 0.0407 0.0993 0.8533
144.037 0.0421 0.0973 0.8533
144.076 0.0385 0.1014 0.8613
144.115 0.0369 0.1000 0.8553
144.157 0.0364 0.0976 0.8533
144.197 0.0368 0.0955 0.8533
144.237 0.0417 0.0962 0.8867
144.277 0.0443 0.1001 0.8733
144.316 0.0459 0.0980 0.8703
144.356 0.0477 0.0973 0.8569
144.398 0.0522 0.0950 0.8533
144.438 0.0553 0.0923 0.8553
144.478 0.0603 0.0996 0.8859
144.518 0.0570 0.1012 0.8635
144.555 0.0571 0.1014 0.8516
144.599 0.0630 0.0981 0.8481
144.638 0.0649 0.0942 0.8615
144.679 0.0657 0.0976 0.8370
144.718 0.0640 0.1015 0.8609
144.757 0.0571 0.1009 0.8649
144.800 0.0557 0.1011 0.8623
144.840 0.0582 0.0949 0.8473
144.880 0.0604 0.0975 0.8465
144.920 0.0649 0.0976 0.8937
144.960 0.0625 0.0970 0.8629
145.001 0.0641 0.0963 0.8643
145.041 0.0664 0.0963 0.8663
145.081 0.0657 0.0961 0.8663
145.121 0.0647 0.0962 0.8859
145.160 0.0641 0.0973 0.8819
145.200 0.0643 0.0972 0.8769
145.241 0.0721 0.0978 0.8543
145.281 0.0739 0.0978 0.8283
145.322 0.0749 0.0964 0.8987
145.361 0.0754 0.0981 0.8673
145.398 0.0733 0.0955 0.8673
145.443 0.0735 0.0968 0.9043
145.482 0.0750 0.0960 0.8822
145.522 0.0775 0.0960 0.8572
145.562 0.0778 0.0967 0.8662
145.599 0.0778 0.0976 0.8662
145.643 0.0765 0.0949 0.8520
145.683 0.0773 0.0927 0.8659
145.723 0.0778 0.0918 0.8486
145.762 0.0769 0.0928 0.8696
145.802 0.0758 0.0952 0.8583
145.843 0.0758 0.0940 0.8729
145.883 0.0760 0.0921 0.8822
145.924 0.0740 0.0912 0.8822
145.964 0.0738 0.0925 0.9106
146.003 0.0742 0.0928 0.9016
146.043 0.0725 0.0944 0.9196
146.085 0.0715 0.0954 0.8830
146.125 0.0730 0.0939 0.9120
146.165 0.0763 0.0926 0.8756
146.205 0.0750 0.0926 0.8807
146.242 0.0733 0.0935 0.9215
146.286 0.0711 0.0940 0.8807
146.326 0.0705 0.0947 0.9249
146.366 0.0668 0.0936 0.8801
146.405 0.0657 0.0936 0.9035
146.443 0.0661 0.0962 0.8785
146.486 0.0641 0.0956 0.8499
146.526 0.0627 0.0956 0.8499
146.567 0.0583 0.0960 0.8449
146.606 0.0591 0.0962 0.9070
146.645 0.0582 0.0959 0.8659
146.687 0.0553 0.0959 0.8761
146.727 0.0550 0.1000 0.8543
146.767 0.0557 0.0923 0.8995
146.807 0.0566 0.0958 0.8689
146.847 0.0600 0.0948 0.8733
146.886 0.0603 0.1003 0.8573
146.927 0.0628 0.1003 0.8435
146.968 0.0611 0.0994 0.8497
147.008 0.0601 0.0973 0.8497
147.048 0.0638 0.0965 0.8383
147.086 0.0627 0.1005 0.8497
147.130 0.0618 0.0991 0.8657
147.170 0.0588 0.0992 0.8595
147.209 0.0564 0.0994 0.8595
147.249 0.0594 0.0967 0.8657
147.286 0.0650 0.1004 0.8677
147.330 0.0662 0.0992 0.9039
147.370 0.0699 0.1002 0.8657
147.410 0.0699 0.0986 0.8838
147.450 0.0689 0.0983 0.8642
147.489 0.0667 0.1011 0.8805
147.531 0.0626 0.1007 0.8805
147.571 0.0592 0.1013 0.9020
147.611 0.0567 0.1007 0.8803
147.651 0.0588 0.0977 0.8668
147.690 0.0635 0.1032 0.8701
147.730 0.0666 0.1012 0.8951
147.771 0.0631 0.1007 0.8951
147.811 0.0605 0.0998 0.8951
147.851 0.0613 0.0971 0.8951
147.891 0.0653 0.0969 0.9132
147.928 0.0677 0.0981 0.8779
147.973 0.0777 0.1023 0.9204
148.012 0.0880 0.0988 0.9267
148.052 0.0970 0.1026 0.9017
148.092 0.1015 0.1000 0.9376
148.130 0.1074 0.0997 0.9043
148.174 0.1093 0.1020 0.8982
148.213 0.1052 0.1028 0.8793
148.254 0.1043 0.1047 0.8845
148.293 0.1017 0.1000 0.9303
148.332 0.1020 0.1023 0.9213
148.374 0.0961 0.1013 0.9213
148.414 0.0958 0.1023 0.9002
148.454 0.0916 0.1023 0.8993
148.494 0.0906 0.1001 0.8535
148.534 0.0887 0.0941 0.9214
148.573 0.0898 0.0983 0.9096
148.615 0.0929 0.0976 0.9096
148.655 0.0884 0.1045 0.9398
148.695 0.0942 0.0976 0.9268
148.735 0.0967 0.0959 0.8722
148.772 0.0998 0.0959 0.8589
148.816 0.1003 0.0966 0.8772
148.856 0.1033 0.1028 0.9189
148.896 0.1044 0.1012 0.8953
148.935 0.1061 0.0924 0.8703
148.972 0.1050 0.0924 0.8703
149.017 0.1036 0.0964 0.8723
149.056 0.1016 0.0953 0.9049
149.096 0.0981 0.0936 0.9249
149.136 0.1020 0.0947 0.9151
149.175 0.0983 0.0936 0.8963
149.217 0.0964 0.0938 0.9008
149.258 0.0953 0.0936 0.8988
149.298 0.0973 0.0936 0.8988
149.338 0.0994 0.0936 0.8669
149.377 0.1026 0.0936 0.8669
149.417 0.1007 0.0936 0.8699
149.458 0.1004 0.0935 0.8923
149.499 0.0986 0.0938 0.8923
149.539 0.0999 0.0949 0.8999
149.578 0.0971 0.0932 0.9082
149.616 0.0932 0.0932 0.9077
149.660 0.0942 0.0942 0.8756
149.699 0.0929 0.0942 0.8756
149.739 0.0917 0.0947 0.8846
149.779 0.0938 0.0937 0.9043
149.816 0.0955 0.0936 0.8759
149.860 0.0900 0.0936 0.8489
149.900 0.0909 0.0927 0.8662
149.939 0.0932 0.0934 0.8489
149.980 0.0967 0.0938 0.9055
150.019 0.0940 0.0937 0.8699
150.060 0.0930 0.0932 0.8697
150.100 0.0928 0.0918 0.8665
150.141 0.0915 0.0944 0.8725
150.180 0.0883 0.0922 0.8752
150.220 0.0905 0.0922 0.8793
150.260 0.0847 0.0909 0.8873
150.301 0.0783 0.0909 0.8873
150.342 0.0728 0.0929 0.9022
150.382 0.0722 0.0938 0.9041
150.422 0.0718 0.0922 0.9146
150.459 0.0682 0.0922 0.9135
150.503 0.0707 0.0905 0.9128
150.543 0.0798 0.0930 0.9168
150.583 0.0828 0.0930 0.9168
150.622 0.0812 0.0940 0.9168
150.660 0.0795 0.0908 0.9085
150.704 0.0838 0.0909 0.9135
150.744 0.0871 0.0880 0.9135
150.784 0.0859 0.0890 0.8825
150.823 0.0900 0.0928 0.9153
150.862 0.0927 0.0915 0.9045
150.904 0.0858 0.0927 0.8609
150.944 0.0821 0.0889 0.8643
150.984 0.0753 0.0911 0.8779
151.024 0.0636 0.0917 0.8849
151.063 0.0577 0.0908 0.8849
151.103 0.0548 0.0910 0.9119
151.144 0.0547 0.0893 0.9049
151.185 0.0505 0.0907 0.9119
151.225 0.0425 0.0893 0.9069
151.264 0.0390 0.0921 0.9049
151.302 0.0337 0.0903 0.9069
151.346 0.0222 0.0889 0.9345
151.385 0.0198 0.0913 0.9209
151.426 0.0157 0.0904 0.8815
151.466 0.0125 0.0920 0.9033
151.503 0.0106 0.0896 0.9000
151.547 0.0065 0.0906 0.9093
151.587 0.0042 0.0903 0.9060
151.627 0.0060 0.0897 0.8589
151.667 0.0080 0.0897 0.9049
151.706 0.0091 0.0919 0.9455
151.748 0.0067 0.0912 0.8774
151.788 0.0128 0.0886 0.9058
151.828 0.0185 0.0887 0.8869
151.868 0.0251 0.0905 0.8815
151.907 0.0287 0.0909 0.9069
151.947 0.0336 0.0906 0.8823
151.988 0.0353 0.0891 0.8564
152.028 0.0375 0.0918 0.8770
152.069 0.0410 0.0896 0.8770
152.108 0.0453 0.0909 0.8783
152.146 0.0428 0.0933 0.9025
152.190 0.0390 0.0931 0.8640
152.229 0.0329 0.0914 0.8502
152.269 0.0285 0.0888 0.8441
152.309 0.0285 0.0913 0.8866
152.346 0.0206 0.0931 0.8806
152.390 0.0160 0.0924 0.8752
152.430 0.0142 0.0914 0.8660
152.470 0.0142 0.0889 0.8569
152.509 0.0148 0.0882 0.8609
152.550 0.0146 0.0936 0.8543
152.591 0.0128 0.0936 0.8925
152.631 0.0144 0.0928 0.8749
152.671 0.0208 0.0925 0.8835
152.711 0.0268 0.0894 0.8955
152.751 0.0293 0.0936 0.8847
152.790 0.0254 0.0927 0.8556
152.832 0.0295 0.0906 0.8350
152.872 0.0332 0.0897 0.8676
152.912 0.0302 0.0899 0.8676
152.952 0.0305 0.0876 0.8609
152.989 0.0315 0.0914 0.8609
153.033 0.0295 0.0936 0.8789
153.072 0.0265 0.0915 0.8609
153.113 0.0239 0.0913 0.8635
153.153 0.0206 0.0907 0.8625
153.190 0.0185 0.0938 0.8218
153.234 0.0130 0.0943 0.8415
153.273 0.0106 0.0936 0.8346
153.313 0.0078 0.0911 0.8659
153.353 0.0047 0.0923 0.8370
153.392 0.0071 0.0902 0.8729
153.434 0.0052 0.0919 0.8508
153.474 0.0057 0.0918 0.8609
153.514 0.0049 0.0948 0.8120
153.554 0.0037 0.0923 0.8370
153.593 0.0049 0.0882 0.8508
153.633 0.0041 0.0904 0.8609
153.675 0.0067 0.0917 0.8249
153.716 0.0075 0.0902 0.8461
153.756 0.0092 0.0891 0.8435
153.795 0.0111 0.0878 0.8479
153.833 0.0150 0.0899 0.8778
153.877 0.0176 0.0925 0.8753
153.916 0.0178 0.0938 0.8433
153.957 0.0218 0.0889 0.8202
153.996 0.0283 0.0886 0.8489
154.033 0.0307 0.0884 0.8290
154.077 0.0347 0.0902 0.8350
154.117 0.0386 0.0939 0.8545
154.157 0.0351 0.0936 0.8606
154.197 0.0330 0.0903 0.8785
154.237 0.0281 0.0890 0.8509
154.278 0.0289 0.0928 0.8680
154.318 0.0290 0.0900 0.8403
154.357 0.0269 0.0940 0.8509
154.398 0.0255 0.0922 0.8509
154.437 0.0227 0.0894 0.8509
154.477 0.0182 0.0884 0.8689
154.518 0.0162 0.0906 0.8489
154.558 0.0164 0.0908 0.8509
154.598 0.0169 0.0893 0.8509
154.638 0.0155 0.0900 0.8509
154.676 0.0141 0.0913 0.8509
154.720 0.0153 0.0920 0.8489
154.759 0.0137 0.0919 0.8429
154.800 0.0129 0.0903 0.8469
154.840 0.0123 0.0943 0.8449
154.877 0.0133 0.0914 0.8230
154.921 0.0131 0.0899 0.8440
154.961 0.0140 0.0906 0.8429
155.001 0.0125 0.0903 0.8439
155.040 0.0148 0.0900 0.8429
155.079 0.0154 0.0872 0.8449
155.121 0.0168 0.0887 0.8516
155.161 0.0173 0.0911 0.8449
155.201 0.0166 0.0924 0.8449
155.241 0.0162 0.0911 0.8509
155.281 0.0184 0.0891 0.8545
155.320 0.0188 0.0895 0.8606
155.362 0.0163 0.0935 0.8815
155.402 0.0140 0.0916 0.8962
155.442 0.0127 0.0935 0.8869
155.482 0.0122 0.0904 0.8902
155.519 0.0113 0.0903 0.8846
155.563 0.0086 0.0905 0.8835
155.603 0.0088 0.0918 0.8835
155.643 0.0107 0.0895 0.8902
155.682 0.0125 0.0894 0.8922
155.719 0.0128 0.0905 0.8835
155.764 0.0099 0.0893 0.8704
155.803 0.0121 0.0893 0.8902
155.843 0.0095 0.0927 0.8869
155.883 0.0104 0.0869 0.9015
155.923 0.0103 0.0904 0.8922
155.965 0.0097 0.0883 0.8944
156.005 0.0074 0.0862 0.8685
156.045 0.0069 0.0909 0.8855
156.085 0.0065 0.0937 0.8725
156.124 0.0062 0.0874 0.8685
156.164 0.0079 0.0866 0.8629
156.205 0.0073 0.0900 0.8865
156.245 0.0106 0.0897 0.9229
156.286 0.0097 0.0934 0.9409
156.325 0.0109 0.0895 0.9165
156.363 0.0128 0.0878 0.8847
156.407 0.0098 0.0890 0.9097
156.446 0.0105 0.0890 0.9117
156.486 0.0128 0.0884 0.9189
156.526 0.0149 0.0913 0.9240
156.563 0.0186 0.0916 0.8908
156.607 0.0224 0.0865 0.9185
156.647 0.0189 0.0881 0.9063
156.687 0.0196 0.0918 0.9063
156.727 0.0217 0.0930 0.9080
156.766 0.0278 0.0898 0.9099
156.808 0.0303 0.0913 0.8850
156.847 0.0313 0.0903 0.9195
156.887 0.0405 0.0865 0.9105
156.927 0.0491 0.0936 0.9105
156.967 0.0545 0.0898 0.9105
157.008 0.0587 0.0904 0.8835
157.049 0.0621 0.0856 0.8835
157.089 0.0594 0.0882 0.8877
157.129 0.0648 0.0937 0.9013
157.169 0.0692 0.0916 0.8779
157.206 0.0721 0.0947 0.8825
157.250 0.0688 0.0879 0.8575
157.290 0.0652 0.0891 0.8876
157.330 0.0651 0.0907 0.8555
157.369 0.0619 0.0943 0.8798
157.407 0.0572 0.0916 0.9146
157.451 0.0506 0.0917 0.8548
157.491 0.0485 0.0909 0.8509
157.531 0.0491 0.0920 0.8640
157.570 0.0558 0.0955 0.8588
157.610 0.0608 0.0953 0.8811
157.651 0.0635 0.0907 0.8811
157.691 0.0658 0.0898 0.8766
157.731 0.0698 0.0871 0.8444
157.771 0.0740 0.0899 0.8522
157.810 0.0753 0.0939 0.8792
157.850 0.0786 0.0928 0.8473
157.891 0.0817 0.0913 0.8682
157.931 0.0876 0.0921 0.8682
157.971 0.0929 0.0916 0.8582
158.011 0.0987 0.0973 0.8758
158.050 0.1019 0.0928 0.8538
158.093 0.1012 0.0971 0.8489
158.133 0.1039 0.0905 0.8854
158.174 0.1060 0.0942 0.8388
158.213 0.1073 0.0967 0.8118
158.250 0.1078 0.0969 0.8322
158.294 0.1123 0.0957 0.8159
158.334 0.1183 0.0945 0.8592
158.374 0.1194 0.0943 0.8592
158.414 0.1152 0.0911 0.8625
158.453 0.1133 0.0941 0.8752
158.542 0.1073 0.0924 0.8829
158.575 0.1045 0.0942 0.8673
158.614 0.1029 0.0926 0.8789
158.654 0.0969 0.0942 0.8831
158.694 0.0933 0.0973 0.8662
158.734 0.0885 0.0945 0.8637
158.775 0.0866 0.0946 0.8339
158.815 0.0781 0.0886 0.8785
158.855 0.0734 0.0923 0.8609
158.895 0.0735 0.0936 0.8831
158.933 0.0696 0.0915 0.8831
158.976 0.0677 0.0947 0.8676
159.016 0.0593 0.0922 0.8652
159.056 0.0578 0.0953 0.8739
159.096 0.0545 0.0997 0.8664
159.133 0.0501 0.0939 0.8664
159.177 0.0462 0.0951 0.8575
159.217 0.0430 0.0908 0.8629
159.258 0.0374 0.0928 0.8713
159.297 0.0376 0.0936 0.8652
159.337 0.0336 0.0989 0.9096
159.378 0.0248 0.0995 0.8611
159.418 0.0224 0.0941 0.8572
159.458 0.0167 0.0915 0.8611
159.498 0.0118 0.0967 0.8572
159.538 0.0072 0.1001 0.8845
159.578 0.0064 0.0998 0.8822
159.619 0.0088 0.0976 0.8572
159.659 0.0147 0.0938 0.8572
159.699 0.0170 0.0948 0.8611
159.739 0.0209 0.0958 0.8886
159.777 0.0249 0.0967 0.8886
159.820 0.0310 0.0938 0.8822
159.860 0.0330 0.0941 0.8629
159.900 0.0355 0.0914 0.8649
159.939 0.0370 0.0916 0.9046
159.976 0.0375 0.0966 0.9262
160.021 0.0375 0.0934 0.9133
160.060 0.0402 0.0923 0.8984
160.101 0.0431 0.0899 0.8779
160.141 0.0407 0.0889 0.8863
160.180 0.0426 0.0924 0.8883
160.221 0.0434 0.0933 0.8791
160.261 0.0448 0.0891 0.8923
160.301 0.0456 0.0899 0.8910
160.342 0.0503 0.0890 0.8419
160.382 0.0548 0.0907 0.8868
160.421 0.0594 0.0910 0.8982
160.462 0.0644 0.0894 0.9032
160.503 0.0699 0.0873 0.8833
160.543 0.0731 0.0902 0.8993
160.582 0.0758 0.0877 0.9007
160.620 0.0787 0.0892 0.9177
160.664 0.0853 0.0910 0.9177
160.703 0.0911 0.0896 0.9274
160.743 0.0948 0.0895 0.9215
160.783 0.0978 0.0915 0.8833
160.820 0.0958 0.0909 0.8879
160.864 0.0927 0.0905 0.9051
160.904 0.0890 0.0929 0.8828
160.944 0.0913 0.0925 0.8879
160.984 0.0920 0.0917 0.8682
161.024 0.0873 0.0927 0.8759
161.064 0.0779 0.0927 0.8802
161.105 0.0717 0.0914 0.8682
161.144 0.0670 0.0915 0.8672
161.185 0.0579 0.0897 0.8612
161.224 0.0501 0.0904 0.8636
161.264 0.0474 0.0924 0.8684
161.305 0.0443 0.0913 0.8672
161.345 0.0435 0.0913 0.8672
161.385 0.0499 0.0886 0.8895
161.425 0.0483 0.0887 0.8838
161.463 0.0458 0.0920 0.8921
161.508 0.0489 0.0909 0.8989
161.547 0.0561 0.0908 0.8672
161.587 0.0682 0.0905 0.8658
161.627 0.0788 0.0883 0.8639
161.664 0.0828 0.0884 0.8672
161.708 0.0916 0.0905 0.8652
161.748 0.0939 0.0935 0.8652
161.788 0.0957 0.0911 0.8942
161.828 0.0979 0.0877 0.8772
161.867 0.0946 0.0869 0.8478
161.908 0.0919 0.0879 0.8456
161.948 0.0870 0.0897 0.8446
161.988 0.0874 0.0878 0.8278
162.028 0.0837 0.0878 0.8364
162.068 0.0755 0.0816 0.8388
162.108 0.0660 0.0859 0.8278
162.149 0.0621 0.0880 0.8705
162.189 0.0578 0.0879 0.8705
162.229 0.0534 0.0816 0.8635
162.269 0.0493 0.0830 0.8696
162.306 0.0511 0.0841 0.8696
162.350 0.0460 0.0875 0.8939
162.390 0.0434 0.0892 0.8703
162.430 0.0439 0.0853 0.8939
162.469 0.0422 0.0841 0.8703
162.507 0.0425 0.0832 0.8963
162.551 0.0461 0.0832 0.8703
162.591 0.0521 0.0843 0.8703
162.632 0.0584 0.0844 0.8645
162.671 0.0652 0.0865 0.8439
162.711 0.0690 0.0851 0.8696
162.752 0.0795 0.0849 0.8655
162.792 0.0820 0.0872 0.8675
162.832 0.0886 0.0850 0.8729
162.872 0.0925 0.0845 0.8819
162.911 0.0971 0.0844 0.8722
162.951 0.0961 0.0854 0.8955
162.992 0.0983 0.0862 0.8592
163.033 0.0981 0.0904 0.8468
163.073 0.0946 0.0881 0.8722
163.112 0.0913 0.0893 0.8967
163.150 0.0866 0.0869 0.8692
163.194 0.0868 0.0872 0.8692
163.233 0.0847 0.0885 0.8774
163.273 0.0811 0.0875 0.8565
163.313 0.0775 0.0886 0.8554
163.351 0.0752 0.0895 0.8428
163.394 0.0704 0.0902 0.8232
163.434 0.0739 0.0905 0.8256
163.474 0.0728 0.0928 0.8545
163.514 0.0702 0.0904 0.8485
163.554 0.0725 0.0880 0.8755
163.594 0.0706 0.0888 0.8653
163.634 0.0703 0.0912 0.8545
163.675 0.0677 0.0923 0.8609
163.715 0.0639 0.0912 0.8962
163.755 0.0630 0.0921 0.8638
163.795 0.0591 0.0891 0.8653
163.836 0.0549 0.0929 0.8748
163.876 0.0551 0.0921 0.8552
163.917 0.0533 0.0940 0.8552
163.956 0.0498 0.0925 0.8592
163.993 0.0457 0.0920 0.8684
164.038 0.0438 0.0930 0.8668
164.077 0.0440 0.0927 0.8648
164.117 0.0403 0.0927 0.8648
164.157 0.0401 0.0933 0.8592
164.194 0.0389 0.0916 0.8581
164.238 0.0371 0.0940 0.8956
164.278 0.0403 0.0928 0.8903
164.317 0.0430 0.0939 0.8621
164.357 0.0452 0.0932 0.8632
164.397 0.0426 0.0939 0.8592
164.438 0.0404 0.0923 0.8632
164.478 0.0420 0.0950 0.8322
164.518 0.0392 0.0936 0.8769
164.558 0.0368 0.0954 0.8764
164.598 0.0386 0.0944 0.8798
164.637 0.0416 0.0930 0.8764
164.679 0.0428 0.0921 0.8655
164.719 0.0471 0.0926 0.8632
164.759 0.0464 0.0967 0.8798
164.800 0.0466 0.0940 0.8581
164.838 0.0432 0.0935 0.8770
164.881 0.0456 0.0928 0.8888
164.921 0.0480 0.0926 0.8787
164.961 0.0504 0.0942 0.8737
165.000 0.0532 0.0941 0.8572
165.037 0.0553 0.0928 0.8709
165.081 0.0556 0.0901 0.8872
165.121 0.0506 0.0920 0.8637
165.161 0.0459 0.0926 0.8573
165.201 0.0409 0.0929 0.8585
165.241 0.0338 0.0930 0.8613
165.282 0.0296 0.0949 0.8576
165.322 0.0339 0.0914 0.8585
165.362 0.0306 0.0914 0.8585
165.402 0.0256 0.0928 0.8652
165.441 0.0208 0.0957 0.8632
165.481 0.0184 0.0932 0.8835
165.522 0.0160 0.0932 0.8652
165.562 0.0133 0.0885 0.8835
165.603 0.0103 0.0921 0.8835
165.642 0.0094 0.0943 0.8835
165.679 0.0091 0.0921 0.8835
165.723 0.0079 0.0929 0.8823
165.763 0.0099 0.0929 0.8835
165.803 0.0040 0.0912 0.8835
165.843 0.0034 0.0943 0.8835
165.881 0.0035 0.0958 0.8835
165.925 0.0032 0.0933 0.8835
165.965 0.0035 0.0927 0.8835
166.005 0.0026 0.0913 0.8835
166.044 0.0022 0.0920 0.8799
166.085 0.0039 0.0937 0.8835
166.125 0.0031 0.0948 0.8835
166.165 0.0032 0.0901 0.8835
166.205 0.0036 0.0937 0.8835
166.245 0.0045 0.0927 0.8835
166.285 0.0095 0.0937 0.8733
166.325 0.0166 0.0945 0.8804
166.365 0.0243 0.0946 0.8733
166.406 0.0270 0.0935 0.8842
166.446 0.0325 0.0936 0.8614
166.486 0.0396 0.0931 0.8574
166.523 0.0458 0.0948 0.8692
166.567 0.0537 0.0948 0.8326
166.607 0.0632 0.0939 0.8445
166.647 0.0678 0.0941 0.8669
166.686 0.0729 0.0938 0.8705
166.723 0.0772 0.0950 0.8652
166.768 0.0867 0.0944 0.8433
166.807 0.0895 0.0950 0.9145
166.848 0.0914 0.0909 0.8935
166.887 0.0972 0.0893 0.8778
166.927 0.0982 0.0919 0.8978
166.968 0.0961 0.0944 0.9106
167.008 0.0953 0.0930 0.9007
167.049 0.0948 0.0923 0.8718
167.089 0.0913 0.0900 0.8759
167.128 0.0889 0.0904 0.8447
167.168 0.0860 0.0942 0.8232
167.209 0.0845 0.0933 0.8730
167.250 0.0788 0.0940 0.8472
167.290 0.0717 0.0889 0.8810
167.329 0.0716 0.0933 0.8461
167.367 0.0701 0.0893 0.8906
167.411 0.0669 0.0928 0.8949
167.450 0.0639 0.0941 0.8879
167.490 0.0604 0.0954 0.8617
167.530 0.0591 0.0929 0.8735
167.567 0.0604 0.0929 0.8771
167.611 0.0617 0.0947 0.8714
167.651 0.0635 0.0988 0.8526
167.691 0.0623 0.0944 0.8526
167.731 0.0596 0.0950 0.8603
167.771 0.0571 0.0946 0.8776
167.811 0.0542 0.0941 0.9243
167.851 0.0496 0.0972 0.9310
167.892 0.0435 0.0972 0.9310
167.931 0.0411 0.0954 0.9076
167.971 0.0411 0.0905 0.9437
168.011 0.0413 0.0937 0.9183
168.052 0.0399 0.0983 0.9013
168.092 0.0340 0.0966 0.9037
168.133 0.0342 0.0940 0.9124
168.173 0.0332 0.0932 0.9124
168.210 0.0283 0.0927 0.9009
168.254 0.0322 0.0949 0.9088
168.294 0.0349 0.0956 0.9260
168.334 0.0315 0.0957 0.9210
168.374 0.0340 0.0949 0.9260
168.411 0.0397 0.0951 0.9260
168.455 0.0463 0.0939 0.9217
168.494 0.0490 0.0972 0.9227
168.535 0.0497 0.0972 0.9254
168.574 0.0547 0.0944 0.9204
168.614 0.0529 0.0925 0.9167
168.655 0.0510 0.0917 0.9052
168.695 0.0544 0.0944 0.8839
168.735 0.0508 0.0953 0.8825
168.775 0.0474 0.0955 0.8569
168.815 0.0470 0.0908 0.8655
168.854 0.0465 0.0907 0.8655
168.896 0.0430 0.0938 0.8655
168.936 0.0376 0.0959 0.8745
168.976 0.0311 0.0957 0.8745
169.016 0.0267 0.0954 0.8745
169.053 0.0245 0.0957 0.8745
169.097 0.0212 0.0935 0.8745
169.136 0.0182 0.0957 0.8745
169.177 0.0163 0.0964 0.8625
169.217 0.0155 0.0895 0.8845
169.254 0.0193 0.0924 0.8865
169.298 0.0185 0.0938 0.8756
169.338 0.0208 0.0931 0.8865
169.378 0.0211 0.0942 0.8643
169.418 0.0199 0.0937 0.8595
169.458 0.0214 0.0924 0.8643
169.498 0.0255 0.0924 0.8815
169.539 0.0264 0.0907 0.8815
169.579 0.0249 0.0942 0.8815
169.619 0.0263 0.0948 0.8815
169.658 0.0265 0.0942 0.8815
169.698 0.0263 0.0915 0.8512
169.739 0.0248 0.0890 0.8636
169.779 0.0244 0.0907 0.9159
169.819 0.0216 0.0955 0.8909
169.859 0.0225 0.0945 0.8749
169.897 0.0239 0.0920 0.8990
169.940 0.0256 0.0906 0.8895
169.980 0.0251 0.0882 0.8855
170.020 0.0239 0.0922 0.8930
170.060 0.0287 0.0922 0.8930
170.097 0.0326 0.0917 0.8835
170.141 0.0387 0.0929 0.8795
170.181 0.0459 0.0888 0.8795
170.221 0.0479 0.0910 0.9034
170.260 0.0505 0.0919 0.8949
170.301 0.0573 0.0881 0.8895
170.342 0.0608 0.0923 0.8857
170.382 0.0637 0.0863 0.8773
170.423 0.0689 0.0917 0.8860
170.462 0.0690 0.0915 0.8966
170.502 0.0745 0.0943 0.8928
170.542 0.0778 0.0900 0.9470
170.583 0.0816 0.0902 0.8596
170.623 0.0838 0.0879 0.8943
170.663 0.0829 0.0922 0.8789
170.702 0.0830 0.0938 0.8736
170.740 0.0831 0.0917 0.8585
170.784 0.0863 0.0917 0.8525
170.824 0.0837 0.0892 0.8738
170.864 0.0848 0.0900 0.9042
170.903 0.0793 0.0931 0.8926
170.941 0.0791 0.0957 0.9007
170.985 0.0780 0.0928 0.8953
171.024 NaN 0.0921 0.9109
171.065 NaN 0.0884 0.8752
171.104 NaN 0.0967 0.8658
171.143 NaN 0.0954 0.8733
171.185 NaN 0.0899 0.9123
171.225 NaN 0.0889 0.8810
171.265 NaN 0.0920 0.8645
171.305 NaN 0.0919 0.9170
