57.410 NaN 0.0902 0.8928
57.450 NaN 0.0889 0.9115
57.490 NaN 0.0843 0.8621
57.527 NaN 0.0861 0.9209
57.572 NaN 0.0873 0.9536
57.611 NaN 0.0888 0.9269
57.651 NaN 0.0913 0.9466
57.690 0.1656 0.0875 0.9527
57.727 0.1681 0.0854 0.9472
57.772 0.1674 0.0849 0.9355
57.811 0.1648 0.0904 0.9289
57.851 0.1623 0.0914 0.9354
57.891 0.1622 0.0887 0.8946
57.931 0.1598 0.0894 0.9195
57.972 0.1569 0.0893 0.9113
58.012 0.1588 0.0876 0.9421
58.052 0.1604 0.0898 0.9346
58.092 0.1608 0.0878 0.9413
58.132 0.1650 0.0904 0.9309
58.172 0.1632 0.0866 0.9333
58.213 0.1630 0.0866 0.9121
58.254 0.1644 0.0906 0.9542
58.294 0.1672 0.0897 0.9216
58.333 0.1716 0.0902 0.9505
58.371 0.1742 0.0897 0.9557
58.415 0.1772 0.0907 0.9524
58.454 0.1816 0.0887 0.9509
58.495 0.1833 0.0921 0.9509
58.534 0.1787 0.0918 0.9255
58.571 0.1755 0.0873 0.9097
58.615 0.1696 0.0861 0.9122
58.655 0.1641 0.0869 0.9714
58.695 0.1605 0.0869 0.9445
58.735 0.1568 0.0868 0.9458
58.775 0.1532 0.0868 0.9405
58.816 0.1476 0.0859 0.9888
58.855 0.1448 0.0868 0.9325
58.896 0.1417 0.0864 0.9410
58.936 0.1454 0.0872 0.9620
58.975 0.1517 0.0872 0.9472
59.015 0.1558 0.0859 0.9335
59.056 0.1620 0.0848 0.9359
59.096 0.1678 0.0862 0.9359
59.136 0.1757 0.0884 0.9389
59.176 0.1807 0.0902 0.9113
59.214 0.1809 0.0890 0.9108
59.258 0.1832 0.0899 0.9216
59.298 0.1840 0.0879 0.9337
59.338 0.1868 0.0890 0.9105
59.378 0.1930 0.0903 0.9282
59.415 0.1915 0.0889 0.9199
59.459 0.1847 0.0886 0.9239
59.499 0.1821 0.0884 0.9189
59.539 0.1774 0.0898 0.9119
59.579 0.1734 0.0908 0.9561
59.618 0.1697 0.0888 0.9255
59.659 0.1659 0.0887 0.9265
59.699 0.1672 0.0881 0.9298
59.739 0.1682 0.0886 0.9359
59.779 0.1686 0.0887 0.9119
59.819 0.1679 0.0889 0.9838
59.858 0.1607 0.0880 0.9352
59.900 0.1588 0.0873 0.9093
59.940 0.1584 0.0865 0.9347
59.980 0.1601 0.0874 0.9512
60.020 0.1637 0.0898 0.9043
60.057 0.1633 0.0890 0.9577
60.101 0.1663 0.0897 0.9373
60.141 0.1688 0.0873 0.9446
60.181 0.1745 0.0867 0.9430
60.220 0.1738 0.0888 0.9294
60.258 0.1729 0.0888 0.9166
60.301 0.1726 0.0882 0.9166
60.342 0.1771 0.0871 0.9377
60.382 0.1796 0.0851 0.9496
60.422 0.1854 0.0875 0.9391
60.461 0.1843 0.0877 0.9282
60.503 0.1798 0.0881 0.9194
60.543 0.1799 0.0886 0.9173
60.583 0.1741 0.0872 0.8912
60.623 0.1725 0.0863 0.8933
60.662 0.1653 0.0910 0.9169
60.702 0.1624 0.0891 0.9169
60.743 0.1655 0.0874 0.9015
60.784 0.1650 0.0860 0.8930
60.824 0.1630 0.0877 0.9086
60.863 0.1615 0.0889 0.9078
60.901 0.1516 0.0894 0.9119
60.945 0.1472 0.0882 0.8884
60.984 0.1463 0.0854 0.9011
61.024 0.1490 0.0862 0.9233
61.064 0.1530 0.0859 0.9034
61.102 0.1535 0.0888 0.9000
61.145 0.1540 0.0873 0.8999
61.185 0.1552 0.0942 0.9151
61.225 0.1515 0.0942 0.8999
61.265 0.1523 0.0851 0.9118
61.305 0.1534 0.0914 0.9209
61.346 0.1540 0.0893 0.9595
61.385 0.1536 0.0872 0.9305
61.425 0.1488 0.0873 0.9357
61.467 0.1489 0.0857 0.9306
61.506 0.1471 0.0890 0.8951
61.546 0.1427 0.0901 0.9205
61.587 0.1358 0.0876 0.9126
61.627 0.1321 0.0867 0.9286
61.667 0.1292 0.0845 0.9087
61.707 0.1294 0.0850 0.9126
61.745 0.1290 0.0944 0.9241
61.789 0.1308 0.0944 0.9394
61.828 0.1297 0.0935 0.9339
61.868 0.1326 0.0869 0.9568
61.908 0.1393 0.0859 0.9434
61.945 0.1438 0.0882 0.9459
61.989 0.1451 0.0864 0.9309
62.028 0.1438 0.0853 0.9750
62.069 0.1444 0.0873 0.9682
62.108 0.1455 0.0839 0.9290
62.148 0.1441 0.0867 0.9226
62.189 0.1408 0.0859 0.9544
62.229 0.1399 0.0889 0.9105
62.269 0.1371 0.0881 0.9105
62.309 0.1350 0.0889 0.9410
62.348 0.1344 0.0859 0.9434
62.388 0.1329 0.0890 0.9366
62.429 0.1296 0.0907 0.9366
62.470 0.1253 0.0867 0.9617
62.510 0.1283 0.0855 0.9269
62.550 0.1322 0.0852 0.9438
62.588 0.1352 0.0872 0.9405
62.632 0.1356 0.0870 0.9289
62.672 0.1388 0.0869 0.9213
62.711 0.1399 0.0848 0.9326
62.751 0.1409 0.0834 0.9133
62.788 0.1422 0.0846 0.9286
62.833 0.1447 0.0886 0.9495
62.872 0.1462 0.0867 0.9238
62.912 0.1464 0.0838 0.9258
62.952 0.1487 0.0845 0.9604
62.992 0.1490 0.0859 0.9202
63.033 0.1534 0.0899 0.9585
63.072 0.1567 0.0884 0.9629
63.113 0.1616 0.0912 0.9113
63.153 0.1626 0.0914 0.9244
63.192 0.1631 0.0900 0.9273
63.232 0.1610 0.0919 0.9543
63.273 0.1599 0.0927 0.9176
63.313 0.1577 0.0908 0.9254
63.353 0.1543 0.0929 0.9610
63.393 0.1520 0.0868 0.9430
63.430 0.1501 0.0864 0.9543
63.475 0.1475 0.0912 0.9144
63.514 0.1415 0.0928 0.9094
63.554 0.1344 0.0896 0.9651
63.594 0.1306 0.0869 0.9298
63.632 0.1302 0.0863 0.9270
63.675 0.1340 0.0881 0.9156
63.716 0.1379 0.0903 0.9366
63.756 0.1406 0.0925 0.9026
63.796 0.1399 0.0925 0.8976
63.835 0.1385 0.0892 0.9003
63.876 0.1401 0.0906 0.9252
63.916 0.1437 0.0909 0.9202
63.956 0.1438 0.0927 0.9152
63.996 0.1418 0.0912 0.9143
64.036 0.1441 0.0897 0.9070
64.076 0.1449 0.0905 0.8968
64.117 0.1503 0.0899 0.9354
64.157 0.1508 0.0911 0.9400
64.197 0.1453 0.0886 0.9106
64.237 0.1387 0.0882 0.9106
64.274 0.1343 0.0883 0.9148
64.318 0.1349 0.0875 0.9538
64.358 0.1349 0.0874 0.9186
64.398 0.1289 0.0895 0.8945
64.438 0.1226 0.0905 0.9043
64.474 0.1221 0.0856 0.8993
64.519 0.1190 0.0868 0.8993
64.559 0.1216 0.0877 0.9069
64.598 0.1196 0.0907 0.9639
64.638 0.1111 0.0897 0.9282
64.678 0.1090 0.0872 0.9123
64.719 0.1093 0.0848 0.8900
64.759 0.1164 0.0864 0.8865
64.800 0.1225 0.0862 0.9055
64.840 0.1218 0.0846 0.9182
64.879 0.1201 0.0836 0.8968
64.919 0.1215 0.0827 0.9139
64.960 0.1207 0.0805 0.9035
65.001 0.1227 0.0837 0.9088
65.041 0.1148 0.0825 0.9099
65.080 0.1066 0.0877 0.9031
65.117 0.1031 0.0834 0.8968
65.162 0.0968 0.0874 0.9055
65.201 0.0983 0.0874 0.9081
65.241 0.0923 0.0862 0.9457
65.281 0.0826 0.0845 0.9371
65.318 0.0762 0.0864 0.9374
65.362 0.0724 0.0867 0.9356
65.402 0.0720 0.0836 0.9093
65.442 0.0751 0.0893 0.9399
65.482 0.0681 0.0889 0.8976
65.522 0.0661 0.0880 0.8976
65.563 0.0659 0.0867 0.8999
65.602 0.0661 0.0892 0.8972
65.643 0.0721 0.0876 0.9210
65.683 0.0726 0.0895 0.8847
65.722 0.0688 0.0886 0.8856
65.762 0.0658 0.0883 0.8984
65.803 0.0658 0.0893 0.8958
65.843 0.0674 0.0899 0.8899
65.883 0.0689 0.0899 0.8870
65.924 0.0643 0.0928 0.8890
65.962 0.0611 0.0900 0.8660
66.006 0.0617 0.0882 0.8876
66.045 0.0623 0.0851 0.8919
66.085 0.0644 0.0875 0.8867
66.124 0.0623 0.0865 0.8913
66.162 0.0553 0.0869 0.8640
66.206 0.0536 0.0868 0.8406
66.245 0.0544 0.0846 0.8426
66.286 0.0534 0.0846 0.8426
66.325 0.0523 0.0891 0.8390
66.365 0.0496 0.0855 0.8469
66.406 0.0437 0.0868 0.8469
66.446 0.0465 0.0895 0.8469
66.486 0.0495 0.0909 0.8137
66.526 0.0541 0.0901 0.8382
66.566 0.0559 0.0878 0.8632
66.605 0.0573 0.0877 0.8572
66.646 0.0616 0.0898 0.8414
66.687 0.0672 0.0889 0.8414
66.727 0.0745 0.0901 0.8414
66.767 0.0818 0.0916 0.8712
66.804 0.0835 0.0906 0.8556
66.848 0.0851 0.0906 0.8606
66.888 0.0952 0.0895 0.8606
66.928 0.1037 0.0854 0.8790
66.968 0.1072 0.0891 0.8503
67.005 0.1045 0.0844 0.8869
67.050 0.0989 0.0845 0.8869
67.089 0.0962 0.0828 0.8530
67.129 0.0971 0.0791 0.8802
67.169 0.1015 0.0813 0.8940
67.208 0.1021 0.0892 0.8907
67.250 0.0974 0.0825 0.8969
67.290 0.0998 0.0860 0.8819
67.330 0.1065 0.0827 0.8919
67.370 0.1099 0.0861 0.8819
67.409 0.1110 0.0857 0.8699
67.449 0.1126 0.0855 0.8749
67.490 0.1186 0.0839 0.8809
67.531 0.1261 0.0840 0.8536
67.571 0.1366 0.0824 0.8596
67.610 0.1452 0.0840 0.8476
67.648 0.1457 0.0845 0.8716
67.692 0.1462 0.0820 0.8716
67.731 0.1495 0.0833 0.8724
67.771 0.1537 0.0839 0.8568
67.811 0.1515 0.0840 0.8900
67.848 0.1481 0.0857 0.8709
67.892 0.1417 0.0827 0.9325
67.932 0.1413 0.0820 0.9267
67.972 0.1412 0.0823 0.8703
68.012 0.1446 0.0823 0.8999
68.052 0.1452 0.0811 0.8966
68.093 0.1406 0.0829 0.9093
68.133 0.1456 0.0817 0.9187
68.174 0.1449 0.0817 0.9082
68.214 0.1477 0.0800 0.9204
68.253 0.1509 0.0800 0.9051
68.293 0.1534 0.0834 0.9301
68.334 0.1629 0.0803 0.9277
68.374 0.1702 0.0787 0.9116
68.414 0.1739 0.0787 0.9111
68.454 0.1769 0.0818 0.8749
68.491 0.1790 0.0854 0.9043
68.535 0.1787 0.0833 0.8809
68.575 0.1817 0.0838 0.9375
68.615 0.1794 0.0810 0.9229
68.655 0.1822 0.0802 0.9045
68.692 0.1861 0.0833 0.9281
68.736 0.1856 0.0856 0.9433
68.776 0.1864 0.0828 0.9115
68.816 0.1855 0.0769 0.9351
68.855 0.1835 0.0755 0.9172
68.895 0.1801 0.0778 0.9435
68.936 0.1875 0.0794 0.9381
68.976 0.1838 0.0811 0.9553
69.016 0.1826 0.0797 0.9181
69.056 0.1824 0.0819 0.9418
69.095 0.1844 0.0801 0.9371
69.147 0.1883 0.0810 0.9418
69.176 0.1905 0.0805 0.9742
69.217 0.1905 0.0818 0.9442
69.258 0.1998 0.0810 0.9172
69.297 0.2017 0.0805 0.9369
69.335 0.2026 0.0791 0.9498
69.379 0.2099 0.0786 0.9428
69.419 0.2067 0.0839 0.9305
69.458 0.2109 0.0787 0.9285
69.498 0.2149 0.0754 0.9091
69.535 0.2156 0.0759 0.9169
69.579 0.2153 0.0793 0.9577
69.619 0.2103 0.0808 0.9284
69.659 0.2049 0.0810 0.9042
69.698 0.2027 0.0800 0.9045
69.739 0.1966 0.0824 0.9074
69.780 0.1913 0.0773 0.9214
69.819 0.1867 0.0786 0.9151
69.860 0.1788 0.0806 0.9084
69.900 0.1734 0.0791 0.9274
69.939 0.1706 0.0769 0.9606
69.979 0.1643 0.0759 0.9568
70.020 0.1624 0.0769 0.9328
70.060 0.1615 0.0770 0.9385
70.100 0.1589 0.0798 0.9607
70.140 0.1561 0.0801 0.9442
70.177 0.1527 0.0771 0.9431
70.222 0.1495 0.0805 0.9372
70.262 0.1459 0.0809 0.9433
70.301 0.1435 0.0791 0.9376
70.342 0.1433 0.0821 0.9021
70.379 0.1466 0.0787 0.9140
70.423 0.1451 0.0748 0.9323
70.463 0.1472 0.0804 0.9079
70.503 0.1429 0.0801 0.9439
70.543 0.1324 0.0772 0.9055
70.583 0.1312 0.0736 0.8887
70.623 0.1321 0.0740 0.9379
70.663 0.1365 0.0742 0.9241
70.703 0.1370 0.0793 0.9351
70.743 0.1387 0.0774 0.8815
70.783 0.1437 0.0761 0.9401
70.822 0.1431 0.0774 0.9586
70.864 0.1410 0.0763 0.9586
70.904 0.1468 0.0774 0.9607
70.944 0.1463 0.0748 0.9225
70.984 0.1516 0.0763 0.9416
71.021 0.1586 0.0763 0.9031
71.065 0.1637 0.0779 0.9051
71.105 0.1673 0.0779 0.9089
71.145 0.1699 0.0796 0.9209
71.185 0.1719 0.0792 0.9209
71.221 0.1692 0.0796 0.8995
71.266 0.1672 0.0772 0.8759
71.305 0.1651 0.0782 0.8669
71.345 0.1703 0.0787 0.8659
71.385 0.1651 0.0852 0.9250
71.425 0.1641 0.0769 0.8973
71.467 0.1607 0.0773 0.9039
71.507 0.1656 0.0783 0.9071
71.547 0.1705 0.0791 0.8170
71.587 0.1758 0.0837 0.9088
71.626 0.1753 0.0827 0.8816
71.666 0.1729 0.0819 0.8828
71.707 0.1804 0.0773 0.8988
71.748 0.1843 0.0767 0.9050
71.788 0.1904 0.0803 0.9047
71.827 0.1919 0.0816 0.9334
71.865 0.1962 0.0790 0.8911
71.909 0.2011 0.0814 0.9269
71.948 0.2043 0.0796 0.9095
71.988 0.2036 0.0824 0.9033
72.028 0.2020 0.0853 0.9047
72.065 0.1953 0.0820 0.9429
72.110 0.1913 0.0811 0.9167
72.149 0.1904 0.0816 0.9212
72.189 0.1894 0.0849 0.8876
72.229 0.1850 0.0854 0.9326
72.269 0.1781 0.0858 0.8797
72.310 0.1806 0.0840 0.9131
72.349 0.1774 0.0800 0.9131
72.390 0.1745 0.0819 0.9351
72.430 0.1692 0.0845 0.9273
72.469 0.1639 0.0844 0.9146
72.509 0.1586 0.0854 0.8716
72.550 0.1617 0.0811 0.8843
72.592 0.1642 0.0815 0.9072
72.631 0.1693 0.0811 0.8695
72.671 0.1717 0.0823 0.8772
72.708 0.1703 0.0830 0.9023
72.753 0.1755 0.0809 0.8583
72.792 0.1717 0.0816 0.9078
72.832 0.1718 0.0800 0.9141
72.872 0.1718 0.0832 0.9093
72.909 0.1681 0.0824 0.8960
72.953 0.1701 0.0830 0.9381
72.993 0.1728 0.0845 0.8641
73.033 0.1717 0.0833 0.8906
73.072 0.1688 0.0855 0.9241
73.112 0.1648 0.0843 0.8912
73.153 0.1587 0.0841 0.8802
73.193 0.1616 0.0832 0.8810
73.233 0.1635 0.0832 0.8894
73.273 0.1656 0.0838 0.9120
73.313 0.1661 0.0861 0.9120
73.352 0.1613 0.0862 0.8957
73.394 0.1635 0.0842 0.8699
73.434 0.1625 0.0845 0.8953
73.474 0.1643 0.0833 0.9194
73.513 0.1628 0.0853 0.9185
73.551 0.1615 0.0887 0.9391
73.595 0.1596 0.0890 0.9265
73.635 0.1611 0.0854 0.9020
73.675 0.1537 0.0850 0.9045
73.715 0.1525 0.0849 0.8898
73.752 0.1499 0.0885 0.8786
73.797 0.1458 0.0853 0.9045
73.836 0.1495 0.0844 0.9020
73.876 0.1492 0.0845 0.8376
73.916 0.1575 0.0850 0.8903
73.956 0.1584 0.0876 0.8900
73.997 0.1584 0.0892 0.8955
74.037 0.1602 0.0875 0.8655
74.077 0.1647 0.0891 0.9105
74.117 0.1677 0.0881 0.8945
74.156 0.1721 0.0914 0.8642
74.196 0.1724 0.0942 0.9105
74.237 0.1748 0.0893 0.9132
74.278 0.1784 0.0881 0.9045
74.317 0.1790 0.0854 0.9169
74.357 0.1795 0.0894 0.9012
74.395 0.1762 0.0890 0.9172
74.439 0.1716 0.0875 0.9019
74.478 0.1737 0.0868 0.9129
74.518 0.1771 0.0864 0.9315
74.558 0.1826 0.0854 0.8995
74.595 0.1847 0.0878 0.8888
74.639 0.1895 0.0855 0.9233
74.679 0.1932 0.0869 0.8599
74.719 0.1960 0.0869 0.8910
74.758 0.1980 0.0848 0.9047
74.799 0.2009 0.0836 0.9122
74.841 0.2023 0.0850 0.9169
74.880 0.2054 0.0871 0.9316
74.926 0.2102 0.0855 0.9005
74.960 0.2089 0.0865 0.9139
75.000 0.2111 0.0834 0.9415
75.040 0.2096 0.0837 0.8980
75.081 0.2052 0.0883 0.8943
75.121 0.2057 0.0830 0.9485
75.161 0.2037 0.0839 0.9230
75.201 0.2050 0.0808 0.9376
75.238 0.2067 0.0843 0.9565
75.282 0.2062 0.0841 0.8919
75.322 0.2037 0.0846 0.8877
75.362 0.2010 0.0843 0.9186
75.402 0.1997 0.0830 0.9277
75.439 0.1979 0.0821 0.8994
75.483 0.1969 0.0833 0.9323
75.522 0.1916 0.0912 0.8625
75.563 0.1928 0.0877 0.8796
75.603 0.1891 0.0864 0.9056
75.642 0.1883 0.0873 0.8994
75.683 0.1850 0.0847 0.8907
75.723 0.1817 0.0915 0.8923
75.763 0.1750 0.0899 0.9024
75.803 0.1727 0.0862 0.9285
75.842 0.1746 0.0882 0.8881
75.883 0.1767 0.0890 0.8806
75.924 0.1821 0.0940 0.8880
75.965 0.1813 0.0931 0.8690
76.005 0.1799 0.0914 0.9026
76.044 0.1817 0.0925 0.8913
76.082 0.1763 0.0884 0.9107
76.126 0.1715 0.0886 0.9569
76.166 0.1679 0.0901 0.9223
76.205 0.1675 0.0885 0.9301
76.245 0.1661 0.0890 0.9436
76.282 0.1667 0.0873 0.9031
76.327 0.1654 0.0873 0.8912
76.366 0.1631 0.0917 0.9169
76.406 0.1612 0.0884 0.9507
76.446 0.1610 0.0881 0.9356
76.486 0.1684 0.0881 0.9142
76.527 0.1657 0.0857 0.9133
76.567 0.1682 0.0865 0.9280
76.607 0.1758 0.0881 0.9097
76.647 0.1802 0.0886 0.8887
76.686 0.1818 0.0871 0.9046
76.726 0.1829 0.0882 0.9035
76.767 0.1849 0.0867 0.9185
76.808 0.1867 0.0888 0.9133
76.847 0.1831 0.0875 0.9056
76.887 0.1791 0.0886 0.8839
76.925 0.1742 0.0848 0.9129
76.969 0.1646 0.0839 0.9679
77.008 0.1654 0.0867 0.9302
77.049 0.1664 0.0892 0.8759
77.089 0.1604 0.0910 0.8790
77.126 0.1582 0.0903 0.9302
77.170 0.1551 0.0878 0.9348
77.210 0.1533 0.0869 0.9398
77.250 0.1536 0.0906 0.9132
77.290 0.1520 0.0884 0.9240
77.330 0.1570 0.0888 0.9475
77.370 0.1644 0.0877 0.9189
77.410 0.1688 0.0873 0.9409
77.450 0.1775 0.0903 0.8903
77.490 0.1801 0.0916 0.9149
77.530 0.1821 0.0893 0.9149
77.570 0.1840 0.0876 0.9309
77.611 0.1871 0.0884 0.9153
77.651 0.1893 0.0886 0.9523
77.691 0.1933 0.0875 0.9499
77.731 0.1948 0.0840 0.9377
77.768 0.1955 0.0850 0.9381
77.812 0.1989 0.0846 0.9111
77.852 0.1951 0.0849 0.9080
77.892 0.1914 0.0884 0.9126
77.931 0.1882 0.0896 0.9026
77.969 0.1818 0.0873 0.9241
78.013 0.1779 0.0888 0.9055
78.052 0.1805 0.0903 0.9122
78.092 0.1819 0.0901 0.9097
78.133 0.1810 0.0891 0.9056
78.173 0.1786 0.0896 0.8890
78.214 0.1778 0.0855 0.8907
78.254 0.1811 0.0848 0.9122
78.294 0.1811 0.0846 0.9173
78.334 0.1788 0.0888 0.9189
78.373 0.1783 0.0886 0.9097
78.413 0.1773 0.0843 0.9119
78.454 0.1860 0.0852 0.9058
78.495 0.1909 0.0831 0.9357
78.535 0.1888 0.0864 0.9178
78.574 0.1830 0.0854 0.9040
78.612 0.1791 0.0860 0.8985
78.656 0.1790 0.0860 0.9006
78.695 0.1769 0.0865 0.9025
78.735 0.1734 0.0879 0.9111
78.775 0.1704 0.0903 0.8938
78.812 0.1709 0.0875 0.9285
78.857 0.1745 0.0879 0.9309
78.896 0.1776 0.0835 0.9291
78.936 0.1726 0.0812 0.9242
78.976 0.1686 0.0852 0.9256
79.016 0.1659 0.0896 0.9126
79.057 0.1688 0.0870 0.9146
79.096 0.1690 0.0857 0.9363
79.137 0.1693 0.0873 0.9083
79.177 0.1688 0.0866 0.9063
79.217 0.1704 0.0884 0.9063
79.257 0.1674 0.0867 0.9389
79.298 0.1682 0.0857 0.9323
79.339 0.1647 0.0841 0.9052
79.378 0.1623 0.0833 0.9112
79.418 0.1612 0.0839 0.9052
79.455 0.1588 0.0845 0.9383
79.500 0.1569 0.0841 0.8977
79.539 0.1544 0.0841 0.9063
79.579 0.1555 0.0838 0.9063
79.618 0.1565 0.0821 0.9328
79.656 0.1588 0.0859 0.9389
79.700 0.1548 0.0859 0.9378
79.740 0.1588 0.0860 0.9056
79.779 0.1582 0.0848 0.9425
79.819 0.1594 0.0833 0.9013
79.863 0.1619 0.0866 0.8839
79.900 0.1638 0.0855 0.9350
79.940 0.1677 0.0844 0.9292
79.980 0.1717 0.0845 0.9348
80.020 0.1748 0.0833 0.9073
80.059 0.1778 0.0821 0.9479
80.099 0.1832 0.0852 0.9508
80.140 0.1827 0.0855 0.9483
80.181 0.1826 0.0875 0.9182
80.221 0.1784 0.0850 0.8879
80.260 0.1768 0.0844 0.9113
80.299 0.1776 0.0849 0.9506
80.342 0.1770 0.0874 0.8819
80.382 0.1767 0.0854 0.9115
80.423 0.1770 0.0833 0.9109
80.462 0.1746 0.0829 0.9025
80.499 0.1732 0.0847 0.8779
80.543 0.1723 0.0861 0.9318
80.583 0.1680 0.0836 0.9124
80.623 0.1648 0.0848 0.9078
80.663 0.1647 0.0818 0.9138
80.703 0.1718 0.0834 0.9037
80.744 0.1758 0.0844 0.9033
80.783 0.1789 0.0838 0.9192
80.824 0.1817 0.0844 0.9105
80.864 0.1870 0.0833 0.9079
80.903 0.1908 0.0834 0.9079
80.943 0.1948 0.0827 0.9486
80.984 0.2036 0.0852 0.9203
81.025 0.2086 0.0800 0.9423
81.064 0.2100 0.0824 0.9457
81.104 0.2159 0.0805 0.9454
81.141 0.2206 0.0827 0.9299
81.186 0.2190 0.0865 0.9142
81.225 0.2192 0.0847 0.9244
81.265 0.2186 0.0825 0.9344
81.305 0.2155 0.0827 0.9221
81.342 0.2111 0.0816 0.9384
81.386 0.2147 0.0835 0.9432
81.426 0.2174 0.0839 0.9087
81.467 0.2150 0.0839 0.9397
81.507 0.2114 0.0808 0.9213
81.547 0.2091 0.0825 0.9096
81.602 0.2016 0.0831 0.9251
81.627 0.1979 0.0854 0.9523
81.667 0.1936 0.0882 0.9049
81.707 0.1928 0.0853 0.9345
81.747 0.1899 0.0848 0.9141
81.786 0.1903 0.0831 0.9461
81.828 0.1932 0.0843 0.9102
81.868 0.1892 0.0825 0.9323
81.908 0.1838 0.0825 0.9332
81.948 0.1805 0.0812 0.9222
81.986 0.1796 0.0803 0.9196
82.029 0.1827 0.0825 0.9035
82.069 0.1823 0.0879 0.9133
82.109 0.1845 0.0852 0.9536
82.149 0.1906 0.0851 0.9073
82.186 0.1914 0.0804 0.9475
82.230 0.1896 0.0826 0.9439
82.269 0.1910 0.0823 0.9753
82.310 0.1893 0.0818 0.9439
82.349 0.1859 0.0838 0.9379
82.389 0.1798 0.0825 0.9355
82.430 0.1735 0.0810 0.9700
82.470 0.1688 0.0830 0.9108
82.510 0.1647 0.0843 0.9328
82.550 0.1634 0.0838 0.9173
82.590 0.1637 0.0838 0.9076
82.630 0.1600 0.0831 0.9213
82.671 0.1565 0.0824 0.9213
82.712 0.1592 0.0820 0.9536
82.752 0.1593 0.0838 0.9416
82.791 0.1606 0.0824 0.9407
82.829 0.1612 0.0839 0.8916
82.873 0.1668 0.0834 0.9195
82.912 0.1723 0.0853 0.9461
82.952 0.1766 0.0865 0.9537
82.992 0.1756 0.0855 0.9321
83.029 0.1713 0.0835 0.9390
83.073 0.1687 0.0815 0.9089
83.113 0.1710 0.0823 0.9233
83.153 0.1688 0.0871 0.9273
83.193 0.1699 0.0849 0.9275
83.233 0.1669 0.0833 0.9093
83.274 0.1629 0.0812 0.9489
83.314 0.1637 0.0839 0.9354
83.354 0.1645 0.0846 0.9514
83.394 0.1642 0.0843 0.9437
83.433 0.1628 0.0829 0.9294
83.473 0.1630 0.0838 0.9474
83.514 0.1692 0.0801 0.9568
83.554 0.1763 0.0819 0.9182
83.594 0.1774 0.0853 0.9278
83.634 0.1842 0.0826 0.9356
83.673 0.1860 0.0822 0.9236
83.716 0.1920 0.0814 0.9241
83.756 0.1977 0.0791 0.9070
83.796 0.2018 0.0840 0.9266
83.836 0.2026 0.0847 0.9539
83.873 0.2063 0.0840 0.9329
83.917 0.2096 0.0819 0.9569
83.957 0.2086 0.0785 0.9015
83.997 0.2067 0.0822 0.9569
84.036 0.2041 0.0831 0.9359
84.077 0.2029 0.0805 0.9422
84.117 0.1992 0.0840 0.9642
84.157 0.2001 0.0784 0.9731
84.199 0.1983 0.0812 0.9471
84.237 0.1921 0.0841 0.9405
84.277 0.1905 0.0816 0.9789
84.317 0.1890 0.0822 0.9579
84.358 0.1870 0.0803 0.9542
84.398 0.1872 0.0810 0.9258
84.438 0.1924 0.0854 0.9243
84.477 0.1983 0.0841 0.9019
84.515 0.1977 0.0831 0.9448
84.559 0.1961 0.0812 0.9142
84.599 0.1962 0.0813 0.8803
84.639 0.1944 0.0839 0.9109
84.679 0.1922 0.0833 0.9406
84.716 0.1945 0.0850 0.9392
84.760 0.1911 0.0831 0.9493
84.800 0.1915 0.0851 0.9093
84.840 0.1907 0.0860 0.9259
84.880 0.1893 0.0841 0.9295
84.920 0.1867 0.0833 0.9319
84.961 0.1784 0.0838 0.9397
85.001 0.1786 0.0848 0.9496
85.041 0.1756 0.0830 0.9682
85.081 0.1761 0.0854 0.9417
85.120 0.1746 0.0852 0.9002
85.160 0.1685 0.0850 0.9347
85.201 0.1660 0.0864 0.9367
85.241 0.1674 0.0858 0.9242
85.282 0.1645 0.0894 0.9292
85.321 0.1626 0.0888 0.9328
85.359 0.1562 0.0862 0.9117
85.403 0.1493 0.0862 0.9107
85.442 0.1459 0.0860 0.9573
85.482 0.1458 0.0882 0.9463
85.522 0.1477 0.0873 0.9198
85.559 0.1514 0.0903 0.8857
85.604 0.1501 0.0892 0.9093
85.643 0.1555 0.0868 0.9383
85.683 0.1585 0.0864 0.9124
85.723 0.1620 0.0911 0.9009
85.763 0.1636 0.0922 0.9373
85.804 0.1618 0.0924 0.9782
85.843 0.1641 0.0889 0.9679
85.884 0.1655 0.0886 0.9258
85.925 0.1702 0.0846 0.9499
85.964 0.1754 0.0908 0.9585
86.004 0.1756 0.0927 0.9198
86.045 0.1700 0.0872 0.9185
86.085 0.1726 0.0868 0.9582
86.125 0.1741 0.0873 0.9285
86.164 0.1801 0.0854 0.9305
86.228 0.1798 0.0878 0.9445
86.286 0.1832 0.0881 0.9279
86.326 0.1874 0.0892 0.9346
86.366 0.1900 0.0849 0.8905
86.406 0.1930 0.0888 0.8831
86.443 0.1912 0.0878 0.9346
86.487 0.1860 0.0881 0.9169
86.526 0.1859 0.0881 0.9136
86.567 0.1847 0.0901 0.9006
86.606 0.1838 0.0872 0.9078
86.646 0.1806 0.0894 0.9172
86.687 0.1811 0.0910 0.9232
86.727 0.1819 0.0885 0.9233
86.767 0.1850 0.0829 0.9367
86.807 0.1837 0.0844 0.9403
86.847 0.1864 0.0890 0.9093
86.886 0.1868 0.0876 0.9207
86.927 0.1897 0.0868 0.8938
86.968 0.1962 0.0841 0.9097
87.008 0.2071 0.0866 0.8647
87.049 0.2178 0.0851 0.9171
87.086 0.2207 0.0877 0.9041
87.130 0.2287 0.0851 0.9338
87.170 0.2286 0.0831 0.9304
87.210 0.2325 0.0811 0.9137
87.249 0.2337 0.0848 0.9302
87.287 0.2384 0.0861 0.9226
87.331 0.2396 0.0886 0.9753
87.370 0.2427 0.0853 0.9273
87.410 0.2457 0.0837 0.9113
87.450 0.2466 0.0850 0.9398
87.490 0.2464 0.0854 0.9507
87.531 0.2388 0.0905 0.9392
87.571 0.2335 0.0922 0.8810
87.611 0.2258 0.0838 0.9083
87.651 0.2200 0.0883 0.9155
87.690 0.2167 0.0875 0.8953
87.730 0.2107 0.0924 0.9222
87.771 0.2072 0.0913 0.9033
87.812 0.2053 0.0880 0.9423
87.851 0.2010 0.0884 0.9542
87.891 0.1982 0.0877 0.9035
87.929 0.1914 0.0897 0.9350
87.972 0.1849 0.0888 0.9242
88.012 0.1789 0.0865 0.9623
88.052 0.1826 0.0868 0.9097
88.092 0.1859 0.0856 0.9422
88.131 0.1894 0.0851 0.9469
88.174 0.1882 0.0860 0.8963
88.214 0.1895 0.0878 0.9139
88.254 0.1855 0.0880 0.8839
88.294 0.1807 0.0846 0.9227
88.334 0.1795 0.0827 0.9124
88.374 0.1757 0.0860 0.9333
88.414 0.1731 0.0862 0.9323
88.454 0.1739 0.0865 0.9405
88.495 0.1767 0.0848 0.9636
88.534 0.1742 0.0838 0.9175
88.573 0.1715 0.0846 0.9175
88.615 0.1684 0.0871 0.9195
88.655 0.1692 0.0837 0.9173
88.695 0.1710 0.0833 0.9565
88.735 0.1767 0.0839 0.9483
88.772 0.1763 0.0828 0.9207
88.816 0.1771 0.0872 0.8785
88.856 0.1797 0.0859 0.9105
88.896 0.1851 0.0884 0.9173
88.936 0.1881 0.0850 0.9108
88.972 0.1880 0.0865 0.8969
89.017 0.1908 0.0841 0.9143
89.056 0.1915 0.0872 0.9305
89.096 0.1933 0.0890 0.9053
89.136 0.1975 0.0839 0.9338
89.176 0.1986 0.0849 0.9119
89.217 0.1932 0.0849 0.9137
89.258 0.1899 0.0875 0.9121
89.298 0.1899 0.0892 0.9363
89.338 0.1852 0.0899 0.9483
89.377 0.1801 0.0879 0.9225
89.417 0.1737 0.0859 0.9573
89.458 0.1708 0.0861 0.9438
89.499 0.1675 0.0864 0.9320
89.539 0.1644 0.0832 0.9273
89.578 0.1644 0.0850 0.9298
89.616 0.1597 0.0824 0.9189
89.660 0.1574 0.0813 0.9017
89.699 0.1584 0.0849 0.9165
89.739 0.1619 0.0827 0.9380
89.779 0.1617 0.0842 0.9563
89.816 0.1651 0.0840 0.9530
89.860 0.1681 0.0855 0.9123
89.900 0.1707 0.0868 0.9316
89.940 0.1770 0.0859 0.9396
89.980 0.1816 0.0872 0.9277
90.020 0.1886 0.0846 0.8869
90.060 0.1971 0.0835 0.9155
90.101 0.2042 0.0840 0.8951
90.141 0.2098 0.0870 0.8911
90.181 0.2142 0.0850 0.9154
90.220 0.2175 0.0861 0.8925
90.260 0.2224 0.0796 0.8866
90.301 0.2273 0.0845 0.8923
90.342 0.2314 0.0839 0.9325
90.382 0.2403 0.0836 0.9327
90.422 0.2477 0.0819 0.9613
90.459 0.2468 0.0842 0.9216
90.503 0.2477 0.0803 0.9476
90.543 0.2435 0.0823 0.9340
90.583 0.2428 0.0803 0.9366
90.623 0.2430 0.0804 0.9456
90.660 0.2406 0.0797 0.9520
90.704 0.2426 0.0782 0.9482
90.743 0.2458 0.0789 0.9444
90.783 0.2476 0.0822 0.9507
90.823 0.2517 0.0814 0.9195
90.863 0.2522 0.0798 0.9432
90.904 0.2471 0.0775 0.9215
90.944 0.2467 0.0755 0.9476
90.984 0.2477 0.0781 0.9228
91.024 0.2458 0.0786 0.9465
91.063 0.2415 0.0777 0.9423
91.103 0.2322 0.0764 0.9449
91.145 0.2240 0.0747 0.9333
91.185 0.2149 0.0773 0.9380
91.225 0.2069 0.0763 0.9663
91.264 0.1986 0.0787 0.9443
91.302 0.1908 0.0798 0.9258
91.346 0.1828 0.0788 0.9238
91.386 0.1796 0.0810 0.9472
91.425 0.1817 0.0796 0.9033
91.466 0.1822 0.0838 0.9153
91.504 0.1832 0.0820 0.9175
91.547 0.1865 0.0816 0.9139
91.587 0.1920 0.0821 0.8991
91.627 0.2015 0.0820 0.9025
91.667 0.2087 0.0823 0.9315
91.707 0.2155 0.0845 0.9085
91.748 0.2196 0.0841 0.9045
91.787 0.2193 0.0838 0.9059
91.828 0.2204 0.0815 0.9321
91.868 0.2217 0.0806 0.8689
91.907 0.2182 0.0814 0.8968
91.947 0.2124 0.0819 0.9257
91.988 0.2146 0.0802 0.9048
92.029 0.2100 0.0804 0.9056
92.068 0.2076 0.0804 0.8996
92.108 0.2030 0.0815 0.9557
92.146 0.1995 0.0803 0.9341
92.190 0.1930 0.0812 0.9227
92.229 0.1923 0.0793 0.9324
92.269 0.1910 0.0777 0.9236
92.309 0.1902 0.0775 0.9334
92.346 0.1867 0.0809 0.9408
92.390 0.1801 0.0811 0.9061
92.430 0.1770 0.0791 0.8843
92.470 0.1711 0.0796 0.9209
92.509 0.1700 0.0785 0.9142
92.550 0.1714 0.0822 0.9181
92.591 0.1691 0.0811 0.9647
92.631 0.1637 0.0800 0.9305
92.671 0.1614 0.0783 0.9208
92.711 0.1602 0.0772 0.9348
92.751 0.1588 0.0786 0.9348
92.790 0.1591 0.0785 0.9458
92.832 0.1597 0.0796 0.9088
92.872 0.1592 0.0806 0.8989
92.912 0.1624 0.0778 0.8901
92.952 0.1622 0.0785 0.9136
92.989 0.1610 0.0821 0.9232
93.033 0.1614 0.0823 0.9211
93.073 0.1623 0.0827 0.9116
93.113 0.1662 0.0831 0.9217
93.152 0.1720 0.0823 0.9215
93.190 0.1759 0.0819 0.9426
93.234 0.1780 0.0832 0.9361
93.273 0.1811 0.0838 0.9167
93.314 0.1845 0.0787 0.9305
93.353 0.1878 0.0829 0.9243
93.394 0.1951 0.0834 0.9061
93.434 0.2025 0.0812 0.9216
93.474 0.2121 0.0822 0.9313
93.514 0.2149 0.0828 0.9223
93.554 0.2177 0.0794 0.9367
93.593 0.2239 0.0801 0.8912
93.633 0.2288 0.0788 0.9540
93.675 0.2282 0.0809 0.9266
93.716 0.2279 0.0802 0.9465
93.756 0.2280 0.0784 0.9325
93.795 0.2271 0.0763 0.9375
93.833 0.2280 0.0791 0.9251
93.877 0.2264 0.0812 0.9625
93.916 0.2211 0.0791 0.9659
93.956 0.2122 0.0770 0.9518
93.998 0.2105 0.0770 0.9315
94.033 0.2121 0.0794 0.8848
94.078 0.2049 0.0798 0.9183
94.117 0.2023 0.0793 0.9004
94.157 0.2026 0.0780 0.9015
94.197 0.2037 0.0776 0.9324
94.236 0.2059 0.0778 0.9257
94.278 0.2074 0.0799 0.9338
94.318 0.2112 0.0782 0.9250
94.358 0.2101 0.0788 0.9780
94.398 0.2085 0.0780 0.9726
94.437 0.2105 0.0764 0.9338
94.477 0.2071 0.0764 0.9165
94.518 0.2033 0.0795 0.9467
94.559 0.2036 0.0779 0.9388
94.598 0.2023 0.0833 0.9102
94.638 0.2025 0.0792 0.9064
94.675 0.2034 0.0759 0.9280
94.720 0.2007 0.0770 0.9362
94.759 0.1964 0.0799 0.9318
94.800 0.1927 0.0793 0.9418
94.840 0.1946 0.0753 0.8992
94.877 0.1985 0.0733 0.9306
94.921 0.2008 0.0750 0.9255
94.960 0.2049 0.0778 0.9058
95.001 0.2077 0.0778 0.9202
95.040 0.2075 0.0790 0.9000
95.081 0.2079 0.0765 0.9091
95.122 0.2076 0.0776 0.8861
95.161 0.2074 0.0795 0.8829
95.201 0.2037 0.0794 0.9058
95.241 0.2030 0.0810 0.8973
95.281 0.2061 0.0805 0.9093
95.320 0.2031 0.0782 0.9291
95.362 0.2026 0.0809 0.8833
95.402 0.1995 0.0819 0.9354
95.442 0.1958 0.0814 0.9320
95.482 0.1863 0.0821 0.9095
95.519 0.1833 0.0822 0.8638
95.564 0.1813 0.0807 0.9046
95.603 0.1773 0.0822 0.9253
95.643 0.1677 0.0822 0.9253
95.682 0.1624 0.0810 0.9223
95.728 0.1621 0.0822 0.8895
95.763 0.1596 0.0815 0.8839
95.803 0.1554 0.0834 0.9251
95.843 0.1485 0.0846 0.9150
95.883 0.1428 0.0830 0.9215
95.924 0.1361 0.0798 0.8977
95.965 0.1367 0.0810 0.8734
96.005 0.1378 0.0795 0.8822
96.045 0.1363 0.0842 0.9055
96.085 0.1373 0.0846 0.8610
96.124 0.1369 0.0848 0.9065
96.164 0.1401 0.0830 0.8399
96.205 0.1424 0.0810 0.8498
96.246 0.1430 0.0823 0.8588
96.286 0.1432 0.0802 0.8887
96.325 0.1498 0.0815 0.9161
96.363 0.1540 0.0815 0.9175
96.407 0.1652 0.0778 0.9192
96.446 0.1767 0.0794 0.8810
96.486 0.1845 0.0812 0.9305
96.526 0.1979 0.0803 0.9207
96.563 0.2043 0.0787 0.9297
96.607 0.2157 0.0752 0.8900
96.647 0.2231 0.0801 0.8717
96.687 0.2303 0.0817 0.9149
96.727 0.2305 0.0776 0.8912
96.766 0.2380 0.0808 0.9508
96.807 0.2432 0.0831 0.9138
96.847 0.2493 0.0804 0.9189
96.888 0.2504 0.0795 0.9235
96.927 0.2496 0.0794 0.9255
96.967 0.2493 0.0792 0.9074
97.008 0.2427 0.0801 0.9055
97.049 0.2413 0.0768 0.9559
97.089 0.2355 0.0770 0.9194
97.129 0.2343 0.0766 0.9338
97.169 0.2315 0.0786 0.9288
97.206 0.2304 0.0763 0.9221
97.251 0.2293 0.0771 0.9227
97.290 0.2235 0.0761 0.9484
97.330 0.2180 0.0778 0.9353
97.370 0.2135 0.0808 0.9630
97.406 0.2095 0.0793 0.9617
97.451 0.2043 0.0769 0.9652
97.490 0.2036 0.0771 0.9359
97.530 0.1982 0.0765 0.9496
97.570 0.1934 0.0792 0.9554
97.610 0.1867 0.0777 0.9305
97.651 0.1799 0.0788 0.9506
97.691 0.1767 0.0752 0.9506
97.731 0.1737 0.0744 0.8968
97.771 0.1738 0.0774 0.9238
97.810 0.1733 0.0793 0.9506
97.850 0.1736 0.0777 0.9158
97.892 0.1827 0.0780 0.9208
97.932 0.1901 0.0767 0.9048
97.972 0.1921 0.0786 0.9137
98.011 0.1959 0.0808 0.9262
98.050 0.1958 0.0806 0.9257
98.093 0.2035 0.0807 0.9276
98.133 0.2059 0.0790 0.9261
98.173 0.2114 0.0806 0.9076
98.213 0.2112 0.0789 0.9387
98.250 0.2109 0.0812 0.9116
98.295 0.2058 0.0790 0.9042
98.334 0.2008 0.0785 0.8769
98.374 0.1907 0.0795 0.9135
98.414 0.1758 0.0778 0.9118
98.454 0.1673 0.0805 0.9043
98.495 0.1588 0.0794 0.8966
98.534 0.1597 0.0791 0.9139
98.575 0.1540 0.0794 0.9235
98.615 0.1507 0.0803 0.8891
98.654 0.1464 0.0818 0.8867
98.693 0.1440 0.0811 0.9031
98.735 0.1458 0.0821 0.9276
98.776 0.1434 0.0787 0.8843
98.815 0.1455 0.0767 0.9105
98.855 0.1494 0.0778 0.9323
98.892 0.1513 0.0798 0.9581
98.937 0.1561 0.0801 0.9168
98.976 0.1599 0.0781 0.9369
99.016 0.1548 0.0795 0.9147
99.056 0.1533 0.0785 0.9047
99.093 0.1561 0.0804 0.9126
99.137 0.1580 0.0778 0.9176
99.177 0.1606 0.0794 0.9138
99.217 0.1576 0.0774 0.9463
99.257 0.1631 0.0786 0.9016
99.298 0.1697 0.0796 0.9154
99.338 0.1700 0.0778 0.9192
99.378 0.1751 0.0806 0.8879
99.419 0.1795 0.0751 0.9364
99.458 0.1866 0.0754 0.8982
99.498 0.1947 0.0754 0.8782
99.537 0.2034 0.0769 0.9568
99.579 0.2024 0.0798 0.9298
99.619 0.2029 0.0772 0.9298
99.659 0.2055 0.0780 0.9388
99.698 0.2145 0.0770 0.9399
99.736 0.2209 0.0780 0.9431
99.780 0.2252 0.0775 0.8785
99.819 0.2291 0.0789 0.9377
99.860 0.2312 0.0766 0.9278
99.899 0.2337 0.0763 0.9204
99.936 0.2298 0.0787 0.9437
99.980 0.2274 0.0785 0.9628
100.020 0.2249 0.0788 0.9665
100.060 0.2240 0.0783 0.8824
100.100 0.2248 0.0780 0.9390
100.140 0.2245 0.0773 0.9208
100.181 0.2220 0.0781 0.9389
100.221 0.2144 0.0798 0.9508
100.261 0.2054 0.0811 0.9568
100.301 0.1985 0.0784 0.9095
100.341 0.1922 0.0782 0.9233
100.381 0.1873 0.0776 0.9623
100.422 0.1844 0.0804 0.9365
100.463 0.1785 0.0806 0.9180
100.503 0.1703 0.0789 0.8772
100.542 0.1663 0.0749 0.8849
100.579 0.1624 0.0769 0.8901
100.624 0.1632 0.0798 0.9095
100.663 0.1596 0.0797 0.9095
100.703 0.1575 0.0806 0.9095
100.743 0.1573 0.0801 0.9064
100.780 0.1558 0.0785 0.9064
100.824 0.1585 0.0760 0.9391
100.864 0.1635 0.0795 0.8869
100.904 0.1632 0.0801 0.8761
100.944 0.1655 0.0767 0.9075
100.984 0.1705 0.0759 0.9238
101.024 0.1763 0.0775 0.9173
101.064 0.1837 0.0787 0.9225
101.105 0.1857 0.0817 0.9428
101.145 0.1886 0.0792 0.9172
101.184 0.1922 0.0819 0.9169
101.224 0.1894 0.0782 0.9267
101.265 0.1926 0.0817 0.9341
101.305 0.1956 0.0873 0.9400
101.345 0.1905 0.0856 0.9636
101.385 0.1873 0.0840 0.9614
101.423 0.1871 0.0834 0.9718
101.467 0.1833 0.0795 0.9503
101.507 0.1816 0.0815 0.9441
101.547 0.1784 0.0822 0.9530
101.587 0.1745 0.0798 0.9552
101.623 0.1735 0.0809 0.9432
101.668 0.1679 0.0806 0.9243
101.707 0.1737 0.0786 0.9488
101.748 0.1760 0.0822 0.8819
101.787 0.1753 0.0812 0.9200
101.828 0.1733 0.0814 0.9331
101.868 0.1732 0.0804 0.9374
101.908 0.1698 0.0790 0.9436
101.948 0.1688 0.0769 0.9376
101.988 0.1646 0.0849 0.9275
102.027 0.1628 0.0826 0.9164
102.067 0.1613 0.0803 0.9320
102.108 0.1582 0.0805 0.8999
102.149 0.1572 0.0816 0.9014
102.189 0.1515 0.0819 0.8892
102.228 0.1456 0.0805 0.9268
102.266 0.1381 0.0802 0.9149
102.310 0.1369 0.0768 0.9176
102.350 0.1363 0.0767 0.9188
102.389 0.1392 0.0799 0.8797
102.429 0.1415 0.0782 0.8926
102.467 0.1441 0.0795 0.9147
102.510 0.1409 0.0762 0.9029
102.550 0.1419 0.0780 0.9201
102.591 0.1446 0.0773 0.8823
102.631 0.1477 0.0780 0.9372
102.670 0.1461 0.0790 0.9399
102.711 0.1499 0.0769 0.9450
102.752 0.1557 0.0766 0.9081
102.792 0.1572 0.0770 0.9371
102.832 0.1613 0.0794 0.9135
102.871 0.1626 0.0782 0.9141
102.911 0.1614 0.0798 0.9106
102.952 0.1636 0.0782 0.8976
102.992 0.1677 0.0779 0.8996
103.032 0.1701 0.0805 0.8766
103.072 0.1687 0.0842 0.8975
103.109 0.1638 0.0816 0.8819
103.154 0.1658 0.0842 0.9475
103.193 0.1658 0.0832 0.9330
103.233 0.1656 0.0821 0.9152
103.273 0.1665 0.0852 0.9035
103.310 0.1633 0.0855 0.9185
103.354 0.1611 0.0833 0.9317
103.394 0.1612 0.0842 0.8922
103.434 0.1600 0.0843 0.9138
103.474 0.1603 0.0867 0.9329
103.514 0.1617 0.0874 0.9165
103.554 0.1639 0.0866 0.9011
103.594 0.1703 0.0853 0.9358
103.635 0.1755 0.0824 0.9132
103.675 0.1804 0.0832 0.9041
103.714 0.1814 0.0848 0.9266
103.754 0.1780 0.0869 0.9113
103.796 0.1783 0.0798 0.9528
103.836 0.1763 0.0824 0.9462
103.876 0.1772 0.0818 0.9225
103.916 0.1789 0.0831 0.9055
103.953 0.1775 0.0830 0.9245
103.997 0.1789 0.0823 0.8939
104.037 0.1803 0.0823 0.9315
104.077 0.1796 0.0786 0.9368
104.116 0.1819 0.0828 0.9328
104.153 0.1800 0.0837 0.9141
104.198 0.1762 0.0827 0.9411
104.237 0.1808 0.0829 0.9191
104.277 0.1859 0.0797 0.9197
104.317 0.1892 0.0803 0.9325
104.357 0.1900 0.0809 0.9442
104.398 0.1889 0.0827 0.8984
104.438 0.1896 0.0864 0.8986
104.478 0.1902 0.0836 0.8889
104.518 0.1867 0.0823 0.8878
104.557 0.1847 0.0799 0.8878
104.597 0.1795 0.0782 0.9081
104.638 0.1764 0.0825 0.9088
104.679 0.1782 0.0776 0.8782
104.719 0.1774 0.0815 0.9102
104.758 0.1727 0.0785 0.9037
104.797 0.1701 0.0780 0.9036
104.841 0.1711 0.0788 0.9116
104.880 0.1708 0.0759 0.9203
104.920 0.1724 0.0806 0.8847
104.960 0.1754 0.0747 0.8918
104.997 0.1814 0.0760 0.9000
105.041 0.1940 0.0785 0.9014
105.081 0.1995 0.0794 0.8749
105.121 0.2054 0.0772 0.9002
105.161 0.2097 0.0778 0.9076
105.201 0.2114 0.0789 0.8879
105.242 0.2149 0.0791 0.8891
105.281 0.2181 0.0826 0.9235
105.322 0.2229 0.0806 0.8745
105.362 0.2248 0.0795 0.9123
105.401 0.2264 0.0781 0.9061
105.441 0.2254 0.0796 0.8641
105.482 0.2256 0.0786 0.8770
105.522 0.2198 0.0791 0.9141
105.562 0.2164 0.0781 0.8830
105.602 0.2162 0.0769 0.8696
105.639 0.2175 0.0762 0.9089
105.683 0.2171 0.0792 0.9129
105.723 0.2152 0.0785 0.9158
105.763 0.2176 0.0775 0.9141
105.802 0.2171 0.0750 0.9208
105.841 0.2128 0.0741 0.9238
105.884 0.2118 0.0741 0.9525
105.925 0.2123 0.0770 0.9132
105.965 0.2083 0.0778 0.8890
106.004 0.2017 0.0766 0.9276
106.044 0.1970 0.0766 0.8875
106.085 0.1900 0.0781 0.8875
106.125 0.1831 0.0799 0.8925
106.165 0.1779 0.0828 0.9350
106.205 0.1747 0.0783 0.9239
106.245 0.1704 0.0761 0.9155
106.284 0.1634 0.0758 0.8819
106.326 0.1659 0.0798 0.9109
106.366 0.1669 0.0806 0.9437
106.406 0.1640 0.0801 0.9321
106.445 0.1611 0.0796 0.9119
106.483 0.1664 0.0798 0.9029
106.527 0.1661 0.0781 0.9283
106.567 0.1729 0.0805 0.8999
106.606 0.1751 0.0829 0.9276
106.695 0.1836 0.0805 0.9126
106.723 0.1862 0.0805 0.9399
106.767 0.1945 0.0830 0.9216
106.807 0.1987 0.0870 0.9299
106.847 0.2011 0.0853 0.9299
106.887 0.2029 0.0858 0.9253
106.927 0.2072 0.0813 0.9162
106.968 0.2023 0.0844 0.9294
107.008 0.2030 0.0902 0.9248
107.049 0.2003 0.0877 0.9263
107.089 0.2020 0.0861 0.9210
107.128 0.2022 0.0867 0.8829
107.168 0.2012 0.0916 0.9183
107.209 0.1997 0.0880 0.9253
107.250 0.1984 0.0896 0.9113
107.290 0.1964 0.0875 0.9069
107.329 0.1922 0.0872 0.9224
107.366 0.1909 0.0870 0.9093
107.410 0.1846 0.0878 0.8948
107.450 0.1851 0.0891 0.9353
107.490 0.1821 0.0881 0.9596
107.530 0.1841 0.0957 0.9007
107.567 0.1781 0.0895 0.8657
107.611 0.1759 0.0859 0.8997
107.651 0.1755 0.0920 0.8986
107.691 0.1763 0.0985 0.8685
107.731 0.1712 0.0992 0.9053
107.770 0.1674 0.0914 0.9145
107.811 0.1698 0.0915 0.9189
107.851 0.1716 0.0929 0.8561
107.892 0.1705 0.1009 0.8982
107.931 0.1662 0.0910 0.8801
107.971 0.1664 0.0934 0.8752
108.010 0.1586 0.0880 0.9195
108.052 0.1649 0.0990 0.8892
108.092 0.1741 0.0902 0.9240
108.133 0.1778 0.0913 0.8997
108.173 0.1768 0.0901 0.9170
108.210 0.1780 0.0877 0.9079
108.254 0.1822 0.0878 0.8849
108.294 0.1857 0.0863 0.9325
108.334 0.1808 0.0889 0.9235
108.373 0.1835 0.0885 0.9041
108.411 0.1893 0.0857 0.9296
108.455 0.1911 0.0865 0.8967
108.494 0.2021 0.0850 0.9367
108.535 0.2052 0.0821 0.9076
108.574 0.1942 0.0824 0.8823
108.614 0.1829 0.0818 0.8733
108.655 0.1779 0.0842 0.9229
108.695 0.1772 0.0820 0.8758
108.735 0.1738 0.0833 0.8979
108.775 0.1671 0.0819 0.9085
108.815 0.1645 0.0808 0.8989
108.854 0.1658 0.0819 0.8729
108.895 0.1679 0.0858 0.8732
108.936 0.1764 0.0790 0.8973
108.976 0.1786 0.0871 0.8994
109.015 0.1764 0.0855 0.9257
109.053 0.1761 0.0828 0.9192
109.097 0.1829 0.0786 0.9034
109.137 0.1886 0.0788 0.9663
109.176 0.1891 0.0854 0.9664
109.217 0.1962 0.0803 0.8902
109.255 0.1979 0.0799 0.9434
109.298 0.2017 0.0816 0.9221
109.338 0.2039 0.0759 0.9245
109.378 0.2036 0.0812 0.9191
109.418 0.1918 0.0828 0.9026
109.458 0.1803 0.0816 0.9552
109.499 0.1711 0.0840 0.8865
109.538 0.1687 0.0802 0.9228
109.579 0.1667 0.0794 0.9150
109.619 0.1608 0.0823 0.9466
109.658 0.1580 0.0850 0.9064
109.697 0.1529 0.0791 0.9102
109.739 0.1497 0.0791 0.8974
109.779 0.1482 0.0787 0.9064
109.819 0.1458 0.0799 0.9318
109.859 0.1405 0.0814 0.9025
109.897 0.1370 0.0796 0.9053
109.940 0.1361 0.0783 0.9332
109.980 0.1372 0.0776 0.9129
110.020 0.1375 0.0770 0.8992
110.060 0.1343 0.0818 0.8945
110.096 0.1303 0.0792 0.8998
110.141 0.1272 0.0784 0.9286
110.181 0.1228 0.0795 0.9133
110.221 0.1189 0.0787 0.8756
110.261 0.1143 0.0812 0.8805
110.300 0.1078 0.0835 0.8729
110.342 0.1004 0.0827 0.8545
110.382 0.1000 0.0817 0.8808
110.422 0.1002 0.0805 0.8635
110.462 0.0966 0.0802 0.8598
110.502 0.0958 0.0840 0.8698
110.541 0.0940 0.0878 0.8889
110.583 0.0951 0.0855 0.8855
110.623 0.0937 0.0865 0.8949
110.663 0.0934 0.0873 0.8668
110.702 0.0926 0.0884 0.9028
110.740 0.0920 0.0917 0.8922
110.784 0.0961 0.0914 0.8976
110.824 0.1032 0.0912 0.9039
110.864 0.1093 0.0864 0.9161
110.903 0.1110 0.0886 0.8979
110.941 0.1167 0.0896 0.9293
110.985 0.1201 0.0858 0.9293
111.024 0.1252 0.0856 0.9050
111.064 0.1295 0.0851 0.9295
111.104 0.1365 0.0827 0.9155
111.144 0.1411 0.0875 0.8869
111.185 0.1439 0.0901 0.8979
111.225 0.1452 0.0892 0.8818
111.265 0.1478 0.0864 0.9039
111.305 0.1455 0.0860 0.9039
111.344 0.1403 0.0856 0.8991
111.384 0.1387 0.0872 0.9008
111.425 0.1401 0.0882 0.9320
111.467 0.1392 0.0891 0.9099
111.506 0.1369 0.0861 0.8859
111.546 0.1366 0.0910 0.9008
111.583 0.1330 0.0958 0.9063
111.627 0.1285 0.0969 0.9029
111.667 0.1255 0.0916 0.9213
111.707 0.1271 0.0965 0.8717
111.747 0.1262 0.0904 0.8874
111.784 0.1250 0.0911 0.8988
111.828 0.1241 0.1001 0.9408
111.868 0.1248 0.1009 0.9105
111.908 0.1218 0.0943 0.9051
111.948 0.1219 0.0964 0.8795
111.988 0.1263 0.0959 0.8851
112.029 0.1282 0.0996 0.9102
112.068 0.1316 0.1007 0.8699
112.109 0.1341 0.0982 0.9016
112.148 0.1373 0.1030 0.8969
112.188 0.1413 0.1002 0.8709
112.230 0.1404 0.0988 0.8971
112.269 0.1411 0.1045 0.9105
112.309 0.1450 0.1092 0.8653
112.349 0.1477 0.1087 0.9178
112.389 0.1529 0.1085 0.8956
112.426 0.1539 0.1049 0.8601
112.471 0.1544 0.1053 0.8745
112.510 0.1550 0.1008 0.8800
112.550 0.1571 0.0973 0.8795
112.591 0.1625 0.1031 0.8975
112.627 0.1678 0.0980 0.8996
112.672 0.1724 0.0987 0.8889
112.712 0.1791 0.0969 0.9017
112.752 0.1855 0.0917 0.9018
112.791 0.1894 0.0939 0.8685
112.832 0.1917 0.0939 0.9191
112.872 0.1902 0.0915 0.8962
112.912 0.1935 0.0925 0.9010
112.952 0.1958 0.0932 0.9391
112.992 0.1960 0.0899 0.9144
113.032 0.1965 0.0904 0.9189
113.071 0.1955 0.0893 0.9369
113.112 0.1947 0.0928 0.9365
113.153 0.1960 0.0936 0.9188
113.193 0.1985 0.0907 0.9482
113.232 0.2003 0.0895 0.9140
113.270 0.1991 0.0872 0.9286
113.314 0.2006 0.0882 0.9244
113.354 0.2057 0.0919 0.9378
113.393 0.2093 0.0907 0.9431
113.433 0.2058 0.0878 0.9440
113.470 0.2023 0.0902 0.8945
113.515 0.1958 0.0910 0.9064
113.554 0.1937 0.0956 0.9695
113.594 0.1877 0.0967 0.9170
113.634 0.1819 0.0959 0.9442
113.675 0.1736 0.0946 0.9354
113.716 0.1665 0.0962 0.9088
113.756 0.1656 0.0989 0.9294
113.796 0.1617 0.0969 0.9305
113.836 0.1574 0.0946 0.9295
113.875 0.1518 0.0984 0.9421
113.915 0.1470 0.0931 0.9398
113.956 0.1503 0.0957 0.9431
113.996 0.1528 0.0967 0.9409
114.036 0.1496 0.0938 0.9062
114.076 0.1506 0.0961 0.9345
114.113 0.1480 0.0928 0.9322
114.158 0.1498 0.0948 0.9153
114.197 0.1489 0.0971 0.9292
114.237 0.1487 0.0958 0.9396
114.277 0.1532 0.0956 0.9063
114.314 0.1597 0.0948 0.8962
114.358 0.1603 0.1027 0.8999
114.398 0.1683 0.0956 0.9096
114.438 0.1723 0.0982 0.9270
114.478 0.1754 0.0936 0.9278
114.518 0.1820 0.0919 0.9501
114.559 0.1858 0.0904 0.8903
114.598 0.1902 0.0902 0.9105
114.639 0.1928 0.0909 0.9251
114.678 0.1965 0.0909 0.9460
114.718 0.2002 0.0907 0.9315
114.758 0.1987 0.0880 0.9089
114.800 0.1949 0.0890 0.8647
114.840 0.1914 0.0922 0.9213
114.880 0.1907 0.0930 0.9322
114.920 0.1904 0.0914 0.9214
114.957 0.1894 0.0906 0.9072
115.001 0.1949 0.0914 0.9087
115.041 0.1959 0.0913 0.9015
115.081 0.2013 0.0940 0.8781
115.120 0.2038 0.0915 0.8699
115.158 0.2045 0.0904 0.8893
115.202 0.2031 0.0898 0.9059
115.241 0.2039 0.0926 0.8892
115.281 0.2021 0.0928 0.8892
115.321 0.1991 0.0927 0.9193
115.361 0.2003 0.0944 0.9142
115.402 0.1971 0.0944 0.9208
115.442 0.1947 0.0949 0.8892
115.482 0.1890 0.0931 0.9123
115.522 0.1877 0.0946 0.9589
115.561 0.1880 0.0947 0.9440
115.601 0.1830 0.0977 0.8987
115.642 0.1814 0.0985 0.9152
115.683 0.1818 0.1011 0.9062
115.723 0.1837 0.0920 0.9268
115.762 0.1811 0.0991 0.9269
115.800 0.1815 0.0931 0.8928
115.844 0.1781 0.0914 0.9360
115.884 0.1772 0.0934 0.9023
115.924 0.1790 0.0973 0.9215
115.964 0.1800 0.0968 0.9223
116.001 0.1782 0.0940 0.9379
116.045 0.1678 0.0935 0.9439
116.085 0.1724 0.0929 0.9173
116.125 0.1787 0.0929 0.9378
116.165 0.1804 0.0937 0.8956
116.205 0.1751 0.0956 0.9403
116.246 0.1755 0.0949 0.9435
116.285 0.1807 0.0985 0.8995
116.326 0.1886 0.0967 0.8821
116.366 0.1895 0.0978 0.9450
116.405 0.1864 0.0999 0.9174
116.445 0.1854 0.0987 0.9114
116.486 0.1894 0.0979 0.9071
116.526 0.1947 0.0963 0.9176
116.567 0.1950 0.0937 0.9095
116.606 0.1899 0.0927 0.9304
116.643 0.1836 0.0953 0.9141
116.688 0.1804 0.0942 0.9500
116.727 0.1778 0.0928 0.9241
116.767 0.1728 0.0925 0.9122
116.807 0.1671 0.0928 0.9394
116.844 0.1628 0.0952 0.9444
116.888 0.1621 0.0951 0.9120
116.928 0.1585 0.0925 0.9216
116.968 0.1499 0.0922 0.9150
117.008 0.1428 0.0930 0.8971
117.049 0.1381 0.0941 0.9493
117.089 0.1387 0.0942 0.9085
117.129 0.1393 0.0965 0.9216
117.169 0.1433 0.0943 0.9311
117.209 0.1483 0.0926 0.9217
117.249 0.1556 0.0961 0.8930
117.288 0.1537 0.0993 0.9020
117.330 0.1526 0.0963 0.9181
117.370 0.1532 0.0972 0.9339
117.410 0.1549 0.0940 0.9097
117.450 0.1579 0.0956 0.8689
117.487 0.1591 0.0996 0.8845
117.531 0.1573 0.0980 0.8953
117.571 0.1503 0.0971 0.8746
117.611 0.1444 0.0981 0.8901
117.650 0.1376 0.0970 0.8985
117.687 0.1329 0.0984 0.9037
117.731 0.1232 0.0998 0.8849
117.771 0.1222 0.0993 0.9104
117.811 0.1224 0.0990 0.8839
117.851 0.1210 0.0982 0.8703
117.891 0.1190 0.0985 0.8997
117.932 0.1195 0.1003 0.8845
117.972 0.1205 0.0991 0.9328
118.012 0.1213 0.0946 0.8753
118.052 0.1209 0.0971 0.8937
118.092 0.1245 0.1017 0.8976
118.132 0.1257 0.0995 0.8525
118.173 0.1266 0.1012 0.8581
118.213 0.1273 0.0966 0.9101
118.253 0.1254 0.0959 0.9031
118.293 0.1220 0.0970 0.9163
118.331 0.1158 0.0971 0.8937
118.375 0.1153 0.0981 0.8989
118.414 0.1117 0.0970 0.9038
118.454 0.1081 0.0929 0.8863
118.494 0.1062 0.0909 0.8982
118.531 0.1095 0.0920 0.8945
118.575 0.1089 0.0992 0.8706
118.615 0.1114 0.0965 0.9079
118.655 0.1141 0.0945 0.9122
118.695 0.1166 0.0974 0.8987
118.735 0.1199 0.0955 0.8931
118.776 0.1207 0.0970 0.9030
118.815 0.1273 0.1006 0.9161
118.856 0.1327 0.0957 0.8747
118.895 0.1399 0.0931 0.8789
118.935 0.1456 0.0906 0.8892
118.975 0.1532 0.0902 0.9053
119.016 0.1583 0.0932 0.8851
119.056 0.1626 0.0874 0.9237
119.096 0.1663 0.0886 0.9096
119.136 0.1727 0.0843 0.9145
119.174 0.1772 0.0869 0.9280
119.217 0.1816 0.0915 0.8886
119.258 0.1883 0.0891 0.9453
119.298 0.1967 0.0873 0.9064
119.338 0.1983 0.0869 0.8871
119.374 0.1981 0.0824 0.9012
119.419 0.1985 0.0857 0.9449
119.458 0.1976 0.0859 0.9432
119.499 0.1925 0.0844 0.9052
119.538 0.1886 0.0814 0.9262
119.578 0.1876 0.0813 0.8619
119.619 0.1837 0.0834 0.9093
119.659 0.1785 0.0832 0.9439
119.699 0.1691 0.0833 0.9539
119.739 0.1592 0.0811 0.9146
119.779 0.1447 0.0814 0.9096
119.818 0.1360 0.0808 0.8728
119.859 0.1307 0.0860 0.9156
119.900 0.1246 0.0876 0.9080
119.940 0.1162 0.0846 0.8974
119.979 0.1154 0.0836 0.8827
120.017 0.1122 0.0828 0.8711
120.061 0.1099 0.0861 0.8775
120.100 0.1081 0.0874 0.8538
120.140 0.1051 0.0845 0.8534
120.180 0.1054 0.0859 0.8534
120.217 0.1068 0.0859 0.8882
120.261 0.1102 0.0882 0.8839
120.301 0.1127 0.0898 0.8839
120.342 0.1086 0.0857 0.8909
120.382 0.1056 0.0873 0.8758
120.422 0.1051 0.0869 0.8746
120.463 0.1024 0.0834 0.8721
120.503 0.1052 0.0866 0.8712
120.543 0.1046 0.0868 0.8545
120.583 0.1011 0.0862 0.8565
120.622 0.1004 0.0847 0.8615
120.662 0.0965 0.0820 0.8615
120.703 0.0957 0.0841 0.8615
120.743 0.0938 0.0856 0.8355
120.783 0.0872 0.0852 0.8485
120.823 0.0885 0.0825 0.8419
120.860 0.0896 0.0844 0.8466
120.905 0.0946 0.0842 0.8466
120.944 0.0943 0.0868 0.8466
120.984 0.0911 0.0880 0.8466
121.024 0.0889 0.0845 0.8573
121.061 0.0890 0.0865 0.8339
121.105 0.0874 0.0842 0.8435
121.145 0.0907 0.0834 0.8435
121.185 0.0909 0.0853 0.8777
121.225 0.0907 0.0863 0.8563
121.264 0.0999 0.0853 0.8751
121.306 0.1063 0.0856 0.8751
121.345 0.1117 0.0850 0.8645
121.385 0.1197 0.0864 0.8712
121.425 0.1229 0.0870 0.8665
121.466 0.1304 0.0858 0.8655
121.506 0.1383 0.0870 0.8487
121.547 0.1471 0.0836 0.8897
121.587 0.1554 0.0854 0.8475
121.627 0.1600 0.0867 0.8549
121.667 0.1627 0.0825 0.8745
121.704 0.1623 0.0828 0.8987
121.748 0.1640 0.0833 0.9067
121.788 0.1648 0.0806 0.8823
121.828 0.1691 0.0836 0.8817
121.867 0.1627 0.0848 0.8817
121.905 0.1632 0.0843 0.8869
121.949 0.1611 0.0834 0.8951
121.988 0.1616 0.0822 0.8523
122.028 0.1576 0.0844 0.8650
122.068 0.1547 0.0853 0.8832
122.108 0.1520 0.0828 0.9118
122.149 0.1481 0.0841 0.9006
122.189 0.1511 0.0831 0.9148
122.229 0.1517 0.0830 0.9465
122.269 0.1524 0.0842 0.9391
122.308 0.1482 0.0820 0.8627
122.348 0.1490 0.0821 0.8953
122.389 0.1527 0.0821 0.9040
122.430 0.1566 0.0815 0.8910
122.470 0.1557 0.0813 0.8900
122.509 0.1600 0.0834 0.8850
122.547 0.1630 0.0805 0.9314
122.591 0.1643 0.0833 0.8702
122.659 0.1680 0.0832 0.8606
122.711 0.1652 0.0851 0.8841
122.751 0.1618 0.0858 0.8648
122.788 0.1616 0.0824 0.8950
122.832 0.1644 0.0832 0.8633
122.872 0.1616 0.0820 0.8726
122.912 0.1573 0.0868 0.8510
122.952 0.1556 0.0868 0.8521
122.992 0.1526 0.0870 0.8730
123.032 0.1483 0.0856 0.8672
123.072 0.1488 0.0835 0.8642
123.112 0.1488 0.0830 0.8799
123.153 0.1504 0.0845 0.9059
123.192 0.1567 0.0828 0.8835
123.232 0.1632 0.0828 0.8843
123.273 0.1690 0.0838 0.9009
123.313 0.1757 0.0822 0.8832
123.353 0.1793 0.0796 0.9192
123.393 0.1793 0.0825 0.8682
123.430 0.1789 0.0820 0.8749
123.474 0.1766 0.0809 0.9118
123.514 0.1790 0.0802 0.8989
123.554 0.1770 0.0798 0.9008
123.593 0.1746 0.0840 0.9130
123.632 0.1655 0.0830 0.9204
123.675 0.1629 0.0821 0.8847
123.715 0.1593 0.0790 0.9064
123.756 0.1560 0.0791 0.9139
123.795 0.1499 0.0806 0.9068
123.835 0.1459 0.0780 0.9319
123.876 0.1461 0.0748 0.8773
123.916 0.1512 0.0772 0.9303
123.956 0.1559 0.0739 0.9742
123.996 0.1596 0.0754 0.9193
124.035 0.1588 0.0792 0.9105
124.075 0.1570 0.0746 0.9378
124.116 0.1655 0.0760 0.9247
124.157 0.1690 0.0769 0.8948
124.197 0.1718 0.0780 0.9326
124.236 0.1735 0.0774 0.9052
124.274 0.1746 0.0762 0.9395
124.318 0.1729 0.0772 0.9303
124.358 0.1773 0.0727 0.9659
124.398 0.1745 0.0740 0.9097
124.437 0.1754 0.0781 0.9345
124.474 0.1694 0.0790 0.9585
124.518 0.1715 0.0769 0.9181
124.558 0.1766 0.0778 0.9148
124.598 0.1821 0.0771 0.9148
124.638 0.1872 0.0780 0.9313
124.678 0.1876 0.0791 0.9253
124.719 0.1887 0.0784 0.9082
124.759 0.1919 0.0773 0.9432
124.800 0.1924 0.0758 0.8945
124.840 0.1923 0.0766 0.8993
124.879 0.1936 0.0790 0.9066
124.919 0.1911 0.0781 0.8988
124.960 0.1947 0.0758 0.9300
125.000 0.1915 0.0756 0.9026
125.040 0.1925 0.0747 0.9001
125.080 0.1933 0.0759 0.9261
125.117 0.1849 0.0765 0.9247
125.163 0.1793 0.0750 0.9294
125.201 0.1787 0.0714 0.9291
125.241 0.1733 0.0691 0.9050
125.281 0.1749 0.0701 0.9108
125.318 0.1702 0.0740 0.9450
125.362 0.1630 0.0700 0.9528
125.402 0.1637 0.0710 0.9122
125.442 0.1601 0.0708 0.9412
125.482 0.1559 0.0701 0.9122
125.522 0.1528 0.0726 0.9269
125.563 0.1414 0.0740 0.9399
125.602 0.1425 0.0716 0.9434
125.643 0.1439 0.0709 0.9378
125.683 0.1430 0.0709 0.9423
125.722 0.1407 0.0731 0.9250
125.762 0.1355 0.0738 0.9246
125.803 0.1321 0.0738 0.9386
125.843 0.1338 0.0726 0.9137
125.883 0.1308 0.0689 0.9035
125.924 0.1306 0.0715 0.9089
125.961 0.1328 0.0754 0.9311
126.005 0.1274 0.0769 0.9133
126.045 0.1303 0.0749 0.8895
126.085 0.1331 0.0757 0.8876
126.125 0.1339 0.0759 0.8937
126.162 0.1376 0.0756 0.8829
126.207 0.1464 0.0776 0.9125
126.245 0.1509 0.0765 0.9098
126.285 0.1587 0.0783 0.8703
126.325 0.1611 0.0763 0.8822
126.365 0.1696 0.0791 0.9150
126.406 0.1688 0.0819 0.9089
126.446 0.1718 0.0817 0.9073
126.486 0.1798 0.0790 0.8951
126.526 0.1813 0.0807 0.9243
126.565 0.1787 0.0786 0.9009
126.605 0.1794 0.0807 0.8993
126.646 0.1771 0.0813 0.9216
126.687 0.1690 0.0781 0.9102
126.727 0.1682 0.0767 0.9355
126.766 0.1629 0.0789 0.9346
126.803 0.1609 0.0781 0.9191
126.848 0.1546 0.0785 0.9154
126.887 0.1567 0.0818 0.8438
126.927 0.1552 0.0788 0.9111
126.967 0.1575 0.0781 0.8909
127.006 0.1613 0.0780 0.8679
127.049 0.1673 0.0813 0.8954
127.089 0.1694 0.0810 0.9039
127.129 0.1715 0.0816 0.8875
127.169 0.1762 0.0771 0.8879
127.209 0.1760 0.0795 0.9254
127.250 0.1743 0.0808 0.8993
127.290 0.1769 0.0811 0.8931
127.330 0.1781 0.0806 0.9017
127.370 0.1760 0.0821 0.8426
127.409 0.1779 0.0779 0.9189
127.449 0.1763 0.0824 0.9315
127.490 0.1747 0.0866 0.8925
127.531 0.1712 0.0839 0.8726
127.570 0.1688 0.0796 0.9078
127.610 0.1650 0.0773 0.9131
127.647 0.1609 0.0754 0.9131
127.691 0.1560 0.0778 0.9203
127.731 0.1567 0.0799 0.9680
127.771 0.1555 0.0770 0.9422
127.811 0.1561 0.0792 0.9422
127.848 0.1547 0.0768 0.9069
127.892 0.1527 0.0790 0.9358
127.931 0.1481 0.0792 0.9099
127.972 0.1452 0.0783 0.9076
128.011 0.1422 0.0785 0.8747
128.051 0.1365 0.0785 0.8747
128.092 0.1365 0.0774 0.8537
128.133 0.1352 0.0788 0.9456
128.173 0.1351 0.0782 0.8872
128.213 0.1374 0.0781 0.9020
128.253 0.1428 0.0752 0.9045
128.292 0.1466 0.0748 0.9056
128.334 0.1513 0.0750 0.8931
128.416 0.1642 0.0750 0.9185
128.454 0.1671 0.0758 0.9357
128.493 0.1751 0.0757 0.9707
128.531 0.1870 0.0760 0.9241
128.575 0.1932 0.0791 0.9201
128.615 0.1967 0.0790 0.8987
128.655 0.2011 0.0783 0.8909
128.694 0.2059 0.0781 0.8865
128.731 0.2067 0.0769 0.9071
128.775 0.2031 0.0787 0.8945
128.815 0.2019 0.0793 0.9047
128.855 0.1991 0.0808 0.9009
128.895 0.1927 0.0776 0.8999
128.935 0.1890 0.0784 0.9045
128.976 0.1817 0.0798 0.8719
129.016 0.1723 0.0806 0.8959
129.056 0.1667 0.0838 0.8596
129.096 0.1644 0.0779 0.9025
129.135 0.1626 0.0804 0.8878
129.175 0.1527 0.0767 0.9025
129.217 0.1472 0.0797 0.9458
129.258 0.1465 0.0804 0.9318
129.298 0.1447 0.0799 0.9201
129.337 0.1446 0.0799 0.9378
129.375 0.1429 0.0804 0.8929
129.419 0.1434 0.0815 0.8699
129.458 0.1452 0.0821 0.9382
129.498 0.1464 0.0813 0.8959
129.538 0.1449 0.0782 0.8791
129.575 0.1458 0.0773 0.9244
129.619 0.1494 0.0776 0.8738
129.659 0.1550 0.0785 0.8828
129.699 0.1595 0.0791 0.8758
129.739 0.1610 0.0790 0.9196
129.779 0.1629 0.0773 0.9249
129.820 0.1616 0.0777 0.8959
129.859 0.1663 0.0808 0.8902
129.900 0.1715 0.0818 0.9219
129.939 0.1742 0.0831 0.9267
129.979 0.1744 0.0810 0.8869
130.019 0.1743 0.0815 0.8795
130.060 0.1745 0.0818 0.8775
130.100 0.1705 0.0848 0.8995
130.140 0.1707 0.0807 0.9253
130.180 0.1710 0.0817 0.9261
130.218 0.1730 0.0795 0.8972
130.262 0.1706 0.0798 0.9162
130.301 0.1719 0.0777 0.9064
130.342 0.1690 0.0792 0.9248
130.381 0.1634 0.0805 0.8823
130.419 0.1590 0.0804 0.8679
130.463 0.1573 0.0813 0.8913
130.502 0.1594 0.0805 0.8883
130.543 0.1591 0.0813 0.8661
130.583 0.1571 0.0813 0.8859
130.622 0.1541 0.0813 0.8453
130.663 0.1566 0.0799 0.8388
130.703 0.1547 0.0797 0.9159
130.743 0.1573 0.0850 0.8722
130.783 0.1584 0.0837 0.8963
130.823 0.1592 0.0834 0.9015
130.875 0.1572 0.0815 0.8797
130.903 0.1594 0.0804 0.8817
130.944 0.1617 0.0806 0.8912
130.984 0.1610 0.0810 0.9217
131.024 0.1583 0.0790 0.9159
131.061 0.1608 0.0798 0.8880
131.105 0.1608 0.0812 0.8801
131.144 0.1594 0.0793 0.8957
131.184 0.1573 0.0795 0.9133
131.224 0.1480 0.0800 0.8842
131.261 0.1445 0.0827 0.9668
131.305 0.1382 0.0783 0.9326
131.345 0.1414 0.0791 0.9337
131.385 0.1435 0.0808 0.9399
131.425 0.1407 0.0843 0.9380
131.465 0.1399 0.0807 0.9108
131.507 0.1440 0.0768 0.9063
131.547 0.1444 0.0780 0.9003
131.587 0.1505 0.0780 0.8823
131.627 0.1494 0.0794 0.9381
131.666 0.1453 0.0796 0.9335
131.706 0.1516 0.0752 0.9267
131.747 0.1548 0.0782 0.9137
131.788 0.1576 0.0780 0.9082
131.828 0.1562 0.0793 0.9096
131.867 0.1542 0.0774 0.9160
131.905 0.1544 0.0774 0.9204
131.949 0.1562 0.0759 0.9021
131.988 0.1613 0.0776 0.9043
132.028 0.1674 0.0774 0.8641
132.068 0.1648 0.0782 0.9007
132.105 0.1640 0.0784 0.8979
132.149 0.1675 0.0758 0.8953
132.189 0.1682 0.0766 0.8902
132.229 0.1665 0.0761 0.8719
132.269 0.1635 0.0785 0.8923
132.308 0.1653 0.0791 0.9082
132.349 0.1645 0.0796 0.8800
132.389 0.1660 0.0785 0.8888
132.430 0.1693 0.0776 0.8590
132.469 0.1680 0.0768 0.9028
132.509 0.1619 0.0782 0.9009
132.550 0.1541 0.0793 0.9009
132.591 0.1537 0.0768 0.9022
132.631 0.1542 0.0767 0.8894
132.671 0.1555 0.0764 0.8923
132.711 0.1549 0.0780 0.9095
132.748 0.1562 0.0791 0.8835
132.792 0.1575 0.0787 0.9185
132.832 0.1585 0.0800 0.8959
132.872 0.1609 0.0788 0.9472
132.911 0.1620 0.0821 0.9222
132.948 0.1579 0.0812 0.9218
132.993 0.1557 0.0806 0.9356
133.032 0.1617 0.0783 0.9422
133.072 0.1690 0.0762 0.9039
133.112 0.1699 0.0770 0.9127
133.151 0.1655 0.0805 0.9295
133.193 0.1674 0.0779 0.9224
133.233 0.1714 0.0771 0.9074
133.273 0.1745 0.0789 0.9238
133.313 0.1762 0.0786 0.8735
133.352 0.1765 0.0790 0.9032
133.392 0.1665 0.0799 0.8571
133.433 0.1629 0.0774 0.9153
133.474 0.1621 0.0770 0.9212
133.514 0.1605 0.0771 0.9257
133.553 0.1586 0.0773 0.8949
133.592 0.1552 0.0825 0.9280
133.635 0.1566 0.0814 0.9322
133.675 0.1601 0.0799 0.9162
133.715 0.1629 0.0799 0.9152
133.755 0.1604 0.0798 0.8741
133.792 0.1586 0.0832 0.8945
133.836 0.1623 0.0829 0.8744
133.876 0.1654 0.0823 0.8589
133.916 0.1726 0.0807 0.9057
133.956 0.1767 0.0814 0.8837
133.995 0.1841 0.0835 0.8721
134.037 0.1792 0.0837 0.8781
134.077 0.1789 0.0808 0.8875
134.117 0.1841 0.0827 0.8823
134.157 0.1835 0.0820 0.9235
134.196 0.1787 0.0833 0.8830
134.236 0.1731 0.0855 0.9219
134.277 0.1742 0.0818 0.8939
134.318 0.1722 0.0804 0.9113
134.357 0.1743 0.0795 0.8727
134.397 0.1715 0.0782 0.8986
134.434 0.1686 0.0779 0.8916
134.479 0.1611 0.0784 0.8893
134.518 0.1618 0.0792 0.8720
134.558 0.1629 0.0796 0.8839
134.598 0.1597 0.0755 0.9057
134.635 0.1586 0.0768 0.8995
134.679 0.1570 0.0773 0.9007
134.719 0.1592 0.0757 0.9520
134.759 0.1589 0.0776 0.9424
134.799 0.1571 0.0778 0.8912
134.839 0.1543 0.0783 0.9102
134.880 0.1547 0.0793 0.9167
134.920 0.1565 0.0793 0.9207
134.960 0.1584 0.0778 0.8603
135.000 0.1588 0.0760 0.9133
135.040 0.1578 0.0756 0.9305
135.079 0.1576 0.0774 0.8727
135.121 0.1555 0.0763 0.9119
135.161 0.1547 0.0765 0.9061
135.201 0.1554 0.0763 0.9335
135.241 0.1590 0.0756 0.8610
135.278 0.1596 0.0748 0.9165
135.322 0.1622 0.0754 0.9282
135.362 0.1616 0.0794 0.8924
135.402 0.1649 0.0765 0.9202
135.441 0.1667 0.0766 0.9193
135.478 0.1685 0.0753 0.9166
135.523 0.1692 0.0757 0.9302
135.562 0.1675 0.0758 0.9302
135.602 0.1655 0.0759 0.9204
135.642 0.1657 0.0739 0.9240
135.681 0.1633 0.0741 0.9113
135.723 0.1602 0.0728 0.9002
135.763 0.1582 0.0734 0.9145
135.803 0.1563 0.0721 0.9582
135.843 0.1580 0.0722 0.9229
135.883 0.1569 0.0711 0.8888
135.923 0.1576 0.0709 0.8765
135.964 0.1573 0.0709 0.9165
136.005 0.1575 0.0731 0.8852
136.045 0.1604 0.0716 0.8831
136.084 0.1641 0.0751 0.8870
136.122 0.1708 0.0728 0.9479
136.166 0.1789 0.0741 0.9149
136.205 0.1816 0.0749 0.8949
136.245 0.1853 0.0766 0.9022
136.285 0.1861 0.0726 0.9185
136.322 0.1845 0.0734 0.8835
136.366 0.1896 0.0735 0.9051
136.406 0.1905 0.0768 0.9239
136.446 0.1939 0.0785 0.8872
136.486 0.1985 0.0758 0.9031
136.526 0.1999 0.0762 0.8595
136.567 0.2060 0.0762 0.9120
136.606 0.2025 0.0777 0.8924
136.647 0.2003 0.0780 0.8927
136.687 0.1999 0.0782 0.9562
136.726 0.2011 0.0785 0.9054
136.766 0.2012 0.0741 0.9015
136.807 0.2069 0.0743 0.9044
136.847 0.2057 0.0777 0.8941
136.887 0.2079 0.0801 0.8837
136.927 0.2091 0.0783 0.9331
136.965 0.2016 0.0771 0.8873
137.008 0.2029 0.0768 0.9386
137.049 0.1970 0.0760 0.9278
137.089 0.1963 0.0750 0.9277
137.129 0.1942 0.0758 0.9123
137.166 0.1910 0.0762 0.9083
137.209 0.1917 0.0737 0.9339
137.250 0.1925 0.0770 0.9011
137.290 0.1928 0.0813 0.9205
137.329 0.1948 0.0798 0.8733
137.368 0.1921 0.0799 0.9043
137.410 0.1849 0.0770 0.8639
137.450 0.1862 0.0758 0.9007
137.490 0.1832 0.0759 0.9101
137.530 0.1842 0.0773 0.9191
137.569 0.1851 0.0748 0.8997
137.609 0.1813 0.0743 0.9520
137.651 0.1810 0.0735 0.9490
137.691 0.1783 0.0757 0.8973
137.731 0.1765 0.0767 0.9205
137.770 0.1748 0.0767 0.9180
137.808 0.1650 0.0760 0.9049
137.852 0.1605 0.0740 0.9088
137.892 0.1580 0.0732 0.9209
137.931 0.1596 0.0774 0.9109
137.971 0.1614 0.0748 0.9880
138.008 0.1587 0.0756 0.9535
138.053 0.1583 0.0744 0.9061
138.092 0.1613 0.0737 0.9427
138.133 0.1668 0.0738 0.9518
138.173 0.1687 0.0729 0.8975
138.213 0.1689 0.0742 0.9191
138.254 0.1680 0.0721 0.9217
138.294 0.1771 0.0707 0.8865
138.334 0.1819 0.0709 0.9394
138.374 0.1929 0.0730 0.9488
138.413 0.2009 0.0737 0.9135
138.453 0.2073 0.0703 0.8868
138.494 0.2227 0.0702 0.9104
138.535 0.2359 0.0741 0.8944
138.575 0.2455 0.0738 0.8933
138.614 0.2462 0.0733 0.9305
138.651 0.2471 0.0749 0.9110
138.696 0.2509 0.0718 0.9107
138.735 0.2519 0.0718 0.9348
138.775 0.2515 0.0708 0.9031
138.815 0.2501 0.0729 0.9307
138.852 0.2447 0.0731 0.9207
138.896 0.2343 0.0737 0.9335
138.936 0.2273 0.0708 0.9063
138.976 0.2163 0.0720 0.9063
139.016 0.2070 0.0713 0.9019
139.055 0.1985 0.0739 0.9107
139.096 0.1955 0.0735 0.8943
139.136 0.1942 0.0715 0.9112
139.176 0.1895 0.0720 0.9237
139.217 0.1865 0.0738 0.9247
139.257 0.1867 0.0777 0.9208
139.297 0.1865 0.0765 0.9352
139.338 0.1879 0.0813 0.9200
139.378 0.1916 0.0771 0.9138
139.418 0.1945 0.0816 0.8966
139.458 0.1994 0.0796 0.9038
139.495 0.1969 0.0814 0.9519
139.539 0.1937 0.0831 0.9189
139.579 0.1963 0.0835 0.8988
139.619 0.1999 0.0768 0.8881
139.658 0.2046 0.0834 0.9285
139.695 0.2120 0.0814 0.9149
139.740 0.2165 0.0810 0.8971
139.779 0.2202 0.0818 0.8905
139.820 0.2253 0.0826 0.9381
139.859 0.2292 0.0815 0.9047
139.898 0.2352 0.0863 0.9414
139.940 0.2350 0.0850 0.9064
139.980 0.2377 0.0863 0.9238
140.020 0.2400 0.0781 0.9257
140.060 0.2438 0.0840 0.9127
140.100 0.2407 0.0858 0.9001
140.139 0.2363 0.0846 0.9108
140.180 0.2329 0.0848 0.9180
140.221 0.2278 0.0858 0.8688
140.261 0.2242 0.0854 0.9007
140.300 0.2224 0.0871 0.9071
140.339 0.2187 0.0874 0.9635
140.383 0.2092 0.0887 0.9359
140.422 0.2026 0.0891 0.8699
140.462 0.1997 0.0871 0.9167
140.502 0.1994 0.0911 0.8919
140.539 0.1938 0.0852 0.9404
140.584 0.1940 0.0862 0.9547
140.623 0.1933 0.0850 0.9336
140.663 0.1908 0.0854 0.9215
140.703 0.1897 0.0859 0.8977
140.743 0.1915 0.0838 0.9573
140.784 0.1859 0.0857 0.9291
140.824 0.1825 0.0858 0.9116
140.864 0.1820 0.0860 0.9093
140.904 0.1857 0.0844 0.9200
140.943 0.1881 0.0845 0.9095
140.983 0.1857 0.0851 0.9294
141.024 0.1881 0.0907 0.9072
141.064 0.1829 0.0892 0.9047
141.104 0.1864 0.0868 0.8988
141.144 0.1943 0.0861 0.9105
141.182 0.1967 0.0838 0.9389
141.226 0.1993 0.0842 0.9195
141.265 0.2066 0.0847 0.9255
141.305 0.2169 0.0818 0.9429
141.345 0.2264 0.0815 0.9439
141.383 0.2313 0.0804 0.9353
141.426 0.2356 0.0796 0.9389
141.467 0.2418 0.0862 0.9045
141.507 0.2422 0.0793 0.9139
141.547 0.2497 0.0821 0.9443
141.585 0.2492 0.0842 0.8991
141.627 0.2432 0.0785 0.9284
141.667 0.2410 0.0839 0.9189
141.707 0.2343 0.0821 0.9258
141.747 0.2279 0.0821 0.8979
141.787 0.2191 0.0790 0.9031
141.826 0.2088 0.0789 0.9031
141.868 0.2033 0.0803 0.9318
141.908 0.1952 0.0812 0.9333
141.948 0.1888 0.0809 0.9633
141.988 0.1858 0.0809 0.9426
142.025 0.1785 0.0793 0.9423
142.069 0.1853 0.0830 0.9077
142.109 0.1872 0.0827 0.9278
142.149 0.1911 0.0830 0.9277
142.188 0.1985 0.0820 0.9346
142.226 0.2041 0.0813 0.9324
142.270 0.2089 0.0815 0.9458
142.309 0.2155 0.0833 0.9064
142.349 0.2162 0.0819 0.9606
142.389 0.2168 0.0823 0.9150
142.428 0.2167 0.0843 0.9539
142.470 0.2156 0.0829 0.9458
142.510 0.2205 0.0845 0.9654
142.550 0.2150 0.0866 0.9262
142.591 0.2131 0.0841 0.9178
142.630 0.2137 0.0808 0.9559
142.670 0.2077 0.0799 0.9789
142.711 0.2070 0.0829 0.9392
142.752 0.2063 0.0847 0.9520
142.792 0.2013 0.0870 0.9411
142.831 0.2007 0.0848 0.9036
142.869 0.1989 0.0854 0.9141
142.913 0.2007 0.0857 0.8819
142.952 0.2027 0.0879 0.8900
142.993 0.2028 0.0892 0.9033
143.032 0.2045 0.0903 0.9051
143.069 0.2052 0.0885 0.9374
143.113 0.2009 0.0884 0.9137
143.153 0.2014 0.0864 0.9383
143.193 0.2022 0.0915 0.9154
143.233 0.1996 0.0921 0.9032
143.272 0.1968 0.0892 0.9603
143.314 0.1918 0.0885 0.9548
143.353 0.1946 0.0875 0.9349
143.394 0.1968 0.0874 0.9528
143.434 0.1952 0.0879 0.9179
143.473 0.1955 0.0860 0.9039
143.513 0.1932 0.0851 0.9169
143.554 0.1902 0.0826 0.9334
143.594 0.1894 0.0831 0.9286
143.634 0.1899 0.0845 0.8892
143.675 0.1900 0.0841 0.9359
143.712 0.1896 0.0858 0.9264
143.756 0.1918 0.0869 0.9273
143.796 0.1966 0.0882 0.9021
143.836 0.1976 0.0884 0.9236
143.876 0.1948 0.0899 0.9017
143.913 0.1940 0.0868 0.9017
143.957 0.1933 0.0880 0.9097
143.997 0.1933 0.0841 0.9022
144.037 0.1927 0.0886 0.9017
144.076 0.1907 0.0891 0.9119
144.115 0.1878 0.0876 0.9128
144.157 0.1826 0.0849 0.8944
144.197 0.1764 0.0845 0.8969
144.237 0.1718 0.0826 0.9426
144.277 0.1697 0.0858 0.9073
144.316 0.1659 0.0850 0.9312
144.356 0.1623 0.0877 0.9183
144.398 0.1601 0.0849 0.9182
144.438 0.1626 0.0858 0.9063
144.478 0.1643 0.0870 0.9053
144.518 0.1675 0.0885 0.8959
144.555 0.1638 0.0899 0.8939
144.599 0.1649 0.0870 0.8913
144.638 0.1652 0.0850 0.9089
144.679 0.1660 0.0864 0.8859
144.718 0.1688 0.0879 0.9043
144.757 0.1673 0.0879 0.9200
144.800 0.1687 0.0887 0.9153
144.840 0.1691 0.0851 0.9072
144.880 0.1669 0.0864 0.8929
144.920 0.1647 0.0867 0.9249
144.960 0.1613 0.0881 0.8999
145.001 0.1537 0.0898 0.9122
145.041 0.1533 0.0875 0.9153
145.081 0.1506 0.0858 0.9199
145.121 0.1551 0.0900 0.9007
145.160 0.1597 0.0914 0.9303
145.200 0.1582 0.0909 0.9326
145.241 0.1601 0.0883 0.9256
145.281 0.1615 0.0855 0.9254
145.322 0.1621 0.0861 0.9314
145.361 0.1676 0.0906 0.9240
145.398 0.1685 0.0905 0.9351
145.443 0.1715 0.0950 0.8805
145.482 0.1793 0.0936 0.8785
145.522 0.1870 0.0938 0.9446
145.562 0.1951 0.0930 0.8942
145.599 0.2007 0.0924 0.8936
145.643 0.2015 0.0932 0.8926
145.683 0.2078 0.0942 0.9524
145.723 0.2162 0.0924 0.9104
145.762 0.2232 0.0936 0.8923
145.802 0.2243 0.0960 0.8940
145.843 0.2265 0.0932 0.9198
145.883 0.2282 0.0941 0.9209
145.924 0.2259 0.0939 0.9019
145.964 0.2191 0.0935 0.9194
146.003 0.2073 0.0976 0.9036
146.043 0.1971 0.0956 0.9015
146.085 0.1872 0.0905 0.9031
146.125 0.1790 0.0926 0.9176
146.165 0.1726 0.0944 0.9049
146.205 0.1637 0.0933 0.9207
146.242 0.1527 0.0934 0.9317
146.286 0.1460 0.0946 0.9281
146.326 0.1417 0.0932 0.9265
146.366 0.1349 0.0944 0.9199
146.405 0.1329 0.0938 0.9199
146.443 0.1294 0.0949 0.9352
146.486 0.1279 0.0954 0.9253
146.526 0.1294 0.0976 0.8976
146.567 0.1271 0.0929 0.9013
146.606 0.1252 0.0929 0.9263
146.645 0.1237 0.0938 0.8986
146.687 0.1214 0.0948 0.9289
146.727 0.1180 0.0938 0.8875
146.767 0.1154 0.1009 0.8732
146.807 0.1114 0.0998 0.8773
146.847 0.1134 0.0943 0.9163
146.886 0.1109 0.1034 0.8810
146.927 0.1074 0.0980 0.8789
146.968 0.1090 0.0980 0.8778
147.008 0.1125 0.0949 0.8789
147.048 0.1173 0.0945 0.8825
147.086 0.1220 0.0960 0.8996
147.130 0.1217 0.0957 0.8822
147.170 0.1227 0.0960 0.9316
147.209 0.1211 0.0951 0.8885
147.249 0.1227 0.0933 0.8878
147.286 0.1232 0.0965 0.9051
147.330 0.1218 0.0978 0.9105
147.370 0.1229 0.0951 0.9309
147.410 0.1278 0.0931 0.8988
147.450 0.1325 0.0983 0.8923
147.489 0.1329 0.0947 0.8730
147.531 0.1321 0.0993 0.8955
147.571 0.1277 0.0988 0.9508
147.611 0.1281 0.0965 0.9558
147.651 0.1316 0.0994 0.9355
147.690 0.1385 0.0987 0.8897
147.730 0.1398 0.1019 0.9185
147.771 0.1416 0.1014 0.9240
147.811 0.1428 0.1005 0.9333
147.851 0.1426 0.1010 0.9085
147.891 0.1404 0.0973 0.9058
147.928 0.1389 0.0978 0.9183
147.973 0.1369 0.0992 0.8962
148.012 0.1380 0.1000 0.9146
148.052 0.1397 0.0962 0.9165
148.092 0.1388 0.0917 0.8940
148.130 0.1356 0.0940 0.9132
148.174 0.1287 0.0959 0.9209
148.213 0.1256 0.0965 0.9216
148.254 0.1281 0.0955 0.9001
148.293 0.1279 0.0946 0.8812
148.332 0.1272 0.0948 0.9011
148.374 0.1311 0.0941 0.9018
148.414 0.1313 0.0975 0.9179
148.454 0.1303 0.0961 0.8985
148.494 0.1279 0.0989 0.9032
148.534 0.1273 0.0959 0.8853
148.573 0.1322 0.0919 0.8857
148.615 0.1397 0.0929 0.9061
148.655 0.1402 0.0948 0.9135
148.695 0.1462 0.0939 0.9145
148.735 0.1458 0.0910 0.9323
148.772 0.1445 0.0874 0.8901
148.816 0.1488 0.0935 0.9377
148.856 0.1492 0.0999 0.9107
148.896 0.1499 0.0949 0.9138
148.935 0.1537 0.0905 0.8707
148.972 0.1586 0.0912 0.9309
149.017 0.1628 0.0920 0.9221
149.056 0.1625 0.0938 0.8958
149.096 0.1557 0.0930 0.8781
149.136 0.1564 0.0912 0.9003
149.175 0.1593 0.0916 0.9214
149.217 0.1574 0.0892 0.9040
149.258 0.1647 0.0924 0.9319
149.298 0.1679 0.0926 0.9148
149.338 0.1725 0.0944 0.9055
149.377 0.1723 0.0931 0.9162
149.417 0.1756 0.0948 0.8958
149.458 0.1763 0.0915 0.9462
149.499 0.1756 0.0948 0.9086
149.539 0.1797 0.0966 0.9086
149.578 0.1851 0.0927 0.8815
149.616 0.1873 0.0937 0.9291
149.660 0.1865 0.0933 0.9241
149.699 0.1890 0.0938 0.8781
149.739 0.1893 0.0933 0.9430
149.779 0.1899 0.0953 0.9430
149.816 0.1871 0.0925 0.8769
149.860 0.1899 0.0912 0.8975
149.900 0.1847 0.0911 0.9355
149.939 0.1802 0.0946 0.9345
149.980 0.1793 0.0949 0.9492
150.019 0.1754 0.0918 0.9761
150.060 0.1690 0.0867 0.9240
150.100 0.1686 0.0880 0.9229
150.141 0.1653 0.0906 0.9345
150.180 0.1645 0.0920 0.9396
150.220 0.1605 0.0893 0.9511
150.260 0.1580 0.0881 0.8929
150.301 0.1532 0.0886 0.9179
150.342 0.1480 0.0881 0.9149
150.382 0.1474 0.0908 0.9363
150.422 0.1495 0.0916 0.9265
150.459 0.1507 0.0877 0.9143
150.503 0.1508 0.0886 0.9007
150.543 0.1512 0.0877 0.9168
150.583 0.1448 0.0879 0.9372
150.622 0.1388 0.0903 0.9120
150.660 0.1311 0.0879 0.9191
150.704 0.1341 0.0899 0.8851
150.744 0.1335 0.0876 0.8819
150.784 0.1338 0.0882 0.8912
150.823 0.1365 0.0878 0.9382
150.862 0.1412 0.0886 0.9119
150.904 0.1424 0.0908 0.9482
150.944 0.1420 0.0882 0.8819
150.984 0.1413 0.0895 0.9021
151.024 0.1409 0.0865 0.8891
151.063 0.1468 0.0885 0.9407
151.103 0.1507 0.0887 0.8803
151.144 0.1612 0.0866 0.9350
151.185 0.1622 0.0857 0.9107
151.225 0.1584 0.0887 0.9097
151.264 0.1561 0.0899 0.8846
151.302 0.1516 0.0898 0.9397
151.346 0.1465 0.0870 0.9305
151.385 0.1443 0.0885 0.8653
151.426 0.1445 0.0896 0.8630
151.466 0.1474 0.0877 0.8666
151.503 0.1480 0.0878 0.8666
151.547 0.1441 0.0894 0.8771
151.587 0.1479 0.0881 0.8666
151.627 0.1463 0.0865 0.8750
151.667 0.1476 0.0882 0.8929
151.706 0.1489 0.0881 0.9414
151.748 0.1510 0.0876 0.9189
151.788 0.1536 0.0856 0.9154
151.828 0.1533 0.0846 0.9067
151.868 0.1549 0.0873 0.9214
151.907 0.1559 0.0905 0.9216
151.947 0.1534 0.0883 0.9172
151.988 0.1535 0.0885 0.9182
152.028 0.1538 0.0861 0.9122
152.069 0.1542 0.0886 0.8995
152.108 0.1556 0.0921 0.8937
152.146 0.1554 0.0920 0.8969
152.190 0.1544 0.0917 0.9105
152.229 0.1528 0.0885 0.9145
152.269 0.1532 0.0873 0.9206
152.309 0.1582 0.0873 0.9136
152.346 0.1609 0.0866 0.8965
152.390 0.1604 0.0880 0.9462
152.430 0.1611 0.0878 0.9167
152.470 0.1567 0.0866 0.9093
152.509 0.1573 0.0860 0.9186
152.550 0.1586 0.0906 0.9136
152.591 0.1595 0.0915 0.9204
152.631 0.1595 0.0898 0.9121
152.671 0.1637 0.0890 0.9426
152.711 0.1660 0.0908 0.9293
152.751 0.1685 0.0909 0.9274
152.790 0.1694 0.0917 0.9306
152.832 0.1681 0.0910 0.9454
152.872 0.1724 0.0927 0.9379
152.912 0.1727 0.0916 0.9290
152.952 0.1762 0.0918 0.9375
152.989 0.1792 0.0925 0.9076
153.033 0.1832 0.0928 0.9455
153.072 0.1846 0.0926 0.9082
153.113 0.1824 0.0922 0.8810
153.153 0.1781 0.0918 0.8789
153.190 0.1804 0.0916 0.9059
153.234 0.1854 0.0941 0.9352
153.273 0.1870 0.0954 0.8862
153.313 0.1898 0.0901 0.8812
153.353 0.1910 0.0926 0.9123
153.392 0.1925 0.0901 0.8885
153.434 0.1929 0.0911 0.9032
153.474 0.1913 0.0930 0.8698
153.514 0.1872 0.0923 0.8826
153.554 0.1811 0.0922 0.9100
153.593 0.1836 0.0928 0.9084
153.633 0.1845 0.0955 0.9283
153.675 0.1839 0.0955 0.9136
153.716 0.1803 0.0949 0.9281
153.756 0.1730 0.0962 0.8890
153.795 0.1699 0.0962 0.8899
153.833 0.1663 0.0948 0.9319
153.877 0.1593 0.0931 0.9257
153.916 0.1554 0.0928 0.9513
153.957 0.1507 0.0909 0.9239
153.996 0.1496 0.0904 0.9070
154.033 0.1559 0.0924 0.9233
154.077 0.1551 0.0940 0.9300
154.117 0.1527 0.0934 0.9238
154.157 0.1514 0.0978 0.9101
154.197 0.1490 0.0978 0.8912
154.237 0.1511 0.0909 0.8753
154.278 0.1546 0.0970 0.8851
154.318 0.1535 0.0943 0.9173
154.357 0.1568 0.0975 0.9005
154.398 0.1564 0.0922 0.8513
154.437 0.1595 0.0911 0.8957
154.477 0.1654 0.0944 0.9376
154.518 0.1661 0.0930 0.9068
154.558 0.1610 0.0945 0.8919
154.598 0.1621 0.0948 0.8939
154.638 0.1679 0.0932 0.9543
154.676 0.1700 0.0881 0.8875
154.720 0.1746 0.0911 0.9194
154.759 0.1730 0.0982 0.9102
154.800 0.1762 0.0931 0.9394
154.840 0.1770 0.0897 0.9319
154.877 0.1754 0.0878 0.8766
154.921 0.1767 0.0842 0.9165
154.961 0.1737 0.0880 0.9119
155.001 0.1682 0.0879 0.8980
155.040 0.1676 0.0873 0.9284
155.079 0.1699 0.0883 0.8873
155.121 0.1659 0.0888 0.8879
155.161 0.1669 0.0944 0.9303
155.201 0.1656 0.0940 0.8887
155.241 0.1666 0.0940 0.8887
155.281 0.1634 0.0899 0.9052
155.320 0.1611 0.0868 0.9193
155.362 0.1653 0.0894 0.9083
155.402 0.1687 0.0890 0.9099
155.442 0.1729 0.0889 0.9006
155.482 0.1729 0.0880 0.9334
155.519 0.1727 0.0866 0.9505
155.563 0.1673 0.0846 0.8995
155.603 0.1673 0.0884 0.9269
155.643 0.1667 0.0880 0.9189
155.682 0.1652 0.0892 0.9399
155.719 0.1657 0.0857 0.9399
155.764 0.1680 0.0868 0.9035
155.803 0.1689 0.0877 0.9494
155.843 0.1670 0.0922 0.9042
155.883 0.1626 0.0895 0.9154
155.923 0.1596 0.0875 0.9077
155.965 0.1596 0.0889 0.9069
156.005 0.1547 0.0886 0.9045
156.045 0.1555 0.0878 0.9090
156.085 0.1569 0.0918 0.9032
156.124 0.1561 0.0854 0.9076
156.164 0.1515 0.0856 0.8903
156.205 0.1422 0.0844 0.9063
156.245 0.1364 0.0851 0.8859
156.286 0.1330 0.0844 0.9332
156.325 0.1330 0.0843 0.9378
156.363 0.1342 0.0855 0.9218
156.407 0.1378 0.0835 0.8808
156.446 0.1364 0.0827 0.8808
156.486 0.1464 0.0856 0.9121
156.526 0.1539 0.0846 0.9127
156.563 0.1586 0.0846 0.9127
156.607 0.1604 0.0859 0.9397
156.647 0.1665 0.0866 0.9015
156.687 0.1735 0.0879 0.9229
156.727 0.1816 0.0904 0.8969
156.766 0.1864 0.0876 0.8959
156.808 0.1869 0.0861 0.9001
156.847 0.1889 0.0864 0.9186
156.887 0.1833 0.0861 0.8975
156.927 0.1845 0.0896 0.8808
156.967 0.1819 0.0900 0.9312
157.008 0.1774 0.0892 0.9555
157.049 0.1744 0.0871 0.9383
157.089 0.1698 0.0908 0.9013
157.129 0.1661 0.0882 0.8993
157.169 0.1629 0.0882 0.9053
157.206 0.1575 0.0921 0.9069
157.250 0.1546 0.0951 0.9073
157.290 0.1530 0.0930 0.8797
157.330 0.1492 0.0916 0.8759
157.369 0.1502 0.0920 0.8923
157.407 0.1483 0.0888 0.8603
157.451 0.1472 0.0974 0.8887
157.491 0.1475 0.0963 0.8985
157.531 0.1492 0.0973 0.8543
157.570 0.1557 0.0989 0.8640
157.610 0.1616 0.0989 0.8613
157.651 0.1681 0.0945 0.9172
157.691 0.1717 0.0988 0.8943
157.731 0.1728 0.0956 0.8770
157.771 0.1734 0.0995 0.8783
157.810 0.1787 0.1016 0.8512
157.850 0.1811 0.1003 0.8839
157.891 0.1871 0.0989 0.9213
157.931 0.1895 0.1015 0.8922
157.971 0.1889 0.1012 0.9248
158.011 0.1921 0.0993 0.9470
158.050 0.1911 0.1029 0.9003
158.093 0.1904 0.1030 0.9018
158.133 NaN 0.1042 0.9073
158.174 NaN 0.1017 0.8933
158.213 NaN 0.1016 0.8786
158.250 NaN 0.1000 0.8754
158.294 NaN 0.0984 0.8716
158.334 NaN 0.1009 0.8921
158.374 NaN 0.0960 0.9250
158.414 NaN 0.0979 0.8869
