7.169 NaN 0.0756 0.9043
7.210 NaN 0.0743 0.8948
7.250 NaN 0.0795 0.8916
7.291 NaN 0.0776 0.8887
7.331 NaN 0.0780 0.9105
7.370 NaN 0.0743 0.9082
7.412 NaN 0.0741 0.9277
7.451 0.2384 0.0734 0.8898
7.492 0.2379 0.0824 0.9439
7.532 0.2329 0.0791 0.8858
7.572 0.2332 0.0793 0.8890
7.609 0.2318 0.0772 0.9048
7.653 0.2242 0.0801 0.9198
7.693 0.2209 0.0821 0.9095
7.733 0.2211 0.0837 0.9388
7.772 0.2199 0.0823 0.9273
7.809 0.2142 0.0825 0.9120
7.854 0.2130 0.0813 0.9092
7.893 0.2121 0.0829 0.9118
7.934 0.2071 0.0838 0.9250
7.973 0.2052 0.0827 0.9372
8.013 0.2051 0.0822 0.9358
8.054 0.2080 0.0817 0.9333
8.094 0.2103 0.0795 0.9705
8.134 0.2172 0.0821 0.9439
8.174 0.2209 0.0824 0.9277
8.213 0.2233 0.0818 0.9305
8.253 0.2255 0.0799 0.9141
8.294 0.2347 0.0789 0.9225
8.335 0.2411 0.0813 0.9393
8.375 0.2416 0.0823 0.9246
8.415 0.2434 0.0833 0.9297
8.453 0.2442 0.0798 0.9121
8.497 0.2486 0.0809 0.8827
8.536 0.2521 0.0846 0.9291
8.576 0.2552 0.0835 0.9025
8.616 0.2553 0.0831 0.9206
8.653 0.2543 0.0822 0.9353
8.697 0.2559 0.0795 0.9190
8.737 0.2566 0.0776 0.9376
8.777 0.2586 0.0833 0.8969
8.817 0.2562 0.0849 0.9330
8.857 0.2524 0.0842 0.9391
8.898 0.2508 0.0826 0.9331
8.937 0.2534 0.0829 0.9415
8.978 0.2498 0.0838 0.9792
9.018 0.2477 0.0850 0.9443
9.057 0.2400 0.0875 0.9173
9.097 0.2347 0.0851 0.9265
9.138 0.2314 0.0831 0.9215
9.178 0.2251 0.0846 0.9048
9.220 0.2150 0.0876 0.9188
9.258 0.2025 0.0885 0.8653
9.295 0.1910 0.0860 0.9143
9.339 0.1843 0.0872 0.8991
9.379 0.1802 0.0855 0.9317
9.419 0.1752 0.0854 0.9356
9.459 0.1683 0.0897 0.9261
9.496 0.1601 0.0868 0.8947
9.541 0.1574 0.0902 0.9077
9.580 0.1585 0.0855 0.9224
9.621 0.1588 0.0874 0.9301
9.660 0.1574 0.0943 0.9309
9.700 0.1601 0.0936 0.9219
9.741 0.1634 0.0903 0.9118
9.781 0.1663 0.0902 0.9064
9.821 0.1650 0.0906 0.9083
9.861 0.1665 0.0932 0.9054
9.900 0.1651 0.0910 0.9132
9.940 0.1638 0.0908 0.9306
9.981 0.1647 0.0909 0.9818
10.022 0.1677 0.0859 0.9275
10.062 0.1672 0.0874 0.9215
10.101 0.1681 0.0907 0.9170
10.139 0.1723 0.0905 0.9072
10.183 0.1774 0.0861 0.9225
10.223 0.1799 0.0853 0.9225
10.264 0.1823 0.0858 0.9448
10.302 0.1848 0.0866 0.9351
10.340 0.1873 0.0892 0.9394
10.384 0.1889 0.0888 0.9286
10.423 0.1889 0.0890 0.8949
10.463 0.1926 0.0886 0.8979
10.503 0.1973 0.0850 0.9085
10.543 0.2030 0.0875 0.9121
10.584 0.2057 0.0884 0.9132
10.625 0.2030 0.0863 0.9026
10.665 0.2009 0.0855 0.9285
10.705 0.2005 0.0829 0.9132
10.744 0.2045 0.0834 0.9399
10.784 0.2081 0.0854 0.9354
10.825 0.2135 0.0840 0.9119
10.866 0.2193 0.0871 0.9136
10.905 0.2290 0.0882 0.8759
10.945 0.2400 0.0904 0.9136
10.983 0.2454 0.0875 0.8969
11.027 0.2486 0.0905 0.9075
11.066 0.2472 0.0844 0.8944
11.106 0.2506 0.0836 0.8773
11.146 0.2547 0.0791 0.9217
11.183 0.2575 0.0809 0.9129
11.227 0.2542 0.0830 0.8941
11.267 0.2547 0.0807 0.9023
11.307 0.2578 0.0768 0.9056
11.347 0.2538 0.0745 0.9252
11.387 0.2493 0.0758 0.9328
11.428 0.2454 0.0776 0.9355
11.467 0.2398 0.0767 0.9475
11.507 0.2341 0.0783 0.9294
11.547 0.2298 0.0747 0.9388
11.587 0.2267 0.0757 0.9500
11.626 0.2224 0.0754 0.9573
11.668 0.2162 0.0787 0.9548
11.709 0.2148 0.0817 0.9443
11.749 0.2138 0.0774 0.9075
11.789 0.2086 0.0786 0.9348
11.827 0.2009 0.0786 0.9155
11.870 0.2006 0.0811 0.9397
11.910 0.1974 0.0842 0.9033
11.950 0.1944 0.0848 0.9197
11.989 0.1921 0.0810 0.9183
12.027 0.1914 0.0821 0.9233
12.071 0.1882 0.0828 0.9193
12.111 0.1845 0.0832 0.9153
12.150 0.1847 0.0835 0.8905
12.190 0.1839 0.0815 0.9209
12.230 0.1843 0.0803 0.8992
12.271 0.1841 0.0785 0.8689
12.311 0.1886 0.0811 0.8953
12.351 0.1909 0.0872 0.9002
12.391 0.1893 0.0843 0.9297
12.430 0.1861 0.0841 0.8663
12.470 0.1846 0.0831 0.8977
12.511 0.1856 0.0880 0.9429
12.552 0.1847 0.0861 0.8847
12.592 0.1877 0.0854 0.9018
12.631 0.1875 0.0839 0.8765
12.669 0.1837 0.0850 0.8857
12.713 0.1828 0.0824 0.8849
12.753 0.1788 0.0863 0.8936
12.792 0.1781 0.0886 0.8677
12.833 0.1743 0.0856 0.8903
12.870 0.1709 0.0864 0.9207
12.914 0.1722 0.0870 0.9145
12.954 0.1734 0.0898 0.8685
12.994 0.1734 0.0982 0.9160
13.033 0.1725 0.0957 0.8633
13.074 0.1693 0.0991 0.8499
13.115 0.1681 0.0987 0.8619
13.154 0.1698 0.0992 0.9240
13.195 0.1663 0.1002 0.9080
13.235 0.1678 0.0988 0.9210
13.274 0.1645 0.0975 0.9032
13.314 0.1645 0.0943 0.9204
13.355 0.1637 0.0933 0.9374
13.395 0.1607 0.0958 0.9148
13.435 0.1626 0.0970 0.9328
13.475 0.1611 0.1000 0.9452
13.513 0.1596 0.0990 0.8952
13.556 0.1614 0.0916 0.9227
13.596 0.1632 0.0969 0.9116
13.636 0.1649 0.1012 0.8869
13.676 0.1700 0.0946 0.9422
13.713 0.1690 0.0991 0.9188
13.757 0.1730 0.0990 0.9131
13.797 0.1778 0.0955 0.8727
13.837 0.1825 0.0980 0.9048
13.877 0.1901 0.0994 0.9146
13.917 0.1968 0.0916 0.8846
13.958 0.2015 0.0897 0.9508
13.998 0.2093 0.0881 0.9232
14.038 0.2166 0.0900 0.9328
14.078 0.2248 0.0891 0.9317
14.118 0.2298 0.0908 0.9503
14.157 0.2331 0.0897 0.9418
14.199 0.2392 0.0901 0.9112
14.239 0.2416 0.0879 0.9289
14.279 0.2443 0.0889 0.9254
14.318 0.2480 0.0875 0.9639
14.356 0.2487 0.0874 0.9270
14.400 0.2432 0.0843 0.9047
14.440 0.2395 0.0839 0.9381
14.480 0.2384 0.0900 0.9271
14.519 0.2350 0.0839 0.9507
14.556 0.2246 0.0851 0.9615
14.601 0.2117 0.0836 0.9643
14.641 0.2007 0.0817 0.9497
14.680 0.1911 0.0835 0.9419
14.720 0.1838 0.0844 0.9363
14.760 0.1778 0.0858 0.9363
14.801 0.1698 0.0847 0.9087
14.841 0.1632 0.0820 0.9281
14.881 0.1597 0.0838 0.9371
14.921 0.1590 0.0822 0.8933
14.960 0.1526 0.0847 0.9044
15.000 0.1443 0.0846 0.8916
15.042 0.1436 0.0829 0.8939
15.083 0.1477 0.0819 0.8555
15.123 0.1526 0.0830 0.8233
15.162 0.1535 0.0829 0.8752
15.200 0.1522 0.0841 0.8349
15.244 0.1527 0.0838 0.8451
15.283 0.1506 0.0852 0.7934
15.323 0.1483 0.0836 0.8169
15.363 0.1442 0.0849 0.7910
15.402 0.1381 0.0855 0.7759
15.444 0.1330 0.0854 0.7705
15.484 0.1347 0.0840 0.7919
15.524 0.1348 0.0835 0.7830
15.564 0.1327 0.0831 0.7759
15.604 0.1284 0.0846 0.7876
15.644 0.1291 0.0878 0.7939
15.685 0.1323 0.0863 0.7474
15.725 0.1316 0.0843 0.8123
15.765 0.1397 0.0815 0.8059
15.804 0.1528 0.0834 0.7887
15.843 0.1440 0.0822 0.7727
15.885 0.1349 0.0796 0.7216
15.925 0.1358 0.0796 0.7010
15.965 0.1320 0.0816 0.7508
16.005 0.1303 0.0799 0.7626
16.042 0.1267 0.0737 0.8851
16.086 0.1256 0.0874 0.7345
16.126 0.1207 0.0864 0.6915
16.167 0.1161 0.0983 0.6705
16.206 0.1143 0.0926 0.6755
16.243 0.1082 0.0980 0.6795
16.288 0.0839 0.0892 0.6696
16.328 0.1014 0.0983 0.6648
16.368 0.1026 0.0983 0.6438
16.407 0.1013 0.0957 0.6056
16.447 0.1030 0.0932 0.6010
16.488 0.1006 0.0847 0.6118
16.528 0.1001 0.0989 0.6010
16.568 0.1017 0.0983 0.6162
16.608 0.1020 0.0837 0.5940
16.648 0.1000 0.0873 0.5678
16.687 0.1416 0.0868 0.5594
16.729 0.3566 0.0927 0.5784
16.769 0.3637 0.1000 0.5560
16.809 0.3679 0.0943 0.5547
16.848 0.3774 0.0951 0.5499
16.886 0.3868 0.0922 0.5532
16.930 0.3946 0.0986 0.5356
16.969 0.4053 0.0817 0.9289
17.009 0.4132 0.0794 0.9077
17.049 0.4160 0.0788 0.9609
17.086 0.4240 0.0800 0.9277
17.130 0.4382 0.0782 0.8988
17.170 0.4489 0.0839 0.9215
17.210 0.2578 0.0802 0.8902
17.250 0.1988 0.0782 0.8829
17.291 0.2023 0.0786 0.8873
17.332 0.2022 0.0795 0.9073
17.372 0.2008 0.0800 0.9143
17.412 0.1992 0.0800 0.8985
17.452 0.1968 0.0796 0.9076
17.491 0.1944 0.0804 0.9291
17.531 0.2015 0.0818 0.8851
17.572 0.2028 0.0814 0.9229
17.613 0.1989 0.0819 0.9558
17.652 0.1985 0.0810 0.9558
17.692 0.2006 0.0809 0.9060
17.729 0.2021 0.0776 0.9033
17.773 0.2014 0.0777 0.9073
17.813 0.1987 0.0811 0.9386
17.853 0.1954 0.0815 0.9132
17.893 0.1984 0.0799 0.9323
17.930 0.2009 0.0778 0.9106
17.974 0.2032 0.0734 0.9162
18.014 0.2042 0.0758 0.9474
18.054 0.2050 0.0751 0.9204
18.094 0.2038 0.0743 0.9012
18.134 0.2027 0.0756 0.8945
18.174 0.1979 0.0759 0.9386
18.214 0.1993 0.0758 0.9011
18.255 0.2008 0.0764 0.8934
18.294 0.1979 0.0774 0.9236
18.334 0.2028 0.0777 0.8827
18.374 0.2067 0.0762 0.9007
18.416 0.2048 0.0761 0.9179
18.456 0.2231 0.0766 0.8722
18.496 0.2731 0.0798 0.9115
18.536 0.2594 0.0783 0.8576
18.573 0.2503 0.0743 0.8717
18.617 0.2385 0.0742 0.8717
18.656 0.2314 0.0759 0.8895
18.697 0.2211 0.0769 0.8653
18.736 0.2093 0.0907 0.6374
18.774 0.2045 0.0882 0.6668
18.818 0.1936 0.0882 0.6878
18.857 0.1830 0.0882 0.6878
18.897 0.1745 0.0918 0.6628
18.937 0.1640 0.0933 0.6836
18.977 0.1001 0.0939 0.6786
19.018 0.0819 0.0973 0.6668
19.058 0.0808 0.0989 0.6578
19.098 0.0850 0.1009 0.6578
19.138 0.0895 0.1102 0.6528
19.178 0.0910 0.1046 0.6580
19.217 0.0906 0.0905 0.6682
19.258 0.0898 0.1159 0.6402
19.299 0.0878 0.0897 0.6554
19.339 0.0871 0.0957 0.6554
19.378 0.0858 0.1201 0.6422
19.416 0.0880 0.1187 0.6511
19.460 0.0884 0.1014 0.6804
19.500 0.0913 0.1106 0.6610
19.540 0.0960 0.0967 0.7162
19.580 0.0991 0.1213 0.7162
19.617 0.0958 0.1082 0.6894
19.661 0.0973 0.1244 0.7072
19.701 0.0988 0.1065 0.6830
19.741 0.1076 0.1005 0.7282
19.781 0.1154 0.1025 0.7322
19.821 0.1187 0.0991 0.7930
19.862 0.1200 0.0986 0.7930
19.902 0.1215 0.0918 0.7870
19.952 0.1232 0.0909 0.7929
19.981 0.1229 0.0896 0.8300
20.021 0.1223 0.0909 0.8212
20.061 0.1211 0.0923 0.8212
20.102 0.1202 0.0943 0.8008
20.142 0.1227 0.0970 0.7884
20.182 0.1261 0.0971 0.7504
20.222 0.1245 0.0935 0.7890
20.259 0.1175 0.0940 0.8020
20.303 0.1182 0.0940 0.7890
20.343 0.1206 0.0928 0.7890
20.383 0.1197 0.0944 0.8726
20.423 0.1172 0.0922 0.8186
20.459 0.1178 0.0930 0.8320
20.515 0.1195 0.0965 0.8324
20.543 0.1207 0.0944 0.8437
20.584 0.1282 0.0965 0.8200
20.624 0.1282 0.0957 0.8007
20.664 0.1255 0.0964 0.8206
20.705 0.1210 0.0988 0.8345
20.745 0.1208 0.0963 0.8455
20.785 0.1218 0.0931 0.8660
20.825 0.1194 0.0935 0.8705
20.864 0.1202 0.0959 0.8645
20.904 0.1233 0.0963 0.8241
20.945 0.1241 0.0958 0.8391
20.985 0.1239 0.0937 0.8628
21.025 0.1243 0.0947 0.8456
21.065 0.1208 0.0954 0.8116
21.102 0.1187 0.0943 0.8416
21.146 0.1224 0.0937 0.8710
21.186 0.1260 0.0933 0.8739
21.226 0.1299 0.0943 0.8694
21.266 0.1284 0.0910 0.8868
21.303 0.1314 0.0905 0.8618
21.347 0.1300 0.0946 0.8517
21.387 0.1288 0.0919 0.8609
21.427 0.1300 0.0910 0.8776
21.467 0.1325 0.0912 0.8405
21.507 0.1328 0.0891 0.8706
21.547 0.1319 0.0933 0.8752
21.587 0.1318 0.0953 0.8443
21.628 0.1259 0.0918 0.8449
21.668 0.1229 0.0888 0.8627
21.708 0.1222 0.0904 0.8420
21.748 0.1210 0.0906 0.8640
21.789 0.1169 0.0906 0.8666
21.829 0.1185 0.0932 0.8489
21.869 0.1192 0.0907 0.8712
21.909 0.1162 0.0917 0.8449
21.946 0.1109 0.0939 0.8446
21.991 0.1049 0.0938 0.8629
22.030 0.0991 0.0919 0.8446
22.070 0.0955 0.0878 0.8419
22.110 0.0936 0.0869 0.8419
22.147 0.0880 0.0865 0.8486
22.191 0.0804 0.0885 0.8349
22.230 0.0764 0.0945 0.8560
22.271 0.0742 0.0926 0.8361
22.311 0.0677 0.0855 0.8602
22.350 0.0635 0.0839 0.8618
22.391 0.0588 0.0872 0.8569
22.431 0.0576 0.0891 0.8618
22.471 0.0546 0.0899 0.8618
22.511 0.0569 0.0871 0.8530
22.551 0.0570 0.0916 0.8494
22.590 0.0552 0.0885 0.8485
22.631 0.0572 0.0866 0.8422
22.672 0.0577 0.0895 0.8326
22.712 0.0590 0.0893 0.8486
22.751 0.0628 0.0906 0.8146
22.789 0.0635 0.0885 0.8198
22.834 0.0668 0.0898 0.8142
22.874 0.0701 0.0896 0.8326
22.913 0.0728 0.0897 0.8266
22.953 0.0792 0.0888 0.8006
22.990 0.0790 0.0889 0.8370
23.035 0.0773 0.0887 0.8230
23.074 0.0800 0.0887 0.8253
23.114 0.0837 0.0894 0.8209
23.154 0.0887 0.0909 0.8435
23.194 0.0930 0.0882 0.8132
23.235 0.0939 0.0881 0.7562
23.275 0.0999 0.0875 0.8036
23.316 0.1008 0.0875 0.8036
23.355 0.1011 0.0884 0.8445
23.394 0.1011 0.0896 0.8010
23.434 0.0979 0.0915 0.8143
23.475 0.1000 0.0885 0.8073
23.516 0.1003 0.0924 0.8094
23.556 0.1002 0.0923 0.8163
23.595 0.1012 0.0925 0.8194
23.632 0.1000 0.0892 0.8260
23.677 0.1001 0.0899 0.8269
23.716 0.0987 0.0904 0.8216
23.756 0.0950 0.0902 0.8006
23.796 0.0947 0.0955 0.8444
23.834 0.0937 0.0934 0.8569
23.877 0.0953 0.0904 0.8660
23.917 0.0958 0.0896 0.8418
23.958 0.0951 0.0931 0.8688
23.998 0.0989 0.0927 0.8353
24.038 0.1041 0.0915 0.8303
24.079 0.1054 0.0895 0.8504
24.118 0.1048 0.0872 0.8350
24.159 0.1058 0.0907 0.8286
24.199 0.1092 0.0924 0.8346
24.238 0.1125 0.0939 0.8440
24.277 0.1087 0.0939 0.8373
24.319 0.1086 0.0924 0.8255
24.359 0.1065 0.0908 0.8255
24.399 0.1047 0.0930 0.8484
24.439 0.1027 0.0930 0.9025
24.476 0.0997 0.0929 0.8840
24.520 0.0976 0.0935 0.8294
24.560 0.0943 0.0944 0.8460
24.600 0.0957 0.0945 0.8553
24.639 0.0940 0.0958 0.8334
24.677 0.0851 0.1022 0.8475
24.721 0.0836 0.0965 0.8519
24.761 0.0844 0.0993 0.8398
24.801 0.0871 0.1020 0.8458
24.840 0.0874 0.1081 0.8620
24.880 0.0898 0.1030 0.8559
24.921 0.0919 0.1007 0.8399
24.961 0.0935 0.1002 0.8662
25.001 0.0941 0.1039 0.8577
25.042 0.0909 0.1055 0.8227
25.082 0.0887 0.1122 0.8443
25.121 0.0888 0.1068 0.8493
25.162 0.1019 0.1102 0.8413
25.203 0.0994 0.1080 0.8504
25.243 0.1043 0.1060 0.8409
25.283 0.1087 0.1073 0.8508
25.320 0.1092 0.1076 0.8459
25.364 0.1070 0.1120 0.8459
25.404 0.1085 0.1119 0.8508
25.444 0.1118 0.1115 0.8170
25.483 0.1128 0.1130 0.8275
25.520 0.1137 0.1142 0.8523
25.564 0.1181 0.1123 0.8523
25.605 0.1210 0.1147 0.7926
25.644 0.1191 0.1128 0.8429
25.684 0.1169 0.1137 0.8415
25.724 0.1183 0.1168 0.8184
25.765 0.1134 0.1144 0.8379
25.805 0.1122 0.1114 0.8432
25.845 0.1140 0.1106 0.8600
25.885 0.1167 0.1125 0.8523
25.924 0.1153 0.1128 0.8407
25.964 0.1114 0.1148 0.8903
26.005 0.1111 0.1162 0.8862
26.046 0.1134 0.1114 0.8865
26.085 0.1127 0.1071 0.8593
26.125 0.1107 0.1139 0.8479
26.163 0.1149 0.1176 0.8371
26.208 0.1126 0.1218 0.8688
26.247 0.1119 0.1163 0.8533
26.287 0.1117 0.1107 0.8465
26.327 0.1126 0.1116 0.8418
26.364 0.1080 0.1146 0.8871
26.408 0.1084 0.1109 0.8875
26.448 0.1109 0.1133 0.8649
26.488 0.1145 0.1118 0.8742
26.528 0.1121 0.1064 0.8459
26.568 0.1110 0.1115 0.8637
26.609 0.1109 0.1122 0.8747
26.648 0.1077 0.1119 0.8497
26.689 0.1093 0.1104 0.8331
26.728 0.1120 0.1089 0.8097
26.768 0.1190 0.1082 0.8474
26.808 0.1198 0.1075 0.8523
26.849 0.1274 0.1109 0.8453
26.889 0.1343 0.1084 0.8219
26.929 0.1424 0.1124 0.8283
26.969 0.1465 0.1084 0.8603
27.006 0.1479 0.1084 0.8875
27.050 0.1520 0.1120 0.8687
27.090 0.1555 0.1088 0.8455
27.130 0.1546 0.1094 0.8303
27.170 0.1533 0.1066 0.8767
27.208 0.1526 0.1060 0.8703
27.251 0.1489 0.1066 0.8719
27.292 0.1508 0.1058 0.8739
27.332 0.1513 0.1019 0.8742
27.371 0.1533 0.1021 0.8655
27.412 0.1550 0.0979 0.8346
27.452 0.1522 0.1007 0.8422
27.492 0.1498 0.1024 0.8486
27.532 0.1465 0.1040 0.8576
27.572 0.1420 0.1027 0.8766
27.612 0.1435 0.1019 0.8664
27.651 0.1432 0.1027 0.8340
27.693 0.1425 0.1027 0.8743
27.733 0.1381 0.1018 0.8863
27.773 0.1298 0.1013 0.8793
27.812 0.1226 0.1003 0.8883
27.850 0.1120 0.1004 0.9123
27.894 0.0965 0.1011 0.9123
27.934 0.0884 0.1045 0.9123
27.974 0.0872 0.1052 0.9139
28.013 0.0874 0.1032 0.8642
28.050 0.0911 0.1021 0.8956
28.094 0.0909 0.1033 0.8546
28.134 0.0920 0.1085 0.8865
28.174 0.0893 0.1070 0.8627
28.214 0.0895 0.1021 0.9004
28.254 0.0931 0.1027 0.8807
28.295 0.0945 0.1014 0.8657
28.334 0.1025 0.1064 0.8810
28.375 0.1031 0.1025 0.8890
28.416 0.1055 0.1045 0.8504
28.455 0.1053 0.1037 0.8674
28.495 0.1057 0.1021 0.8329
28.536 0.1027 0.1007 0.8604
28.576 0.0977 0.1043 0.8611
28.616 0.0915 0.1022 0.8775
28.656 0.0898 0.1041 0.8647
28.693 0.0873 0.1015 0.8112
28.738 0.0840 0.1005 0.8673
28.777 0.0868 0.0992 0.8791
28.817 0.0806 0.1016 0.8653
28.857 0.0818 0.1015 0.8793
28.893 0.0840 0.1005 0.8647
28.938 0.0852 0.1008 0.8234
28.978 0.0845 0.0969 0.8703
29.018 0.0845 0.1000 0.8653
29.058 0.0851 0.1053 0.8673
29.098 0.0878 0.0990 0.8653
29.138 0.0942 0.1060 0.8857
29.178 0.1021 0.0997 0.8502
29.218 0.1097 0.1115 0.8930
29.258 0.1118 0.1049 0.8481
29.298 0.1174 0.1057 0.8935
29.338 0.1191 0.0999 0.8665
29.379 0.1164 0.0982 0.9189
29.419 0.1141 0.0987 0.8923
29.459 0.1146 0.1037 0.8793
29.499 0.1146 0.1019 0.8429
29.537 0.1147 0.1012 0.8315
29.581 0.1211 0.1044 0.8663
29.620 0.1219 0.1043 0.9027
29.661 0.1214 0.1038 0.8429
29.700 0.1211 0.1065 0.8705
29.737 0.1228 0.1035 0.8750
29.782 0.1209 0.1022 0.8723
29.821 0.1225 0.0967 0.8536
29.861 0.1242 0.0979 0.8806
29.901 0.1267 0.0993 0.8596
29.941 0.1287 0.0985 0.8516
29.982 0.1321 0.1008 0.9077
30.022 0.1395 0.0974 0.8905
30.062 0.1409 0.0974 0.8966
30.102 0.1435 0.0975 0.8895
30.141 0.1493 0.0975 0.8895
30.181 0.1527 0.0961 0.8905
30.222 0.1537 0.0975 0.9335
30.263 0.1596 0.0955 0.9209
30.303 0.1639 0.0940 0.9045
30.342 0.1701 0.0985 0.9173
30.380 0.1736 0.0995 0.9105
30.424 0.1768 0.0976 0.9179
30.463 0.1814 0.0975 0.8752
30.504 0.1833 0.0932 0.8879
30.543 0.1879 0.0976 0.8689
30.581 0.1890 0.0988 0.8837
30.625 0.1871 0.0964 0.8913
30.665 0.1826 0.0942 0.8833
30.705 0.1838 0.0940 0.8468
30.745 0.1828 0.0955 0.8874
30.785 0.1802 0.0992 0.8849
30.826 0.1741 0.0978 0.8569
30.865 0.1716 0.0968 0.8549
30.906 0.1759 0.0956 0.8289
30.946 0.1770 0.0923 0.8533
30.985 0.1755 0.0981 0.8973
31.024 0.1701 0.0998 0.8424
31.066 0.1663 0.0969 0.8565
31.106 0.1654 0.0958 0.8525
31.146 0.1681 0.0955 0.8115
31.186 0.1703 0.0984 0.8719
31.223 0.1676 0.0974 0.8732
31.267 0.1640 0.0966 0.8525
31.307 0.1659 0.0966 0.8509
31.347 0.1689 0.0973 0.8713
31.387 0.1698 0.0949 0.8995
31.424 0.1677 0.0980 0.8835
31.468 0.1607 0.0994 0.8609
31.508 0.1641 0.0949 0.8786
31.548 0.1696 0.0951 0.8533
31.587 0.1716 0.0963 0.8473
31.627 0.1747 0.0975 0.8219
31.668 0.1725 0.1026 0.8283
31.709 0.1753 0.0995 0.8435
31.749 0.1798 0.1009 0.8497
31.789 0.1813 0.1009 0.8707
31.829 0.1819 0.1006 0.8266
31.868 0.1783 0.1008 0.8749
31.909 0.1733 0.1007 0.8650
31.950 0.1784 0.1007 0.8306
31.990 0.1773 0.0961 0.8290
32.029 0.1754 0.0961 0.8346
32.067 0.1729 0.0997 0.8511
32.111 0.1660 0.1041 0.8255
32.151 0.1621 0.1004 0.8771
32.191 0.1572 0.0987 0.8771
32.231 0.1520 0.0943 0.8377
32.267 0.1448 0.0968 0.8807
32.312 0.1410 0.0998 0.8832
32.351 0.1385 0.0991 0.8823
32.391 0.1394 0.1007 0.9006
32.431 0.1375 0.0962 0.8991
32.471 0.1359 0.0943 0.9053
32.512 0.1316 0.0964 0.9015
32.552 0.1299 0.0975 0.9291
32.592 0.1331 0.0997 0.8881
32.632 0.1352 0.0965 0.8783
32.671 0.1370 0.0958 0.8955
32.711 0.1366 0.0953 0.8478
32.752 0.1400 0.0973 0.8778
32.792 0.1396 0.1010 0.9045
32.833 0.1388 0.0998 0.8971
32.873 0.1374 0.0957 0.8859
32.910 0.1362 0.0961 0.8679
32.955 0.1357 0.0969 0.9019
32.994 0.1334 0.1031 0.8829
33.034 0.1340 0.1033 0.8743
33.074 0.1341 0.1012 0.8746
33.111 0.1344 0.0996 0.9063
33.155 0.1354 0.0971 0.8653
33.195 0.1381 0.1019 0.8417
33.235 0.1407 0.1039 0.8673
33.275 0.1466 0.1031 0.8399
33.314 0.1532 0.0948 0.9033
33.355 0.1582 0.0972 0.9190
33.395 0.1581 0.0975 0.9058
33.435 0.1596 0.1038 0.8649
33.475 0.1653 0.1048 0.8849
33.515 0.1716 0.1009 0.8935
33.554 0.1728 0.1069 0.8733
33.595 0.1697 0.1052 0.8729
33.636 0.1708 0.0998 0.8683
33.676 0.1722 0.1078 0.8469
33.715 0.1713 0.1080 0.8926
33.753 0.1684 0.1042 0.8832
33.797 0.1669 0.1076 0.8604
33.837 0.1637 0.1076 0.8597
33.877 0.1657 0.1089 0.8910
33.917 0.1617 0.1062 0.9104
33.954 0.1554 0.1138 0.8847
33.999 0.1521 0.1050 0.8973
34.038 0.1517 0.1024 0.8914
34.078 0.1511 0.1050 0.8912
34.118 0.1562 0.1079 0.8484
34.158 0.1566 0.1146 0.8739
34.199 0.1555 0.1100 0.8600
34.239 0.1575 0.1051 0.8579
34.279 0.1544 0.1087 0.8959
34.319 0.1538 0.1117 0.8839
34.358 0.1549 0.1095 0.8969
34.398 0.1586 0.1090 0.8480
34.439 0.1697 0.1034 0.8739
34.480 0.1780 0.1031 0.8710
34.520 0.1827 0.1058 0.8992
34.559 0.1888 0.1057 0.8466
34.596 0.1866 0.1070 0.8999
34.641 0.1901 0.1047 0.8648
34.681 0.1964 0.1006 0.9003
34.720 0.1951 0.1073 0.8806
34.760 0.2009 0.1011 0.8848
34.797 0.2039 0.0996 0.8907
34.841 0.2051 0.1033 0.8929
34.881 0.2099 0.0992 0.8889
34.921 0.2077 0.1012 0.8933
34.961 0.2080 0.1041 0.8563
35.001 0.2070 0.1048 0.8957
35.042 0.2029 0.1034 0.8703
35.083 0.2074 0.1022 0.8803
35.123 0.2067 0.1005 0.8889
35.163 0.2009 0.1004 0.9451
35.202 0.2007 0.1021 0.8841
35.241 0.1958 0.1007 0.8713
35.283 0.1933 0.0989 0.9113
35.323 0.2001 0.1027 0.9113
35.363 0.2011 0.1004 0.9063
35.403 0.2056 0.1023 0.8729
35.440 0.2032 0.1026 0.8755
35.484 0.2010 0.1019 0.8879
35.524 0.2013 0.0984 0.8828
35.564 0.2037 0.0991 0.8887
35.604 0.1998 0.0981 0.8869
35.641 0.1964 0.1045 0.8954
35.685 0.1984 0.1009 0.9061
35.725 0.2033 0.0992 0.8975
35.765 0.2088 0.0970 0.9085
35.804 0.2084 0.1005 0.8937
35.844 0.2047 0.1024 0.9003
35.885 0.1990 0.1028 0.9252
35.925 0.1989 0.1004 0.8950
35.965 0.1986 0.0990 0.8950
36.005 0.2018 0.0999 0.9020
36.044 0.1971 0.0988 0.8793
36.090 0.1956 0.1010 0.8793
36.126 0.2002 0.1023 0.8999
36.167 0.2029 0.0990 0.8909
36.207 0.2032 0.0971 0.9029
36.246 0.2037 0.0969 0.9003
36.284 0.2012 0.1023 0.8772
36.328 0.2009 0.0995 0.8795
36.368 0.2000 0.0984 0.8729
36.408 0.1990 0.1013 0.8811
36.447 0.1986 0.1003 0.9011
36.484 0.1926 0.1009 0.8915
36.529 0.1864 0.1046 0.8593
36.568 0.1833 0.1024 0.8503
36.608 0.1783 0.1019 0.8466
36.648 0.1745 0.0991 0.8572
36.688 0.1737 0.1027 0.8791
36.729 0.1700 0.1010 0.8765
36.769 0.1645 0.0989 0.8556
36.809 0.1612 0.1019 0.8431
36.849 0.1565 0.1019 0.8253
36.888 0.1509 0.1010 0.8785
36.928 0.1436 0.1055 0.8778
36.970 0.1383 0.1035 0.9068
37.010 0.1340 0.1041 0.8772
37.050 0.1327 0.1016 0.8539
37.089 0.1296 0.1055 0.8576
37.126 0.1256 0.1062 0.8922
37.171 0.1165 0.1062 0.8742
37.210 0.1084 0.1071 0.8802
37.250 0.1035 0.1039 0.8802
37.291 0.0978 0.1024 0.8482
37.328 0.0903 0.1000 0.8802
37.372 0.0897 0.1003 0.8544
37.412 0.0875 0.1044 0.8544
37.452 0.0874 0.1002 0.8604
37.492 0.0908 0.0989 0.8851
37.532 0.0915 0.1004 0.8761
37.572 0.0932 0.1005 0.8521
37.612 0.0947 0.1007 0.8511
37.653 0.1018 0.0995 0.8511
37.693 0.1139 0.1003 0.8602
37.732 0.1259 0.1004 0.8262
37.772 0.1363 0.1005 0.8251
37.813 0.1484 0.0976 0.8505
37.853 0.1565 0.0981 0.8834
37.894 0.1646 0.0986 0.8619
37.933 0.1779 0.0986 0.8405
37.970 0.1878 0.0936 0.8984
38.014 0.1983 0.0943 0.8914
38.054 0.2065 0.0955 0.8773
38.094 0.2104 0.0940 0.8916
38.134 0.2155 0.0917 0.9244
38.170 0.2170 0.0906 0.8708
38.215 0.2154 0.0909 0.8930
38.255 0.2150 0.0935 0.9349
38.295 0.2172 0.0941 0.9039
38.334 0.2151 0.0923 0.8802
38.375 0.2200 0.0895 0.9176
38.416 0.2164 0.0913 0.8845
38.456 0.2142 0.0948 0.9004
38.497 0.2142 0.0936 0.9061
38.536 0.2119 0.0935 0.8906
38.575 0.2164 0.0928 0.8883
38.615 0.2191 0.0954 0.8887
38.656 0.2189 0.0947 0.8855
38.697 0.2190 0.0961 0.8737
38.737 0.2198 0.0945 0.8725
38.776 0.2198 0.0953 0.8935
38.814 0.2177 0.0945 0.9027
38.858 0.2159 0.0925 0.9161
38.897 0.2175 0.0940 0.9138
38.937 0.2157 0.0958 0.9061
38.977 0.2148 0.0930 0.8924
39.014 0.2158 0.0943 0.9169
39.058 0.2204 0.0934 0.8930
39.098 0.2239 0.0947 0.8987
39.138 0.2271 0.0941 0.8738
39.178 0.2294 0.0941 0.9137
39.218 0.2345 0.0949 0.8621
39.259 0.2335 0.0886 0.8599
39.299 0.2447 0.0879 0.9165
39.339 0.2576 0.0904 0.8938
39.379 0.2680 0.0898 0.8747
39.418 0.2732 0.0879 0.9272
39.459 0.2783 0.0834 0.8681
39.500 0.2816 0.0822 0.8968
39.540 0.2821 0.0880 0.9058
39.581 0.2797 0.0881 0.9095
39.620 0.2797 0.0907 0.9075
39.657 0.2792 0.0851 0.9095
39.701 0.2780 0.0883 0.8901
39.741 0.2762 0.0896 0.9239
39.781 0.2725 0.0937 0.8641
39.821 0.2632 0.0919 0.9355
39.858 0.2528 0.0887 0.9135
39.902 0.2428 0.0886 0.9010
39.942 0.2363 0.0869 0.9199
39.982 0.2292 0.0907 0.8879
40.022 0.2177 0.0909 0.9209
40.062 0.2117 0.0883 0.9409
40.102 0.2014 0.0886 0.9229
40.142 0.1929 0.0877 0.9229
40.183 0.1841 0.0876 0.8854
40.222 0.1789 0.0897 0.9069
40.262 0.1701 0.0906 0.9139
40.301 0.1655 0.0888 0.9061
40.343 0.1602 0.0895 0.8895
40.383 0.1586 0.0859 0.9169
40.423 0.1582 0.0882 0.9139
40.463 0.1568 0.0879 0.8912
40.500 0.1568 0.0883 0.8858
40.544 0.1596 0.0882 0.9085
40.584 0.1648 0.0870 0.8660
40.625 0.1716 0.0857 0.8882
40.664 0.1715 0.0903 0.8786
40.701 0.1722 0.0895 0.8865
40.746 0.1751 0.0885 0.8821
40.785 0.1770 0.0878 0.8905
40.825 0.1819 0.0898 0.8866
40.865 0.1850 0.0903 0.9077
40.905 0.1853 0.0934 0.9111
40.946 0.1836 0.0922 0.9035
40.986 0.1831 0.0920 0.9125
41.026 0.1811 0.0894 0.8884
41.066 0.1767 0.0911 0.9062
41.105 0.1680 0.0933 0.8901
41.145 0.1672 0.0923 0.8694
41.186 0.1667 0.0930 0.8702
41.227 0.1667 0.0892 0.8666
41.267 0.1682 0.0901 0.8694
41.306 0.1665 0.0921 0.8581
41.343 0.1628 0.0937 0.8868
41.388 0.1624 0.0903 0.8598
41.427 0.1655 0.0908 0.8481
41.467 0.1672 0.0901 0.8543
41.507 0.1684 0.0912 0.8519
41.543 0.1646 0.0942 0.8802
41.588 0.1665 0.0936 0.8842
41.628 0.1654 0.0921 0.8868
41.668 0.1658 0.0902 0.9130
41.709 0.1643 0.0925 0.8767
41.749 0.1599 0.0921 0.8831
41.789 0.1533 0.0934 0.8608
41.829 0.1536 0.0909 0.9035
41.870 0.1520 0.0918 0.8695
41.909 0.1464 0.0910 0.8523
41.949 0.1445 0.0917 0.8773
41.989 0.1464 0.0953 0.8473
42.030 0.1495 0.0915 0.8457
42.070 0.1526 0.0906 0.8489
42.110 0.1560 0.0895 0.8775
42.150 0.1595 0.0889 0.8662
42.187 0.1579 0.0934 0.8296
42.231 0.1634 0.0955 0.8580
42.271 0.1735 0.0907 0.8892
42.311 0.1792 0.0890 0.8737
42.351 0.1876 0.0898 0.8707
42.387 0.1970 0.0901 0.8796
42.432 0.2047 0.0951 0.8983
42.471 0.2041 0.0922 0.8689
42.511 0.2107 0.0911 0.9348
42.551 0.2129 0.0924 0.8810
42.591 0.2163 0.0929 0.9353
42.632 0.2142 0.0931 0.9279
42.672 0.2189 0.0948 0.9156
42.712 0.2241 0.0936 0.8758
42.752 0.2243 0.0940 0.8952
42.792 0.2203 0.0906 0.9169
42.832 0.2118 0.0928 0.8879
42.873 0.2024 0.0927 0.8933
42.914 0.1934 0.0929 0.9023
42.954 0.1907 0.0895 0.8699
42.993 0.1820 0.0879 0.8854
43.031 0.1761 0.0887 0.9012
43.075 0.1700 0.0889 0.9079
43.114 0.1657 0.0889 0.9049
43.155 0.1661 0.0930 0.8559
43.194 0.1660 0.0906 0.8753
43.231 0.1604 0.0874 0.8887
43.275 0.1623 0.0911 0.8533
43.315 0.1694 0.0907 0.8493
43.355 0.1745 0.0919 0.8729
43.395 0.1755 0.0886 0.8689
43.435 0.1766 0.0908 0.8793
43.475 0.1782 0.0931 0.8981
43.515 0.1836 0.0913 0.9305
43.556 0.1894 0.0929 0.9001
43.596 0.1988 0.0895 0.9025
43.635 0.2019 0.0879 0.9019
43.675 0.1972 0.0880 0.9020
43.716 0.1920 0.0896 0.8959
43.756 0.1891 0.0896 0.9069
43.796 0.1867 0.0932 0.8956
43.836 0.1840 0.0891 0.9006
43.874 0.1824 0.0890 0.9099
43.918 0.1814 0.0922 0.9063
43.958 0.1865 0.0895 0.9053
43.998 0.1897 0.0889 0.9272
44.038 0.1890 0.0871 0.9173
44.075 0.1837 0.0864 0.9273
44.119 0.1849 0.0865 0.8963
44.159 0.1862 0.0881 0.8973
44.199 0.1911 0.0902 0.9109
44.239 0.1978 0.0918 0.8829
44.279 0.1991 0.0865 0.8986
44.319 0.1990 0.0852 0.8747
44.389 0.2066 0.0924 0.8825
44.440 0.2061 0.0885 0.8978
44.479 0.2016 0.0881 0.9341
44.519 0.2022 0.0900 0.9031
44.558 0.2039 0.0878 0.9143
44.600 0.2006 0.0882 0.9266
44.640 0.1965 0.0914 0.9289
44.680 0.1988 0.0911 0.9239
44.719 0.1987 0.0884 0.8834
44.757 0.1999 0.0884 0.8682
44.801 0.2012 0.0909 0.9106
44.840 0.2013 0.0930 0.9182
44.881 0.2056 0.0948 0.9209
44.921 0.2116 0.0899 0.8859
44.958 0.2164 0.0899 0.9189
45.002 0.2224 0.0923 0.8981
45.042 0.2226 0.0937 0.8932
45.082 0.2225 0.0912 0.9089
45.122 0.2232 0.0904 0.8805
45.162 0.2259 0.0882 0.9025
45.203 0.2237 0.0902 0.9348
45.243 0.2255 0.0898 0.9325
45.283 0.2264 0.0924 0.9344
45.323 0.2300 0.0940 0.8599
45.362 0.2266 0.0905 0.9157
45.402 0.2203 0.0913 0.8776
45.443 0.2212 0.0912 0.8611
45.484 0.2180 0.0933 0.9327
45.524 0.2183 0.0924 0.9082
45.563 0.2185 0.0916 0.9290
45.601 0.2192 0.0909 0.9337
45.645 0.2150 0.0928 0.9287
45.684 0.2146 0.0916 0.9313
45.725 0.2071 0.0929 0.9179
45.764 0.2036 0.0897 0.9512
45.801 0.1929 0.0939 0.8907
45.846 0.1861 0.0898 0.9429
45.885 0.1874 0.0894 0.9132
45.925 0.1841 0.0920 0.9159
45.965 0.1798 0.0925 0.9108
46.005 0.1766 0.0905 0.9220
46.046 0.1747 0.0893 0.8943
46.085 0.1725 0.0874 0.9313
46.126 0.1737 0.0905 0.9362
46.167 0.1769 0.0906 0.9547
46.206 0.1808 0.0886 0.9204
46.246 0.1809 0.0889 0.8849
46.287 0.1880 0.0864 0.8982
46.327 0.1914 0.0877 0.9047
46.367 0.1912 0.0890 0.9113
46.407 0.1922 0.0903 0.9366
46.444 0.1916 0.0875 0.9636
46.488 0.1916 0.0864 0.9499
46.528 0.1941 0.0865 0.9222
46.568 0.1940 0.0872 0.9216
46.608 0.1957 0.0853 0.8999
46.645 0.1930 0.0851 0.9196
46.689 0.1890 0.0852 0.9146
46.729 0.1900 0.0834 0.9063
46.769 0.1852 0.0859 0.9236
46.809 0.1846 0.0877 0.9200
46.849 0.1846 0.0851 0.9352
46.889 0.1782 0.0847 0.9014
46.929 0.1768 0.0859 0.9074
46.969 0.1778 0.0802 0.8923
47.009 0.1733 0.0836 0.8837
47.049 0.1743 0.0876 0.9216
47.088 0.1703 0.0834 0.9055
47.130 0.1668 0.0834 0.8747
47.170 0.1670 0.0821 0.8803
47.210 0.1666 0.0877 0.8729
47.250 0.1698 0.0878 0.8829
47.288 0.1705 0.0852 0.8793
47.332 0.1688 0.0841 0.8959
47.372 0.1713 0.0838 0.8950
47.412 0.1727 0.0835 0.8955
47.451 0.1748 0.0863 0.8821
47.489 0.1752 0.0860 0.8955
47.533 0.1728 0.0853 0.9063
47.572 0.1760 0.0855 0.9043
47.612 0.1761 0.0826 0.8962
47.652 0.1801 0.0832 0.9290
47.692 0.1838 0.0858 0.9302
47.733 0.1804 0.0858 0.9130
47.773 0.1781 0.0864 0.9164
47.813 0.1809 0.0899 0.9173
47.853 0.1834 0.0867 0.8576
47.892 0.1873 0.0887 0.9292
47.932 0.1826 0.0887 0.9170
47.973 0.1866 0.0892 0.9134
48.014 0.1898 0.0882 0.8904
48.054 0.1882 0.0859 0.9242
48.093 0.1909 0.0856 0.9325
48.130 0.1924 0.0872 0.9209
48.175 0.1875 0.0877 0.9147
48.214 0.1944 0.0868 0.9179
48.254 0.2047 0.0842 0.9105
48.294 0.2042 0.0838 0.9173
48.332 0.2039 0.0908 0.8854
48.375 0.2024 0.0847 0.9107
48.416 0.2079 0.0878 0.9176
48.456 0.2103 0.0868 0.8897
48.496 0.2075 0.0862 0.9067
48.536 0.2099 0.0900 0.9063
48.576 0.2155 0.0937 0.9140
48.616 0.2154 0.0928 0.8870
48.657 0.2177 0.0904 0.9125
48.697 0.2141 0.0916 0.8892
48.736 0.2048 0.0930 0.9052
48.775 0.2016 0.0944 0.8999
48.817 0.2005 0.0929 0.9009
48.857 0.2025 0.0941 0.8967
48.897 0.2075 0.0943 0.8617
48.936 0.2027 0.0930 0.8617
48.974 0.1998 0.0945 0.8979
49.018 0.1980 0.0911 0.9132
49.058 0.1926 0.0912 0.9053
49.098 0.1887 0.0925 0.9053
49.138 0.1884 0.0902 0.9339
49.175 0.1854 0.0930 0.9019
49.219 0.1824 0.0942 0.8969
49.258 0.1808 0.0930 0.9198
49.298 0.1805 0.0920 0.9342
49.339 0.1774 0.0910 0.9070
49.378 0.1710 0.0936 0.8936
49.419 0.1685 0.0939 0.9243
49.459 0.1706 0.0923 0.9191
49.500 0.1722 0.0923 0.9222
49.540 0.1744 0.0910 0.9079
49.580 0.1771 0.0922 0.9251
49.623 0.1764 0.0923 0.8887
49.660 0.1802 0.0934 0.8854
49.701 0.1856 0.0917 0.8910
49.741 0.1903 0.0926 0.9139
49.781 0.1943 0.0928 0.9240
49.818 0.1978 0.0904 0.8944
49.862 0.2001 0.0924 0.8819
49.901 0.1990 0.0915 0.9002
49.942 0.1914 0.0920 0.8922
49.981 0.1936 0.0868 0.8888
50.018 0.1949 0.0873 0.8775
50.062 0.1964 0.0901 0.9116
50.135 0.1926 0.0902 0.8862
50.200 0.1932 0.0874 0.8799
50.222 0.1935 0.0872 0.8569
50.262 0.1927 0.0895 0.8779
50.303 0.1893 0.0892 0.8935
50.343 0.1860 0.0895 0.8709
50.383 0.1848 0.0872 0.8741
50.423 0.1901 0.0867 0.8883
50.462 0.1954 0.0860 0.8875
50.502 0.1919 0.0884 0.8703
50.543 0.1858 0.0897 0.8877
50.584 0.1859 0.0874 0.8717
50.624 0.1884 0.0847 0.8922
50.664 0.1883 0.0858 0.8862
50.701 0.1828 0.0860 0.8846
50.746 0.1838 0.0881 0.8903
50.785 0.1807 0.0897 0.9299
50.825 0.1842 0.0878 0.9057
50.865 0.1895 0.0885 0.8751
50.902 0.1936 0.0857 0.9125
50.946 0.1995 0.0889 0.8785
50.986 0.2047 0.0926 0.9073
51.026 0.2106 0.0915 0.9159
51.066 0.2193 0.0910 0.8826
51.105 0.2212 0.0904 0.8898
51.146 0.2144 0.0882 0.9108
51.186 0.2275 0.0895 0.9105
51.227 0.2284 0.0912 0.8945
51.266 0.2342 0.0893 0.9007
51.306 0.2394 0.0903 0.9035
51.345 0.2384 0.0903 0.9293
51.405 0.2317 0.0899 0.9403
51.427 0.2267 0.0895 0.9173
51.467 0.2224 0.0903 0.8764
51.507 0.2201 0.0897 0.8810
51.545 0.2106 0.0873 0.8826
51.588 0.2080 0.0912 0.8826
51.628 0.2111 0.0904 0.8945
51.668 0.2063 0.0916 0.8669
51.709 0.2005 0.0914 0.8669
51.745 0.1964 0.0930 0.8597
51.790 0.1884 0.0880 0.8793
51.829 0.1818 0.0948 0.8762
51.869 0.1777 0.0948 0.8669
51.909 0.1792 0.0923 0.8669
51.949 0.1774 0.0916 0.9005
51.990 0.1717 0.0915 0.8573
52.030 0.1704 0.0918 0.8569
52.070 0.1633 0.0955 0.8599
52.110 0.1581 0.0950 0.8505
52.149 0.1609 0.0958 0.8608
52.189 0.1606 0.0966 0.8633
52.230 0.1621 0.0955 0.8343
52.271 0.1587 0.1017 0.8845
52.311 0.1561 0.0978 0.8769
52.350 0.1558 0.0985 0.8563
52.388 0.1528 0.0971 0.8733
52.432 0.1468 0.0961 0.9342
52.471 0.1484 0.0962 0.9056
52.511 0.1491 0.0955 0.8988
52.551 0.1504 0.0955 0.9111
52.588 0.1536 0.0922 0.8901
52.632 0.1550 0.0919 0.8713
52.682 0.1540 0.0928 0.9052
52.741 0.1530 0.0977 0.8791
52.792 0.1703 0.0986 0.8479
52.832 0.1815 0.0911 0.9145
52.873 0.1894 0.0934 0.8643
52.913 0.1982 0.0915 0.9149
52.954 0.2038 0.0936 0.9032
52.994 0.2029 0.0930 0.9135
53.033 0.2068 0.0914 0.8505
53.072 0.2113 0.0887 0.8967
53.114 0.2111 0.0909 0.8888
53.154 0.2163 0.0983 0.8472
53.194 0.2195 0.0919 0.8768
53.234 0.2204 0.0888 0.8815
53.271 0.2143 0.0885 0.8824
53.315 0.2038 0.0908 0.8649
53.355 0.1981 0.0951 0.8649
53.395 0.1936 0.0926 0.9126
53.434 0.1875 0.0887 0.8939
53.472 0.1880 0.0894 0.9052
53.516 0.1861 0.0879 0.9331
53.555 0.1855 0.0891 0.8857
53.595 0.1854 0.0901 0.9044
53.635 0.1835 0.0886 0.8865
53.675 0.1842 0.0888 0.9393
53.716 0.1845 0.0898 0.8922
53.756 0.1843 0.0881 0.8890
53.796 0.1867 0.0920 0.9007
53.836 0.1891 0.0913 0.9222
53.876 0.1948 0.0908 0.8857
53.916 0.2007 0.0907 0.9076
53.957 0.2053 0.0922 0.9019
53.998 0.2137 0.0905 0.8895
54.038 0.2134 0.0930 0.9043
54.077 0.2143 0.0933 0.9075
54.115 0.2161 0.0945 0.9101
54.159 0.2169 0.0919 0.9082
54.199 0.2138 0.0889 0.8785
54.238 0.2152 0.0958 0.9009
54.278 0.2126 0.0915 0.8904
54.315 0.2103 0.0954 0.8839
54.359 0.2051 0.0922 0.9251
54.401 0.2011 0.0930 0.8952
54.439 0.1976 0.0953 0.8927
54.479 0.1908 0.0972 0.9250
54.519 0.1905 0.0943 0.9068
54.559 0.1894 0.0899 0.8957
54.600 0.1869 0.0907 0.8985
54.640 0.1875 0.0914 0.8645
54.680 0.1886 0.0950 0.8485
54.719 0.1899 0.0921 0.8473
54.759 0.1900 0.0905 0.8999
54.800 0.1926 0.0902 0.8911
54.840 0.1938 0.0879 0.9027
54.880 0.1957 0.0944 0.9041
54.920 0.1977 0.0942 0.8716
54.959 0.1979 0.0966 0.8869
55.002 0.1998 0.0948 0.9345
55.042 0.2059 0.0934 0.8787
55.082 0.2114 0.0963 0.8727
55.122 0.2076 0.0973 0.8754
55.159 0.2077 0.0970 0.8659
55.203 0.2054 0.0968 0.8764
55.243 0.2103 0.0927 0.9087
55.283 0.2152 0.0947 0.9139
55.323 0.2175 0.0994 0.9328
55.363 0.2158 0.0989 0.9291
55.403 0.2139 0.0934 0.9139
55.443 0.2163 0.0959 0.9179
55.483 0.2193 0.0971 0.9089
55.523 0.2136 0.0980 0.9042
55.563 0.2091 0.0975 0.9233
55.602 0.2061 0.0982 0.9341
55.644 0.1986 0.0954 0.8773
55.684 0.2004 0.0926 0.8912
55.724 0.1975 0.0969 0.9051
55.764 0.1927 0.0956 0.9041
55.801 0.1868 0.0966 0.8843
55.845 0.1856 0.0967 0.8612
55.885 0.1860 0.0954 0.8808
55.925 0.1888 0.0928 0.9068
55.964 0.1873 0.0943 0.8999
56.002 0.1862 0.0981 0.8649
56.045 0.1848 0.0962 0.8915
56.085 0.1846 0.0914 0.9169
56.125 0.1869 0.0929 0.9236
56.166 0.1880 0.0935 0.8846
56.206 0.1870 0.0946 0.8982
56.246 0.1873 0.0942 0.8879
56.287 0.1886 0.0926 0.8972
56.327 0.1917 0.0914 0.8951
56.367 0.1973 0.0915 0.9293
56.406 0.1944 0.0922 0.9138
56.446 0.1903 0.0934 0.9171
56.487 0.1923 0.0919 0.9073
56.528 0.1955 0.0912 0.9129
56.567 0.1992 0.0932 0.9189
56.607 0.2061 0.0932 0.8768
56.645 0.2061 0.0924 0.9266
56.689 0.2087 0.0911 0.9246
56.728 0.2086 0.0896 0.9344
56.768 0.2109 0.0884 0.8945
56.808 0.2098 0.0887 0.8756
56.849 0.2032 0.0909 0.8985
56.889 0.1997 0.0912 0.8799
56.929 0.2011 0.0924 0.8986
56.969 0.1975 0.0887 0.8773
57.009 0.1944 0.0903 0.8967
57.049 0.1894 0.0920 0.8778
57.089 0.1838 0.0890 0.9187
57.129 0.1854 0.0899 0.8991
57.170 0.1813 0.0863 0.8927
57.210 0.1824 0.0872 0.8973
57.250 0.1817 0.0877 0.9009
57.290 0.1807 0.0876 0.8943
57.331 0.1827 0.0894 0.8850
57.371 0.1858 0.0873 0.9493
57.411 0.1888 0.0866 0.8815
57.451 0.1969 0.0869 0.9059
57.489 0.2010 0.0903 0.9345
57.533 0.2047 0.0900 0.9291
57.572 0.2092 0.0913 0.9141
57.612 0.2090 0.0901 0.8966
57.652 0.2137 0.0892 0.8758
57.689 0.2184 0.0893 0.9385
57.733 0.2195 0.0926 0.8843
57.773 0.2261 0.0902 0.9309
57.813 0.2292 0.0896 0.9124
57.853 0.2313 0.0909 0.9160
57.893 0.2321 0.0933 0.8993
57.933 0.2265 0.0937 0.8880
57.973 0.2215 0.0952 0.8755
58.014 0.2200 0.0942 0.8898
58.053 0.2186 0.0927 0.8585
58.092 0.2168 0.0952 0.9129
58.132 0.2128 0.0997 0.8809
58.174 0.2084 0.0998 0.8779
58.214 0.2078 0.1027 0.8936
58.257 0.2002 0.0990 0.8872
58.294 0.1997 0.1009 0.8873
58.333 0.1998 0.1004 0.8930
58.375 0.1999 0.1004 0.9052
58.416 0.1969 0.1037 0.8782
58.456 0.1954 0.1026 0.8896
58.496 0.1942 0.1016 0.9044
58.533 0.1932 0.1092 0.8808
58.577 0.1937 0.1083 0.8835
58.616 0.1929 0.1029 0.9080
58.656 0.1924 0.1034 0.8962
58.696 0.1881 0.0975 0.8867
58.736 0.1902 0.1005 0.8723
58.777 0.1869 0.0999 0.8917
58.817 0.1843 0.1023 0.8959
58.857 0.1822 0.1008 0.8586
58.897 0.1806 0.0978 0.8712
58.936 0.1870 0.0998 0.8758
58.976 0.1885 0.1002 0.8482
59.017 0.1916 0.1004 0.8925
59.058 0.1905 0.1016 0.8753
59.098 0.1921 0.0967 0.8916
59.137 0.1910 0.0962 0.8862
59.175 0.1903 0.0954 0.9539
59.219 0.1904 0.0988 0.8866
59.258 0.1869 0.0991 0.9076
59.298 0.1848 0.0995 0.9096
59.338 0.1826 0.0976 0.9416
59.375 0.1807 0.0954 0.8736
59.419 0.1745 0.0968 0.8816
59.459 0.1733 0.1003 0.9010
59.500 0.1714 0.0990 0.9077
59.540 0.1702 0.0966 0.9084
59.580 0.1721 0.0949 0.9277
59.621 0.1776 0.0945 0.9129
59.661 0.1839 0.0984 0.8966
59.701 0.1880 0.1001 0.9060
59.741 0.1947 0.0976 0.9216
59.780 0.2018 0.0994 0.9246
59.820 0.2008 0.0959 0.9190
59.861 0.2095 0.1001 0.9097
59.901 0.2189 0.1030 0.9356
59.941 0.2247 0.0996 0.9129
59.981 0.2266 0.1022 0.8943
60.018 0.2296 0.0989 0.8937
60.063 0.2286 0.1003 0.9241
60.102 0.2269 0.0982 0.9283
60.142 0.2256 0.0998 0.9233
60.182 0.2213 0.0986 0.9277
60.219 0.2185 0.1008 0.8795
60.263 0.2174 0.0997 0.8909
60.303 0.2217 0.0999 0.9197
60.343 0.2198 0.1002 0.8750
60.382 0.2174 0.1017 0.8948
60.423 0.2113 0.0996 0.8911
60.463 0.2116 0.0990 0.9102
60.503 0.2088 0.0981 0.8757
60.543 0.2117 0.0997 0.9001
60.584 0.2119 0.0989 0.9466
60.624 0.2106 0.0987 0.9222
60.663 0.2095 0.0977 0.9260
60.705 0.2099 0.0982 0.9328
60.745 0.2092 0.1007 0.9106
60.785 0.2101 0.0997 0.9242
60.825 0.2145 0.1001 0.9196
60.862 0.2110 0.1021 0.9184
60.906 0.2128 0.1014 0.9242
60.946 0.2176 0.1014 0.9222
60.985 0.2236 0.1024 0.8982
61.025 0.2230 0.0998 0.9153
61.062 0.2208 0.0995 0.9093
61.106 0.2198 0.1000 0.9037
61.146 0.2183 0.0995 0.9093
61.186 0.2195 0.0985 0.9282
61.226 0.2180 0.0990 0.9510
61.266 0.2154 0.1001 0.9568
61.307 0.2044 0.0950 0.9402
61.347 0.2017 0.0929 0.9073
61.387 0.2006 0.0988 0.8803
61.427 0.1949 0.0966 0.9319
61.466 0.1886 0.0971 0.9166
61.506 0.1865 0.0941 0.9298
61.549 0.1866 0.0960 0.8999
61.587 0.1851 0.0960 0.8675
61.627 0.1824 0.0978 0.9113
61.667 0.1773 0.1023 0.8863
61.706 0.1733 0.0955 0.8939
61.750 0.1679 0.0961 0.8841
61.789 0.1691 0.0971 0.8997
61.829 0.1693 0.0984 0.8982
61.869 0.1699 0.1003 0.8821
61.906 0.1727 0.0954 0.8866
61.950 0.1700 0.0960 0.8796
61.990 0.1703 0.0934 0.8959
62.030 0.1726 0.0971 0.9163
62.070 0.1724 0.1009 0.8776
62.109 0.1748 0.1009 0.8776
62.150 0.1812 0.0984 0.9150
62.190 0.1818 0.0969 0.9010
62.230 0.1864 0.0978 0.9077
62.270 0.1901 0.0979 0.9146
62.310 0.2010 0.1018 0.8913
62.349 0.2063 0.0978 0.9154
62.391 0.2084 0.0971 0.9374
62.431 0.2147 0.0957 0.9126
62.471 0.2188 0.0953 0.9153
62.511 0.2191 0.0977 0.9038
62.548 0.2208 0.0973 0.9412
62.592 0.2315 0.0985 0.9368
62.632 0.2370 0.0956 0.9353
62.672 0.2464 0.0969 0.9353
62.711 0.2540 0.0953 0.9023
62.750 0.2618 0.0955 0.9313
62.793 0.2622 0.0956 0.9461
62.833 0.2634 0.0930 0.9316
62.873 0.2661 0.0910 0.9082
62.913 0.2642 0.0921 0.9153
62.953 0.2641 0.1027 0.9141
62.994 0.2633 0.0972 0.8940
63.034 0.2635 0.0989 0.9507
63.074 0.2597 0.0958 0.8952
63.114 0.2560 0.0957 0.9104
63.153 0.2501 0.0987 0.8927
63.193 0.2475 0.0978 0.8936
63.235 0.2431 0.0993 0.8631
63.275 0.2373 0.0953 0.8956
63.315 0.2331 0.0976 0.8842
63.354 0.2299 0.0975 0.8737
63.392 0.2254 0.0984 0.9065
63.436 0.2207 0.0988 0.9022
63.475 0.2171 0.0952 0.9254
63.515 0.2163 0.0955 0.8732
63.555 0.2134 0.0955 0.8896
63.592 0.2079 0.0997 0.8974
63.636 0.2090 0.1018 0.9418
63.676 0.2058 0.0986 0.9091
63.716 0.2016 0.1003 0.8985
63.756 0.2001 0.0986 0.9015
63.796 0.1978 0.1019 0.9045
63.837 0.1966 0.1042 0.9075
63.877 0.1994 0.1003 0.9277
63.917 0.1997 0.1030 0.8793
63.958 0.2016 0.1020 0.8793
63.997 0.1995 0.1038 0.8762
64.037 0.1947 0.1085 0.9161
64.078 0.1947 0.1063 0.9205
64.119 0.1919 0.1049 0.8815
64.158 0.1881 0.1088 0.9089
64.198 0.1889 0.1010 0.9176
64.236 0.1840 0.1005 0.9002
64.280 0.1857 0.1027 0.9052
64.319 0.1827 0.1011 0.9298
64.359 0.1814 0.1007 0.9145
64.399 0.1789 0.1043 0.8869
64.436 0.1804 0.1019 0.8773
64.480 0.1769 0.1035 0.8956
64.520 0.1772 0.1029 0.8997
64.560 0.1762 0.1013 0.8919
64.600 0.1737 0.0975 0.8793
64.640 0.1722 0.0953 0.9059
64.680 0.1671 0.0960 0.9172
64.720 0.1666 0.0980 0.9006
64.761 0.1661 0.0959 0.9047
64.800 0.1697 0.0957 0.9183
64.840 0.1701 0.0959 0.8707
64.879 0.1724 0.0959 0.8682
64.921 0.1731 0.0960 0.8522
64.961 0.1768 0.0955 0.9088
65.001 0.1796 0.0968 0.9329
65.042 0.1859 0.0958 0.8922
65.080 0.1857 0.0942 0.8782
65.123 0.1877 0.0968 0.9119
65.163 0.1884 0.0964 0.8989
65.203 0.1889 0.0940 0.9047
65.243 0.1882 0.0936 0.8977
65.279 0.1859 0.0921 0.9233
65.323 0.1827 0.0944 0.9181
65.363 0.1811 0.0931 0.9512
65.403 0.1812 0.0928 0.9472
65.443 0.1780 0.0938 0.9078
65.483 0.1785 0.0900 0.8913
65.524 0.1751 0.0911 0.9165
65.563 0.1758 0.0934 0.9139
65.604 0.1760 0.0942 0.9326
65.644 0.1792 0.0922 0.9173
65.683 0.1831 0.0927 0.9484
65.723 0.1878 0.0927 0.8987
65.764 0.1936 0.0927 0.9096
65.805 0.1926 0.0948 0.9105
65.844 0.1926 0.0929 0.9359
65.884 0.1952 0.0924 0.9333
65.922 0.1913 0.0912 0.9346
65.966 0.1889 0.0917 0.9049
66.005 0.1861 0.0957 0.8808
66.045 0.1842 0.0950 0.8808
66.085 0.1837 0.0942 0.9020
66.123 0.1825 0.0936 0.8891
66.167 0.1813 0.0908 0.9007
66.207 0.1784 0.0952 0.9122
66.247 0.1735 0.0946 0.9032
66.287 0.1719 0.0903 0.8952
66.326 0.1707 0.0929 0.8952
66.367 0.1677 0.0875 0.8597
66.407 0.1693 0.0943 0.8841
66.448 0.1716 0.0971 0.9009
66.488 0.1728 0.0918 0.9019
66.527 0.1749 0.0904 0.8547
66.566 0.1768 0.0927 0.8822
66.608 0.1804 0.0922 0.8852
66.648 0.1817 0.0970 0.8968
66.688 0.1814 0.0969 0.9288
66.728 0.1825 0.0996 0.8782
66.766 0.1809 0.0936 0.8896
66.809 0.1829 0.0955 0.9285
66.849 0.1862 0.0940 0.9197
66.889 0.1904 0.0985 0.9141
66.928 0.1872 0.1008 0.9308
66.965 0.1863 0.0977 0.9097
67.009 0.1843 0.0988 0.9083
67.052 0.1820 0.0991 0.9067
67.089 0.1793 0.0988 0.9253
67.129 0.1756 0.1000 0.8967
67.169 0.1731 0.0958 0.9025
67.210 0.1673 0.0915 0.9173
67.250 0.1653 0.0982 0.8742
67.291 0.1609 0.0981 0.9371
67.331 0.1572 0.0971 0.9195
67.370 0.1467 0.0982 0.9024
67.410 0.1429 0.0963 0.8685
67.451 0.1379 0.0957 0.8719
67.492 0.1348 0.0963 0.8340
67.532 0.1320 0.1010 0.8320
67.571 0.1308 0.0984 0.8479
67.608 0.1282 0.0982 0.8024
67.653 0.1253 0.0974 0.8326
67.693 0.1255 0.0974 0.8135
67.732 0.1231 0.1003 0.8186
67.772 0.1234 0.1011 0.7916
67.809 0.1200 0.0980 0.7706
67.853 0.1185 0.0992 0.7750
67.893 0.1145 0.1000 0.7980
67.933 0.1131 0.0965 0.8000
67.973 0.1097 0.1052 0.8020
68.013 0.1066 0.1013 0.7730
68.053 0.1052 0.1034 0.7340
68.093 0.1191 0.1026 0.7364
68.134 0.1246 0.0990 0.7364
68.174 0.1276 0.1009 0.7504
68.213 0.1358 0.1041 0.7770
68.252 0.1446 0.0962 0.7610
68.294 0.1545 0.0979 0.7460
68.356 0.1716 0.0875 0.9378
68.415 0.1920 0.0868 0.9166
68.455 0.2058 0.0897 0.9166
68.492 0.2140 0.0873 0.9476
68.536 0.2298 0.0855 0.9277
68.576 0.2291 0.0867 0.9352
68.616 NaN 0.0928 0.9113
68.656 NaN 0.0899 0.9608
68.692 NaN 0.0871 0.9235
68.737 NaN 0.0857 0.9573
68.776 NaN 0.0849 0.9339
68.816 NaN 0.0916 0.8881
68.856 NaN 0.0911 0.9099
68.896 NaN 0.0922 0.9238
