6.367 NaN 0.1046 0.9785
6.407 NaN 0.1064 0.9826
6.447 NaN 0.1062 1.0174
6.488 NaN 0.1047 1.0174
6.527 NaN 0.1045 0.9918
6.566 NaN 0.1027 0.9517
6.608 NaN 0.1069 1.0156
6.648 0.1521 0.1084 0.9722
6.688 0.1557 0.1061 1.0062
6.728 0.1522 0.1049 0.9930
6.766 0.1462 0.1047 0.9789
6.809 0.1448 0.1057 0.9812
6.849 0.1390 0.1067 0.9865
6.889 0.1447 0.1057 0.9844
6.929 0.1457 0.1068 0.9713
6.965 0.1487 0.1047 0.9827
7.010 0.1568 0.1067 0.9746
7.049 0.1622 0.1045 0.9636
7.089 0.1623 0.1052 0.9625
7.129 0.1619 0.1055 0.9441
7.169 0.1618 0.1031 0.9430
7.210 0.1639 0.1026 0.9815
7.250 0.1657 0.1037 0.9589
7.291 0.1684 0.1027 0.9475
7.331 0.1683 0.1028 0.9507
7.370 0.1648 0.0999 0.9955
7.412 0.1600 0.1018 1.0050
7.451 0.1559 0.1025 0.9818
7.492 0.1545 0.1018 1.0157
7.532 0.1507 0.1017 1.0045
7.572 0.1515 0.1039 0.9774
7.609 0.1542 0.1022 0.9893
7.653 0.1551 0.1003 0.9701
7.693 0.1515 0.1040 0.9701
7.733 0.1539 0.1007 0.9579
7.772 0.1513 0.1024 0.9715
7.809 0.1481 0.1006 0.9935
7.854 0.1415 0.1003 0.9560
7.893 0.1366 0.1022 1.0051
7.934 0.1362 0.1023 1.0134
7.973 0.1288 0.1010 0.9780
8.013 0.1202 0.1018 0.9739
8.054 0.1134 0.0983 0.9727
8.094 0.1082 0.0968 0.9525
8.134 0.1031 0.1039 0.9697
8.174 0.1044 0.0992 0.9734
8.213 0.1022 0.1000 0.9868
8.253 0.0974 0.1012 0.9836
8.294 0.0982 0.0993 0.9915
8.335 0.0973 0.1022 0.9609
8.375 0.1004 0.0995 0.9963
8.415 0.0996 0.0997 0.9642
8.453 0.1026 0.0994 0.9718
8.497 0.1054 0.0982 0.9600
8.536 0.1099 0.0993 0.9685
8.576 0.1140 0.1003 0.9491
8.616 0.1185 0.0996 0.9600
8.653 0.1131 0.0996 0.9647
8.697 0.1101 0.0994 0.9159
8.737 0.1139 0.0991 0.9684
8.777 0.1110 0.1023 0.9814
8.817 0.1133 0.1040 0.9685
8.857 0.1165 0.1061 0.9714
8.898 0.1166 0.1054 0.9452
8.937 0.1154 0.1054 0.9477
8.978 0.1137 0.1049 0.9865
9.018 0.1130 0.1063 0.9658
9.057 0.1156 0.1050 0.9649
9.097 0.1168 0.1066 0.9369
9.138 0.1241 0.1049 0.9521
9.178 0.1296 0.1051 0.9385
9.220 0.1289 0.1048 0.9133
9.258 0.1296 0.1085 0.9180
9.295 0.1308 0.1098 0.9440
9.339 0.1287 0.1079 0.9440
9.379 0.1288 0.1100 0.9205
9.419 0.1303 0.1075 0.9658
9.459 0.1355 0.1111 0.9758
9.496 0.1417 0.1112 0.9446
9.541 0.1495 0.1110 0.9247
9.580 0.1516 0.1092 0.9311
9.621 0.1508 0.1099 0.9311
9.660 0.1512 0.1104 0.9814
9.700 0.1531 0.1105 0.9862
9.741 0.1560 0.1085 0.9725
9.781 0.1610 0.1089 0.9605
9.821 0.1632 0.1042 0.9457
9.861 0.1647 0.1050 0.9862
9.900 0.1656 0.1043 0.9966
9.940 0.1656 0.1037 0.9842
9.981 0.1645 0.1044 0.9768
10.022 0.1584 0.1040 0.9732
10.062 0.1499 0.1023 0.9617
10.101 0.1437 0.1033 1.0360
10.139 0.1376 0.1038 0.9878
10.183 0.1342 0.1042 0.9547
10.223 0.1282 0.1040 0.9277
10.264 0.1225 0.1048 0.9265
10.302 0.1161 0.1037 0.9248
10.340 0.1118 0.1043 0.9424
10.384 0.1113 0.1025 0.9732
10.423 0.1122 0.1015 0.9656
10.463 0.1149 0.1015 0.9434
10.503 0.1156 0.1018 0.9363
10.543 0.1166 0.1018 0.9552
10.584 0.1205 0.0991 0.9293
10.625 0.1297 0.0963 0.9690
10.665 0.1353 0.0961 0.9894
10.705 0.1454 0.1009 0.9923
10.744 0.1532 0.0999 0.9714
10.784 0.1610 0.1033 0.9557
10.825 0.1700 0.1010 0.9705
10.866 0.1742 0.0995 0.9794
10.905 0.1774 0.0993 0.9559
10.945 0.1753 0.0982 1.0127
10.983 0.1713 0.1035 0.9482
11.027 0.1736 0.1035 0.9738
11.066 0.1747 0.0998 0.9551
11.106 0.1724 0.1008 0.9444
11.146 0.1705 0.0986 0.9560
11.183 0.1672 0.1018 0.9443
11.227 0.1666 0.1011 0.9774
11.267 0.1707 0.1053 0.9419
11.307 0.1715 0.0997 0.9485
11.347 0.1718 0.1011 0.9673
11.387 0.1708 0.1018 0.9695
11.428 0.1702 0.1020 0.9786
11.467 0.1744 0.1038 0.9483
11.507 0.1757 0.1046 0.9387
11.547 0.1765 0.1030 0.9257
11.587 0.1779 0.1056 0.9656
11.626 0.1780 0.1025 0.9579
11.668 0.1792 0.1062 0.9622
11.709 0.1757 0.1054 0.9552
11.749 0.1705 0.1017 0.9389
11.789 0.1631 0.1004 0.9726
11.827 0.1603 0.1017 0.9466
11.870 0.1592 0.1042 0.9506
11.910 0.1563 0.1061 0.9649
11.950 0.1542 0.1061 0.9655
11.989 0.1550 0.1040 0.9346
12.027 0.1558 0.1054 0.9399
12.071 0.1579 0.1058 0.9314
12.111 0.1610 0.1066 0.9529
12.150 0.1626 0.1066 0.9763
12.190 0.1672 0.1052 0.9715
12.230 0.1702 0.1042 0.9676
12.271 0.1807 0.1074 0.9618
12.311 0.1869 0.1082 0.9629
12.351 0.1927 0.1047 0.9680
12.391 0.1977 0.1075 0.9439
12.430 0.1998 0.1041 0.9389
12.470 0.2000 0.1048 0.9291
12.511 0.1975 0.1063 0.9592
12.552 0.1921 0.1081 0.9479
12.592 0.1817 0.1068 0.9315
12.631 0.1697 0.1072 0.9734
12.669 0.1597 0.1048 0.9418
12.713 0.1488 0.1047 0.9663
12.753 0.1311 0.1074 0.9781
12.792 0.1176 0.1067 0.9844
12.833 0.1020 0.1058 0.9581
12.870 0.0881 0.1043 0.9581
12.914 0.0762 0.1042 0.9581
12.954 0.0687 0.1063 0.9772
12.994 0.0635 0.1048 0.9702
13.033 0.0582 0.1074 0.9835
13.074 0.0568 0.1070 0.9871
13.115 0.0573 0.1044 0.9844
13.154 0.0607 0.1072 0.9844
13.195 0.0586 0.1081 0.9851
13.235 0.0556 0.1082 0.9535
13.274 0.0520 0.1099 0.9285
13.314 0.0483 0.1060 0.9747
13.355 0.0464 0.1064 0.9312
13.395 0.0469 0.1063 0.9848
13.435 0.0447 0.1055 0.9753
13.475 0.0443 0.1053 0.9745
13.513 0.0460 0.1068 0.9848
13.556 0.0497 0.1012 0.9615
13.596 0.0592 0.1020 0.9565
13.636 0.0631 0.1038 0.9615
13.676 0.0713 0.1028 0.9565
13.713 0.0791 0.1040 0.9628
13.757 0.0872 0.1035 0.9715
13.797 0.1013 0.1027 0.9715
13.837 0.1128 0.1037 0.9715
13.877 0.1209 0.1059 0.9678
13.917 0.1271 0.1020 0.9562
13.958 0.1303 0.1023 0.9464
13.998 0.1338 0.1020 0.9528
14.038 0.1410 0.1036 0.9701
14.078 0.1403 0.1041 0.9996
14.118 0.1381 0.1045 0.9761
14.157 0.1327 0.1045 0.9791
14.199 0.1290 0.1040 0.9521
14.239 0.1289 0.1025 0.9878
14.279 0.1248 0.1046 0.9934
14.318 0.1190 0.1045 0.9647
14.356 0.1110 0.1021 1.0011
14.400 0.1031 0.1023 0.9718
14.440 0.0957 0.1028 0.9808
14.480 0.0929 0.1017 0.9694
14.519 0.0834 0.1063 0.9835
14.556 0.0771 0.1045 0.9631
14.601 0.0733 0.1060 0.9576
14.641 0.0739 0.1043 0.9793
14.680 0.0740 0.1019 1.0079
14.720 0.0733 0.1057 0.9632
14.760 0.0754 0.1059 0.9583
14.801 0.0758 0.1069 0.9545
14.841 0.0764 0.1073 0.9779
14.881 0.0817 0.1055 0.9619
14.921 0.0900 0.1048 0.9769
14.960 0.0943 0.1052 0.9779
15.000 0.0981 0.1042 0.9521
15.042 0.1013 0.1050 0.9289
15.083 0.1017 0.1050 0.9352
15.123 0.1022 0.1042 0.9516
15.162 0.1043 0.1036 0.9943
15.200 0.1017 0.1043 1.0149
15.244 0.0989 0.1042 1.0035
15.283 0.0934 0.1044 0.9800
15.323 0.0927 0.1050 0.9707
15.363 0.0901 0.1066 0.9620
15.402 0.0840 0.1071 0.9949
15.444 0.0793 0.1046 0.9766
15.484 0.0720 0.1052 0.9876
15.524 0.0661 0.1051 0.9502
15.564 0.0662 0.1053 0.9372
15.604 0.0669 0.1085 0.9762
15.644 0.0626 0.1098 0.9997
15.685 0.0670 0.1063 0.9586
15.725 0.0732 0.1070 0.9405
15.765 0.0806 0.1063 0.9466
15.804 0.0883 0.1095 0.9542
15.843 0.0933 0.1085 0.9792
15.885 0.0976 0.1095 0.9984
15.925 0.1015 0.1075 0.9532
15.965 0.1081 0.1031 0.9693
16.005 0.1132 0.1068 0.9547
16.042 0.1174 0.1067 0.9959
16.086 0.1140 0.1072 0.9265
16.126 0.1126 0.1049 0.9826
16.167 0.1068 0.1046 0.9750
16.206 0.0998 0.1027 0.9750
16.243 0.0961 0.1049 0.9750
16.288 0.0938 0.1049 0.9647
16.328 0.0913 0.1013 0.9863
16.368 0.0952 0.1024 0.9575
16.407 0.0961 0.1030 0.9575
16.447 0.0990 0.1028 0.9575
16.488 0.1029 0.1031 0.9687
16.528 0.1002 0.1061 0.9903
16.568 0.1024 0.1084 0.9421
16.608 0.1017 0.1023 0.9524
16.648 0.1063 0.1028 0.9664
16.687 0.1103 0.1026 0.9696
16.729 0.1139 0.1060 0.9807
16.769 0.1130 0.1034 0.9517
16.809 0.1136 0.1039 0.9784
16.848 0.1119 0.1031 0.9650
16.886 0.1090 0.1034 0.9792
16.930 0.1053 0.1036 0.9792
16.969 0.1019 0.1032 0.9750
17.009 0.0976 0.1052 0.9952
17.049 0.0988 0.1041 0.9402
17.086 0.0977 0.1036 0.9595
17.130 0.0927 0.1052 0.9948
17.170 0.0917 0.1057 0.9751
17.210 0.0881 0.1051 0.9931
17.250 0.0827 0.1059 0.9931
17.291 0.0809 0.1031 0.9932
17.332 0.0764 0.1038 0.9845
17.372 0.0769 0.1044 0.9880
17.412 0.0804 0.1056 0.9798
17.452 0.0774 0.1026 0.9652
17.491 0.0785 0.1026 0.9512
17.531 0.0733 0.0995 0.9786
17.572 0.0685 0.0999 0.9670
17.613 0.0657 0.1007 0.9868
17.652 0.0630 0.1022 1.0078
17.692 0.0570 0.1015 0.9920
17.729 0.0534 0.0989 0.9842
17.773 0.0461 0.0989 0.9766
17.813 0.0405 0.1034 0.9920
17.853 0.0354 0.1017 0.9920
17.893 0.0279 0.1000 0.9844
17.930 0.0208 0.1001 0.9811
17.974 0.0137 0.0990 0.9778
18.014 0.0106 0.0998 0.9839
18.054 0.0087 0.1046 0.9754
18.094 0.0081 0.0999 0.9839
18.134 0.0079 0.0999 0.9755
18.174 0.0136 0.0988 0.9755
18.214 0.0184 0.1012 0.9839
18.255 0.0212 0.1010 0.9839
18.294 0.0245 0.1055 0.9842
18.334 0.0318 0.1049 0.9865
18.374 0.0375 0.1044 0.9754
18.416 0.0400 0.1037 0.9754
18.456 0.0442 0.1053 0.9926
18.496 0.0487 0.1070 1.0056
18.536 0.0531 0.1059 0.9879
18.573 0.0521 0.1039 0.9895
18.617 0.0468 0.1029 0.9846
18.656 0.0431 0.1039 0.9895
18.697 0.0379 0.1067 0.9880
18.736 0.0376 0.1079 1.0080
18.774 0.0357 0.1070 0.9778
18.818 0.0316 0.1059 0.9745
18.857 0.0293 0.1068 0.9476
18.897 0.0282 0.1087 0.9610
18.937 0.0269 0.1095 0.9731
18.977 0.0270 0.1066 0.9610
19.018 0.0228 0.1093 0.9798
19.058 0.0210 0.1063 0.9686
19.098 0.0189 0.1046 0.9862
19.138 0.0205 0.1114 0.9890
19.178 0.0220 0.1116 0.9696
19.217 0.0199 0.1089 0.9696
19.258 0.0191 0.1059 0.9644
19.299 0.0164 0.1098 0.9696
19.339 0.0141 0.1089 0.9696
19.378 0.0162 0.1116 0.9668
19.416 0.0157 0.1104 0.9730
19.460 0.0111 0.1054 0.9754
19.500 0.0111 0.1066 0.9754
19.540 0.0109 0.1074 0.9730
19.580 0.0098 0.1117 0.9616
19.617 0.0071 0.1118 0.9754
19.661 0.0080 0.1116 0.9754
19.701 0.0079 0.1076 0.9754
19.741 0.0085 0.1092 0.9874
19.781 0.0088 0.1120 0.9851
19.821 0.0099 0.1120 0.9851
19.862 0.0086 0.1108 0.9990
19.902 0.0082 0.1065 0.9730
19.952 0.0099 0.1061 1.0045
19.981 0.0087 0.1092 1.0085
20.021 0.0090 0.1096 0.9993
20.061 0.0113 0.1114 0.9840
20.102 0.0143 0.1058 1.0016
20.142 0.0129 0.1066 0.9874
20.182 0.0129 0.1070 1.0016
20.222 0.0115 0.1105 1.0055
20.259 0.0108 0.1113 0.9902
20.303 0.0122 0.1108 1.0055
20.343 0.0115 0.1114 1.0171
20.383 0.0112 0.1094 1.0055
20.423 0.0116 0.1110 1.0171
20.459 0.0132 0.1104 1.0081
20.515 0.0158 0.1104 1.0083
20.543 0.0178 0.1118 1.0171
20.584 0.0172 0.1095 1.0171
20.624 0.0184 0.1084 1.0081
20.664 0.0186 0.1104 1.0290
20.705 0.0207 0.1093 1.0081
20.745 0.0197 0.1105 1.0081
20.785 0.0189 0.1084 1.0085
20.825 0.0200 0.1078 0.9672
20.864 0.0196 0.1102 1.0020
20.904 0.0190 0.1080 1.0075
20.945 0.0185 0.1096 0.9840
20.985 0.0177 0.1123 0.9840
21.025 0.0133 0.1118 1.0018
21.065 0.0108 0.1108 0.9731
21.102 0.0104 0.1092 0.9670
21.146 0.0095 0.1113 0.9798
21.186 0.0100 0.1113 0.9679
21.226 0.0120 0.1103 0.9673
21.266 0.0128 0.1108 0.9935
21.303 0.0111 0.1122 0.9935
21.347 0.0100 0.1116 0.9938
21.387 0.0066 0.1107 0.9935
21.427 0.0093 0.1108 0.9935
21.467 0.0070 0.1108 0.9935
21.507 0.0083 0.1085 0.9799
21.547 0.0087 0.1108 0.9935
21.587 0.0082 0.1122 0.9878
21.628 0.0098 0.1130 0.9693
21.668 0.0095 0.1085 0.9873
21.708 0.0065 0.1122 0.9918
21.748 0.0106 0.1113 0.9673
21.789 0.0120 0.1118 0.9898
21.829 0.0150 0.1080 0.9878
21.869 0.0205 0.1113 0.9812
21.909 0.0197 0.1085 0.9706
21.946 0.0195 0.1077 1.0050
21.991 0.0243 0.1104 1.0099
22.030 0.0346 0.1093 1.0198
22.070 0.0498 0.1081 0.9978
22.110 0.0632 0.1077 0.9988
22.147 0.0745 0.1070 0.9489
22.191 0.0877 0.1084 1.0171
22.230 0.1024 0.1096 1.0018
22.271 0.1136 0.1077 0.9754
22.311 0.1253 0.1081 0.9501
22.350 0.1302 0.1063 0.9409
22.391 0.1324 0.1060 0.9782
22.431 0.1413 0.1074 0.9954
22.471 0.1461 0.1074 0.9484
22.511 0.1458 0.1090 0.9460
22.551 0.1365 0.1080 0.9529
22.590 0.1233 0.1080 0.9486
22.631 0.1055 0.1131 0.9764
22.672 0.0988 0.1117 0.9754
22.712 0.0863 0.1120 0.9545
22.751 0.0761 0.1135 0.9295
22.789 0.0699 0.1095 0.9460
22.834 0.0595 0.1091 0.9556
22.874 0.0581 0.1108 0.9524
22.913 0.0546 0.1116 0.9384
22.953 0.0496 0.1125 0.9274
22.990 0.0479 0.1105 0.9274
23.035 0.0436 0.1074 0.9075
23.074 0.0419 0.1111 0.9123
23.114 0.0443 0.1150 0.9565
23.154 0.0449 0.1128 0.9134
23.194 0.0450 0.1129 0.9134
23.235 0.0430 0.1090 0.9159
23.275 0.0373 0.1095 0.9159
23.316 0.0353 0.1122 0.9426
23.355 0.0316 0.1127 0.9270
23.394 0.0286 0.1137 0.9539
23.434 0.0255 0.1137 0.9563
23.475 0.0214 0.1128 0.9829
23.516 0.0187 0.1149 0.9829
23.556 0.0158 0.1140 0.9712
23.595 0.0155 0.1144 0.9839
23.632 0.0135 0.1134 0.9787
23.677 0.0071 0.1119 0.9787
23.716 0.0058 0.1119 0.9537
23.756 0.0079 0.1137 1.0010
23.796 0.0073 0.1155 0.9669
23.834 0.0071 0.1139 0.9760
23.877 0.0288 0.1117 0.9537
23.917 0.0513 0.1153 0.9537
23.958 0.0779 0.1157 0.9673
23.998 0.1046 0.1128 0.9537
24.038 0.1292 0.1141 0.9423
24.079 0.1545 0.1123 0.9475
24.118 0.1801 0.1104 0.9134
24.159 0.2038 0.1086 0.9015
24.199 0.2259 0.1105 0.9225
24.238 0.2452 0.1112 0.9263
24.277 0.2651 0.1126 0.9295
24.319 0.2720 0.1117 0.9434
24.359 0.2712 0.1115 0.9324
24.399 0.2681 0.1139 0.9334
24.439 0.2628 0.1164 0.9411
24.476 0.2514 0.1153 0.9122
24.520 0.2439 0.1139 0.9397
24.560 0.2424 0.1066 0.9468
24.600 0.2357 0.1079 0.9238
24.639 0.2317 0.1048 0.9277
24.677 0.2276 0.1071 0.9662
24.721 0.2273 0.1042 0.8999
24.761 0.2328 0.1078 0.9645
24.801 0.2385 0.1105 0.9552
24.840 0.2422 0.1109 0.9422
24.880 0.2417 0.1138 0.9905
24.921 0.2405 0.1045 0.9388
24.961 0.2399 0.1120 0.9429
25.001 0.2360 0.1084 0.9219
25.042 0.2300 0.1122 0.9323
25.082 0.2295 0.1109 0.9615
25.121 0.2286 0.1110 0.9355
25.162 0.2248 0.1064 0.9641
25.203 0.2288 0.1085 0.9136
25.243 0.2299 0.1064 0.9428
25.283 0.2300 0.1064 0.9568
25.320 0.2327 0.1066 0.9213
25.364 0.2382 0.1046 0.9701
25.404 0.2392 0.1040 0.9435
25.444 0.2423 0.1024 0.9718
25.483 0.2499 0.1029 0.9868
25.520 0.2569 0.1008 0.9866
25.564 0.2600 0.1032 0.9833
25.605 0.2616 0.1082 0.9755
25.644 0.2643 0.1012 0.9529
25.684 0.2736 0.1023 0.9442
25.724 0.2714 0.1033 0.9700
25.765 0.2715 0.1037 0.9422
25.805 0.2698 0.1023 0.9685
25.845 0.2719 0.1016 0.9552
25.885 0.2767 0.0984 0.9890
25.924 0.2867 0.1002 0.9257
25.964 0.2960 0.1015 0.9890
26.005 0.3035 0.0998 0.9856
26.046 0.3115 0.0968 0.9663
26.085 0.3170 0.0997 0.9811
26.125 0.3239 0.0986 0.9712
26.163 0.3219 0.0987 0.9791
26.208 0.3223 0.0979 0.9680
26.247 0.3191 0.0984 1.0016
26.287 0.3213 0.0941 0.9818
26.327 0.3204 0.0921 0.9622
26.364 0.3177 0.0974 0.9603
26.408 0.3139 0.1007 1.0199
26.448 0.3051 0.0991 0.9762
26.488 0.2952 0.0951 0.9516
26.528 0.2869 0.0971 0.9903
26.568 0.2814 0.1044 0.9319
26.609 0.2780 0.1037 0.9692
26.648 0.2747 0.0942 0.9820
26.689 0.2704 0.0952 0.9593
26.728 0.2675 0.0939 0.9712
26.768 0.2648 0.1023 0.9621
26.808 0.2605 0.0971 0.9515
26.849 0.2606 0.0937 0.9723
26.889 0.2629 0.0933 0.9595
26.929 0.2660 0.0912 0.9412
26.969 0.2682 0.0900 0.9734
27.006 0.2667 0.0908 1.0007
27.050 0.2582 0.0912 1.0039
27.090 0.2538 0.0904 0.9644
27.130 0.2521 0.0917 0.9982
27.170 0.2500 0.0910 0.9685
27.208 0.2491 0.0936 0.9734
27.251 0.2442 0.0951 1.0099
27.292 0.2440 0.0959 0.9866
27.332 0.2381 0.0950 0.9866
27.371 0.2300 0.0939 0.9866
27.412 0.2210 0.0939 0.9918
27.452 0.2139 0.0968 0.9695
27.492 0.2107 0.1005 0.9931
27.532 0.2151 0.0980 1.0179
27.572 0.2168 0.1006 0.9607
27.612 0.2139 0.0988 0.9767
27.651 0.2139 0.1003 0.9692
27.693 0.2115 0.1005 0.9713
27.733 0.2136 0.1043 0.9494
27.773 0.2130 0.1018 0.9219
27.812 0.2149 0.1014 0.9277
27.850 0.2161 0.1002 0.9069
27.894 0.2182 0.0989 0.9446
27.934 0.2218 0.1025 0.9333
27.974 0.2264 0.1110 0.9316
28.013 0.2275 0.1025 0.9122
28.050 0.2287 0.0987 0.9479
28.094 0.2374 0.0983 0.9435
28.134 0.2395 0.1025 0.9512
28.174 0.2434 0.1013 0.9562
28.214 0.2500 0.0966 0.9353
28.254 0.2539 0.0989 0.9023
28.295 0.2595 0.0960 0.9399
28.334 0.2642 0.1027 0.9139
28.375 0.2709 0.1031 0.9436
28.416 0.2730 0.1029 0.9582
28.455 0.2704 0.0994 0.9626
28.495 0.2672 0.0921 0.9468
28.536 0.2709 0.0912 0.9728
28.576 0.2700 0.0934 0.9488
28.616 0.2686 0.0991 0.9842
28.656 0.2712 0.0952 1.0063
28.693 0.2682 0.0953 0.9849
28.738 0.2675 0.0941 0.9615
28.777 0.2661 0.0948 0.9789
28.817 0.2635 0.0947 0.9922
28.857 0.2572 0.0926 0.9812
28.893 0.2532 0.0925 1.0203
28.938 0.2479 0.0923 0.9927
28.978 0.2491 0.0920 1.0081
29.018 0.2436 0.0945 0.9849
29.058 0.2345 0.0924 0.9652
29.098 0.2283 0.0916 0.9789
29.138 0.2202 0.0944 0.9454
29.178 0.2169 0.0931 0.9870
29.218 0.2117 0.0944 0.9540
29.258 0.2047 0.1019 0.9610
29.298 0.2012 0.1014 0.9596
29.338 0.2023 0.0972 0.9392
29.379 0.2033 0.0996 0.9572
29.419 0.2040 0.0993 0.8979
29.459 0.2037 0.0982 0.9141
29.499 0.2056 0.0991 0.9051
29.537 0.2055 0.1007 0.9495
29.581 0.2097 0.0952 0.9472
29.620 0.2151 0.0943 0.9407
29.661 0.2188 0.0963 0.9742
29.700 0.2183 0.0990 0.9407
29.737 0.2202 0.0899 0.9519
29.782 0.2214 0.0954 0.9372
29.821 0.2212 0.0958 0.9522
29.861 0.2190 0.0916 0.9291
29.901 0.2169 0.0923 0.9260
29.941 0.2184 0.0907 0.9378
29.982 0.2140 0.0884 0.9563
30.022 0.2131 0.0889 0.9614
30.062 0.2122 0.0867 0.9669
30.102 0.2136 0.0889 0.9669
30.141 0.2056 0.0884 0.9713
30.181 0.2044 0.0887 0.9768
30.222 0.2046 0.0883 0.9625
30.263 0.2063 0.0884 0.9475
30.303 0.2057 0.0887 0.9353
30.342 0.2005 0.0906 0.9651
30.380 0.1965 0.0885 0.9652
30.424 0.1929 0.0883 0.9657
30.463 0.1909 0.0890 0.9763
30.504 0.1932 0.0898 0.9348
30.543 0.1936 0.0927 0.9348
30.581 0.1864 0.0941 0.9641
30.625 0.1828 0.0937 0.9862
30.665 0.1833 0.0947 0.9615
30.705 0.1817 0.1016 0.9309
30.745 0.1794 0.1006 0.9289
30.785 0.1759 0.1033 0.9559
30.826 0.1737 0.0984 0.9759
30.865 0.1793 0.0995 0.9749
30.906 0.1843 0.0997 0.9391
30.946 0.1926 0.1022 0.9448
30.985 0.2015 0.1027 0.9799
31.024 0.2070 0.1010 0.9479
31.066 0.2118 0.1025 0.9713
31.106 0.2186 0.1026 0.9608
31.146 0.2233 0.1053 0.9618
31.186 0.2293 0.1013 0.9972
31.223 0.2309 0.1025 0.9819
31.267 0.2354 0.1025 0.9702
31.307 0.2417 0.0999 0.9994
31.347 0.2457 0.1001 1.0004
31.387 0.2484 0.1014 0.9529
31.424 0.2528 0.0979 0.9776
31.468 0.2504 0.1014 1.0008
31.508 0.2530 0.0999 0.9713
31.548 0.2559 0.0974 0.9726
31.587 0.2561 0.0964 0.9339
31.627 0.2565 0.0947 0.9732
31.668 0.2527 0.0962 0.9863
31.709 0.2541 0.0962 0.9792
31.749 0.2510 0.0955 0.9898
31.789 0.2513 0.0976 0.9551
31.829 0.2490 0.0989 0.9758
31.868 0.2483 0.0982 0.9544
31.909 0.2480 0.0976 0.9798
31.950 0.2421 0.0985 0.9420
31.990 0.2349 0.0967 0.9542
32.029 0.2260 0.0987 0.9944
32.067 0.2186 0.0985 0.9410
32.111 0.2169 0.0986 0.9535
32.151 0.2146 0.0983 0.9563
32.191 0.2081 0.0969 0.9744
32.231 0.2062 0.0965 0.9661
32.267 0.2013 0.0986 0.9596
32.312 0.1960 0.0992 0.9640
32.351 0.1914 0.0996 0.9833
32.391 0.1842 0.0993 1.0000
32.431 0.1780 0.1037 0.9852
32.471 0.1734 0.0974 0.9253
32.512 0.1710 0.0986 0.9586
32.552 0.1746 0.1000 0.9632
32.592 0.1728 0.0990 0.9562
32.632 0.1680 0.0972 0.9448
32.671 0.1675 0.0948 0.9509
32.711 0.1670 0.0973 0.9901
32.752 0.1676 0.0995 0.9917
32.792 0.1683 0.1003 0.9942
32.833 0.1695 0.0980 0.9978
32.873 0.1673 0.0962 0.9778
32.910 0.1635 0.0973 0.9458
32.955 0.1630 0.1008 0.9685
32.994 0.1648 0.1011 0.9672
33.034 0.1626 0.0975 0.9726
33.074 0.1618 0.0986 0.9637
33.111 0.1624 0.1002 0.9622
33.155 0.1642 0.1000 0.9300
33.195 0.1691 0.0988 0.9726
33.235 0.1713 0.0998 0.9675
33.275 0.1719 0.0988 0.9586
33.314 0.1768 0.0984 0.9605
33.355 0.1836 0.0964 0.9477
33.395 0.1900 0.0969 0.9585
33.435 0.1956 0.1012 0.9552
33.475 0.1981 0.1013 0.9692
33.515 0.2002 0.0975 0.9672
33.554 0.1977 0.0973 0.9935
33.595 0.1989 0.0962 0.9475
33.636 0.2034 0.1068 0.9619
33.676 0.2003 0.1015 0.9626
33.715 0.1981 0.1001 0.9442
33.753 0.1943 0.0970 0.9660
33.797 0.1898 0.1003 0.9832
33.837 0.1850 0.0990 0.9941
33.877 0.1843 0.1023 0.9620
33.917 0.1823 0.1001 0.9847
33.954 0.1789 0.0992 0.9794
33.999 0.1747 0.1001 0.9657
34.038 0.1794 0.0987 0.9651
34.078 0.1858 0.0973 0.9853
34.118 0.1830 0.0976 1.0038
34.158 0.1806 0.0962 0.9866
34.199 0.1780 0.0948 0.9819
34.239 0.1791 0.0984 0.9705
34.279 0.1828 0.0987 0.9932
34.319 0.1830 0.1023 1.0041
34.358 0.1818 0.0942 0.9943
34.398 0.1797 0.0944 1.0007
34.439 0.1788 0.0966 0.9849
34.480 0.1838 0.0933 1.0066
34.520 0.1842 0.0954 1.0136
34.559 0.1824 0.0978 0.9832
34.596 0.1815 0.0943 0.9751
34.641 0.1819 0.0929 0.9866
34.681 0.1865 0.0890 0.9740
34.720 0.1887 0.0929 0.9822
34.760 0.1905 0.0988 0.9878
34.797 0.1948 0.0944 0.9863
34.841 0.1923 0.0924 0.9659
34.881 0.1967 0.0923 0.9862
34.921 0.2041 0.0925 0.9846
34.961 0.2058 0.0928 0.9890
35.001 0.2092 0.0919 0.9882
35.042 0.2084 0.0913 0.9295
35.083 0.2083 0.0921 0.9795
35.123 0.2108 0.0920 0.9547
35.163 0.2104 0.0950 1.0116
35.202 0.2094 0.0927 0.9846
35.241 0.2071 0.0946 0.9802
35.283 0.1992 0.0926 0.9798
35.323 0.1957 0.0919 0.9807
35.363 0.1898 0.0949 0.9659
35.403 0.1834 0.1020 0.9555
35.440 0.1788 0.0951 0.9636
35.484 0.1715 0.0956 0.9573
35.524 0.1677 0.0963 0.9833
35.564 0.1601 0.0971 0.9755
35.604 0.1588 0.0952 0.9572
35.641 0.1562 0.1001 0.9444
35.685 0.1513 0.0969 0.9606
35.725 0.1502 0.0951 0.9193
35.765 0.1523 0.0955 0.9668
35.804 0.1533 0.0979 0.9928
35.844 0.1557 0.0998 0.9658
35.885 0.1590 0.1000 0.9477
35.925 0.1588 0.0968 0.9312
35.965 0.1597 0.1011 0.9329
36.005 0.1591 0.1018 0.9557
36.044 0.1613 0.1012 0.9464
36.090 0.1613 0.1007 0.9365
36.126 0.1612 0.1010 0.9438
36.167 0.1614 0.0983 0.9357
36.207 0.1586 0.0965 0.9102
36.246 0.1609 0.0988 0.9672
36.284 0.1607 0.1011 0.9661
36.328 0.1624 0.0993 0.9610
36.368 0.1620 0.0962 0.9356
36.408 0.1624 0.0916 0.9527
36.447 0.1648 0.0938 0.9527
36.484 0.1686 0.0943 0.9673
36.529 0.1694 0.0970 0.9572
36.568 0.1704 0.0962 0.9246
36.608 0.1675 0.0932 0.9516
36.648 0.1664 0.0939 0.9267
36.688 0.1717 0.0955 0.9725
36.729 0.1739 0.0959 0.9549
36.769 0.1746 0.0963 0.9713
36.809 0.1760 0.0924 0.9705
36.849 0.1773 0.0907 0.9705
36.888 0.1817 0.0938 0.9935
36.928 0.1833 0.0985 0.9389
36.970 0.1817 0.0953 0.9982
37.010 0.1830 0.0945 0.9794
37.050 0.1844 0.0965 0.9439
37.089 0.1901 0.0961 0.9875
37.126 0.1996 0.0956 0.9597
37.171 0.2092 0.0975 0.9755
37.210 0.2139 0.0980 1.0019
37.250 0.2150 0.0979 0.9964
37.291 0.2164 0.0972 0.9523
37.328 0.2194 0.0933 0.9694
37.372 0.2204 0.0975 1.0092
37.412 0.2186 0.0958 0.9778
37.452 0.2167 0.0971 0.9902
37.492 0.2169 0.0959 0.9954
37.532 0.2177 0.0955 0.9942
37.572 0.2186 0.0997 0.9890
37.612 0.2134 0.0988 0.9945
37.653 0.2086 0.0962 0.9795
37.693 0.2028 0.0980 0.9736
37.732 0.1999 0.0988 0.9898
37.772 0.2003 0.0980 0.9942
37.813 0.2045 0.1010 1.0018
37.853 0.2003 0.1028 0.9499
37.894 0.2023 0.1006 0.9671
37.933 0.2073 0.1024 0.9483
37.970 0.2113 0.0987 0.9934
38.014 0.2175 0.1016 0.9610
38.054 0.2166 0.1077 0.9356
38.094 0.2179 0.1059 0.9766
38.134 0.2112 0.1049 0.9800
38.170 0.2068 0.1034 0.9618
38.215 0.2058 0.1048 0.9606
38.255 0.2038 0.1057 0.9605
38.295 0.1955 0.1046 0.9605
38.334 0.1932 0.1016 0.9708
38.375 0.1894 0.0996 0.9426
38.416 0.1826 0.0988 0.9446
38.456 0.1756 0.1009 0.9499
38.497 0.1687 0.1025 0.9543
38.536 0.1685 0.1002 0.9592
38.575 0.1638 0.0989 0.9671
38.615 0.1661 0.0981 0.9394
38.656 0.1732 0.0994 0.9327
38.697 0.1718 0.1028 0.9597
38.737 0.1680 0.1011 0.9646
38.776 0.1627 0.0997 0.9278
38.814 0.1599 0.0993 0.9914
38.858 0.1589 0.1010 0.9865
38.897 0.1566 0.1023 0.9895
38.937 0.1547 0.1039 1.0124
38.977 0.1470 0.1018 0.9672
39.014 0.1408 0.1033 0.9646
39.058 0.1347 0.1006 0.9733
39.098 0.1306 0.1026 0.9889
39.138 0.1209 0.1062 0.9621
39.178 0.1157 0.1008 0.9876
39.218 0.1151 0.1066 0.9578
39.259 0.1159 0.1019 0.9736
39.299 0.1158 0.1004 0.9736
39.339 0.1122 0.1030 0.9793
39.379 0.1114 0.1009 0.9866
39.418 0.1093 0.1000 1.0029
39.459 0.1110 0.1035 0.9968
39.500 0.1134 0.1013 0.9702
39.540 0.1134 0.1011 0.9362
39.581 0.1137 0.1048 0.9335
39.620 0.1173 0.1037 0.9585
39.657 0.1174 0.1028 0.9732
39.701 0.1179 0.1033 0.9548
39.741 0.1245 0.1036 0.9732
39.781 0.1287 0.1034 0.9376
39.821 0.1330 0.1045 1.0045
39.858 0.1344 0.1014 0.9929
39.902 0.1372 0.0983 0.9213
39.942 0.1441 0.1008 0.9979
39.982 0.1470 0.0973 0.9642
40.022 0.1496 0.1008 0.9658
40.062 0.1521 0.0944 0.9930
40.102 0.1511 0.0954 0.9783
40.142 0.1526 0.0934 0.9592
40.183 0.1531 0.0934 0.9647
40.222 0.1528 0.0958 0.9592
40.262 0.1470 0.0969 0.9262
40.301 0.1420 0.0969 0.9396
40.343 0.1393 0.0949 0.9705
40.383 0.1377 0.0941 0.9450
40.423 0.1328 0.0946 0.9589
40.463 0.1278 0.0945 0.9266
40.500 0.1201 0.0958 0.9745
40.544 0.1164 0.0962 0.9129
40.584 0.1133 0.0951 0.9131
40.625 0.1106 0.0951 0.9225
40.664 0.1120 0.0984 0.9145
40.701 0.1093 0.0951 0.9145
40.746 0.1116 0.0941 0.8981
40.785 0.1180 0.0966 0.9108
40.825 0.1211 0.0963 0.9084
40.865 0.1283 0.0980 0.9548
40.905 0.1344 0.0982 0.9316
40.946 0.1398 0.0972 0.9150
40.986 0.1501 0.0953 0.9008
41.026 0.1599 0.0957 0.9707
41.066 0.1702 0.0959 0.9609
41.105 0.1773 0.0965 0.9653
41.145 0.1805 0.0965 0.9692
41.186 0.1856 0.0966 0.9914
41.227 0.1902 0.0933 1.0130
41.267 0.1940 0.0946 0.9824
41.306 0.1955 0.0963 0.9741
41.343 0.1910 0.0963 0.9767
41.388 0.1868 0.0957 0.9879
41.427 0.1818 0.0959 0.9912
41.467 0.1812 0.0964 0.9675
41.507 0.1852 0.0972 1.0003
41.543 0.1824 0.0983 0.9582
41.588 0.1786 0.0977 0.9655
41.628 0.1751 0.0966 0.9391
41.668 0.1739 0.0962 0.9743
41.709 0.1765 0.0960 0.9717
41.749 0.1726 0.0957 0.9823
41.789 0.1689 0.0966 0.9806
41.829 0.1710 0.0955 0.9714
41.870 0.1696 0.0952 0.9620
41.909 0.1753 0.0949 0.9463
41.949 0.1790 0.0959 0.9636
41.989 0.1717 0.0968 0.9421
42.030 0.1690 0.0947 0.9639
42.070 0.1655 0.0938 0.9977
42.110 0.1664 0.0938 0.9770
42.150 0.1683 0.0947 0.9663
42.187 0.1642 0.0938 0.9803
42.231 0.1604 0.0965 0.9972
42.271 0.1564 0.0955 0.9745
42.311 0.1528 0.0937 0.9745
42.351 0.1529 0.0936 0.9578
42.387 0.1475 0.0947 0.9464
42.432 0.1405 0.0925 0.9561
42.471 0.1387 0.0932 0.9639
42.511 0.1327 0.0928 0.9552
42.551 0.1365 0.0941 0.9853
42.591 0.1385 0.0940 0.9628
42.632 0.1368 0.0966 0.9615
42.672 0.1375 0.0948 0.9561
42.712 0.1335 0.0943 0.9561
42.752 0.1378 0.0947 0.9671
42.792 0.1457 0.0969 0.9481
42.832 0.1541 0.0979 0.9568
42.873 0.1639 0.0964 0.9571
42.914 0.1669 0.0979 0.9828
42.954 0.1657 0.0953 0.9451
42.993 0.1733 0.0940 0.9591
43.031 0.1716 0.0962 0.9385
43.075 0.1753 0.0957 0.9471
43.114 0.1793 0.0947 0.9368
43.155 0.1826 0.0912 0.9630
43.194 0.1854 0.0943 0.9278
43.231 0.1859 0.0958 0.9385
43.275 0.1849 0.0970 0.9091
43.315 0.1777 0.0962 0.9843
43.355 0.1668 0.0953 1.0027
43.395 0.1631 0.0955 0.9562
43.435 0.1705 0.0953 0.9492
43.475 0.1717 0.0961 0.9900
43.515 0.1764 0.1003 0.9769
43.556 0.1695 0.1007 0.9474
43.596 0.1672 0.1012 0.9543
43.635 0.1579 0.1004 0.9673
43.675 0.1548 0.0988 0.9786
43.716 0.1604 0.1018 0.9714
43.756 0.1565 0.1022 0.9681
43.796 0.1550 0.1025 0.9929
43.836 0.1584 0.1003 0.9715
43.874 0.1569 0.0991 0.9470
43.918 0.1496 0.0998 0.9912
43.958 0.1464 0.1023 0.9952
43.998 0.1392 0.1020 0.9625
44.038 0.1431 0.0999 0.9623
44.075 0.1420 0.0986 0.9603
44.119 0.1506 0.1008 0.9349
44.159 0.1558 0.1014 0.9609
44.199 0.1505 0.1021 0.9843
44.239 0.1493 0.0983 0.9840
44.279 0.1521 0.0977 0.9900
44.319 0.1558 0.0980 0.9762
44.389 0.1696 0.1025 0.9715
44.440 0.1748 0.1048 0.9725
44.479 0.1819 0.1022 0.9889
44.519 0.1853 0.1018 0.9816
44.558 0.1895 0.0995 0.9963
44.600 0.1917 0.1012 0.9530
44.640 0.1900 0.1039 1.0150
44.680 0.1951 0.1018 1.0043
44.719 0.2046 0.0999 0.9917
44.757 0.2114 0.1024 0.9842
44.801 0.2163 0.1026 0.9863
44.840 0.2160 0.1036 1.0033
44.881 0.2126 0.1019 0.9813
44.921 0.2080 0.1001 0.9587
44.958 0.2027 0.0988 0.9733
45.002 0.2013 0.0955 0.9764
45.042 0.1979 0.0987 0.9861
45.082 0.1945 0.0993 1.0232
45.122 0.1882 0.0990 0.9844
45.162 0.1836 0.0945 0.9791
45.203 0.1738 0.0926 0.9658
45.243 0.1673 0.0937 0.9708
45.283 0.1560 0.0956 0.9933
45.323 0.1472 0.0951 1.0234
45.362 0.1418 0.0944 0.9573
45.402 0.1415 0.0930 0.9507
45.443 0.1444 0.0919 0.9681
45.484 0.1421 0.0910 0.9681
45.524 0.1378 0.0923 0.9779
45.563 0.1325 0.0910 0.9741
45.601 0.1323 0.0903 0.9818
45.645 0.1349 0.0900 0.9603
45.684 0.1410 0.0899 0.9472
45.725 0.1391 0.0916 0.9815
45.764 0.1382 0.0907 0.9769
45.801 0.1388 0.0912 0.9977
45.846 0.1350 0.0901 0.9753
45.885 0.1249 0.0900 0.9785
45.925 0.1098 0.0906 0.9948
45.965 0.0940 0.0902 0.9603
46.005 0.0788 0.0920 0.9523
46.046 0.0696 0.0921 0.9599
46.085 0.0611 0.0910 0.9389
46.126 0.0561 0.0911 0.9389
46.167 0.0470 0.0946 0.9608
46.206 0.0418 0.0907 0.9365
46.246 0.0373 0.0936 0.9256
46.287 0.0357 0.0925 0.9426
46.327 0.0351 0.0918 0.9873
46.367 0.0388 0.0940 1.0124
46.407 0.0470 0.0934 0.9705
46.444 0.0560 0.0934 0.9729
46.488 0.0670 0.0922 0.9527
46.528 0.0760 0.0909 0.9625
46.568 0.0853 0.0926 0.9675
46.608 0.0851 0.0941 0.9664
46.645 0.0831 0.0941 0.9664
46.689 0.0813 0.0948 0.9329
46.729 0.0818 0.0876 0.9395
46.769 0.0829 0.0946 0.9652
46.809 0.0810 0.0959 0.9792
46.849 0.0793 0.0942 0.9859
46.889 0.0827 0.0925 0.9859
46.929 0.0857 0.0902 0.9189
46.969 0.0866 0.0913 0.9189
47.009 0.0858 0.0943 0.9472
47.049 0.0824 0.0942 0.9516
47.088 0.0842 0.0929 0.9552
47.130 0.0926 0.0897 0.9593
47.170 0.0972 0.0899 0.9934
47.210 0.1078 0.0911 0.9961
47.250 0.1127 0.0927 0.9491
47.288 0.1157 0.0923 0.9988
47.332 0.1256 0.0893 0.9751
47.372 0.1306 0.0909 0.9406
47.412 0.1365 0.0897 0.9349
47.451 0.1405 0.0900 0.9867
47.489 0.1428 0.0927 0.9906
47.533 0.1490 0.0929 0.9527
47.572 0.1507 0.0942 0.9652
47.612 0.1521 0.0904 0.9753
47.652 0.1528 0.0947 0.9963
47.692 0.1505 0.0947 0.9927
47.733 0.1478 0.0937 0.9688
47.773 0.1503 0.0930 0.9631
47.813 0.1544 0.0947 0.9683
47.853 0.1575 0.0934 0.9988
47.892 0.1641 0.0936 0.9693
47.932 0.1675 0.0957 0.9423
47.973 0.1734 0.0941 0.9620
48.014 0.1784 0.0916 0.9557
48.054 0.1842 0.0914 0.9355
48.093 0.1863 0.0958 0.9678
48.130 0.1902 0.0961 0.9450
48.175 0.1933 0.0937 0.9508
48.214 0.1950 0.0932 0.9483
48.254 0.1952 0.0940 0.9574
48.294 0.1942 0.0957 0.9492
48.332 0.1988 0.0968 0.9668
48.375 0.1944 0.0948 0.9713
48.416 0.1934 0.0937 0.9778
48.456 0.1937 0.0902 0.9434
48.496 0.1922 0.0904 0.9508
48.536 0.1920 0.0922 0.9789
48.576 0.1885 0.0956 0.9606
48.616 0.1851 0.0932 0.9720
48.657 0.1838 0.0931 0.9604
48.697 0.1860 0.0932 0.9541
48.736 0.1857 0.0915 0.9625
48.775 0.1850 0.0958 0.9663
48.817 0.1787 0.0958 0.9895
48.857 0.1741 0.0955 1.0176
48.897 0.1731 0.0937 0.9541
48.936 0.1735 0.0927 0.9802
48.974 0.1755 0.0936 1.0020
49.018 0.1732 0.0931 0.9686
49.058 0.1758 0.0931 0.9761
49.098 0.1768 0.0933 0.9782
49.138 0.1808 0.0925 1.0043
49.175 0.1805 0.0959 0.9742
49.219 0.1819 0.0962 0.9626
49.258 0.1839 0.0951 0.9829
49.298 0.1839 0.0946 0.9755
49.339 0.1885 0.0936 0.9867
49.378 0.1894 0.0935 0.9547
49.419 0.1956 0.0946 0.9537
49.459 0.1945 0.0954 0.9730
49.500 0.1968 0.0962 0.9222
49.540 0.2010 0.0943 0.9718
49.580 0.2066 0.0946 0.9882
49.623 0.2077 0.0953 0.9331
49.660 0.2061 0.0957 0.9652
49.701 0.2072 0.0979 0.9727
49.741 0.2054 0.0933 0.9680
49.781 0.2048 0.0941 0.9680
49.818 0.2030 0.0952 0.9857
49.862 0.2011 0.0988 0.9906
49.901 0.1915 0.0976 0.9775
49.942 0.1810 0.0975 0.9606
49.981 0.1816 0.0955 1.0044
50.018 0.1763 0.0959 1.0082
50.062 0.1687 0.0964 0.9803
50.135 0.1612 0.0965 0.9512
50.200 0.1557 0.0931 0.9463
50.222 0.1550 0.0922 0.9783
50.262 0.1587 0.0931 0.9950
50.303 0.1615 0.0980 0.9741
50.343 0.1620 0.0957 0.9729
50.383 0.1600 0.0947 0.9801
50.423 0.1611 0.0937 0.9625
50.462 0.1629 0.0941 0.9595
50.502 0.1595 0.0947 0.9782
50.543 0.1599 0.0987 0.9911
50.584 0.1613 0.0920 0.9724
50.624 0.1626 0.0944 0.9791
50.664 0.1640 0.0918 0.9395
50.701 0.1662 0.0929 0.9775
50.746 0.1678 0.0986 0.9958
50.785 0.1688 0.0982 0.9818
50.825 0.1672 0.0995 0.9845
50.865 0.1671 0.0951 0.9800
50.902 0.1722 0.0918 0.9375
50.946 0.1740 0.0936 0.9509
50.986 0.1771 0.0968 0.9507
51.026 0.1793 0.0951 0.9939
51.066 0.1769 0.0939 0.9779
51.105 0.1796 0.0937 0.9692
51.146 0.1752 0.0934 0.9754
51.186 0.1862 0.0999 0.9651
51.227 0.1871 0.0934 0.9834
51.266 0.1872 0.0913 0.9342
51.306 0.1879 0.0931 0.9429
51.345 0.1930 0.0910 0.9414
51.405 0.1989 0.0937 0.9486
51.427 0.1992 0.0937 0.9500
51.467 0.1997 0.0924 0.9702
51.507 0.2000 0.0912 0.9542
51.545 0.2021 0.0891 0.9619
51.588 0.2038 0.0929 0.9531
51.628 0.2121 0.0936 0.9914
51.668 0.2121 0.0921 0.9629
51.709 0.2106 0.0915 0.9876
51.745 0.2070 0.0879 0.9930
51.790 0.2097 0.0928 0.9356
51.829 0.2119 0.0911 0.9874
51.869 0.2110 0.0894 0.9640
51.909 0.2135 0.0868 0.9933
51.949 0.2158 0.0875 0.9350
51.990 0.2151 0.0869 0.9660
52.030 0.2182 0.0918 0.9881
52.070 0.2214 0.0914 1.0143
52.110 0.2195 0.0922 1.0181
52.149 0.2174 0.0885 0.9971
52.189 0.2097 0.0885 0.9761
52.230 0.2108 0.0887 1.0298
52.271 0.2088 0.0926 0.9918
52.311 0.2065 0.0934 0.9775
52.350 0.2073 0.0915 1.0020
52.388 0.2029 0.0923 1.0020
52.432 0.1911 0.0893 0.9959
52.471 0.1934 0.0921 0.9804
52.511 0.1921 0.0936 0.9527
52.551 0.1865 0.0913 0.9750
52.588 0.1860 0.0922 0.9693
52.632 0.1795 0.0878 0.9792
52.682 0.1793 0.0912 0.9206
52.741 0.1708 0.0982 0.9560
52.792 0.1679 0.0948 0.9754
52.832 0.1597 0.0947 0.9715
52.873 0.1545 0.0953 0.9659
52.913 0.1585 0.0958 0.9832
52.954 0.1554 0.0985 0.9762
52.994 0.1533 0.0960 0.9857
53.033 0.1546 0.0957 0.9901
53.072 0.1471 0.0907 0.9522
53.114 0.1493 0.1019 0.9433
53.154 0.1470 0.0989 0.9154
53.194 0.1502 0.0960 0.9252
53.234 0.1559 0.0960 0.9816
53.271 0.1546 0.0983 0.9420
53.315 0.1568 0.0989 1.0061
53.355 0.1578 0.1009 0.9367
53.395 0.1569 0.1047 0.9560
53.434 0.1584 0.0999 0.9568
53.472 0.1534 0.0991 0.9272
53.516 0.1487 0.0985 0.9269
53.555 0.1515 0.0967 0.9478
53.595 0.1505 0.1020 0.9478
53.635 0.1525 0.0995 0.9479
53.675 0.1558 0.0997 0.9552
53.716 0.1498 0.1017 0.9502
53.756 0.1507 0.1004 0.9552
53.796 0.1506 0.1013 0.9716
53.836 0.1547 0.1008 0.9347
53.876 0.1555 0.1000 0.9524
53.916 0.1540 0.0998 0.9472
53.957 0.1609 0.0983 0.9706
53.998 0.1655 0.1009 0.9618
54.038 0.1685 0.1013 0.9676
54.077 0.1729 0.0984 0.9596
54.115 0.1778 0.1002 0.9596
54.159 0.1788 0.0994 0.9381
54.199 0.1844 0.0972 0.9335
54.238 0.1881 0.0951 0.9327
54.278 0.1922 0.1024 0.9286
54.315 0.1957 0.0913 0.9811
54.359 0.1946 0.0946 0.9393
54.401 0.2011 0.0906 0.9422
54.439 0.2027 0.0955 0.9682
54.479 0.2011 0.0912 0.9709
54.519 0.2055 0.0924 0.9684
54.559 0.2045 0.0883 0.9688
54.600 0.2038 0.0885 0.9726
54.640 0.2058 0.0860 0.9569
54.680 0.2074 0.0841 0.9475
54.719 0.2119 0.0872 0.9529
54.759 0.2120 0.0859 0.9696
54.800 0.2091 0.0857 0.9216
54.840 0.2136 0.0785 0.9586
54.880 0.2181 0.0836 0.9799
54.920 0.2210 0.0838 0.9852
54.959 0.2205 0.0823 1.0087
55.002 0.2198 0.0821 1.0184
55.042 0.2210 0.0825 0.9873
55.082 0.2206 0.0853 0.9989
55.122 0.2167 0.0870 1.0082
55.159 0.2153 0.0878 0.9700
55.203 0.2139 0.0841 0.9762
55.243 0.2146 0.0816 0.9675
55.283 0.2179 0.0860 0.9675
55.323 0.2158 0.0865 0.9770
55.363 0.2161 0.0851 0.9770
55.403 0.2134 0.0829 0.9500
55.443 0.2116 0.0829 0.9872
55.483 0.2109 0.0811 0.9846
55.523 0.2082 0.0805 0.9415
55.563 0.2022 0.0848 0.9770
55.602 0.1960 0.0820 0.9832
55.644 0.1938 0.0799 0.9623
55.684 0.1851 0.0780 0.9623
55.724 0.1803 0.0812 0.9782
55.764 0.1688 0.0848 0.9755
55.801 0.1616 0.0855 0.9392
55.845 0.1564 0.0833 0.9392
55.885 0.1505 0.0825 0.9799
55.925 0.1460 0.0800 0.9911
55.964 0.1405 0.0839 0.9870
56.002 0.1369 0.0852 0.9679
56.045 0.1369 0.0827 0.9419
56.085 0.1380 0.0827 0.9435
56.125 0.1388 0.0816 0.9693
56.166 0.1394 0.0826 0.9359
56.206 0.1366 0.0828 0.9420
56.246 0.1322 0.0858 0.9717
56.287 0.1349 0.0839 0.9432
56.327 0.1274 0.0817 0.9551
56.367 0.1184 0.0817 0.9810
56.406 0.1140 0.0861 0.9214
56.446 0.1078 0.0857 0.9334
56.487 0.1002 0.0855 0.9137
56.528 0.0905 0.0824 0.8956
56.567 0.0859 0.0832 0.9202
56.607 0.0777 0.0856 0.9007
56.645 0.0720 0.0870 0.9387
56.689 0.0607 0.0867 0.9295
56.728 0.0588 0.0818 0.9472
56.768 0.0505 0.0818 0.9356
56.808 0.0493 0.0826 0.8706
56.849 0.0464 0.0869 0.8697
56.889 0.0413 0.0850 0.9396
56.929 0.0404 0.0839 0.9396
56.969 0.0455 0.0816 0.9266
57.009 0.0543 0.0822 0.9242
57.049 0.0579 0.0817 0.9476
57.089 0.0643 0.0861 0.9476
57.129 0.0690 0.0873 0.9141
57.170 0.0746 0.0808 0.9030
57.210 0.0835 0.0803 0.8890
57.250 0.0947 0.0819 0.8890
57.290 0.0989 0.0868 0.9261
57.331 0.1058 0.0830 0.8938
57.371 0.1076 0.0873 0.8913
57.411 0.1130 0.0852 0.8653
57.451 0.1152 0.0822 0.8923
57.489 0.1140 0.0824 0.9229
57.533 0.1102 0.0877 0.9432
57.572 0.1085 0.0821 0.9262
57.612 0.1056 0.0829 0.9012
57.652 0.1113 0.0829 0.8833
57.689 0.1175 0.0853 0.8853
57.733 0.1152 0.0887 0.9311
57.773 0.1188 0.0825 0.9118
57.813 0.1165 0.0866 0.9282
57.853 0.1216 0.0826 0.9142
57.893 0.1244 0.0843 0.9208
57.933 0.1272 0.0858 0.9181
57.973 0.1282 0.0849 0.9183
58.014 0.1326 0.0810 0.9417
58.053 0.1327 0.0857 0.9120
58.092 0.1377 0.0857 0.8806
58.132 0.1372 0.0815 0.8909
58.174 0.1279 0.0821 0.9118
58.214 0.1236 0.0856 0.9387
58.257 0.1154 0.0821 0.9277
58.294 0.1168 0.0836 0.8800
58.333 0.1163 0.0804 0.9425
58.375 0.1135 0.0839 0.9166
58.416 0.1098 0.0833 0.9116
58.456 0.1065 0.0842 0.9116
58.496 0.1028 0.0806 0.9046
58.533 0.1032 0.0823 0.8771
58.577 0.1054 0.0862 0.9055
58.616 0.1025 0.0878 0.8960
58.656 0.1019 0.0834 0.9102
58.696 0.1010 0.0819 0.9012
58.736 0.1038 0.0822 0.9032
58.777 0.1073 0.0834 0.9032
58.817 0.1083 0.0871 0.9266
58.857 0.1117 0.0857 0.8617
58.897 0.1182 0.0844 0.8991
58.936 0.1227 0.0854 0.8752
58.976 0.1286 0.0845 0.9057
59.017 0.1374 0.0859 0.9275
59.058 0.1364 0.0861 0.9138
59.098 0.1398 0.0864 0.9102
59.137 0.1469 0.0853 0.9173
59.175 0.1537 0.0841 0.9133
59.219 0.1633 0.0843 0.9121
59.258 0.1607 0.0844 0.9012
59.298 0.1597 0.0822 0.9286
59.338 0.1596 0.0835 0.9423
59.375 0.1598 0.0818 0.9340
59.419 0.1617 0.0797 0.8963
59.459 0.1630 0.0825 0.9284
59.500 0.1611 0.0822 0.9585
59.540 0.1620 0.0808 0.9456
59.580 0.1621 0.0802 0.9516
59.621 0.1592 0.0800 0.9222
59.661 0.1603 0.0826 0.9312
59.701 0.1538 0.0827 0.9505
59.741 0.1549 0.0814 0.9549
59.780 0.1579 0.0789 0.9423
59.820 0.1617 0.0780 0.9479
59.861 0.1661 0.0814 0.9488
59.901 0.1641 0.0836 0.9457
59.941 0.1629 0.0845 0.9428
59.981 0.1664 0.0822 0.9238
60.018 0.1657 0.0801 0.9293
60.063 0.1724 0.0829 0.9770
60.102 0.1763 0.0846 0.9459
60.142 0.1737 0.0853 0.9542
60.182 0.1715 0.0841 0.9516
60.219 0.1740 0.0824 0.9492
60.263 0.1751 0.0803 0.9653
60.303 0.1776 0.0834 0.9574
60.343 0.1777 0.0847 0.9588
60.382 0.1833 0.0827 0.9508
60.423 0.1884 0.0820 0.9576
60.463 0.1888 0.0791 0.9632
60.503 0.1909 0.0775 0.9587
60.543 0.1912 0.0801 0.9631
60.584 0.1874 0.0801 0.9583
60.624 0.1862 0.0822 0.9474
60.663 0.1893 0.0809 0.9762
60.705 0.1931 0.0792 0.9577
60.745 0.1918 0.0811 0.9450
60.785 0.1881 0.0840 0.9956
60.825 0.1867 0.0836 0.9586
60.862 0.1829 0.0823 0.9672
60.906 0.1786 0.0808 0.9807
60.946 0.1738 0.0808 0.9434
60.985 0.1742 0.0854 0.9695
61.025 0.1674 0.0844 0.9711
61.062 0.1644 0.0835 0.9724
61.106 0.1619 0.0813 1.0051
61.146 0.1662 0.0816 0.9067
61.186 0.1666 0.0831 0.9414
61.226 0.1660 0.0845 0.9720
61.266 0.1684 0.0851 0.9624
61.307 0.1699 0.0819 0.9548
61.347 0.1706 0.0785 0.9348
61.387 0.1718 0.0808 0.9930
61.427 0.1716 0.0817 0.9639
61.466 0.1708 0.0827 0.9606
61.506 0.1679 0.0820 0.9753
61.549 0.1731 0.0823 0.9471
61.587 0.1766 0.0816 0.9673
61.627 0.1770 0.0800 0.9844
61.667 0.1703 0.0839 0.9902
61.706 0.1628 0.0786 0.9618
61.750 0.1480 0.0775 0.9673
61.789 0.1390 0.0779 0.9724
61.829 0.1294 0.0797 0.9897
61.869 0.1141 0.0800 1.0183
61.906 0.1046 0.0784 0.9629
61.950 0.0922 0.0784 0.9444
61.990 0.0842 0.0766 0.9454
62.030 0.0756 0.0781 0.9948
62.070 0.0709 0.0805 0.9611
62.109 0.0682 0.0799 0.9315
62.150 0.0697 0.0788 0.9449
62.190 0.0724 0.0796 1.0037
62.230 0.0868 0.0800 0.9449
62.270 0.1000 0.0822 0.9975
62.310 0.1022 0.0823 0.9607
62.349 0.1078 0.0804 0.9570
62.391 0.1162 0.0822 0.9817
62.431 0.1266 0.0802 0.9219
62.471 0.1382 0.0789 0.9381
62.511 0.1495 0.0812 0.9619
62.548 0.1500 0.0819 0.9194
62.592 0.1534 0.0849 0.9228
62.632 0.1553 0.0788 0.9421
62.672 0.1590 0.0803 0.9472
62.711 0.1689 0.0839 0.9598
62.750 0.1708 0.0845 0.9714
62.793 0.1792 0.0819 0.9774
62.833 0.1878 0.0806 0.9312
62.873 0.1972 0.0825 0.9531
62.913 0.2021 0.0785 0.9463
62.953 0.2047 0.0814 0.9598
62.994 0.1983 0.0804 0.9844
63.034 0.2036 0.0793 0.9466
63.074 0.2069 0.0788 0.9726
63.114 0.2092 0.0785 0.9808
63.153 0.2121 0.0800 0.9863
63.193 0.2028 0.0817 1.0038
63.235 0.1933 0.0789 0.9498
63.275 0.1878 0.0792 1.0089
63.315 0.1856 0.0804 0.9731
63.354 0.1875 0.0806 0.9497
63.392 0.1826 0.0867 0.9884
63.436 0.1805 0.0861 0.9884
63.475 0.1824 0.0813 1.0083
63.515 0.1809 0.0826 0.9626
63.555 0.1796 0.0829 0.9536
63.592 0.1772 0.0837 0.9873
63.636 0.1729 0.0838 0.9740
63.676 0.1736 0.0847 0.9461
63.716 0.1761 0.0826 1.0120
63.756 0.1783 0.0794 0.9782
63.796 0.1821 0.0825 0.9444
63.837 0.1774 0.0893 0.9427
63.877 0.1794 0.0811 0.9383
63.917 0.1818 0.0797 0.9341
63.958 0.1812 0.0797 0.9393
63.997 0.1832 0.0819 0.9740
64.037 0.1851 0.0861 0.9687
64.078 0.1836 0.0856 0.9530
64.119 0.1809 0.0859 0.9769
64.158 0.1801 0.0836 0.9473
64.198 0.1774 0.0846 0.9739
64.236 0.1742 0.0872 0.9574
64.280 0.1633 0.0898 0.9584
64.319 0.1573 0.0871 0.9628
64.359 0.1538 0.0884 0.9672
64.399 0.1460 0.0903 0.9430
64.436 0.1431 0.0944 0.9085
64.480 0.1391 0.0963 0.9163
64.520 0.1391 0.0963 0.9101
64.560 0.1411 0.0921 0.9329
64.600 0.1424 0.0937 0.8950
64.640 0.1427 0.0924 0.9057
64.680 0.1495 0.0944 0.9529
64.720 0.1516 0.0971 0.9481
64.761 0.1568 0.0948 0.9123
64.800 0.1597 0.0944 0.9169
64.840 0.1613 0.0916 0.9139
64.879 0.1613 0.0898 0.9503
64.921 0.1588 0.0964 0.9113
64.961 0.1561 0.0941 0.9660
65.001 0.1538 0.0911 0.9598
65.042 0.1466 0.0924 0.9788
65.080 0.1404 0.0915 0.9700
65.123 0.1395 0.0948 0.9350
65.163 0.1298 0.0933 0.9445
65.203 0.1240 0.0933 0.9445
65.243 0.1153 0.0933 0.9606
65.279 0.1139 0.0928 0.9121
65.323 0.1108 0.0933 0.9061
65.363 0.1081 0.0929 0.9049
65.403 0.1093 0.0933 0.8941
65.443 0.1111 0.0923 0.9344
65.483 0.1101 0.0937 0.9001
65.524 0.1108 0.0928 0.9184
65.563 0.1164 0.0937 0.9306
65.604 0.1194 0.0944 0.9184
65.644 0.1203 0.0941 0.9006
65.683 0.1186 0.1020 0.9063
65.723 0.1237 0.0976 0.9108
65.764 0.1248 0.0961 0.9280
65.805 0.1230 0.0992 0.9368
65.844 0.1234 0.0963 0.9188
65.884 0.1257 0.0967 0.9149
65.922 0.1281 0.0955 0.9191
65.966 0.1315 0.0989 0.9487
66.005 0.1365 0.1020 0.9487
66.045 0.1395 0.0958 0.9426
66.085 0.1402 0.0988 0.9258
66.123 0.1406 0.0968 0.8989
66.167 0.1431 0.0969 0.8609
66.207 0.1446 0.0973 0.9102
66.247 0.1493 0.0950 0.8709
66.287 0.1521 0.0952 0.9371
66.326 0.1551 0.0957 0.9454
66.367 0.1571 0.0948 0.9925
66.407 0.1560 0.0988 0.9476
66.448 0.1574 0.1010 0.9475
66.488 0.1566 0.1008 0.9333
66.527 0.1560 0.0963 0.9196
66.566 0.1541 0.0966 0.9517
66.608 0.1535 0.0927 0.9659
66.648 0.1583 0.1000 0.9285
66.688 0.1590 0.1016 0.9671
66.728 0.1570 0.0955 0.9159
66.766 0.1562 0.0943 0.9404
66.809 0.1578 0.0909 0.9405
66.849 0.1591 0.0903 0.9429
66.889 0.1606 0.0947 0.9361
66.928 0.1615 0.0896 0.9411
66.965 0.1587 0.0841 0.9561
67.009 0.1577 0.0879 0.9323
67.052 0.1572 0.0879 0.9629
67.089 0.1557 0.0883 0.9632
67.129 0.1527 0.0850 0.9341
67.169 0.1509 0.0837 0.9390
67.210 0.1530 0.0866 0.9685
67.250 0.1521 0.0857 0.9401
67.291 0.1537 0.0824 0.9154
67.331 0.1541 0.0849 0.9232
67.370 0.1559 0.0830 0.9283
67.410 0.1544 0.0831 0.9353
67.451 0.1623 0.0785 0.9155
67.492 0.1652 0.0789 0.8885
67.532 0.1701 0.0813 0.9615
67.571 0.1761 0.0845 0.9451
67.608 0.1796 0.0788 0.8968
67.653 0.1898 0.0807 0.8979
67.693 0.1971 0.0755 0.9328
67.732 0.2037 0.0814 0.9216
67.772 0.2098 0.0837 0.9295
67.809 0.2123 0.0812 0.9155
67.853 0.2150 0.0805 0.9238
67.893 0.2259 0.0811 0.9422
67.933 0.2302 0.0795 0.9242
67.973 0.2374 0.0823 0.9571
68.013 0.2380 0.0792 0.9483
68.053 0.2368 0.0784 0.9598
68.093 0.2452 0.0775 0.9422
68.134 0.2427 0.0796 0.9383
68.174 0.2335 0.0823 0.9471
68.213 0.2288 0.0810 0.9750
68.252 0.2264 0.0789 0.9512
68.294 0.2258 0.0779 0.9754
68.356 0.2225 0.0795 0.9414
68.415 0.2111 0.0769 0.9636
68.455 0.2089 0.0781 0.9387
68.492 0.2070 0.0755 0.9317
68.536 0.2098 0.0773 0.9492
68.576 0.2078 0.0765 0.9423
68.616 0.2070 0.0785 0.9568
68.656 0.2132 0.0802 0.9045
68.692 0.2174 0.0792 0.9492
68.737 0.2237 0.0773 0.9832
68.776 0.2220 0.0770 0.9799
68.816 0.2195 0.0763 0.9458
68.856 0.2239 0.0768 0.9258
68.896 0.2294 0.0771 0.9875
68.937 0.2292 0.0787 0.9737
69.000 0.2246 0.0775 0.9534
69.057 0.2200 0.0799 0.9640
69.098 0.2143 0.0793 0.9355
69.137 0.2110 0.0775 0.9129
69.176 0.2075 0.0785 0.9495
69.218 0.1992 0.0797 0.9551
69.258 0.1935 0.0816 0.9089
69.298 0.1972 0.0829 0.9693
69.337 0.1938 0.0812 0.9526
69.375 0.1900 0.0764 0.9693
69.419 0.1873 0.0786 0.9499
69.459 0.1819 0.0823 0.9173
69.500 0.1839 0.0862 0.9292
69.539 0.1844 0.0799 0.9109
69.577 0.1832 0.0806 0.9639
69.621 0.1841 0.0809 0.9389
69.660 0.1844 0.0833 0.9483
69.700 0.1885 0.0838 0.9249
69.740 0.1916 0.0847 0.9257
69.780 0.1906 0.0867 0.9403
69.821 0.1900 0.0845 0.9687
69.861 0.1914 0.0841 0.9440
69.901 0.1934 0.0880 0.9499
69.941 0.1967 0.0899 0.9592
69.980 0.1962 0.0904 0.9209
70.020 0.1958 0.0867 0.9183
70.061 0.2019 0.0871 0.9183
70.102 0.1999 0.0894 0.9504
70.142 0.1998 0.0926 0.9328
70.181 0.1991 0.0916 0.9426
70.218 0.1939 0.0903 0.8828
70.263 0.1919 0.0915 0.9416
70.302 0.1911 0.0905 0.9423
70.342 0.1887 0.0915 0.9285
70.382 0.1831 0.0944 0.9452
70.419 0.1758 0.0933 0.9755
70.463 0.1738 0.0906 0.9535
70.503 0.1722 0.0866 0.9149
70.543 0.1673 0.0901 0.9309
70.584 0.1667 0.0974 0.9421
70.624 0.1656 0.0932 0.9565
70.664 0.1633 0.0903 0.9733
70.704 0.1654 0.0875 0.9138
70.749 0.1667 0.0897 0.9399
70.784 0.1665 0.0934 0.9457
70.824 0.1653 0.0918 0.9413
70.864 0.1643 0.0843 0.9007
70.905 0.1712 0.0833 0.9261
70.945 0.1789 0.0865 0.9122
70.985 0.1845 0.0864 0.9282
71.024 0.1866 0.0860 0.9298
71.062 0.1856 0.0870 0.9624
71.106 0.1890 0.0870 0.9568
71.145 0.1886 0.0833 0.9376
71.186 0.1912 0.0851 0.9498
71.226 0.1910 0.0848 0.8921
71.263 0.1903 0.0864 0.9290
71.307 0.1870 0.0835 0.9266
71.346 0.1862 0.0816 0.9345
71.387 0.1826 0.0803 0.9309
71.426 0.1748 0.0836 0.9471
71.466 0.1676 0.0847 0.9603
71.507 0.1620 0.0802 0.9471
71.547 0.1627 0.0803 0.9209
71.587 0.1631 0.0787 0.9584
71.627 0.1659 0.0801 0.9516
71.667 0.1640 0.0814 0.9542
71.707 0.1622 0.0810 0.9454
71.748 0.1624 0.0803 0.9590
71.789 0.1663 0.0761 0.9584
71.829 0.1736 0.0756 0.9523
71.868 0.1763 0.0803 0.9782
71.906 0.1781 0.0804 1.0001
71.950 0.1782 0.0788 0.9709
71.990 0.1792 0.0788 0.9410
72.030 0.1760 0.0791 0.9742
72.069 0.1754 0.0798 0.9770
72.106 0.1693 0.0843 0.9765
72.150 0.1662 0.0794 0.9584
72.190 0.1647 0.0783 0.9914
72.230 0.1633 0.0795 0.9636
72.270 0.1645 0.0784 0.9508
72.310 0.1608 0.0790 0.9845
72.351 0.1591 0.0828 0.9730
72.391 0.1575 0.0788 0.9769
72.431 0.1589 0.0772 0.9829
72.471 0.1669 0.0765 0.9566
72.510 0.1768 0.0798 0.9829
72.550 0.1777 0.0832 0.9870
72.591 0.1854 0.0835 0.9793
72.632 0.1904 0.0804 0.9378
72.672 0.1977 0.0773 0.9422
72.711 0.2087 0.0805 0.9984
72.749 0.2134 0.0803 0.9774
72.793 0.2191 0.0816 0.9721
72.833 0.2195 0.0802 0.9889
72.873 0.2233 0.0789 0.9321
72.913 0.2294 0.0768 0.9732
72.950 0.2241 0.0829 0.9581
72.994 0.2161 0.0850 0.9105
73.034 0.2141 0.0814 0.9345
73.074 0.2111 0.0816 0.9301
73.114 0.2072 0.0815 0.9374
73.154 0.2030 0.0845 0.9145
73.194 0.1912 0.0851 0.9812
73.234 0.1820 0.0872 0.9529
73.275 0.1708 0.0853 0.9245
73.314 0.1696 0.0836 0.9221
73.354 0.1731 0.0843 0.9543
73.393 0.1669 0.0849 0.9628
73.435 0.1606 0.0834 0.9149
73.475 0.1594 0.0855 0.9463
73.515 0.1572 0.0844 0.9563
73.555 0.1566 0.0815 0.9788
73.619 0.1566 0.0819 0.9858
73.676 0.1589 0.0797 0.9714
73.716 0.1597 0.0814 0.9726
73.756 0.1639 0.0786 0.9464
73.795 0.1684 0.0791 0.9591
73.834 0.1681 0.0805 0.9951
73.877 0.1707 0.0797 0.9197
73.917 0.1784 0.0804 0.9456
73.958 0.1870 0.0796 0.9650
73.998 0.1912 0.0786 0.9311
74.037 0.1941 0.0818 0.9509
74.078 0.1935 0.0824 0.9651
74.118 0.1946 0.0809 0.9497
74.158 0.1950 0.0801 0.9369
74.198 0.1983 0.0777 0.9537
74.238 0.2010 0.0802 0.9827
74.277 0.1971 0.0796 0.9298
74.318 0.1947 0.0788 0.9594
74.359 0.1858 0.0791 0.9617
74.399 0.1863 0.0781 0.9548
74.438 0.1816 0.0797 0.9529
74.475 0.1809 0.0822 0.9767
74.520 0.1807 0.0812 0.9653
74.559 0.1791 0.0782 0.9197
74.599 0.1748 0.0796 0.8998
74.639 0.1764 0.0790 0.9117
74.676 0.1740 0.0818 0.9544
74.720 0.1693 0.0824 0.9784
74.760 0.1690 0.0804 0.9598
74.800 0.1647 0.0793 0.9494
74.840 0.1638 0.0792 0.9431
74.879 0.1598 0.0794 0.9476
74.921 0.1542 0.0807 0.9410
74.960 0.1497 0.0833 0.9441
75.001 0.1442 0.0796 0.9691
75.042 0.1385 0.0815 0.9315
75.081 0.1381 0.0826 0.9524
75.121 0.1349 0.0788 0.9423
75.162 0.1294 0.0826 0.9978
75.203 0.1246 0.0785 0.9854
75.242 0.1209 0.0779 1.0002
75.282 0.1196 0.0781 0.9952
75.319 0.1207 0.0783 0.9698
75.364 0.1204 0.0806 0.9699
75.403 0.1214 0.0790 0.9622
75.443 0.1213 0.0789 0.9500
75.483 0.1187 0.0758 0.9533
75.520 0.1190 0.0760 0.9395
75.564 0.1211 0.0799 0.9560
75.604 0.1192 0.0794 0.9701
75.644 0.1235 0.0794 0.9439
75.684 0.1288 0.0770 0.9725
75.724 0.1349 0.0769 0.9725
75.764 0.1414 0.0799 0.9841
75.804 0.1432 0.0815 0.9555
75.844 0.1506 0.0801 0.9691
75.884 0.1546 0.0774 1.0058
75.924 0.1591 0.0778 0.9571
75.963 0.1679 0.0797 0.9734
76.005 0.1746 0.0831 0.9840
76.045 0.1763 0.0811 0.9840
76.085 0.1823 0.0826 0.9846
76.125 0.1841 0.0791 0.9300
76.162 0.1846 0.0803 0.9718
76.207 0.1889 0.0801 0.9842
76.246 0.1890 0.0806 0.9829
76.286 0.1896 0.0796 0.9674
76.326 0.1845 0.0809 0.9951
76.363 0.1826 0.0801 0.9393
76.408 0.1805 0.0801 0.9715
76.447 0.1754 0.0811 0.9898
76.487 0.1732 0.0791 0.9698
76.527 0.1724 0.0792 0.9202
76.567 0.1741 0.0766 0.9298
76.608 0.1744 0.0779 0.9369
76.648 0.1760 0.0777 0.9441
76.688 0.1745 0.0788 0.9636
76.728 0.1749 0.0776 0.9293
76.767 0.1771 0.0785 0.9294
76.807 0.1802 0.0759 0.9796
76.851 0.1874 0.0761 0.9230
76.888 0.1887 0.0778 0.9541
76.930 0.1941 0.0807 0.9641
76.968 0.1961 0.0784 0.9536
77.005 0.1957 0.0764 0.9164
77.050 NaN 0.0773 0.9489
77.089 NaN 0.0789 0.9461
77.129 NaN 0.0780 0.9468
77.169 NaN 0.0761 0.9534
77.207 NaN 0.0740 0.9688
77.252 NaN 0.0749 0.9651
77.290 NaN 0.0769 0.9930
77.331 NaN 0.0773 0.9552
