6.488 NaN 0.1000 0.6649
6.527 NaN 0.0936 0.6919
6.566 NaN 0.0936 0.6859
6.608 NaN 0.1005 0.6919
6.648 NaN 0.0995 0.6379
6.688 NaN 0.0971 0.6399
6.728 NaN 0.0908 0.6283
6.766 0.1277 0.0898 0.6283
6.809 0.1209 0.0922 0.6283
6.849 0.1202 0.0933 0.6283
6.889 0.1569 0.0949 0.5811
6.929 0.2812 0.0896 0.6188
6.965 0.2837 0.0893 0.6033
7.010 0.2858 0.0896 0.6061
7.049 0.2906 0.0954 0.5763
7.089 0.2976 0.0950 0.5763
7.129 0.3027 0.0956 0.5493
7.169 0.3045 0.0784 0.9322
7.210 0.3115 0.0789 0.9165
7.250 0.3187 0.0802 0.9069
7.291 0.3243 0.0812 0.9157
7.331 0.3294 0.0786 0.9240
7.370 0.3360 0.0799 0.8907
7.412 0.2045 0.0761 0.9229
7.451 0.1796 0.0781 0.9053
7.492 0.1842 0.0798 0.9122
7.532 0.1858 0.0776 0.9392
7.572 0.1875 0.0772 0.9392
7.609 0.1863 0.0775 0.9277
7.653 0.1971 0.0762 0.9243
7.693 0.1986 0.0769 0.9396
7.733 0.2006 0.0779 0.9392
7.772 0.2011 0.0739 0.9437
7.809 0.1952 0.0727 0.9236
7.854 0.1910 0.0764 0.9363
7.893 0.1943 0.0761 0.9363
7.934 0.1918 0.0756 0.9346
7.973 0.1886 0.0729 0.9277
8.013 0.1878 0.0729 0.9329
8.054 0.1871 0.0737 0.9242
8.094 0.1896 0.0742 0.9388
8.134 0.1844 0.0743 0.9192
8.174 0.1802 0.0787 0.9417
8.213 0.1782 0.0744 0.9288
8.253 0.1803 0.0747 0.9450
8.294 0.1845 0.0716 0.9540
8.335 0.1916 0.0714 0.9540
8.375 0.1907 0.0769 0.9588
8.415 0.1935 0.0738 0.9769
8.453 0.1904 0.0736 0.9679
8.497 0.1923 0.0745 0.9207
8.536 0.1932 0.0726 0.9087
8.576 0.1947 0.0749 0.9343
8.616 0.1895 0.0756 0.9409
8.653 0.1888 0.0751 0.9409
8.697 0.1873 0.0746 0.9527
8.737 0.1852 0.0730 0.9405
8.777 0.1892 0.0702 0.9286
8.817 0.1901 0.0731 0.9063
8.857 0.1911 0.0748 0.9117
8.898 0.1861 0.0726 0.9153
8.937 0.1927 0.0711 0.9108
8.978 0.1996 0.0741 0.8866
9.018 0.2066 0.0750 0.8910
9.057 0.2086 0.0751 0.8833
9.097 0.2103 0.0719 0.9012
9.138 0.2166 0.0745 0.9111
9.178 0.2264 0.0707 0.8607
9.220 0.2342 0.0701 0.9005
9.258 0.2293 0.0715 0.9145
9.295 0.2219 0.0740 0.9049
9.339 0.2130 0.0704 0.9033
9.379 0.2106 0.0704 0.8958
9.419 0.2085 0.0703 0.9154
9.459 0.1961 0.0756 0.8755
9.496 0.1858 0.0759 0.8903
9.541 0.1746 0.0747 0.8863
9.580 0.1724 0.0737 0.9298
9.621 0.1674 0.0815 0.9030
9.660 0.1608 0.0835 0.8920
9.700 0.1503 0.0850 0.9312
9.741 0.1464 0.0821 0.9324
9.781 0.1476 0.0835 0.9061
9.821 0.1507 0.0806 0.9097
9.861 0.1540 0.0820 0.9178
9.900 0.1485 0.0831 0.9265
9.940 0.1485 0.0819 0.9372
9.981 0.1509 0.0838 0.8812
10.022 0.1507 0.0816 0.8993
10.062 0.1538 0.0825 0.8993
10.101 0.1561 0.0825 0.9041
10.139 0.1549 0.0862 0.9005
10.183 0.1583 0.0855 0.9283
10.223 0.1605 0.0819 0.9272
10.264 0.1697 0.0792 0.9021
10.302 0.1779 0.0796 0.9109
10.340 0.1823 0.0858 0.9442
10.384 0.1887 0.0850 0.9182
10.423 0.1940 0.0841 0.9147
10.463 0.1987 0.0827 0.9342
10.503 0.2021 0.0825 0.9429
10.543 0.2053 0.0857 0.9377
10.584 0.2044 0.0881 0.9137
10.625 0.2024 0.0869 0.9480
10.665 0.1960 0.0845 0.9447
10.705 0.1926 0.0822 0.9293
10.744 0.1827 0.0841 0.9571
10.784 0.1751 0.0865 0.9725
10.825 0.1669 0.0844 0.9677
10.866 0.1594 0.0826 0.9387
10.905 0.1543 0.0825 0.9470
10.945 0.1500 0.0836 0.8937
10.983 0.1469 0.0849 0.9372
11.027 0.1397 0.0851 0.9511
11.066 0.1375 0.0832 0.9569
11.106 0.1397 0.0832 0.9624
11.146 0.1441 0.0839 0.9477
11.183 0.1469 0.0858 0.9587
11.227 0.1515 0.0854 0.9691
11.267 0.1519 0.0835 0.9475
11.307 0.1531 0.0834 0.9386
11.347 0.1550 0.0838 0.9635
11.387 0.1598 0.0852 0.9883
11.428 0.1628 0.0868 0.9684
11.467 0.1661 0.0876 0.9673
11.507 0.1674 0.0861 0.9730
11.547 0.1632 0.0843 0.9248
11.587 0.1628 0.0840 0.9235
11.626 0.1613 0.0871 0.9596
11.668 0.1609 0.0872 0.9277
11.709 0.1593 0.0907 0.9409
11.749 0.1652 0.0917 0.9117
11.789 0.1698 0.0877 0.9298
11.827 0.1723 0.0894 0.9299
11.870 0.1743 0.0900 0.9159
11.910 0.1755 0.0905 0.9524
11.950 0.1741 0.0875 0.9471
11.989 0.1739 0.0887 0.9205
12.027 0.1800 0.0867 0.9009
12.071 0.1806 0.0898 0.9115
12.111 0.1812 0.0919 0.9360
12.150 0.1794 0.0910 0.9189
12.190 0.1779 0.0917 0.8554
12.230 0.1759 0.0857 0.8745
12.271 0.1719 0.0894 0.8917
12.311 0.1705 0.0884 0.9116
12.351 0.1700 0.0879 0.8955
12.391 0.1668 0.0853 0.9418
12.430 0.1667 0.0864 0.9244
12.470 0.1675 0.0835 0.9673
12.511 0.1702 0.0838 0.9342
12.552 0.1726 0.0849 0.9293
12.592 0.1753 0.0870 0.8992
12.631 0.1775 0.0851 0.8728
12.669 0.1784 0.0825 0.9096
12.713 0.1822 0.0834 0.9058
12.753 0.1848 0.0832 0.9151
12.792 0.1902 0.0861 0.9247
12.833 0.1908 0.0841 0.9289
12.870 0.1916 0.0835 0.9254
12.914 0.1944 0.0832 0.9368
12.954 0.1943 0.0861 0.9079
12.994 0.1951 0.0894 0.9123
13.033 0.1970 0.0869 0.9429
13.074 0.1918 0.0880 0.8563
13.115 0.1883 0.0864 0.9151
13.154 0.1888 0.0853 0.8818
13.195 0.1860 0.0878 0.9002
13.235 0.1829 0.0869 0.9099
13.274 0.1760 0.0891 0.9213
13.314 0.1684 0.0892 0.8859
13.355 0.1653 0.0890 0.9238
13.395 0.1603 0.0893 0.9059
13.435 0.1585 0.0881 0.9498
13.475 0.1558 0.0910 0.9544
13.513 0.1490 0.0884 0.9095
13.556 0.1485 0.0850 0.8954
13.596 0.1480 0.0869 0.8791
13.636 0.1484 0.0906 0.9306
13.676 0.1481 0.0877 0.9036
13.713 0.1489 0.0888 0.9118
13.757 0.1526 0.0890 0.9153
13.797 0.1547 0.0897 0.9151
13.837 0.1574 0.0906 0.9575
13.877 0.1598 0.0972 0.9124
13.917 0.1615 0.0928 0.9108
13.958 0.1585 0.0967 0.9434
13.998 0.1557 0.0928 0.9334
14.038 0.1542 0.0997 0.8838
14.078 0.1519 0.1004 0.9221
14.118 0.1491 0.0987 0.9581
14.157 0.1450 0.0990 0.9262
14.199 0.1424 0.0990 0.9021
14.239 0.1367 0.0972 0.9185
14.279 0.1317 0.0983 0.9118
14.318 0.1264 0.0998 0.9373
14.356 0.1212 0.1015 0.8995
14.400 0.1157 0.1010 0.8969
14.440 0.1148 0.0958 0.9142
14.480 0.1165 0.1008 0.9245
14.519 0.1174 0.1012 0.9394
14.556 0.1167 0.1011 0.9496
14.601 0.1168 0.1032 0.9240
14.641 0.1198 0.0958 0.8916
14.680 0.1196 0.0990 0.9033
14.720 0.1170 0.1001 0.9306
14.760 0.1157 0.1043 0.8919
14.801 0.1166 0.1019 0.9419
14.841 0.1179 0.1006 0.9524
14.881 0.1165 0.0958 0.9522
14.921 0.1184 0.0993 0.9224
14.960 0.1172 0.1024 0.9268
15.000 0.1139 0.1029 0.9007
15.042 0.1143 0.1007 0.9339
15.083 0.1139 0.0989 0.8815
15.123 0.1159 0.0985 0.9592
15.162 0.1189 0.1045 0.9498
15.200 0.1202 0.1009 0.8817
15.244 0.1248 0.1009 0.8949
15.283 0.1274 0.1025 0.8841
15.323 0.1294 0.1006 0.8930
15.363 0.1346 0.1077 0.8821
15.402 0.1343 0.1018 0.8725
15.444 0.1316 0.1003 0.8503
15.484 0.1335 0.1003 0.9047
15.524 0.1352 0.0991 0.8785
15.564 0.1393 0.0983 0.8946
15.604 0.1375 0.0994 0.9068
15.644 0.1348 0.1010 0.9219
15.685 0.1352 0.1075 0.9171
15.725 0.1331 0.0963 0.9124
15.765 0.1329 0.0979 0.8842
15.804 0.1309 0.0985 0.9052
15.843 0.1290 0.1085 0.9312
15.885 0.1269 0.1052 0.9148
15.925 0.1269 0.1032 0.9278
15.965 0.1259 0.1007 0.8633
16.005 0.1251 0.0973 0.8693
16.042 0.1215 0.0996 0.9069
16.086 0.1191 0.0996 0.9069
16.126 0.1151 0.0985 0.9399
16.167 0.1111 0.0971 0.9349
16.206 0.1091 0.0958 0.9274
16.243 0.1057 0.0964 0.9230
16.288 0.1058 0.1001 0.9179
16.328 0.1082 0.1016 0.8703
16.368 0.1082 0.0996 0.9196
16.407 0.1072 0.0975 0.9088
16.447 0.1103 0.0953 0.9186
16.488 0.1145 0.1006 0.9185
16.528 0.1180 0.1011 0.9120
16.568 0.1208 0.1005 0.9030
16.608 0.1256 0.0979 0.8966
16.648 0.1302 0.0975 0.9119
16.687 0.1338 0.0984 0.9105
16.729 0.1383 0.1002 0.9105
16.769 0.1418 0.0986 0.8843
16.809 0.1394 0.0977 0.8982
16.848 0.1409 0.0942 0.8852
16.886 0.1464 0.0953 0.8892
16.930 0.1487 0.0988 0.8895
16.969 0.1462 0.0976 0.8723
17.009 0.1400 0.0966 0.9216
17.049 0.1366 0.0908 0.8641
17.086 0.1339 0.0903 0.8815
17.130 0.1371 0.0923 0.9368
17.170 0.1377 0.0961 0.9335
17.210 0.1388 0.0907 0.9205
17.250 0.1385 0.0947 0.9079
17.291 0.1398 0.0929 0.9306
17.332 0.1428 0.0883 0.9668
17.372 0.1433 0.0954 0.9155
17.412 0.1420 0.0908 0.9193
17.452 0.1408 0.0918 0.9216
17.491 0.1468 0.0889 0.9229
17.531 0.1525 0.0894 0.9227
17.572 0.1594 0.0911 0.9431
17.613 0.1574 0.0915 0.9308
17.652 0.1557 0.0949 0.9333
17.692 0.1557 0.0904 0.9290
17.729 0.1525 0.0886 0.9433
17.773 0.1592 0.0891 0.9065
17.813 0.1618 0.0922 0.9223
17.853 0.1585 0.0921 0.9314
17.893 0.1608 0.0917 0.9551
17.930 0.1595 0.0908 0.9379
17.974 0.1610 0.0859 0.9361
18.014 0.1605 0.0876 0.9278
18.054 0.1569 0.0857 0.9454
18.094 0.1557 0.0881 0.9376
18.134 0.1584 0.0880 0.9486
18.174 0.1575 0.0860 0.9199
18.214 0.1661 0.0875 0.9343
18.255 0.1690 0.0882 0.9223
18.294 0.1665 0.0918 0.9223
18.334 0.1681 0.0829 0.9266
18.374 0.1678 0.0814 0.9511
18.416 0.1738 0.0811 0.9277
18.456 0.1786 0.0816 0.9201
18.496 0.1789 0.0808 0.9523
18.536 0.1832 0.0786 0.9242
18.573 0.1826 0.0813 0.8968
18.617 0.1803 0.0781 0.8949
18.656 0.1843 0.0781 0.9055
18.697 0.1850 0.0810 0.9698
18.736 0.1816 0.0795 0.8955
18.774 0.1791 0.0784 0.9644
18.818 0.1787 0.0763 0.9424
18.857 0.1817 0.0766 0.9388
18.897 0.1776 0.0783 0.9314
18.937 0.1707 0.0802 0.9362
18.977 0.1683 0.0814 0.9646
19.018 0.1597 0.0759 0.9343
19.058 0.1587 0.0771 0.9463
19.098 0.1657 0.0761 0.9503
19.138 0.1650 0.0776 0.9503
19.178 0.1581 0.0806 0.9379
19.217 0.1523 0.0796 0.9462
19.258 0.1448 0.0787 0.9248
19.299 0.1447 0.0785 0.9386
19.339 0.1376 0.0810 0.9854
19.378 0.1375 0.0837 0.9682
19.416 0.1370 0.0819 0.9131
19.460 0.1360 0.0839 0.8992
19.500 0.1373 0.0825 0.9003
19.540 0.1368 0.0853 0.9237
19.580 0.1315 0.0846 0.9077
19.617 0.1230 0.0834 0.9417
19.661 0.1164 0.0860 0.9012
19.701 0.1117 0.0833 0.8991
19.741 0.1185 0.0832 0.8800
19.781 0.1145 0.0885 0.9063
19.821 0.1099 0.0882 0.9359
19.862 0.1056 0.0841 0.9443
19.902 0.1042 0.0870 0.9250
19.952 0.1024 0.0830 0.9417
19.981 0.1019 0.0864 0.9327
20.021 0.1061 0.0901 0.9450
20.061 0.1064 0.0876 0.9289
20.102 0.1083 0.0851 0.9117
20.142 0.1071 0.0849 0.9233
20.182 0.1095 0.0842 0.9202
20.222 0.1059 0.0868 0.9484
20.259 0.1026 0.0900 0.9390
20.303 0.1043 0.0874 0.9553
20.343 0.1068 0.0826 0.9303
20.383 0.1072 0.0814 0.9179
20.423 0.1121 0.0832 0.9447
20.459 0.1165 0.0881 0.9595
20.515 0.1138 0.0879 0.9672
20.543 0.1146 0.0857 0.9611
20.584 0.1176 0.0847 0.9366
20.624 0.1285 0.0826 0.9338
20.664 0.1346 0.0895 0.9742
20.705 0.1414 0.0874 0.9259
20.745 0.1458 0.0855 0.9623
20.785 0.1513 0.0865 0.9664
20.825 0.1565 0.0845 0.9342
20.864 0.1596 0.0840 0.9644
20.904 0.1569 0.0863 0.9594
20.945 0.1575 0.0879 0.9238
20.985 0.1573 0.0830 0.9273
21.025 0.1611 0.0836 0.9352
21.065 0.1642 0.0846 0.9588
21.102 0.1639 0.0863 0.9553
21.146 0.1728 0.0903 0.9541
21.186 0.1782 0.0844 0.9617
21.226 0.1847 0.0871 0.9209
21.266 0.1902 0.0835 0.9173
21.303 0.1901 0.0883 0.9544
21.347 0.1903 0.0864 0.9501
21.387 0.1973 0.0859 0.9680
21.427 0.1958 0.0829 0.9472
21.467 0.1988 0.0863 0.8943
21.507 0.2003 0.0849 0.9078
21.547 0.1961 0.0852 0.9131
21.587 0.1943 0.0877 0.9035
21.628 0.1839 0.0845 0.8749
21.668 0.1767 0.0846 0.8603
21.708 0.1687 0.0834 0.8818
21.748 0.1585 0.0855 0.9012
21.789 0.1525 0.0881 0.8621
21.829 0.1485 0.0875 0.8610
21.869 0.1447 0.0884 0.8415
21.909 0.1419 0.0848 0.8769
21.946 0.1359 0.0907 0.8989
21.991 0.1323 0.0871 0.8602
22.030 0.1321 0.0915 0.8805
22.070 0.1271 0.0920 0.8623
22.110 0.1290 0.0851 0.8939
22.147 0.1284 0.0864 0.8711
22.191 0.1280 0.0901 0.9073
22.230 0.1300 0.0926 0.8999
22.271 0.1301 0.0916 0.9239
22.311 0.1294 0.0912 0.9051
22.350 0.1303 0.0903 0.8960
22.391 0.1264 0.0904 0.8842
22.431 0.1285 0.0880 0.9209
22.471 0.1267 0.0896 0.8940
22.511 0.1243 0.0889 0.9148
22.551 0.1282 0.0890 0.9261
22.590 0.1287 0.0874 0.8947
22.631 0.1310 0.0923 0.9229
22.672 0.1285 0.0923 0.9268
22.712 0.1296 0.0947 0.9214
22.751 0.1343 0.0918 0.9058
22.789 0.1364 0.0903 0.9015
22.834 0.1422 0.0906 0.9306
22.874 0.1478 0.1001 0.9002
22.913 0.1488 0.0975 0.9046
22.953 0.1529 0.0963 0.8965
22.990 0.1573 0.0917 0.9241
23.035 0.1549 0.0926 0.9139
23.074 0.1561 0.0946 0.9293
23.114 0.1551 0.0920 0.9450
23.154 0.1535 0.0925 0.9443
23.194 0.1556 0.0915 0.9437
23.235 0.1537 0.0874 0.9255
23.275 0.1568 0.0912 0.9239
23.316 0.1544 0.0956 0.9429
23.355 0.1542 0.0938 0.9419
23.394 0.1577 0.0932 0.9257
23.434 0.1558 0.0937 0.9365
23.475 0.1506 0.0922 0.9227
23.516 0.1512 0.0953 0.9306
23.556 0.1520 0.0961 0.8836
23.595 0.1498 0.0971 0.9126
23.632 0.1508 0.0918 0.9314
23.677 0.1476 0.0923 0.9069
23.716 0.1456 0.0917 0.9039
23.756 0.1404 0.0914 0.9310
23.796 0.1347 0.0926 0.9306
23.834 0.1293 0.0902 0.9382
23.877 0.1234 0.0902 0.9332
23.917 0.1221 0.0922 0.9332
23.958 0.1220 0.0910 0.9072
23.998 0.1222 0.0920 0.8995
24.038 0.1207 0.0918 0.8825
24.079 0.1188 0.0902 0.9150
24.118 0.1177 0.0880 0.8715
24.159 0.1192 0.0901 0.8796
24.199 0.1212 0.0924 0.9066
24.238 0.1269 0.0915 0.9252
24.277 0.1323 0.0878 0.8982
24.319 0.1381 0.0923 0.9350
24.359 0.1365 0.0867 0.9337
24.399 0.1382 0.0861 0.9498
24.439 0.1433 0.0855 0.9663
24.476 0.1443 0.0870 0.9110
24.520 0.1508 0.0841 0.9077
24.560 0.1573 0.0836 0.8739
24.600 0.1619 0.0866 0.8728
24.639 0.1680 0.0883 0.8589
24.677 0.1678 0.0863 0.9102
24.721 0.1681 0.0858 0.8973
24.761 0.1706 0.0931 0.9023
24.801 0.1688 0.0960 0.9257
24.840 0.1739 0.0954 0.9459
24.880 0.1758 0.0987 0.9304
24.921 0.1720 0.0887 0.9370
24.961 0.1734 0.0867 0.9448
25.001 0.1738 0.0861 0.9258
25.042 0.1708 0.0881 0.9639
25.082 0.1703 0.0892 0.9669
25.121 0.1687 0.0879 0.9587
25.162 0.1792 0.0861 1.0026
25.203 0.1836 0.0829 0.9631
25.243 0.1884 0.0857 0.9470
25.283 0.1940 0.0860 0.9880
25.320 0.1952 0.0897 0.9470
25.364 0.1997 0.0854 0.9441
25.404 0.2060 0.0860 0.9757
25.444 0.2115 0.0874 0.9529
25.483 0.2125 0.0862 0.9663
25.520 0.2137 0.0884 0.9964
25.564 0.2169 0.0872 0.9978
25.605 0.2160 0.0842 0.9910
25.644 0.2092 0.0868 1.0086
25.684 0.2035 0.0861 0.9301
25.724 0.1956 0.0845 0.9551
25.765 0.1863 0.0852 0.9624
25.805 0.1821 0.0850 0.9570
25.845 0.1803 0.0833 0.9294
25.885 0.1730 0.0824 0.8971
25.924 0.1700 0.0902 0.8994
25.964 0.1639 0.0849 0.9398
26.005 0.1581 0.0859 0.9109
26.046 0.1521 0.0844 0.9098
26.085 0.1462 0.0832 0.9089
26.125 0.1453 0.0795 0.8428
26.163 0.1410 0.0845 0.8731
26.208 0.1363 0.0852 0.9035
26.247 0.1364 0.0842 0.8944
26.287 0.1334 0.0814 0.8825
26.327 0.1257 0.0823 0.8735
26.364 0.1228 0.0848 0.8406
26.408 0.1160 0.0840 0.8614
26.448 0.1132 0.0816 0.9016
26.488 0.1119 0.0843 0.8987
26.528 0.1113 0.0826 0.8383
26.568 0.1106 0.0795 0.8503
26.609 0.1061 0.0844 0.8841
26.648 0.1043 0.0850 0.8851
26.689 0.1048 0.0848 0.8874
26.728 0.0997 0.0844 0.8657
26.768 0.0987 0.0810 0.8625
26.808 0.0919 0.0820 0.8569
26.849 0.0907 0.0836 0.8713
26.889 0.0879 0.0848 0.8495
26.929 0.0808 0.0846 0.8182
26.969 0.0755 0.0822 0.8426
27.006 0.0649 0.0871 0.8503
27.050 0.0607 0.0856 0.8503
27.090 0.0545 0.0880 0.8237
27.130 0.0456 0.0844 0.8455
27.170 0.0374 0.0878 0.8289
27.208 0.0312 0.0847 0.8173
27.251 0.0260 0.0875 0.8289
27.292 0.0302 0.0867 0.8289
27.332 0.0308 0.0849 0.8289
27.371 0.0337 0.0864 0.8289
27.412 0.0382 0.0813 0.8289
27.452 0.0397 0.0833 0.8289
27.492 0.0451 0.0848 0.8269
27.532 0.0426 0.0848 0.8081
27.572 0.0432 0.0840 0.8289
27.612 0.0467 0.0843 0.7831
27.651 0.0482 0.0850 0.7791
27.693 0.0533 0.0850 0.7803
27.733 0.0545 0.0880 0.7963
27.773 0.0571 0.0863 0.7753
27.812 0.0595 0.0855 0.7925
27.850 0.0563 0.0850 0.7925
27.894 0.0557 0.0878 0.7925
27.934 0.0583 0.0919 0.7943
27.974 0.0563 0.0885 0.7905
28.013 0.0603 0.0885 0.7436
28.050 0.0652 0.0861 0.7486
28.094 0.0651 0.0826 0.7486
28.134 0.0660 0.0869 0.7396
28.174 0.0651 0.0844 0.7568
28.214 0.0666 0.0848 0.7618
28.254 0.0663 0.0803 0.7576
28.295 0.0600 0.0791 0.7576
28.334 0.0574 0.0839 0.7520
28.375 0.0513 0.0825 0.7396
28.416 0.0447 0.0827 0.7536
28.455 0.0430 0.0804 0.7244
28.495 0.0385 0.0814 0.7184
28.536 0.0300 0.0879 0.7006
28.576 0.0248 0.0827 0.7396
28.616 0.0204 0.0827 0.7396
28.656 0.0164 0.0828 0.7116
28.693 0.0126 0.0802 0.7256
28.738 0.0063 0.0823 0.7230
28.777 0.0040 0.0814 0.7402
28.817 0.0039 0.0828 0.7306
28.857 0.0045 0.0843 0.7104
28.893 0.0058 0.0807 0.7306
28.938 0.0049 0.0835 0.6894
28.978 0.0034 0.0806 0.7242
29.018 0.0030 0.0792 0.7256
29.058 0.0023 0.0808 0.7516
29.098 0.0027 0.0824 0.7230
29.138 0.0033 0.0845 0.7104
29.178 0.0028 0.0832 0.6984
29.218 0.0026 0.0832 0.6984
29.258 0.0042 0.0798 0.7256
29.298 0.0041 0.0835 0.7116
29.338 0.0036 0.0801 0.7262
29.379 0.0041 0.0842 0.6894
29.419 0.0149 0.0866 0.7104
29.459 0.0292 0.0807 0.7242
29.499 0.0426 0.0913 0.6916
29.537 0.0485 0.0847 0.6984
29.581 0.0524 0.0796 0.7116
29.620 0.0589 0.0838 0.6916
29.661 0.0620 0.0867 0.6854
29.700 0.0676 0.0784 0.7396
29.737 0.0695 0.0827 0.7748
29.782 0.0710 0.0827 0.7576
29.821 0.0714 0.0828 0.7486
29.861 0.0720 0.0850 0.7666
29.901 0.0719 0.0860 0.7961
29.941 0.0703 0.0883 0.7686
29.982 0.0633 0.0822 0.7879
30.022 0.0689 0.0830 0.7753
30.062 0.0768 0.0843 0.7753
30.102 0.0865 0.0851 0.7963
30.141 0.0972 0.0865 0.7925
30.181 0.1051 0.0839 0.8019
30.222 0.1116 0.0853 0.7949
30.263 0.1201 0.0783 0.8129
30.303 0.1302 0.0808 0.8152
30.342 0.1371 0.0871 0.8415
30.380 0.1410 0.0838 0.8378
30.424 0.1430 0.0837 0.8231
30.463 0.1441 0.0841 0.8459
30.504 0.1438 0.0848 0.8553
30.543 0.1416 0.0881 0.8487
30.581 0.1393 0.0887 0.8497
30.625 0.1358 0.0862 0.8641
30.665 0.1351 0.0884 0.7956
30.705 0.1361 0.0843 0.8232
30.745 0.1356 0.0834 0.8191
30.785 0.1379 0.0864 0.8541
30.826 0.1427 0.0865 0.8516
30.865 0.1492 0.0847 0.8300
30.906 0.1534 0.0824 0.8403
30.946 0.1569 0.0830 0.8599
30.985 0.1602 0.0836 0.8579
31.024 0.1644 0.0853 0.8838
31.066 0.1707 0.0816 0.8819
31.106 0.1718 0.0812 0.8532
31.146 0.1782 0.0788 0.8698
31.186 0.1877 0.0820 0.8692
31.223 0.1953 0.0823 0.9042
31.267 0.2023 0.0810 0.9089
31.307 0.2099 0.0817 0.9398
31.347 0.2145 0.0800 0.9037
31.387 0.2180 0.0805 0.9334
31.424 0.2212 0.0814 0.9025
31.468 0.2270 0.0835 0.9301
31.508 0.2302 0.0830 0.9312
31.548 0.2233 0.0826 0.8968
31.587 0.2268 0.0814 0.9432
31.627 0.2247 0.0856 0.9153
31.668 0.2164 0.0877 0.9424
31.709 0.2147 0.0870 0.8999
31.749 0.2110 0.0846 0.8815
31.789 0.2070 0.0850 0.8589
31.829 0.2001 0.0833 0.8608
31.868 0.1946 0.0871 0.8878
31.909 0.1926 0.0868 0.8681
31.950 0.1910 0.0857 0.9126
31.990 0.1895 0.0849 0.9181
32.029 0.1950 0.0836 0.9376
32.067 0.1898 0.0863 0.8735
32.111 0.1926 0.0865 0.8811
32.151 0.1935 0.0866 0.8632
32.191 0.1913 0.0854 0.9025
32.231 0.1899 0.0841 0.8911
32.267 0.1889 0.0845 0.8905
32.312 0.1914 0.0895 0.8681
32.351 0.1946 0.0905 0.9211
32.391 0.1991 0.0872 0.8972
32.431 0.1991 0.0821 0.9211
32.471 0.1983 0.0810 0.9293
32.512 0.1965 0.0885 0.9082
32.552 0.2032 0.0918 0.9046
32.592 0.2058 0.0870 0.9325
32.632 0.2062 0.0872 0.9612
32.671 0.2056 0.0831 0.9159
32.711 0.2072 0.0843 0.9391
32.752 0.2080 0.0911 0.9058
32.792 0.2090 0.0893 0.9395
32.833 0.2105 0.0886 0.9418
32.873 0.2128 0.0928 0.9249
32.910 0.2124 0.0864 0.9249
32.955 0.2120 0.0894 0.9008
32.994 0.2135 0.0914 0.8998
33.034 0.2162 0.0874 0.8925
33.074 0.2125 0.0884 0.9266
33.111 0.2124 0.0863 0.8929
33.155 0.2140 0.0888 0.9124
33.195 0.2168 0.0925 0.9288
33.235 0.2195 0.0928 0.9180
33.275 0.2227 0.0928 0.9112
33.314 0.2252 0.0914 0.9132
33.355 0.2235 0.0910 0.8898
33.395 0.2220 0.0913 0.9002
33.435 0.2266 0.0903 0.9429
33.475 0.2272 0.0920 0.8652
33.515 0.2234 0.0912 0.8504
33.554 0.2220 0.0890 0.9040
33.595 0.2195 0.0914 0.8862
33.636 0.2189 0.0928 0.9132
33.676 0.2175 0.0948 0.9000
33.715 0.2128 0.0938 0.9044
33.753 0.2028 0.0936 0.8442
33.797 0.1904 0.0914 0.8800
33.837 0.1791 0.0930 0.9156
33.877 0.1714 0.1038 0.8766
33.917 0.1634 0.0926 0.8683
33.954 0.1528 0.0954 0.8592
33.999 0.1459 0.0921 0.8496
34.038 0.1401 0.0929 0.8912
34.078 0.1377 0.0952 0.8738
34.118 0.1346 0.0943 0.8702
34.158 0.1316 0.0930 0.8572
34.199 0.1328 0.0914 0.8646
34.239 0.1375 0.0926 0.8234
34.279 0.1422 0.0932 0.8196
34.319 0.1518 0.0968 0.8717
34.358 0.1596 0.0984 0.8694
34.398 0.1613 0.0919 0.8649
34.439 0.1654 0.0976 0.8302
34.480 0.1672 0.1000 0.8262
34.520 0.1699 0.1040 0.8407
34.559 0.1741 0.1031 0.8540
34.596 0.1752 0.0997 0.8480
34.641 0.1773 0.1039 0.8116
34.681 0.1795 0.1024 0.8429
34.720 0.1830 0.1029 0.8492
34.760 0.1826 0.1007 0.9326
34.797 0.1832 0.1064 0.8549
34.841 0.1832 0.1032 0.8649
34.881 0.1810 0.1035 0.8333
34.921 0.1807 0.1048 0.8553
34.961 0.1780 0.1054 0.8664
35.001 0.1773 0.1034 0.8718
35.042 0.1728 0.1065 0.8836
35.083 0.1675 0.0992 0.9009
35.123 0.1649 0.0983 0.9149
35.163 0.1608 0.0981 0.8984
35.202 0.1486 0.1100 0.8382
35.241 0.1425 0.1064 0.8772
35.283 0.1287 0.1072 0.8979
35.323 0.1066 0.1073 0.8761
35.363 0.0916 0.1077 0.8988
35.403 0.0769 0.1119 0.8712
35.440 0.0671 0.1114 0.8483
35.484 0.0560 0.1114 0.8916
35.524 0.0430 0.1046 0.8916
35.564 0.0326 0.1004 0.8753
35.604 0.0219 0.1152 0.8742
35.641 0.0133 0.1235 0.8384
35.685 0.0104 0.1070 0.8869
35.725 0.0084 0.1064 0.8753
35.765 0.0059 0.0984 0.8483
35.804 0.0049 0.1036 0.8753
35.844 0.0040 0.1106 0.8483
35.885 0.0070 0.1184 0.8472
35.925 0.0057 0.1174 0.8742
35.965 0.0053 0.1148 0.8742
36.005 0.0086 0.1148 0.8742
36.044 0.0101 0.1059 0.8641
36.090 0.0091 0.1105 0.8661
36.126 0.0087 0.1066 0.8916
36.167 0.0066 0.1147 0.8742
36.207 0.0064 0.1125 0.8742
36.246 0.0070 0.1147 0.8742
36.284 0.0089 0.1201 0.8958
36.328 0.0097 0.1178 0.8742
36.368 0.0083 0.1109 0.8483
36.408 0.0088 0.1088 0.8405
36.447 0.0082 0.1092 0.8385
36.484 0.0072 0.1165 0.8502
36.529 0.0078 0.1010 0.8774
36.568 0.0062 0.1136 0.8925
36.608 0.0046 0.1103 0.8483
36.648 0.0040 0.1068 0.8608
36.688 0.0033 0.1088 0.8405
36.729 0.0043 0.1086 0.8446
36.769 0.0062 0.1079 0.8717
36.809 0.0089 0.1054 0.8293
36.849 0.0106 0.1064 0.8352
36.888 0.0146 0.1042 0.8655
36.928 0.0153 0.1103 0.8403
36.970 0.0172 0.1079 0.8392
37.010 0.0181 0.1075 0.8403
37.050 0.0228 0.1179 0.8786
37.089 0.0293 0.1015 0.8697
37.126 0.0272 0.1035 0.8680
37.171 0.0247 0.1122 0.8770
37.210 0.0226 0.1219 0.8466
37.250 0.0190 0.1055 0.8480
37.291 0.0338 0.1016 0.8558
37.328 0.0407 0.1046 0.8447
37.372 0.0543 0.1142 0.8385
37.412 0.0654 0.1066 0.8225
37.452 0.0745 0.1118 0.8222
37.492 0.0803 0.1071 0.8499
37.532 0.0946 0.1075 0.8347
37.572 0.0961 0.1107 0.8306
37.612 0.0975 0.1088 0.8596
37.653 0.0949 0.1229 0.8641
37.693 0.0867 0.1109 0.8560
37.732 0.0795 0.1103 0.8489
37.772 0.0718 0.1198 0.8525
37.813 0.0717 0.1217 0.8569
37.853 0.0739 0.1110 0.8385
37.894 0.0759 0.1249 0.8418
37.933 0.0778 0.1154 0.8278
37.970 0.0766 0.1067 0.8342
38.014 0.0806 0.1133 0.8342
38.054 0.0900 0.1208 0.8466
38.094 0.0970 0.1218 0.8145
38.134 0.1020 0.1223 0.7944
38.170 0.1105 0.1099 0.8842
38.215 0.1219 0.1208 0.8178
38.255 0.1359 0.1136 0.8503
38.295 0.1481 0.1119 0.8556
38.334 0.1546 0.1108 0.8306
38.375 0.1575 0.1156 0.8429
38.416 0.1592 0.1056 0.8513
38.456 0.1623 0.1039 0.8523
38.497 0.1679 0.1115 0.8672
38.536 0.1724 0.1076 0.8699
38.575 0.1736 0.1034 0.8456
38.615 0.1732 0.1001 0.8517
38.656 0.1698 0.1049 0.8634
38.697 0.1665 0.1060 0.8699
38.737 0.1620 0.1052 0.8509
38.776 0.1527 0.1047 0.8889
38.814 0.1415 0.1068 0.8802
38.858 0.1348 0.1011 0.8405
38.897 0.1300 0.1021 0.8583
38.937 0.1244 0.1051 0.9251
38.977 0.1180 0.1071 0.8806
39.014 0.1054 0.1008 0.8706
39.058 0.0888 0.0995 0.8638
39.098 0.0754 0.1004 0.8638
39.138 0.0617 0.1039 0.9116
39.178 0.0500 0.0989 0.8466
39.218 0.0352 0.0996 0.9251
39.259 0.0232 0.0993 0.9251
39.299 0.0160 0.0987 0.8999
39.339 0.0185 0.1026 0.9059
39.379 0.0271 0.1005 0.8789
39.418 0.0313 0.1010 0.8790
39.459 0.0370 0.1000 0.8869
39.500 0.0405 0.0989 0.8772
39.540 0.0414 0.1003 0.8944
39.581 0.0390 0.1036 0.8655
39.620 0.0383 0.1011 0.8865
39.657 0.0390 0.1004 0.8910
39.701 0.0404 0.0990 0.8540
39.741 0.0382 0.1010 0.8512
39.781 0.0375 0.1001 0.8719
39.821 0.0351 0.1013 0.8810
39.858 0.0353 0.1004 0.8632
39.902 0.0357 0.1006 0.8620
39.942 0.0344 0.1010 0.8890
39.982 0.0343 0.1023 0.8600
40.022 0.0325 0.1054 0.8484
40.062 0.0333 0.1039 0.8912
40.102 0.0330 0.1016 0.8912
40.142 0.0333 0.1021 0.8566
40.183 0.0327 0.0991 0.8810
40.222 0.0319 0.1057 0.8903
40.262 0.0319 0.1035 0.8579
40.301 0.0319 0.1027 0.8493
40.343 0.0331 0.1023 0.8614
40.383 0.0344 0.1030 0.8614
40.423 0.0357 0.1053 0.8484
40.463 0.0376 0.1065 0.8320
40.500 0.0419 0.1059 0.8320
40.544 0.0449 0.1059 0.8340
40.584 0.0469 0.1055 0.8286
40.625 0.0485 0.1017 0.8622
40.664 0.0465 0.1022 0.8546
40.701 0.0467 0.1085 0.8500
40.746 0.0492 0.1025 0.8556
40.785 0.0483 0.1028 0.8859
40.825 0.0490 0.1027 0.8606
40.865 0.0491 0.1062 0.8230
40.905 0.0493 0.1038 0.8843
40.946 0.0489 0.1043 0.8932
40.986 0.0461 0.1100 0.8496
41.026 0.0446 0.1002 0.8573
41.066 0.0439 0.1007 0.8487
41.105 0.0414 0.0991 0.8862
41.145 0.0443 0.1032 0.8699
41.186 0.0488 0.1024 0.8862
41.227 0.0498 0.1059 0.8570
41.267 0.0522 0.1059 0.8616
41.306 0.0555 0.1029 0.8543
41.343 0.0552 0.1023 0.8629
41.388 0.0567 0.1075 0.8953
41.427 0.0583 0.1046 0.8502
41.467 0.0596 0.1046 0.8502
41.507 0.0609 0.1020 0.8848
41.543 0.0614 0.1157 0.8355
41.588 0.0624 0.1095 0.8545
41.628 0.0631 0.1095 0.8516
41.668 0.0631 0.1057 0.8644
41.709 0.0631 0.1044 0.8365
41.749 0.0635 0.0994 0.8569
41.789 0.0636 0.0994 0.8619
41.829 0.0676 0.1025 0.8464
41.870 0.0702 0.1012 0.8206
41.909 0.0706 0.0914 0.8480
41.949 0.0738 0.0949 0.8429
41.989 0.0769 0.0996 0.8283
42.030 0.0811 0.0958 0.8703
42.070 0.0891 0.0991 0.8640
42.110 0.0934 0.0970 0.8525
42.150 0.0970 0.0863 0.8772
42.187 0.0997 0.0888 0.8959
42.231 0.1040 0.0899 0.8862
42.271 0.1070 0.0896 0.9074
42.311 0.1100 0.0875 0.9153
42.351 0.1094 0.0875 0.8880
42.387 0.1099 0.0885 0.9025
42.432 0.1095 0.0904 0.9113
42.471 0.1066 0.0886 0.9409
42.511 0.1088 0.0883 0.9139
42.551 0.1130 0.0908 0.9082
42.591 0.1212 0.0872 0.9295
42.632 0.1254 0.0905 0.9309
42.672 0.1299 0.0891 0.9439
42.712 0.1367 0.0902 0.9053
42.752 0.1439 0.0894 0.9141
42.792 0.1452 0.0889 0.8893
42.832 0.1483 0.0906 0.9257
42.873 0.1566 0.0908 0.9326
42.914 0.1615 0.0913 0.9389
42.954 0.1692 0.0904 0.9013
42.993 0.1755 0.0916 0.9049
43.031 0.1798 0.0918 0.9113
43.075 0.1809 0.0964 0.9088
43.114 0.1829 0.0960 0.8720
43.155 0.1926 0.0953 0.8585
43.194 0.1965 0.0937 0.8780
43.231 0.2014 0.0945 0.8759
43.275 0.2061 0.0983 0.9069
43.315 0.2132 0.0988 0.9203
43.355 0.2177 0.0975 0.8839
43.395 0.2197 0.0956 0.8706
43.435 0.2239 0.0956 0.9209
43.475 0.2310 0.0980 0.8675
43.515 0.2348 0.0954 0.8892
43.556 0.2388 0.0967 0.8862
43.596 0.2443 0.0946 0.8936
43.635 0.2445 0.0932 0.8819
43.675 0.2446 0.0930 0.8661
43.716 0.2487 0.0948 0.8772
43.756 0.2512 0.0947 0.8998
43.796 0.2557 0.0958 0.9186
43.836 0.2588 0.0936 0.9348
43.874 0.2634 0.0917 0.9026
43.918 0.2697 0.0908 0.9127
43.958 0.2762 0.0920 0.9572
43.998 0.2782 0.0929 0.9673
44.038 0.2784 0.0936 0.9403
44.075 0.2781 0.0919 0.9754
44.119 0.2798 0.0897 0.9698
44.159 0.2825 0.0928 0.9742
44.199 0.2765 0.0960 0.9611
44.239 0.2726 0.0935 1.0114
44.279 0.2661 0.0908 1.0042
44.319 0.2631 0.0899 0.9560
44.389 0.2548 0.0944 0.9760
44.440 0.2438 0.0966 0.9043
44.479 0.2389 0.0926 0.9293
44.519 0.2325 0.0917 0.9313
44.558 0.2272 0.0905 0.9512
44.600 0.2210 0.0890 0.9963
44.640 0.2104 0.0943 0.9680
44.680 0.2105 0.0907 0.9625
44.719 0.2077 0.0893 0.9539
44.757 0.2075 0.0881 0.9415
44.801 0.2079 0.0898 0.9325
44.840 0.2090 0.0912 0.9422
44.881 0.2088 0.0908 0.9571
44.921 0.2097 0.0864 0.9505
44.958 0.2104 0.0854 0.9062
45.002 0.2148 0.0860 0.9435
45.042 0.2168 0.0888 0.9316
45.082 0.2164 0.0915 0.9604
45.122 0.2222 0.0884 0.9278
45.162 0.2240 0.0843 0.9554
45.203 0.2257 0.0863 0.9039
45.243 0.2282 0.0864 0.9277
45.283 0.2275 0.0910 0.9277
45.323 0.2259 0.0968 0.9061
45.362 0.2232 0.0884 0.8952
45.402 0.2224 0.0882 0.8933
45.443 0.2175 0.0900 0.9193
45.484 0.2105 0.0941 0.9195
45.524 0.2054 0.0911 0.9434
45.563 0.2007 0.0894 0.9146
45.601 0.1928 0.0867 0.9146
45.645 0.1884 0.0889 0.9108
45.684 0.1842 0.0903 0.9355
45.725 0.1836 0.0920 0.9102
45.764 0.1831 0.0895 0.9298
45.801 0.1783 0.0875 0.9627
45.846 0.1745 0.0897 0.9253
45.885 0.1745 0.0907 0.9304
45.925 0.1754 0.0905 0.9568
45.965 0.1724 0.0917 0.9050
46.005 0.1716 0.0915 0.9414
46.046 0.1709 0.0882 0.8992
46.085 0.1710 0.0869 0.8929
46.126 0.1701 0.0928 0.9031
46.167 0.1704 0.0930 0.8992
46.206 0.1692 0.0928 0.9352
46.246 0.1662 0.0873 0.9041
46.287 0.1697 0.0919 0.9108
46.327 0.1775 0.0908 0.9334
46.367 0.1827 0.0924 0.9440
46.407 0.1834 0.0958 0.9345
46.444 0.1816 0.0957 0.9141
46.488 0.1844 0.0925 0.8945
46.528 0.1866 0.0939 0.9213
46.568 0.1921 0.0935 0.9213
46.608 0.1975 0.0962 0.9111
46.645 0.2014 0.0938 0.9324
46.689 0.2037 0.0943 0.9538
46.729 0.2035 0.0927 0.8976
46.769 0.2017 0.0964 0.9412
46.809 0.1961 0.0980 0.9076
46.849 0.1893 0.0959 0.9465
46.889 0.1846 0.0946 0.9166
46.929 0.1859 0.0925 0.9098
46.969 0.1829 0.0931 0.9062
47.009 0.1771 0.0968 0.9499
47.049 0.1686 0.0964 0.9559
47.088 0.1567 0.0964 0.9220
47.130 0.1478 0.0950 0.9552
47.170 0.1429 0.0943 0.9224
47.210 0.1472 0.0948 0.8974
47.250 0.1458 0.0940 0.9224
47.288 0.1389 0.0963 0.9024
47.332 0.1386 0.0939 0.9234
47.372 0.1375 0.0926 0.9505
47.412 0.1376 0.0942 0.9644
47.451 0.1430 0.0947 0.9651
47.489 0.1472 0.0935 0.9751
47.533 0.1513 0.0935 0.9605
47.572 0.1554 0.0941 0.9489
47.612 0.1613 0.0941 0.9335
47.652 0.1637 0.0972 0.9132
47.692 0.1610 0.0987 0.9158
47.733 0.1553 0.0984 0.9488
47.773 0.1617 0.0979 0.9311
47.813 0.1635 0.0928 0.8802
47.853 0.1638 0.0940 0.9222
47.892 0.1659 0.0971 0.9414
47.932 0.1643 0.0939 0.9515
47.973 0.1672 0.0956 0.9038
48.014 0.1712 0.0925 0.9326
48.054 0.1803 0.0902 0.9297
48.093 0.1871 0.0949 0.9544
48.130 0.1910 0.0975 0.9253
48.175 0.1872 0.0946 0.9301
48.214 0.1935 0.0874 0.9102
48.254 0.1989 0.0927 0.9190
48.294 0.2058 0.0943 0.9174
48.332 0.2103 0.0965 0.9481
48.375 0.2117 0.0935 0.9154
48.416 0.2135 0.0925 0.9442
48.456 0.2167 0.0900 0.9209
48.496 0.2175 0.0888 0.8912
48.536 0.2200 0.0899 0.8665
48.576 0.2167 0.0916 0.9044
48.616 0.2161 0.0922 0.8968
48.657 0.2216 0.0905 0.9265
48.697 0.2246 0.0880 0.8873
48.736 0.2260 0.0923 0.9265
48.775 0.2221 0.0927 0.9365
48.817 0.2217 0.0896 0.9478
48.857 0.2219 0.0886 0.9425
48.897 0.2239 0.0891 0.9241
48.936 0.2224 0.0894 0.9337
48.974 0.2146 0.0893 0.9458
49.018 0.2028 0.0893 0.9684
49.058 0.1957 0.0914 0.9551
49.098 0.1872 0.0880 0.9205
49.138 0.1787 0.0858 0.9511
49.175 0.1698 0.0854 0.9478
49.219 0.1561 0.0859 0.9347
49.258 0.1492 0.0867 0.9382
49.298 0.1411 0.0853 0.9187
49.339 0.1360 0.0828 0.9063
49.378 0.1326 0.0852 0.9377
49.419 0.1241 0.0872 0.9430
49.459 0.1245 0.0852 0.9430
49.500 0.1264 0.0829 0.9441
49.540 0.1247 0.0840 0.8999
49.580 0.1254 0.0840 0.9079
49.623 0.1257 0.0832 0.9129
49.660 0.1267 0.0836 0.9279
49.701 0.1300 0.0819 0.9547
49.741 0.1325 0.0813 0.9483
49.781 0.1375 0.0824 0.9483
49.818 0.1354 0.0832 0.9291
49.862 0.1337 0.0836 0.9173
49.901 0.1324 0.0836 0.9173
49.942 0.1281 0.0835 0.9703
49.981 0.1304 0.0821 0.9454
50.018 0.1318 0.0812 0.9293
50.062 0.1382 0.0834 0.9185
50.135 0.1514 0.0848 0.9285
50.200 0.1605 0.0866 0.9295
50.222 0.1642 0.0801 0.8902
50.262 0.1671 0.0856 0.8815
50.303 0.1740 0.0913 0.9355
50.343 0.1800 0.0879 0.9443
50.383 0.1838 0.0952 0.8805
50.423 0.1908 0.0971 0.8867
50.462 0.1919 0.0966 0.9390
50.502 0.1915 0.0925 0.9025
50.543 0.1896 0.0971 0.8907
50.584 0.1840 0.0973 0.8809
50.624 0.1824 0.0925 0.9259
50.664 0.1812 0.0934 0.9271
50.701 0.1780 0.0979 0.8800
50.746 0.1755 0.0988 0.8873
50.785 0.1698 0.1009 0.8734
50.825 0.1688 0.0975 0.9378
50.865 0.1700 0.0990 0.8829
50.902 0.1696 0.0964 0.8705
50.946 0.1682 0.0976 0.8633
50.986 0.1692 0.0961 0.9142
51.026 0.1700 0.0972 0.9249
51.066 0.1713 0.0930 0.9222
51.105 0.1688 0.0943 0.9750
51.146 0.1606 0.0953 0.9279
51.186 0.1598 0.0968 0.9295
51.227 0.1485 0.0958 0.9295
51.266 0.1395 0.0937 0.9217
51.306 0.1290 0.0933 0.9178
51.345 0.1176 0.0955 0.9454
51.405 0.0963 0.0984 0.9382
51.427 0.0906 0.1001 0.9382
51.467 0.0805 0.0973 0.9448
51.507 0.0698 0.0939 0.9248
51.545 0.0592 0.0957 0.9302
51.588 0.0529 0.0928 0.9209
51.628 0.0477 0.0976 0.9468
51.668 0.0421 0.0924 0.9495
51.709 0.0377 0.0951 0.9582
51.745 0.0403 0.0924 0.9478
51.790 0.0438 0.0931 0.9443
51.829 0.0438 0.0971 0.9706
51.869 0.0479 0.0979 0.9642
51.909 0.0545 0.0927 0.9655
51.949 0.0629 0.0938 0.9655
51.990 0.0707 0.0957 0.9612
52.030 0.0784 0.0948 0.9834
52.070 0.0852 0.0971 0.9805
52.110 0.0932 0.0956 0.9535
52.149 0.0982 0.0946 0.9659
52.189 0.1064 0.0898 0.9286
52.230 0.1157 0.0910 0.9324
52.271 0.1225 0.0924 0.9293
52.311 0.1287 0.0912 0.9304
52.350 0.1329 0.0926 0.9108
52.388 0.1359 0.0898 0.9478
52.432 0.1388 0.0909 0.9260
52.471 0.1432 0.0889 0.9260
52.511 0.1479 0.0915 0.9539
52.551 0.1488 0.0894 0.9355
52.588 0.1518 0.0892 0.9174
52.632 0.1506 0.0889 0.9323
52.682 0.1556 0.0907 0.9262
52.741 0.1526 0.0898 0.9419
52.792 0.1538 0.0883 0.9355
52.832 0.1548 0.0892 0.9269
52.873 0.1565 0.0880 0.9617
52.913 0.1568 0.0903 0.9775
52.954 0.1569 0.0887 0.9615
52.994 0.1515 0.0887 0.9792
53.033 0.1538 0.0889 0.9603
53.072 0.1487 0.0874 0.9305
53.114 0.1471 0.0914 0.9515
53.154 0.1414 0.0911 0.9495
53.194 0.1365 0.0935 0.9927
53.234 0.1315 0.0896 0.9174
53.271 0.1255 0.0885 0.9720
53.315 0.1178 0.0909 0.9807
53.355 0.1090 0.0926 0.9772
53.395 0.0971 0.0946 0.9581
53.434 0.0827 0.0951 0.9642
53.472 0.0714 0.0922 0.9233
53.516 0.0574 0.0940 0.9315
53.555 0.0473 0.0959 0.9261
53.595 0.0386 0.0997 0.9347
53.635 0.0321 0.0968 0.9261
53.675 0.0212 0.0959 0.9261
53.716 0.0149 0.0968 0.9261
53.756 0.0105 0.0952 0.9531
53.796 0.0067 0.0971 0.9522
53.836 0.0052 0.0961 0.9531
53.876 0.0042 0.0957 0.9261
53.916 0.0049 0.0940 0.9531
53.957 0.0051 0.0959 0.9511
53.998 0.0058 0.0944 0.9693
54.038 0.0064 0.0958 0.9510
54.077 0.0072 0.0959 0.9261
54.115 0.0065 0.0959 0.9511
54.159 0.0043 0.0936 0.9442
54.199 0.0043 0.0954 0.9595
54.238 0.0044 0.0973 0.9781
54.278 0.0045 0.0999 0.9529
54.315 0.0049 0.0944 0.9307
54.359 0.0063 0.0940 0.9442
54.401 0.0045 0.0931 0.9279
54.439 0.0064 0.0968 0.9423
54.479 0.0056 0.0978 0.9675
54.519 0.0053 0.0983 0.9474
54.559 0.0083 0.0955 0.9442
54.600 0.0070 0.0940 0.9325
54.640 0.0072 0.0950 0.9325
54.680 0.0069 0.0972 0.9597
54.719 0.0049 0.0983 0.9529
54.759 0.0075 0.0959 0.9442
54.800 0.0063 0.0943 0.9474
54.840 0.0053 0.0942 0.9474
54.880 0.0040 0.0990 0.9474
54.920 0.0035 0.0988 0.9638
54.959 0.0029 0.0988 0.9561
55.002 0.0034 0.0943 0.9562
55.042 0.0028 0.0950 0.9334
55.082 0.0041 0.0988 0.9638
55.122 0.0042 0.0985 0.9427
55.159 0.0042 0.0967 0.9611
55.203 0.0081 0.0984 0.9500
55.243 0.0089 0.0980 0.9474
55.283 0.0159 0.0980 0.9474
55.323 0.0173 0.1017 0.9638
55.363 0.0210 0.0999 0.9551
55.403 0.0235 0.0986 0.9638
55.443 0.0293 0.0952 0.9532
55.483 0.0350 0.0977 0.9551
55.523 0.0443 0.0978 0.9587
55.563 0.0527 0.1004 0.9356
55.602 0.0602 0.1000 0.9532
55.644 0.0716 0.0965 0.9731
55.684 0.0775 0.0952 0.9584
55.724 0.0896 0.0964 0.9811
55.764 0.0969 0.0972 0.9561
55.801 0.1005 0.0956 0.9283
55.845 0.1079 0.0951 0.9525
55.885 0.1140 0.0951 0.9467
55.925 0.1178 0.0963 0.9423
55.964 0.1196 0.0974 0.9433
56.002 0.1169 0.0976 0.9223
56.045 0.1104 0.0951 0.9085
56.085 0.1055 0.0946 0.9076
56.125 0.0960 0.0956 0.9423
56.166 0.0947 0.0965 0.9464
56.206 0.0891 0.1033 0.9712
56.246 0.0808 0.0989 0.9539
56.287 0.0796 0.0990 0.9305
56.327 0.0787 0.1011 0.9594
56.367 0.0775 0.0960 0.9579
56.406 0.0764 0.1010 0.9290
56.446 0.0740 0.1001 0.9290
56.487 0.0785 0.0966 0.9343
56.528 0.0832 0.0964 0.9343
56.567 0.0830 0.0960 0.9366
56.607 0.0872 0.0988 0.9347
56.645 0.0858 0.0975 0.9174
56.689 0.0866 0.0975 0.9069
56.728 0.0880 0.0969 0.9089
56.768 0.0894 0.0995 0.9267
56.808 0.0898 0.0958 0.8930
56.849 0.0921 0.0982 0.8930
56.889 0.0915 0.0989 0.8906
56.929 0.0960 0.0963 0.8934
56.969 0.1008 0.0964 0.8604
57.009 0.1017 0.0982 0.8645
57.049 0.1059 0.0964 0.9148
57.089 0.1106 0.1017 0.8835
57.129 0.1146 0.0953 0.9206
57.170 0.1177 0.0950 0.9424
57.210 0.1198 0.0970 0.9476
57.250 0.1250 0.0966 0.9356
57.290 0.1296 0.0971 0.9167
57.331 0.1277 0.0988 0.9332
57.371 0.1277 0.0970 0.9244
57.411 0.1336 0.0948 0.9072
57.451 0.1351 0.0943 0.9089
57.489 0.1341 0.0953 0.9508
57.533 0.1310 0.0964 0.9460
57.572 0.1297 0.0934 0.9369
57.612 0.1327 0.0938 0.9369
57.652 0.1355 0.0936 0.9159
57.689 0.1399 0.0953 0.9172
57.733 0.1419 0.0946 0.9672
57.773 0.1422 0.0953 0.9366
57.813 0.1463 0.0943 0.9366
57.853 0.1510 0.0943 0.9491
57.893 0.1511 0.0943 0.9315
57.933 0.1498 0.0963 0.9685
57.973 0.1498 0.0956 0.9695
58.014 0.1532 0.0936 0.9525
58.053 0.1584 0.0920 0.9352
58.092 0.1562 0.0899 0.9382
58.132 0.1579 0.0905 0.9219
58.174 0.1602 0.0922 0.9457
58.214 0.1586 0.0896 0.9528
58.257 0.1614 0.0900 0.9568
58.294 0.1619 0.0880 0.9522
58.333 0.1621 0.0889 0.9589
58.375 0.1676 0.0903 0.9644
58.416 0.1686 0.0900 0.9285
58.456 0.1706 0.0898 0.9625
58.496 0.1735 0.0883 0.9338
58.533 0.1736 0.0877 0.9486
58.577 0.1799 0.0903 0.9055
58.616 0.1762 0.0919 0.9302
58.656 0.1697 0.0904 0.9472
58.696 0.1695 0.0936 0.9379
58.736 0.1682 0.0956 0.9263
58.777 0.1663 0.0934 0.9730
58.817 0.1645 0.0931 0.9396
58.857 0.1579 0.0934 0.9396
58.897 0.1557 0.0909 0.9308
58.936 0.1547 0.0886 0.9380
58.976 0.1533 0.0875 0.9570
59.017 0.1588 0.0894 0.9366
59.058 0.1542 0.0921 0.9536
59.098 0.1560 0.0915 0.9277
59.137 0.1612 0.0881 0.9472
59.175 0.1600 0.0891 0.9492
59.219 0.1632 0.0891 0.9511
59.258 0.1604 0.0884 0.9197
59.298 0.1587 0.0875 0.9775
59.338 0.1606 0.0865 0.9423
59.375 0.1617 0.0860 0.9380
59.419 0.1624 0.0871 0.9636
59.459 0.1661 0.0868 0.9638
59.500 0.1579 0.0885 0.9914
59.540 0.1536 0.0851 0.9432
59.580 0.1521 0.0856 0.9377
59.621 0.1481 0.0831 0.9583
59.661 0.1522 0.0854 0.9677
59.701 0.1524 0.0877 0.9852
59.741 0.1583 0.0854 0.9561
59.780 0.1648 0.0845 0.9302
59.820 0.1679 0.0848 0.9475
59.861 0.1737 0.0845 0.9725
59.901 0.1761 0.0875 0.9399
59.941 0.1750 0.0858 0.9511
59.981 0.1776 0.0853 0.9684
60.018 0.1818 0.0842 0.9488
60.063 0.1900 0.0818 0.9586
60.102 0.1961 0.0864 0.9852
60.142 0.1968 0.0869 0.9636
60.182 0.1970 0.0844 0.9586
60.219 0.1937 0.0846 0.9570
60.263 0.1896 0.0850 0.9609
60.303 0.1896 0.0832 0.9613
60.343 0.1830 0.0877 0.9415
60.382 0.1785 0.0856 0.9464
60.423 0.1763 0.0838 0.9285
60.463 0.1755 0.0846 0.9295
60.503 0.1767 0.0825 0.9448
60.543 0.1768 0.0856 0.9734
60.584 0.1729 0.0846 0.9233
60.624 0.1726 0.0857 0.9139
60.663 0.1741 0.0840 0.9078
60.705 0.1759 0.0829 0.9389
60.745 0.1766 0.0827 0.9303
60.785 0.1785 0.0877 0.8854
60.825 0.1832 0.0875 0.8745
60.862 0.1839 0.0821 0.9194
60.906 0.1849 0.0829 0.9109
60.946 0.1849 0.0828 0.8847
60.985 0.1836 0.0825 0.9216
61.025 0.1780 0.0830 0.9043
61.062 0.1741 0.0828 0.8982
61.106 0.1730 0.0847 0.9426
61.146 0.1667 0.0812 0.9236
61.186 0.1613 0.0848 0.9124
61.226 0.1566 0.0850 0.9248
61.266 0.1465 0.0860 0.9026
61.307 0.1324 0.0836 0.9057
61.347 0.1197 0.0838 0.9210
61.387 0.1109 0.0826 0.9096
61.427 0.1003 0.0836 0.9372
61.466 0.0931 0.0845 0.9318
61.506 0.0844 0.0844 0.9318
61.549 0.0788 0.0856 0.9429
61.587 0.0752 0.0832 0.9160
61.627 0.0752 0.0865 0.9320
61.667 0.0781 0.0865 0.9320
61.706 0.0769 0.0841 0.9612
61.750 0.0817 0.0830 0.9354
61.789 0.0859 0.0840 0.9822
61.829 0.0932 0.0844 0.9196
61.869 0.0953 0.0866 0.9405
61.906 0.0964 0.0855 0.9680
61.950 0.0927 0.0864 0.9712
61.990 0.0912 0.0852 0.9475
62.030 0.0877 0.0864 0.9626
62.070 0.0812 0.0864 0.9646
62.109 0.0754 0.0866 0.9348
62.150 0.0633 0.0859 0.9684
62.190 0.0529 0.0844 0.9877
62.230 0.0428 0.0823 0.9282
62.270 0.0336 0.0850 0.9393
62.310 0.0233 0.0869 0.9937
62.349 0.0159 0.0838 0.9527
62.391 0.0119 0.0843 0.9519
62.431 0.0102 0.0835 0.9622
62.471 0.0078 0.0828 0.9539
62.511 0.0074 0.0831 0.9715
62.548 0.0071 0.0836 0.9703
62.592 0.0073 0.0833 0.9469
62.632 0.0058 0.0820 0.9588
62.672 0.0052 0.0833 0.9614
62.711 0.0063 0.0873 0.9704
62.750 0.0046 0.0856 0.9875
62.793 0.0034 0.0839 0.9354
62.833 0.0037 0.0831 0.9539
62.873 0.0037 0.0833 0.9622
62.913 0.0050 0.0818 0.9539
62.953 0.0043 0.0877 0.9548
62.994 0.0040 0.0870 0.9548
63.034 0.0042 0.0856 0.9548
63.074 0.0033 0.0812 0.9525
63.114 0.0050 0.0856 0.9548
63.153 0.0049 0.0841 0.9606
63.193 0.0063 0.0847 0.9525
63.235 0.0082 0.0868 0.9548
63.275 0.0078 0.0864 0.9548
63.315 0.0101 0.0815 0.9383
63.354 0.0191 0.0859 0.9413
63.392 0.0262 0.0840 0.9663
63.436 0.0358 0.0876 0.9177
63.475 0.0415 0.0848 0.9133
63.515 0.0463 0.0840 0.9305
63.555 0.0510 0.0887 0.9449
63.592 0.0602 0.0874 0.9429
63.636 0.0649 0.0890 0.9475
63.676 0.0680 0.0866 0.9470
63.716 0.0711 0.0866 0.9506
63.756 0.0678 0.0853 0.9301
63.796 0.0630 0.0910 0.9713
63.837 0.0529 0.0908 0.9573
63.877 0.0443 0.0904 0.9523
63.917 0.0400 0.0899 0.9252
63.958 0.0328 0.0898 0.9399
63.997 0.0255 0.0866 0.9486
64.037 0.0208 0.0897 0.9379
64.078 0.0152 0.0887 0.9339
64.119 0.0092 0.0898 0.9252
64.158 0.0089 0.0876 0.9330
64.198 0.0058 0.0878 0.9252
64.236 0.0045 0.0891 0.9252
64.280 0.0046 0.0885 0.9405
64.319 0.0035 0.0868 0.9252
64.359 0.0047 0.0876 0.9252
64.399 0.0053 0.0884 0.9252
64.436 0.0126 0.0899 0.9252
64.480 0.0227 0.0893 0.9252
64.520 0.0311 0.0897 0.9252
64.560 0.0414 0.0870 0.9252
64.600 0.0515 0.0862 0.9252
64.640 0.0647 0.0868 0.9486
64.680 0.0746 0.0868 0.9486
64.720 0.0830 0.0888 0.9613
64.761 0.0899 0.0849 0.9162
64.800 0.0973 0.0837 0.9291
64.840 0.1019 0.0842 0.9638
64.879 0.1058 0.0843 0.9261
64.921 0.1053 0.0890 0.9291
64.961 0.1007 0.0833 0.9515
65.001 0.0955 0.0853 0.9498
65.042 0.0851 0.0844 0.9355
65.080 0.0798 0.0842 0.9553
65.123 0.0745 0.0854 0.9731
65.163 0.0704 0.0871 0.9553
65.203 0.0645 0.0844 0.9553
65.243 0.0613 0.0831 0.9305
65.279 0.0623 0.0818 0.9595
65.323 0.0683 0.0868 0.9769
65.363 0.0728 0.0839 0.9289
65.403 0.0772 0.0854 0.9559
65.443 0.0822 0.0853 0.9409
65.483 0.0832 0.0836 0.9409
65.524 0.0914 0.0847 0.9252
65.563 0.0943 0.0854 0.9252
65.604 0.0993 0.0875 0.9476
65.644 0.1004 0.0838 0.9542
65.683 0.1080 0.0857 0.9189
65.723 0.1098 0.0838 0.9299
65.764 0.1088 0.0878 0.9511
65.805 0.1033 0.0900 0.9435
65.844 0.0977 0.0877 0.9952
65.884 0.0962 0.0842 0.9406
65.922 0.0946 0.0864 0.9179
65.966 0.0970 0.0818 0.9544
66.005 0.0956 0.0852 0.9428
66.045 0.0959 0.0840 0.9428
66.085 0.0916 0.0842 0.9428
66.123 0.0873 0.0808 0.9508
66.167 0.0837 0.0816 0.9370
66.207 0.0822 0.0815 0.9508
66.247 0.0806 0.0848 0.9531
66.287 0.0844 0.0817 0.9483
66.326 0.0862 0.0811 0.9483
66.367 0.0869 0.0754 0.9286
66.407 0.0849 0.0806 0.9286
66.448 0.0816 0.0835 0.9222
66.488 0.0801 0.0810 0.9375
66.527 0.0794 0.0748 0.8983
66.566 0.0781 0.0793 0.9181
66.608 0.0777 0.0834 0.9371
66.648 0.0778 0.0828 0.9371
66.688 0.0758 0.0876 0.9361
66.728 0.0759 0.0836 0.9172
66.766 0.0725 0.0802 0.9225
66.809 0.0683 0.0783 0.9172
66.849 0.0641 0.0808 0.9352
66.889 0.0594 0.0857 0.9146
66.928 0.0557 0.0857 0.9454
66.965 0.0530 0.0812 0.9532
67.009 0.0519 0.0833 0.9282
67.052 0.0506 0.0835 0.9532
67.089 0.0514 0.0843 0.9262
67.129 0.0469 0.0873 0.9262
67.169 0.0460 0.0846 0.9266
67.210 0.0436 0.0809 0.9262
67.250 0.0435 0.0792 0.9394
67.291 0.0462 0.0850 0.9202
67.331 0.0444 0.0853 0.9636
67.370 0.0443 0.0853 0.9636
67.410 0.0445 0.0848 0.9541
67.451 0.0442 0.0849 0.9569
67.492 0.0405 0.0848 0.9775
67.532 0.0379 0.0848 0.9726
67.571 0.0337 0.0872 0.9585
67.608 0.0342 0.0872 0.9376
67.653 0.0312 0.0847 0.9666
67.693 0.0304 0.0837 0.9540
67.732 0.0302 0.0863 0.9659
67.772 0.0256 0.0845 0.9656
67.809 0.0222 0.0858 0.9786
67.853 0.0221 0.0851 0.9786
67.893 0.0240 0.0839 0.9645
67.933 0.0231 0.0838 0.9688
67.973 0.0254 0.0880 0.9560
68.013 0.0222 0.0878 0.9724
68.053 0.0210 0.0875 0.9610
68.093 0.0181 0.0868 0.9594
68.134 0.0184 0.0839 0.9570
68.174 0.0177 0.0875 0.9699
68.213 0.0142 0.0897 0.9646
68.252 0.0119 0.0883 0.9699
68.294 0.0103 0.0875 0.9696
68.356 0.0094 0.0876 0.9696
68.415 0.0062 0.0885 0.9646
68.455 0.0048 0.0874 0.9699
68.492 0.0082 0.0876 0.9696
68.536 0.0083 0.0828 0.9699
68.576 0.0064 0.0862 0.9646
68.616 0.0042 0.0862 0.9646
68.656 0.0042 0.0865 0.9646
68.692 0.0043 0.0876 0.9696
68.737 0.0063 0.0869 0.9636
68.776 0.0079 0.0869 0.9636
68.816 0.0096 0.0876 0.9672
68.856 0.0085 0.0886 0.9646
68.896 0.0094 0.0873 0.9670
68.937 0.0134 0.0888 0.9483
69.000 0.0214 0.0866 0.9495
69.057 0.0293 0.0895 0.9483
69.098 0.0366 0.0882 0.9241
69.137 0.0454 0.0856 0.9296
69.176 0.0522 0.0849 0.9322
69.218 0.0578 0.0876 0.9483
69.258 0.0604 0.0868 0.9333
69.298 0.0644 0.0899 0.9249
69.337 0.0678 0.0854 0.9289
69.375 0.0729 0.0881 0.9265
69.419 0.0758 0.0832 0.9439
69.459 0.0764 0.0869 0.9509
69.500 0.0723 0.0881 0.9419
69.539 0.0719 0.0867 0.9266
69.577 0.0712 0.0866 0.9650
69.621 0.0719 0.0811 0.9560
69.660 0.0756 0.0856 0.9650
69.700 0.0795 0.0898 0.9472
69.740 0.0851 0.0872 0.9350
69.780 0.0891 0.0850 0.9609
69.821 0.0967 0.0834 0.9141
69.861 0.1041 0.0796 0.9190
69.901 0.1108 0.0836 0.9560
69.941 0.1154 0.0888 0.9462
69.980 0.1214 0.0822 0.9466
70.020 0.1280 0.0829 0.9406
70.061 0.1340 0.0824 0.9216
70.102 0.1384 0.0866 0.9153
70.142 0.1372 0.0851 0.9237
70.181 0.1372 0.0852 0.9363
70.218 0.1317 0.0842 0.9087
70.263 0.1303 0.0793 0.9422
70.302 0.1270 0.0832 0.9165
70.342 0.1237 0.0849 0.9345
70.382 0.1191 0.0840 0.9455
70.419 0.1166 0.0840 0.9469
70.463 0.1133 0.0855 0.9353
70.503 0.1091 0.0844 0.9595
70.543 0.1077 0.0844 0.9249
70.584 0.1015 0.0859 0.9404
70.624 0.0985 0.0858 0.9246
70.664 0.0925 0.0860 0.9184
70.704 0.0929 0.0821 0.9691
70.749 0.0959 0.0845 0.9544
70.784 0.0972 0.0865 0.9804
70.824 0.0993 0.0851 0.9380
70.864 0.1006 0.0844 0.9292
70.905 0.1019 0.0827 0.9476
70.945 0.1104 0.0816 0.9512
70.985 0.1159 0.0815 0.9523
71.024 0.1166 0.0838 0.9622
71.062 0.1219 0.0807 0.9703
71.106 0.1269 0.0800 0.9204
71.145 0.1256 0.0784 0.9441
71.186 0.1283 0.0785 0.9363
71.226 0.1277 0.0838 0.9441
71.263 0.1302 0.0827 0.9364
71.307 0.1328 0.0780 0.9409
71.346 0.1334 0.0783 0.9438
71.387 0.1388 0.0774 0.9474
71.426 0.1336 0.0817 0.9564
71.466 0.1271 0.0845 0.9727
71.507 0.1261 0.0833 0.9449
71.547 0.1206 0.0812 0.9086
71.587 0.1149 0.0822 0.9335
71.627 0.1172 0.0826 0.9561
71.667 0.1159 0.0818 0.9561
71.707 0.1159 0.0820 0.9298
71.748 0.1134 0.0810 0.9076
71.789 0.1098 0.0820 0.9465
71.829 0.1107 0.0823 0.9508
71.868 0.1058 0.0847 0.9570
71.906 0.1020 0.0837 0.9198
71.950 0.1060 0.0826 0.9067
71.990 0.1107 0.0823 0.9797
72.030 0.1164 0.0837 0.9477
72.069 0.1248 0.0805 0.9424
72.106 0.1297 0.0833 0.9435
72.150 0.1360 0.0824 0.9240
72.190 0.1387 0.0821 0.9527
72.230 0.1417 0.0791 0.9561
72.270 0.1470 0.0809 0.9602
72.310 0.1444 0.0871 0.9552
72.351 0.1432 0.0855 0.9617
72.391 0.1496 0.0833 0.9552
72.431 0.1510 0.0801 0.9680
72.471 0.1500 0.0801 0.9688
72.510 0.1473 0.0815 0.9515
72.550 0.1441 0.0820 0.9450
72.591 0.1415 0.0831 0.9389
72.632 0.1362 0.0811 0.9450
72.672 0.1394 0.0819 0.8934
72.711 0.1398 0.0777 0.8925
72.749 0.1331 0.0808 0.9221
72.793 0.1313 0.0833 0.9565
72.833 0.1358 0.0813 0.9367
72.873 0.1351 0.0800 0.9603
72.913 0.1351 0.0812 0.9709
72.950 0.1333 0.0810 0.9521
72.994 0.1320 0.0831 0.9594
73.034 0.1324 0.0823 0.9605
73.074 0.1323 0.0805 0.9042
73.114 0.1385 0.0817 0.9375
73.154 0.1353 0.0839 0.9305
73.194 0.1325 0.0838 0.9277
73.234 NaN 0.0861 0.9348
73.275 NaN 0.0828 0.9155
73.314 NaN 0.0837 0.9139
73.354 NaN 0.0849 0.9315
73.393 NaN 0.0854 0.9451
73.435 NaN 0.0855 0.9194
73.475 NaN 0.0865 0.9221
73.515 NaN 0.0833 0.9428
