80.583 NaN 0.0892 0.8829
80.620 NaN 0.0879 0.9258
80.664 NaN 0.0884 0.9079
80.704 NaN 0.0886 0.8578
80.744 NaN 0.0888 0.9007
80.784 NaN 0.0901 0.9158
80.823 NaN 0.0898 0.9285
80.865 0.2225 0.0908 0.8925
80.904 0.2208 0.0898 0.9015
80.945 0.2143 0.0926 0.8959
80.984 0.2109 0.0938 0.8915
81.024 0.2058 0.0911 0.8981
81.064 0.1980 0.0939 0.9165
81.105 0.1997 0.0882 0.9073
81.145 0.1955 0.0867 0.9077
81.185 0.1907 0.0965 0.8777
81.225 0.1860 0.0950 0.9348
81.263 0.1838 0.0957 0.8929
81.307 0.1809 0.0940 0.9128
81.346 0.1815 0.0931 0.9202
81.386 0.1833 0.0900 0.9249
81.426 0.1921 0.0919 0.9178
81.463 0.1941 0.0962 0.9223
81.507 0.1896 0.0945 0.9002
81.547 0.1929 0.0898 0.9078
81.587 0.1929 0.0898 0.8742
81.627 0.1945 0.0913 0.8742
81.667 0.1964 0.0942 0.9041
81.708 0.1957 0.0940 0.8925
81.748 0.1986 0.0948 0.8966
81.789 0.2055 0.0918 0.8809
81.828 0.2086 0.0899 0.8776
81.868 0.2145 0.0923 0.8903
81.908 0.2065 0.0928 0.9238
81.951 0.2003 0.0920 0.9107
81.989 0.2050 0.0936 0.8859
82.029 0.2122 0.0905 0.9391
82.069 0.2142 0.0907 0.9382
82.106 0.2124 0.0935 0.9219
82.151 0.2084 0.0935 0.8945
82.190 0.2075 0.0924 0.9007
82.230 0.2074 0.0944 0.9138
82.270 0.2050 0.0950 0.9227
82.307 0.2029 0.0949 0.9103
82.351 0.1939 0.0959 0.9412
82.390 0.1968 0.0927 0.9265
82.431 0.2070 0.0957 0.9237
82.471 0.2090 0.0927 0.9562
82.510 0.2029 0.0937 0.9534
82.551 0.1986 0.0961 0.9566
82.591 0.2014 0.0923 0.8875
82.631 0.2069 0.0919 0.8994
82.700 0.2266 0.0911 0.9571
82.751 0.2436 0.0933 0.9443
82.791 0.2469 0.0952 0.9464
82.833 0.2497 0.0943 0.9042
82.873 0.2496 0.0932 0.9290
82.913 0.2479 0.0934 0.8915
82.953 0.2446 0.0996 0.8966
82.990 0.2434 0.1005 0.8930
83.035 0.2434 0.0967 0.8822
83.074 0.2425 0.0950 0.8949
83.113 0.2400 0.0934 0.8980
83.153 0.2346 0.0896 0.9254
83.190 0.2294 0.0926 0.9031
83.235 0.2156 0.0925 0.8997
83.275 0.2148 0.0905 0.8777
83.314 0.2151 0.0868 0.9157
83.354 0.2187 0.0879 0.9140
83.394 0.2216 0.0911 0.8991
83.435 0.2193 0.0933 0.9032
83.475 0.2244 0.0914 0.9005
83.515 0.2303 0.0902 0.8801
83.555 0.2374 0.0895 0.9207
83.594 0.2384 0.0897 0.9238
83.634 0.2391 0.0910 0.9469
83.675 0.2420 0.0933 0.9420
83.716 0.2439 0.0917 0.9273
83.755 0.2397 0.0922 0.9219
83.795 0.2394 0.0907 0.9525
83.833 0.2400 0.0946 0.9469
83.877 0.2405 0.0941 0.9295
83.917 0.2398 0.0942 0.9305
83.957 0.2390 0.0911 0.9818
83.997 0.2337 0.0913 0.9324
84.034 0.2239 0.0939 0.9291
84.078 0.2232 0.0935 0.9720
84.118 0.2206 0.0936 0.9338
84.158 0.2150 0.0970 0.9123
84.198 0.2091 0.0898 0.9175
84.238 0.2085 0.0914 0.9200
84.279 0.2077 0.0946 0.9494
84.319 0.2063 0.0912 0.9315
84.359 0.2028 0.0906 0.9306
84.399 0.1998 0.0946 0.9139
84.438 0.1973 0.0941 0.8869
84.478 0.1983 0.0904 0.8958
84.519 0.2020 0.0930 0.9107
84.560 0.1934 0.0893 0.8758
84.599 0.1900 0.0946 0.8908
84.639 0.1858 0.0934 0.8539
84.677 0.1818 0.0915 0.9011
84.721 0.1853 0.0917 0.9116
84.760 0.1856 0.0898 0.8911
84.800 0.1835 0.0883 0.9171
84.839 0.1781 0.0899 0.9171
84.877 0.1755 0.0873 0.9171
84.921 0.1759 0.0928 0.9078
84.960 0.1739 0.0929 0.9169
85.001 0.1726 0.0912 0.9290
85.042 0.1781 0.0883 0.8855
85.082 0.1813 0.0880 0.9174
85.122 0.1892 0.0895 0.9099
85.162 0.1994 0.0895 0.9455
85.203 0.2006 0.0922 0.9326
85.242 0.2023 0.0888 0.9386
85.282 0.2041 0.0880 0.9011
85.321 0.2076 0.0855 0.8985
85.363 0.2127 0.0929 0.8987
85.403 0.2130 0.0911 0.8995
85.443 0.2194 0.0889 0.8994
85.482 0.2259 0.0887 0.8966
85.520 0.2285 0.0875 0.9047
85.564 0.2372 0.0892 0.8942
85.603 0.2412 0.0921 0.8938
85.643 0.2391 0.0926 0.9172
85.683 0.2422 0.0914 0.9333
85.721 0.2460 0.0924 0.9209
85.764 0.2472 0.0910 0.9183
85.804 0.2490 0.0937 0.9218
85.844 0.2514 0.0902 0.8972
85.884 0.2555 0.0920 0.9268
85.924 0.2558 0.0912 0.8648
85.965 0.2494 0.0897 0.9451
86.005 0.2515 0.0913 0.9079
86.045 0.2488 0.0921 0.8895
86.085 0.2412 0.0930 0.9419
86.125 0.2379 0.0909 0.9098
86.165 0.2330 0.0912 0.9271
86.209 0.2260 0.0917 0.9098
86.246 0.2241 0.0917 0.9389
86.286 0.2219 0.0932 0.9119
86.326 0.2174 0.0941 0.9117
86.364 0.2081 0.0931 0.9302
86.408 0.2047 0.0903 0.9386
86.447 0.2069 0.0898 0.9229
86.487 0.2052 0.0915 0.9059
86.527 0.2020 0.0900 0.9315
86.564 0.2027 0.0904 0.9315
86.608 0.1981 0.0877 0.9102
86.648 0.1994 0.0874 0.9429
86.688 0.2031 0.0921 0.9476
86.728 0.1996 0.0999 0.9126
86.768 0.1979 0.0944 0.9291
86.808 0.1934 0.0895 0.9284
86.848 0.1985 0.0864 0.9144
86.889 0.2025 0.0872 0.9328
86.928 0.2020 0.0906 0.9036
86.968 0.1998 0.0884 0.9099
87.007 0.1962 0.0867 0.9207
87.049 0.1962 0.0849 0.8640
87.089 0.1992 0.0884 0.9131
87.129 0.2051 0.0920 0.8930
87.169 0.1997 0.0978 0.9035
87.207 0.1980 0.0947 0.8902
87.251 0.1986 0.0903 0.8879
87.291 0.2062 0.0900 0.8826
87.331 0.2082 0.0901 0.9041
87.370 0.2015 0.0928 0.8872
87.408 0.2008 0.0889 0.9061
87.452 0.1965 0.0881 0.8713
87.492 0.2006 0.0879 0.8806
87.532 0.1970 0.0903 0.9015
87.571 0.1950 0.0902 0.9031
87.611 0.1897 0.0866 0.9192
87.652 0.1890 0.0885 0.9076
87.692 0.1901 0.0889 0.9397
87.732 0.1911 0.0853 0.8983
87.772 0.1862 0.0857 0.9233
87.811 0.1815 0.0896 0.8981
87.851 0.1865 0.0883 0.9069
87.893 0.1925 0.0877 0.9241
87.933 0.1979 0.0879 0.9315
87.973 0.2011 0.0878 0.9105
88.012 0.2080 0.0909 0.9253
88.050 0.2121 0.0917 0.9197
88.094 0.2166 0.0905 0.9327
88.134 0.2191 0.0911 0.9149
88.174 0.2222 0.0947 0.8854
88.213 0.2249 0.0926 0.8756
88.250 0.2226 0.0944 0.9143
88.294 0.2202 0.0917 0.9374
88.334 0.2212 0.0892 0.9105
88.375 0.2142 0.0883 0.9060
88.415 0.2134 0.0900 0.9069
88.455 0.2123 0.0936 0.9180
88.496 0.2097 0.0900 0.8987
88.536 0.2118 0.0899 0.8972
88.576 0.2136 0.0870 0.8808
88.616 0.2141 0.0881 0.8917
88.655 0.2149 0.0902 0.9189
88.695 0.2165 0.0903 0.8973
88.736 0.2239 0.0925 0.8955
88.777 0.2339 0.0886 0.8632
88.817 0.2377 0.0882 0.9350
88.856 0.2453 0.0945 0.9046
88.894 0.2466 0.0952 0.8977
88.938 0.2492 0.0936 0.9095
88.977 0.2514 0.0942 0.8787
89.017 0.2483 0.0931 0.9391
89.057 0.2477 0.0924 0.9285
89.094 0.2463 0.0937 0.9265
89.138 0.2448 0.0917 0.9418
89.178 0.2421 0.0955 0.9059
89.218 0.2378 0.0920 0.9376
89.258 0.2300 0.0934 0.9220
89.298 0.2256 0.0940 0.9128
89.338 0.2156 0.0970 0.8899
89.378 0.2121 0.0993 0.8653
89.419 0.2097 0.0921 0.9263
89.459 0.2007 0.0907 0.9165
89.499 0.1992 0.0906 0.9089
89.539 0.1948 0.0929 0.9339
89.580 0.1947 0.0918 0.9069
89.620 0.2008 0.0917 0.9113
89.660 0.2049 0.0885 0.8930
89.700 0.2094 0.0886 0.9000
89.737 0.2127 0.0895 0.9224
89.781 0.2125 0.0904 0.8655
89.821 0.2138 0.0898 0.9015
89.861 0.2130 0.0930 0.9175
89.901 0.2078 0.0945 0.8769
89.938 0.2100 0.0947 0.9172
89.982 0.2090 0.0890 0.9290
90.021 0.2072 0.0910 0.8996
90.062 0.2062 0.0892 0.8964
90.102 0.1990 0.0833 0.9051
90.141 0.1958 0.0866 0.8964
90.182 0.1936 0.0886 0.9021
90.222 0.1936 0.0892 0.9124
90.262 0.1933 0.0865 0.9116
90.302 0.1961 0.0876 0.9123
90.342 0.2010 0.0856 0.9251
90.381 0.2071 0.0867 0.9305
90.422 0.2049 0.0898 0.8945
90.462 0.2071 0.0883 0.9439
90.503 0.2154 0.0846 0.9279
90.542 0.2242 0.0858 0.9093
90.581 0.2317 0.0905 0.9171
90.625 0.2391 0.0910 0.9424
90.665 0.2436 0.0902 0.9020
90.704 0.2437 0.0871 0.8994
90.744 0.2446 0.0849 0.9200
90.781 0.2478 0.0824 0.9204
90.825 0.2487 0.0852 0.9244
90.865 0.2457 0.0918 0.8923
90.905 0.2517 0.0893 0.9191
90.945 0.2542 0.0878 0.8905
90.985 0.2515 0.0888 0.8623
91.026 0.2476 0.0880 0.8735
91.065 0.2442 0.0910 0.9006
91.106 0.2435 0.0910 0.9076
91.146 0.2382 0.0904 0.9284
91.185 0.2380 0.0892 0.8757
91.225 0.2420 0.0895 0.8706
91.266 0.2450 0.0878 0.9001
91.306 0.2416 0.0911 0.8965
91.347 0.2453 0.0891 0.8742
91.386 0.2480 0.0896 0.9292
91.424 0.2456 0.0914 0.9194
91.468 0.2425 0.0902 0.9142
91.507 0.2382 0.0922 0.9180
91.547 0.2355 0.0926 0.9139
91.587 0.2331 0.0917 0.9087
91.625 0.2306 0.0909 0.9112
91.668 0.2305 0.0913 0.9244
91.709 0.2284 0.0901 0.9026
91.749 0.2205 0.0945 0.9510
91.788 0.2167 0.0950 0.9386
91.829 0.2163 0.0915 0.9610
91.869 0.2092 0.0928 0.9523
91.909 0.2062 0.0950 0.9149
91.949 0.2081 0.0952 0.8851
91.989 0.2081 0.0933 0.9131
92.029 0.2106 0.0918 0.8949
92.068 0.2084 0.0918 0.9156
92.110 0.2090 0.0933 0.8804
92.150 0.2069 0.0964 0.9080
92.190 0.2088 0.0974 0.9105
92.230 0.2127 0.0927 0.9158
92.267 0.2151 0.0940 0.9310
92.311 0.2195 0.0956 0.9139
92.351 0.2222 0.0961 0.9269
92.391 0.2258 0.0948 0.8801
92.430 0.2248 0.0947 0.9083
92.467 0.2229 0.0948 0.9136
92.512 0.2205 0.0904 0.9007
92.551 0.2205 0.0899 0.9446
92.591 0.2193 0.0893 0.8928
92.631 0.2188 0.0887 0.9127
92.671 0.2108 0.0885 0.9049
92.712 0.1983 0.0901 0.8999
92.752 0.1971 0.0895 0.9265
92.792 0.1931 0.0885 0.9121
92.833 0.1888 0.0874 0.9293
92.873 0.1850 0.0897 0.9111
92.912 0.1835 0.0863 0.9283
92.953 0.1876 0.0908 0.8782
92.993 0.1925 0.0901 0.9004
93.034 0.1966 0.0881 0.9293
93.073 0.2001 0.0895 0.8969
93.111 0.2012 0.0905 0.9145
93.155 0.2091 0.0871 0.9277
93.194 0.2170 0.0857 0.9375
93.234 0.2233 0.0851 0.9363
93.274 0.2267 0.0901 0.9238
93.311 0.2296 0.0883 0.9294
93.355 0.2347 0.0875 0.8933
93.395 0.2411 0.0857 0.9463
93.435 0.2463 0.0830 0.9019
93.474 0.2499 0.0906 0.8831
93.515 0.2538 0.0912 0.9073
93.555 0.2547 0.0905 0.8832
93.595 0.2584 0.0882 0.9078
93.635 0.2539 0.0856 0.9265
93.675 0.2587 0.0871 0.8839
93.715 0.2631 0.0885 0.9310
93.754 0.2627 0.0903 0.8793
93.796 0.2653 0.0920 0.9352
93.836 0.2710 0.0899 0.9258
93.876 0.2690 0.0909 0.9299
93.917 0.2672 0.0924 0.9129
93.955 0.2637 0.0924 0.9379
93.999 0.2614 0.0936 0.9045
94.038 0.2600 0.0927 0.9060
94.078 0.2576 0.0918 0.9295
94.118 0.2617 0.0917 0.8941
94.154 0.2583 0.0951 0.8951
94.199 0.2473 0.0964 0.8745
94.239 0.2423 0.0954 0.8955
94.279 0.2363 0.0943 0.9015
94.319 0.2259 0.0941 0.8974
94.358 0.2202 0.0917 0.9244
94.399 0.2104 0.0940 0.8985
94.439 0.2041 0.0901 0.9251
94.479 0.1993 0.0901 0.9197
94.519 0.1962 0.0929 0.9205
94.559 0.1953 0.0929 0.9208
94.598 0.1918 0.0898 0.9151
94.640 0.1887 0.0896 0.8891
94.680 0.1911 0.0910 0.9327
94.720 0.1971 0.0888 0.9163
94.759 0.2030 0.0905 0.8811
94.798 0.2065 0.0978 0.9552
94.841 0.2067 0.0975 0.9000
94.881 0.2120 0.0945 0.9063
94.921 0.2158 0.0968 0.9233
94.960 0.2204 0.0923 0.9078
94.998 0.2213 0.0914 0.8868
95.042 0.2208 0.0945 0.9088
95.082 0.2179 0.0898 0.9550
95.122 0.2164 0.0906 0.9031
95.162 0.2175 0.0886 0.8964
95.202 0.2177 0.0900 0.9261
95.243 0.2157 0.0910 0.9191
95.283 0.2160 0.0939 0.9031
95.323 0.2195 0.0915 0.9316
95.363 0.2211 0.0953 0.9329
95.402 0.2290 0.0919 0.9197
95.442 0.2291 0.0960 0.9232
95.483 0.2294 0.0949 0.9483
95.524 0.2317 0.0943 0.9082
95.563 0.2389 0.0949 0.9105
95.603 0.2444 0.0924 0.9235
95.641 0.2456 0.0932 0.9405
95.685 0.2411 0.0929 0.8959
95.724 0.2370 0.0930 0.9252
95.764 0.2434 0.0899 0.9233
95.804 0.2495 0.0900 0.9113
95.841 0.2567 0.0880 0.9207
95.885 0.2608 0.0906 0.9463
95.925 0.2625 0.0919 0.9513
95.965 0.2663 0.0891 0.9221
96.005 0.2715 0.0907 0.9352
96.045 0.2701 0.0898 0.8964
96.085 0.2735 0.0903 0.8988
96.125 0.2772 0.0908 0.9209
96.166 0.2848 0.0923 0.9323
96.207 0.2965 0.0916 0.9111
96.246 0.2964 0.0897 0.9124
96.286 0.2908 0.0888 0.9350
96.326 0.2915 0.0914 0.9269
96.367 0.2906 0.0920 0.9220
96.407 0.2913 0.0907 0.9059
96.447 0.2937 0.0894 0.9109
96.484 0.2871 0.0885 0.8995
96.528 0.2828 0.0910 0.9116
96.568 0.2760 0.0948 0.9043
96.608 0.2713 0.0988 0.8971
96.648 0.2633 0.0958 0.9192
96.685 0.2534 0.0932 0.8996
96.729 0.2450 0.0949 0.9162
96.768 0.2414 0.0987 0.9443
96.808 0.2333 0.1002 0.8967
96.848 0.2214 0.0983 0.9028
96.889 0.2112 0.0972 0.8671
96.929 0.1996 0.0988 0.8665
96.969 0.2009 0.0972 0.8665
97.009 0.2031 0.0987 0.9026
97.049 0.2010 0.0995 0.8966
97.088 0.1999 0.0970 0.8741
97.128 0.1975 0.0969 0.8595
97.169 0.1979 0.0960 0.9120
97.210 0.1986 0.0968 0.9434
97.250 0.2029 0.0963 0.9423
97.290 0.2049 0.0933 0.8985
97.328 0.2041 0.0921 0.9255
97.372 0.2097 0.0900 0.9005
97.411 0.2175 0.0881 0.8779
97.452 0.2177 0.0951 0.8725
97.491 0.2115 0.0941 0.9025
97.528 0.2096 0.0953 0.9213
97.572 0.2052 0.0946 0.8879
97.612 0.2075 0.0936 0.8859
97.652 0.2084 0.0951 0.9008
97.692 0.2098 0.0924 0.9069
97.732 0.2041 0.0915 0.9043
97.773 0.1985 0.0857 0.9250
97.813 0.2010 0.0843 0.9007
97.853 0.2029 0.0872 0.8933
97.893 0.2012 0.0891 0.9163
97.932 0.1996 0.0874 0.9385
97.972 0.2019 0.0867 0.9385
98.013 0.2055 0.0874 0.9285
98.054 0.2132 0.0884 0.9225
98.093 0.2156 0.0908 0.9077
98.133 0.2222 0.0940 0.9388
98.171 0.2203 0.0938 0.9349
98.215 0.2243 0.0917 0.9345
98.254 0.2315 0.0945 0.9179
98.294 0.2385 0.0951 0.9265
98.339 0.2435 0.0950 0.9496
98.372 0.2460 0.0932 0.9516
98.416 0.2490 0.0924 0.9465
98.456 0.2533 0.0918 0.9422
98.496 0.2580 0.0916 0.9111
98.535 0.2586 0.0914 0.9174
98.575 0.2615 0.0941 0.9097
98.616 0.2598 0.0891 0.9401
98.656 0.2646 0.0926 0.9455
98.696 0.2679 0.0938 0.9173
98.736 0.2697 0.0922 0.9256
98.776 0.2739 0.0941 0.9183
98.815 0.2730 0.0927 0.9183
98.857 0.2791 0.0919 0.9566
98.897 0.2873 0.0918 0.9084
98.937 0.2944 0.0912 0.9032
98.977 0.2992 0.0929 0.9093
99.014 0.3025 0.0988 0.9171
99.058 0.3080 0.0954 0.9386
99.098 0.3112 0.0953 0.8999
99.138 0.3099 0.0944 0.9382
99.177 0.3055 0.0962 0.9224
99.214 0.3026 0.1005 0.8841
99.259 0.2913 0.0996 0.9080
99.298 0.2834 0.1023 0.8869
99.338 0.2767 0.1014 0.8782
99.378 0.2658 0.1021 0.9088
99.418 0.2550 0.1011 0.8831
99.459 0.2407 0.0997 0.9180
99.500 0.2302 0.1024 0.8858
99.540 0.2170 0.1008 0.9128
99.580 0.2070 0.0996 0.8858
99.619 0.1987 0.0968 0.9112
99.659 0.1928 0.0992 0.9136
99.700 0.1905 0.0999 0.9205
99.740 0.1857 0.0973 0.9042
99.781 0.1873 0.0971 0.8772
99.820 0.1835 0.0923 0.9081
99.858 0.1785 0.0956 0.8969
99.902 0.1769 0.0939 0.9112
99.941 0.1767 0.0938 0.9036
99.981 0.1788 0.0919 0.9257
100.021 0.1845 0.0921 0.8786
100.058 0.1878 0.0915 0.9251
100.102 0.1925 0.0954 0.9149
100.142 0.1997 0.0884 0.9055
100.182 0.2018 0.0892 0.9087
100.222 0.2070 0.0881 0.9051
100.262 0.2109 0.0892 0.9047
100.303 0.2157 0.0887 0.9049
100.342 0.2206 0.0905 0.9165
100.383 0.2249 0.0924 0.9412
100.423 0.2279 0.0886 0.9064
100.462 0.2310 0.0896 0.9233
100.502 0.2299 0.0905 0.9222
100.543 0.2280 0.0932 0.8956
100.584 0.2229 0.0932 0.9214
100.624 0.2203 0.0927 0.9309
100.664 0.2216 0.0915 0.9283
100.701 0.2207 0.0935 0.9329
100.746 0.2185 0.0945 0.9133
100.785 0.2119 0.0955 0.8959
100.825 0.2120 0.0944 0.9270
100.865 0.2091 0.0971 0.9582
100.902 0.2071 0.0945 0.9458
100.946 0.2074 0.0961 0.9222
100.985 0.2017 0.0950 0.9208
101.026 0.2019 0.0966 0.9200
101.065 0.2044 0.0930 0.9293
101.106 0.2066 0.0926 0.8879
101.146 0.2043 0.0944 0.9145
101.186 0.2005 0.0924 0.9058
101.226 0.1970 0.0917 0.9145
101.266 0.1979 0.0926 0.9181
101.306 0.1972 0.0904 0.8795
101.345 0.1937 0.0905 0.9054
101.387 0.1946 0.0961 0.8917
101.427 0.1924 0.0954 0.8943
101.467 0.1995 0.0980 0.8939
101.507 0.2005 0.0976 0.9229
101.543 0.1981 0.0941 0.9283
101.588 0.1987 0.0930 0.8875
101.628 0.2005 0.0983 0.8812
101.668 0.2044 0.0939 0.8998
101.708 0.2085 0.0966 0.9143
101.746 0.2112 0.0940 0.8848
101.790 0.2119 0.0902 0.8704
101.829 0.2152 0.0912 0.9007
101.869 0.2167 0.0931 0.8681
101.909 0.2200 0.0906 0.9034
101.949 0.2215 0.0898 0.8862
101.990 0.2248 0.0898 0.8888
102.030 0.2301 0.0918 0.9241
102.070 0.2374 0.0936 0.9446
102.110 0.2432 0.0909 0.9479
102.149 0.2495 0.0895 0.9224
102.189 0.2539 0.0894 0.9495
102.230 0.2548 0.0897 0.9298
102.271 0.2562 0.0917 0.9407
102.311 0.2614 0.0913 0.9351
102.350 0.2633 0.0903 0.9309
102.388 0.2625 0.0888 0.9355
102.432 0.2587 0.0884 0.9124
102.472 0.2500 0.0907 0.9528
102.511 0.2467 0.0923 0.9522
102.551 0.2415 0.0970 0.9388
102.589 0.2353 0.0924 0.9148
102.632 0.2247 0.0895 0.9090
102.672 0.2221 0.0915 0.9173
102.712 0.2225 0.0967 0.9422
102.752 0.2274 0.0938 0.9224
102.792 0.2274 0.0954 0.8869
102.834 0.2219 0.0928 0.9102
102.874 0.2184 0.0931 0.9095
102.914 0.2180 0.0921 0.8852
102.954 0.2165 0.0961 0.8625
102.993 0.2154 0.0945 0.8681
103.033 0.2145 0.0952 0.9659
103.074 0.2072 0.0934 0.8903
103.114 0.2075 0.0935 0.8991
103.154 0.2056 0.0983 0.8663
103.194 0.2004 0.0968 0.8881
103.231 0.1944 0.0943 0.8985
103.276 0.1862 0.0957 0.8714
103.315 0.1858 0.0933 0.8757
103.355 0.1868 0.0928 0.9377
103.395 0.1867 0.0937 0.9075
103.431 0.1908 0.0952 0.9264
103.476 0.1950 0.0945 0.9360
103.515 0.1948 0.0910 0.9154
103.556 0.2007 0.0928 0.9154
103.595 0.2040 0.0928 0.9049
103.635 0.2056 0.0936 0.9399
103.676 0.2079 0.0921 0.9217
103.716 0.2131 0.0925 0.8921
103.756 0.2171 0.0908 0.9149
103.796 0.2194 0.0909 0.9418
103.835 0.2276 0.0929 0.9321
103.875 0.2323 0.0922 0.9257
103.917 0.2325 0.0904 0.9064
103.958 0.2338 0.0913 0.9249
103.998 0.2388 0.0912 0.9037
104.037 0.2444 0.0936 0.9269
104.075 0.2465 0.0912 0.9328
104.119 0.2475 0.0925 0.8789
104.158 0.2477 0.0909 0.8789
104.198 0.2470 0.0933 0.8736
104.238 0.2452 0.0920 0.8847
104.276 0.2458 0.0918 0.9019
104.320 0.2395 0.0924 0.8956
104.359 0.2365 0.0935 0.8781
104.399 0.2367 0.0928 0.8821
104.439 0.2347 0.0908 0.9061
104.479 0.2316 0.0954 0.9189
104.520 0.2237 0.0919 0.9105
104.559 0.2211 0.0929 0.9117
104.600 0.2181 0.0907 0.9072
104.640 0.2142 0.0901 0.9112
104.679 0.2119 0.0919 0.9108
104.719 0.2082 0.0932 0.8832
104.760 0.2067 0.0908 0.8832
104.800 0.2055 0.0885 0.8865
104.840 0.2043 0.0892 0.9102
104.880 0.2033 0.0877 0.9328
104.917 0.2015 0.0928 0.9266
104.962 0.2029 0.0915 0.9258
105.001 0.2019 0.0896 0.9117
105.042 0.2010 0.0871 0.9234
105.082 0.2026 0.0857 0.9559
105.119 0.2109 0.0887 0.9369
105.163 0.2149 0.0901 0.9108
105.203 0.2238 0.0933 0.9135
105.243 0.2249 0.0883 0.9472
105.283 0.2267 0.0873 0.8930
105.322 0.2319 0.0907 0.8874
105.363 0.2301 0.0906 0.8940
105.403 0.2293 0.0923 0.9366
105.444 0.2263 0.0913 0.9107
105.483 0.2261 0.0918 0.9171
105.523 0.2281 0.0914 0.9083
105.562 0.2251 0.0898 0.9127
105.603 0.2168 0.0917 0.9243
105.644 0.2124 0.0932 0.9233
105.684 0.2072 0.0920 0.9071
105.724 0.2028 0.0900 0.9269
105.761 0.2002 0.0922 0.9334
105.805 0.1977 0.0911 0.9213
105.844 0.1950 0.0906 0.8894
105.885 0.1949 0.0918 0.9075
105.924 0.1945 0.0901 0.9115
105.962 0.1970 0.0902 0.9115
106.005 0.2013 0.0912 0.9265
106.045 0.2084 0.0933 0.9200
106.085 0.2139 0.0916 0.9375
106.125 0.2159 0.0907 0.9286
106.166 0.2205 0.0921 0.9274
106.207 0.2290 0.0931 0.9232
106.247 0.2367 0.0937 0.8865
106.287 0.2374 0.0953 0.8865
106.327 0.2391 0.0962 0.8952
106.366 0.2421 0.0966 0.8695
106.406 0.2453 0.0923 0.9226
106.447 0.2507 0.0924 0.8867
106.488 0.2466 0.0935 0.9361
106.528 0.2431 0.0928 0.8715
106.567 0.2426 0.0910 0.9038
106.604 0.2431 0.0936 0.8934
106.649 0.2455 0.0912 0.8905
106.688 0.2404 0.0928 0.8999
106.728 0.2382 0.0915 0.8985
106.768 0.2365 0.0925 0.8727
106.805 0.2383 0.0914 0.8985
106.849 0.2415 0.0898 0.9009
106.889 0.2468 0.0919 0.9271
106.929 0.2442 0.0907 0.8974
106.969 0.2473 0.0922 0.9425
107.009 0.2497 0.0918 0.9149
107.049 0.2453 0.0923 0.8929
107.089 0.2435 0.0908 0.9509
107.130 0.2387 0.0912 0.8882
107.170 0.2374 0.0933 0.9245
107.209 0.2319 0.0907 0.9168
107.250 0.2245 0.0917 0.9129
107.291 0.2203 0.0908 0.9057
107.331 0.2130 0.0899 0.9579
107.371 0.2043 0.0933 0.9270
107.411 0.1995 0.0924 0.9266
107.448 0.1938 0.0922 0.9036
107.493 0.1855 0.0878 0.9243
107.532 0.1839 0.0900 0.9284
107.572 0.1830 0.0896 0.9069
107.611 0.1804 0.0895 0.9022
107.649 0.1779 0.0877 0.9339
107.693 0.1760 0.0889 0.9001
107.732 0.1792 0.0850 0.9097
107.772 0.1801 0.0932 0.8908
107.812 0.1822 0.0918 0.9095
107.852 0.1793 0.0869 0.9128
107.893 0.1798 0.0882 0.8889
107.933 0.1788 0.0830 0.8959
107.973 0.1799 0.0859 0.8783
108.013 0.1795 0.0917 0.9434
108.053 0.1818 0.0888 0.8956
108.092 0.1844 0.0931 0.9051
108.133 0.1881 0.0901 0.9189
108.174 0.1884 0.0885 0.8882
108.214 0.1892 0.0901 0.9138
108.253 0.1909 0.0891 0.9233
108.292 0.1867 0.0883 0.9400
108.335 0.1895 0.0903 0.9098
108.375 0.1920 0.0891 0.9334
108.415 0.1924 0.0886 0.9295
108.455 0.1919 0.0927 0.9179
108.493 0.1922 0.0910 0.9179
108.536 0.1910 0.0919 0.9548
108.576 0.1896 0.0894 0.9138
108.616 0.1900 0.0920 0.9297
108.656 0.1944 0.0925 0.9089
108.696 0.1961 0.0947 0.9323
108.737 0.2005 0.0920 0.9297
108.776 0.2053 0.0936 0.9419
108.817 0.2098 0.0892 0.9454
108.857 0.2146 0.0913 0.9376
108.896 0.2155 0.0923 0.9244
108.936 0.2150 0.0902 0.9626
108.977 0.2200 0.0894 0.9204
109.018 0.2270 0.0890 0.9047
109.058 0.2323 0.0877 0.8917
109.097 0.2356 0.0887 0.9192
109.134 0.2380 0.0892 0.8791
109.179 0.2437 0.0857 0.8997
109.218 0.2465 0.0874 0.9224
109.258 0.2478 0.0857 0.9312
109.298 0.2527 0.0856 0.8924
109.335 0.2559 0.0897 0.8883
109.379 0.2531 0.0879 0.9111
109.419 0.2584 0.0885 0.8745
109.459 0.2643 0.0855 0.9257
109.499 0.2644 0.0852 0.9063
109.539 0.2645 0.0867 0.8813
109.580 0.2610 0.0888 0.9117
109.620 0.2539 0.0866 0.9072
109.661 0.2476 0.0923 0.8479
109.701 0.2426 0.0904 0.8981
109.740 0.2418 0.0883 0.9215
109.779 0.2390 0.0893 0.9335
109.821 0.2283 0.0908 0.9092
109.861 0.2267 0.0886 0.8919
109.901 0.2284 0.0883 0.9124
109.941 0.2218 0.0882 0.9349
109.978 0.2167 0.0861 0.9152
110.022 0.2064 0.0889 0.9615
110.062 0.2011 0.0912 0.9153
110.102 0.1982 0.0871 0.9398
110.141 0.1967 0.0886 0.9193
110.179 0.1948 0.0875 0.9400
110.223 0.1889 0.0920 0.8931
110.262 0.1852 0.0901 0.9046
110.302 0.1861 0.0904 0.8872
110.342 0.1882 0.0866 0.9422
110.382 0.1870 0.0873 0.9423
110.423 0.1909 0.0879 0.9119
110.463 0.1901 0.0884 0.8976
110.503 0.1882 0.0893 0.9159
110.543 0.1892 0.0887 0.8976
110.583 0.1909 0.0872 0.8729
110.623 0.1926 0.0887 0.8360
110.665 0.1942 0.0897 0.8913
110.705 0.1881 0.0926 0.8959
110.745 0.1856 0.0922 0.8878
110.784 0.1823 0.0889 0.9015
110.821 0.1796 0.0879 0.8895
110.866 0.1812 0.0879 0.9437
110.905 0.1751 0.0918 0.9189
110.945 0.1705 0.0916 0.8973
110.985 0.1670 0.0903 0.8956
111.022 0.1668 0.0927 0.9222
111.066 0.1712 0.0890 0.8931
111.106 0.1720 0.0920 0.9190
111.146 0.1659 0.0948 0.8968
111.186 0.1693 0.0887 0.9266
111.226 0.1722 0.0890 0.8876
111.266 0.1752 0.0888 0.9244
111.307 0.1833 0.0877 0.9201
111.347 0.1811 0.0951 0.9311
111.387 0.1816 0.0930 0.8988
111.426 0.1873 0.0913 0.9323
111.466 0.1960 0.0891 0.9367
111.507 0.2100 0.0893 0.9152
111.547 0.2153 0.0904 0.9449
111.587 0.2173 0.0924 0.9732
111.627 0.2228 0.0875 0.9357
111.666 0.2276 0.0887 0.9603
111.709 0.2347 0.0879 0.9273
111.749 0.2412 0.0899 0.9261
111.789 0.2404 0.0913 0.9516
111.828 0.2412 0.0935 0.9272
111.866 0.2491 0.0907 0.9102
111.910 0.2528 0.0910 0.9152
111.949 0.2614 0.0893 0.9228
111.990 0.2649 0.0899 0.9141
112.030 0.2651 0.0951 0.9116
112.070 0.2670 0.0924 0.8886
112.110 0.2687 0.0919 0.9212
112.151 0.2698 0.0899 0.9342
112.190 0.2685 0.0892 0.9576
112.231 0.2648 0.0929 0.9371
112.270 0.2632 0.0919 0.9199
112.309 0.2611 0.0907 0.9369
112.350 0.2573 0.0879 0.9139
112.391 0.2568 0.0853 0.9443
112.431 0.2501 0.0873 0.9082
112.470 0.2385 0.0912 0.9165
112.508 0.2278 0.0903 0.9350
112.553 0.2161 0.0892 0.9297
112.591 0.2105 0.0863 0.9253
112.632 0.2106 0.0876 0.9273
112.671 0.2099 0.0881 0.9270
112.709 0.2100 0.0882 0.9284
112.752 0.2150 0.0901 0.9592
112.792 0.2185 0.0878 0.9439
112.833 0.2170 0.0876 0.9400
112.873 0.2179 0.0933 0.8720
112.913 0.2147 0.0911 0.9216
112.954 0.2163 0.0898 0.8879
112.994 0.2177 0.0886 0.9099
113.034 0.2230 0.0881 0.9099
113.074 0.2260 0.0877 0.9270
113.113 0.2274 0.0863 0.9045
113.153 0.2260 0.0861 0.9309
113.194 0.2247 0.0862 0.9285
113.235 0.2229 0.0842 0.9218
113.275 0.2196 0.0852 0.8905
113.314 0.2247 0.0866 0.9315
113.352 0.2230 0.0857 0.9045
113.396 0.2229 0.0866 0.9303
113.435 0.2247 0.0828 0.9137
113.475 0.2308 0.0804 0.9002
113.515 0.2358 0.0829 0.8843
113.551 0.2422 0.0839 0.9072
113.596 0.2424 0.0827 0.8986
113.636 0.2416 0.0821 0.9299
113.676 0.2427 0.0829 0.8953
113.716 0.2448 0.0818 0.9251
113.756 0.2467 0.0872 0.9215
113.796 0.2440 0.0854 0.9174
113.836 0.2459 0.0833 0.9250
113.876 0.2534 0.0791 0.9120
113.917 0.2575 0.0821 0.9127
113.957 0.2601 0.0862 0.8887
113.996 0.2593 0.0856 0.9151
114.038 0.2575 0.0856 0.8883
114.078 0.2619 0.0850 0.9265
114.118 0.2652 0.0850 0.9233
114.158 0.2687 0.0869 0.9171
114.195 0.2692 0.0874 0.9092
114.239 0.2675 0.0916 0.9055
114.279 0.2709 0.0889 0.9080
114.319 0.2748 0.0890 0.9064
114.358 0.2733 0.0861 0.9133
114.396 0.2711 0.0881 0.9100
114.439 0.2703 0.0935 0.9245
114.479 0.2682 0.0937 0.9480
114.520 0.2690 0.0927 0.9196
114.560 0.2670 0.0921 0.9206
114.599 0.2656 0.0933 0.8769
114.640 0.2641 0.0911 0.8866
114.680 0.2617 0.0933 0.8902
114.720 0.2575 0.0937 0.8989
114.760 0.2543 0.0935 0.8974
114.800 0.2497 0.0940 0.8708
114.839 0.2434 0.0946 0.8842
114.881 0.2421 0.0969 0.9282
114.921 0.2341 0.0959 0.9246
114.961 0.2325 0.0977 0.9011
115.001 0.2271 0.0980 0.8904
115.039 0.2228 0.0980 0.9312
115.083 0.2120 0.1003 0.9145
115.122 0.2061 0.0976 0.9135
115.163 0.2008 0.0958 0.9056
115.202 0.1996 0.1000 0.9010
115.240 0.2000 0.0951 0.8872
115.283 0.1995 0.0957 0.9118
115.323 0.1963 0.1026 0.9270
115.363 0.1890 0.1028 0.9010
115.403 0.1911 0.0963 0.8895
115.443 0.1924 0.0928 0.8853
115.484 0.1971 0.0976 0.8912
115.524 0.1992 0.0986 0.8959
115.564 0.2019 0.0987 0.9105
115.604 0.2073 0.0974 0.8912
115.643 0.2100 0.0972 0.9007
115.683 0.2110 0.0929 0.8992
115.724 0.2180 0.0907 0.8928
115.765 0.2142 0.0920 0.9346
115.805 0.2117 0.0941 0.9001
115.844 0.2176 0.0919 0.9089
115.882 0.2173 0.0915 0.8857
115.926 0.2176 0.0891 0.9081
115.965 0.2127 0.0966 0.8852
116.005 0.2072 0.0966 0.9172
116.045 0.2111 0.0899 0.9388
116.083 0.2107 0.0894 0.8785
116.126 0.2099 0.0905 0.8868
116.167 0.2127 0.0902 0.9325
116.207 0.2034 0.0933 0.8857
116.247 0.2007 0.0953 0.9012
116.287 0.2078 0.0918 0.9522
116.327 0.2049 0.0871 0.9269
116.367 0.2074 0.0882 0.9138
116.407 0.2093 0.0911 0.9418
116.447 0.2074 0.0924 0.9388
116.487 0.2121 0.0949 0.9070
116.526 0.2118 0.0889 0.8975
116.568 0.2167 0.0908 0.8930
116.608 0.2236 0.0891 0.8919
116.648 0.2283 0.0909 0.9277
116.687 0.2392 0.0894 0.9216
116.726 0.2459 0.0879 0.9149
116.769 0.2499 0.0882 0.9117
116.809 0.2555 0.0871 0.9585
116.849 0.2604 0.0896 0.9214
116.888 0.2579 0.0874 0.9179
116.925 0.2554 0.0879 0.9095
116.970 0.2561 0.0844 0.8873
117.009 0.2572 0.0856 0.9081
117.050 0.2539 0.0865 0.8986
117.089 0.2475 0.0898 0.9197
117.129 0.2454 0.0902 0.9067
117.170 0.2427 0.0870 0.8978
117.210 0.2423 0.0866 0.9005
117.250 0.2427 0.0883 0.9200
117.291 0.2440 0.0901 0.8817
117.330 0.2491 0.0905 0.8600
117.370 0.2444 0.0911 0.9012
117.411 0.2469 0.0905 0.8767
117.452 0.2493 0.0889 0.8757
117.492 0.2474 0.0932 0.8759
117.531 0.2445 0.0970 0.8869
117.568 0.2435 0.0997 0.8805
117.613 0.2420 0.0933 0.8858
117.653 0.2334 0.0943 0.8869
117.692 0.2294 0.0927 0.8709
117.732 0.2186 0.0966 0.9089
117.770 0.2093 0.0955 0.9310
117.813 0.1953 0.0957 0.9172
117.853 0.1887 0.0936 0.9002
117.893 0.1846 0.0969 0.8902
117.933 0.1794 0.1006 0.8898
117.973 0.1736 0.0974 0.9216
118.014 0.1682 0.0988 0.8959
118.054 0.1656 0.0948 0.9063
118.094 0.1627 0.0944 0.9197
118.134 0.1635 0.0955 0.8956
118.173 0.1621 0.0965 0.8632
118.213 0.1603 0.0973 0.8796
118.254 0.1654 0.0981 0.8935
118.294 0.1647 0.0963 0.9068
118.334 0.1711 0.0956 0.8910
118.375 0.1751 0.0984 0.8912
118.413 0.1747 0.1010 0.8805
118.457 0.1719 0.0999 0.8662
118.496 0.1752 0.0954 0.8733
118.536 0.1805 0.0970 0.9063
118.576 0.1828 0.0974 0.8827
118.613 0.1828 0.0985 0.9135
118.657 0.1828 0.0973 0.8805
118.697 0.1822 0.0957 0.8995
118.737 0.1759 0.0948 0.9080
118.777 0.1770 0.0943 0.9230
118.816 0.1767 0.0930 0.8777
118.857 0.1737 0.0966 0.9159
118.897 0.1743 0.0946 0.9148
118.937 0.1771 0.0922 0.9267
118.977 0.1796 0.0893 0.9253
119.017 0.1788 0.0916 0.9137
119.056 0.1740 0.0931 0.9498
119.098 0.1724 0.0937 0.9163
119.138 0.1716 0.0939 0.9327
119.178 0.1747 0.0908 0.9112
119.218 0.1825 0.0908 0.9183
119.255 0.1826 0.0902 0.9165
119.299 0.1832 0.0956 0.9316
119.339 0.1849 0.0909 0.9261
119.379 0.1873 0.0904 0.9663
119.418 0.1907 0.0914 0.9303
119.456 0.1914 0.0933 0.9243
119.500 0.1938 0.0935 0.9350
119.540 0.1952 0.0954 0.9121
119.580 0.2021 0.0958 0.9330
119.620 0.2049 0.0993 0.8972
119.660 0.2062 0.0972 0.9145
119.701 0.2071 0.1021 0.9157
119.740 0.2108 0.1028 0.9126
119.781 0.2118 0.1002 0.8833
119.821 0.2106 0.1001 0.9099
119.860 0.2099 0.0957 0.8839
119.900 0.2091 0.0977 0.8967
119.941 0.2130 0.0952 0.9185
119.982 0.2117 0.0940 0.9303
120.022 0.2152 0.0937 0.9121
120.061 0.2197 0.0891 0.8699
120.098 0.2220 0.0875 0.8845
120.143 0.2289 0.0915 0.9005
120.182 0.2336 0.0939 0.8869
120.222 0.2421 0.0924 0.8922
120.262 0.2483 0.0904 0.8846
120.299 0.2551 0.0920 0.8596
120.343 0.2591 0.0930 0.8965
120.383 0.2619 0.0956 0.8839
120.423 0.2627 0.0948 0.9289
120.463 0.2631 0.0930 0.9281
120.503 0.2627 0.0918 0.9048
120.543 0.2581 0.0925 0.8905
120.584 0.2542 0.0962 0.9269
120.625 0.2487 0.0946 0.9219
120.665 0.2390 0.0946 0.9048
120.704 0.2277 0.0933 0.9285
120.743 0.2176 0.0923 0.9242
120.785 0.2083 0.0952 0.9208
120.825 0.2012 0.1009 0.9168
120.865 0.1959 0.0982 0.8982
120.905 0.1919 0.0972 0.9188
120.942 0.1841 0.0936 0.9145
120.986 0.1804 0.0961 0.9319
121.026 0.1801 0.0961 0.9212
121.066 0.1788 0.0961 0.9112
121.106 0.1746 0.0936 0.9112
121.142 0.1744 0.0900 0.8731
121.187 0.1770 0.0866 0.8825
121.226 0.1806 0.1010 0.8719
121.266 0.1821 0.1015 0.8814
121.306 0.1865 0.0904 0.8925
121.346 0.1914 0.0888 0.9041
121.387 0.1922 0.0878 0.9093
121.427 0.1976 0.0874 0.9023
121.467 0.2046 0.0862 0.9081
121.507 0.2061 0.0878 0.9118
121.546 0.2038 0.0875 0.9073
121.586 0.2050 0.0848 0.9189
121.627 0.2119 0.0859 0.9155
121.668 0.2144 0.0876 0.9011
121.709 0.2129 0.0857 0.9359
121.748 0.2103 0.0890 0.9047
121.786 0.2075 0.0849 0.9365
121.830 0.2034 0.0858 0.9365
121.872 0.2029 0.0858 0.9109
121.909 0.2033 0.0877 0.9098
121.949 0.1986 0.0891 0.9442
121.986 0.1921 0.0864 0.9361
122.030 0.1931 0.0837 0.8962
122.070 0.1916 0.0853 0.9196
122.110 0.1897 0.0870 0.8886
122.150 0.1873 0.0888 0.9224
122.190 0.1879 0.0834 0.8954
122.231 0.1929 0.0845 0.9255
122.270 0.1953 0.0844 0.9184
122.311 0.1966 0.0850 0.9051
122.351 0.1973 0.0844 0.9101
122.390 0.1990 0.0845 0.9480
122.430 0.2028 0.0831 0.9220
122.471 0.2085 0.0842 0.9220
122.511 0.2125 0.0838 0.9170
122.551 0.2180 0.0860 0.8960
122.591 0.2168 0.0865 0.9019
122.629 0.2171 0.0857 0.8986
122.673 0.2195 0.0872 0.8936
122.712 0.2157 0.0845 0.8903
122.752 0.2183 0.0885 0.9032
122.792 0.2214 0.0899 0.8852
122.830 0.2234 0.0894 0.9172
122.874 0.2224 0.0848 0.9233
122.913 0.2182 0.0833 0.9202
122.954 0.2177 0.0859 0.8899
122.994 0.2159 0.0860 0.8849
123.033 0.2131 0.0913 0.9561
123.074 0.2116 0.0897 0.9131
123.114 0.2115 0.0868 0.9131
123.154 0.2101 0.0887 0.8545
123.194 0.2143 0.0868 0.9333
123.234 0.2098 0.0875 0.9129
123.273 0.2039 0.0871 0.9085
123.314 0.2069 0.0885 0.9165
123.355 0.2064 0.0907 0.8965
123.395 0.2060 0.0906 0.8911
123.434 0.2115 0.0921 0.8715
123.472 0.2108 0.0932 0.8783
123.516 0.2073 0.0924 0.8803
123.555 0.2078 0.0904 0.9172
123.595 0.2075 0.0888 0.8971
123.635 0.2039 0.0887 0.8537
123.672 0.1968 0.0884 0.9335
123.716 0.1940 0.0869 0.9503
123.756 0.1979 0.0894 0.9051
123.796 0.1942 0.0872 0.9325
123.836 0.1921 0.0871 0.9301
123.876 0.1953 0.0891 0.9192
123.917 0.1904 0.0910 0.8767
123.958 0.1906 0.0856 0.8989
123.998 0.1951 0.0841 0.8653
124.038 0.2013 0.0840 0.8781
124.077 0.2094 0.0834 0.9266
124.117 0.2146 0.0854 0.9261
124.158 0.2247 0.0864 0.8703
124.199 0.2327 0.0861 0.8819
124.239 0.2322 0.0835 0.9316
124.278 0.2355 0.0811 0.8978
124.315 0.2362 0.0873 0.8716
124.360 0.2351 0.0839 0.8672
124.399 0.2345 0.0830 0.9025
124.439 0.2325 0.0824 0.8945
124.479 0.2253 0.0813 0.9431
124.516 0.2239 0.0794 0.8924
124.560 0.2112 0.0809 0.8986
124.600 0.2076 0.0808 0.9029
124.640 0.2046 0.0817 0.8793
124.680 0.2031 0.0787 0.9452
124.720 0.2064 0.0813 0.9222
124.760 0.2064 0.0824 0.9041
124.800 0.2029 0.0828 0.9256
124.841 0.2057 0.0819 0.9167
124.881 0.2059 0.0793 0.9127
124.920 0.2042 0.0806 0.9469
124.960 0.2061 0.0832 0.9249
125.001 0.2111 0.0858 0.9056
125.042 0.2164 0.0854 0.9170
125.082 0.2173 0.0848 0.9229
125.122 0.2155 0.0823 0.9224
125.159 0.2092 0.0823 0.9052
125.203 0.2051 0.0835 0.9063
125.243 0.2037 0.0823 0.9228
125.283 0.2061 0.0832 0.9165
125.322 0.2079 0.0819 0.9588
125.359 0.2083 0.0809 0.9184
125.404 0.2072 0.0823 0.9132
125.443 0.2112 0.0872 0.9205
125.484 0.2099 0.0860 0.9246
125.524 0.2109 0.0827 0.8979
125.563 0.2133 0.0823 0.9179
125.604 0.2186 0.0856 0.8843
125.644 0.2234 0.0872 0.8927
125.684 0.2301 0.0871 0.8962
125.724 0.2375 0.0847 0.8775
125.763 0.2421 0.0834 0.8732
125.803 0.2406 0.0847 0.8653
125.844 0.2411 0.0859 0.9149
125.885 0.2404 0.0915 0.8848
125.925 0.2404 0.0859 0.9151
125.964 0.2371 0.0852 0.9077
126.001 0.2319 0.0859 0.8788
126.046 0.2270 0.0907 0.8605
126.085 0.2205 0.0921 0.8955
126.125 0.2201 0.0936 0.8773
126.166 0.2225 0.0958 0.8952
126.203 0.2217 0.0922 0.9033
126.247 0.2219 0.0892 0.8886
126.287 0.2229 0.0928 0.9285
126.327 0.2190 0.0950 0.8993
126.367 0.2177 0.0944 0.9289
126.406 0.2163 0.0923 0.9103
126.448 0.2169 0.0912 0.9118
126.487 0.2214 0.0947 0.9453
126.528 0.2230 0.1018 0.9206
126.568 0.2262 0.0978 0.9691
126.607 0.2266 0.0974 0.8783
126.647 0.2212 0.0966 0.8829
126.688 0.2150 0.0962 0.9009
126.728 0.2111 0.0999 0.8779
126.768 0.2103 0.1010 0.8922
126.808 0.2106 0.0974 0.9345
126.845 0.2117 0.1026 0.8966
126.890 0.2148 0.1031 0.8891
126.929 0.2202 0.0980 0.8779
126.969 0.2214 0.1012 0.8962
127.009 0.2175 0.0992 0.8921
127.046 0.2180 0.0949 0.8655
127.090 0.2128 0.0954 0.8629
127.130 0.2135 0.0935 0.9046
127.170 0.2110 0.0974 0.8661
127.210 0.2023 0.0955 0.8921
127.250 0.1953 0.0987 0.8832
127.291 0.1908 0.0935 0.8871
127.331 0.1921 0.0945 0.8739
127.371 0.1948 0.0932 0.9032
127.411 0.1938 0.0970 0.9211
127.451 0.1869 0.0949 0.9421
127.490 0.1874 0.0947 0.9169
127.532 0.1892 0.0905 0.9047
127.572 0.1933 0.0908 0.8957
127.612 0.1956 0.0936 0.9249
127.651 0.2016 0.0945 0.9257
127.689 0.2077 0.0977 0.9424
127.733 0.2169 0.0932 0.9267
127.772 0.2245 0.0911 0.9370
127.812 0.2316 0.0960 0.9192
127.853 0.2339 0.0985 0.9229
127.889 0.2341 0.0985 0.9195
127.934 0.2411 0.0979 0.9167
127.973 0.2444 0.0964 0.9173
128.013 0.2451 0.0950 0.9057
128.053 0.2462 0.0995 0.8861
128.093 0.2463 0.1003 0.9237
128.134 0.2449 0.0997 0.9083
128.174 0.2484 0.0993 0.8921
128.214 0.2460 0.0968 0.9026
128.254 0.2464 0.0987 0.8922
128.293 0.2448 0.0997 0.8928
128.334 0.2390 0.0966 0.9040
128.375 0.2391 0.0953 0.8869
128.416 0.2339 0.0931 0.8775
128.455 0.2339 0.0926 0.8999
128.495 0.2334 0.0930 0.9359
128.532 0.2273 0.0975 0.8744
128.577 0.2285 0.0949 0.9100
128.616 0.2317 0.0969 0.9200
128.656 0.2286 0.0939 0.9200
128.696 0.2285 0.0951 0.9200
128.733 0.2244 0.0963 0.9431
128.777 0.2206 0.0956 0.9562
128.817 0.2202 0.0973 0.9251
128.857 0.2199 0.0948 0.9301
128.897 0.2195 0.0939 0.9271
128.937 0.2178 0.1001 0.9391
128.978 0.2162 0.1026 0.9125
129.017 0.2158 0.0980 0.9582
129.058 0.2135 0.0960 0.9451
129.098 0.2054 0.0939 0.9301
129.137 0.2009 0.0967 0.9045
129.177 0.1928 0.0976 0.9348
129.218 0.1915 0.0980 0.9846
129.258 0.1891 0.0951 0.9060
129.298 0.1902 0.0967 0.9049
129.338 0.1879 0.0982 0.9105
129.375 0.1855 0.0959 0.9113
129.420 0.1841 0.0967 0.9450
129.459 0.1781 0.0913 0.9136
129.500 0.1790 0.0930 0.8892
129.539 0.1804 0.0950 0.8992
129.576 0.1845 0.0965 0.9542
129.621 0.1820 0.0985 0.9036
129.660 0.1879 0.0986 0.9243
129.701 0.1867 0.0973 0.9049
129.740 0.1866 0.0945 0.9049
129.780 0.1864 0.0985 0.9258
129.821 0.1850 0.0976 0.9124
129.861 0.1857 0.0967 0.9167
129.901 0.1883 0.0979 0.9470
129.941 0.1934 0.0934 0.9209
129.981 0.1943 0.0952 0.8892
130.020 0.1942 0.0963 0.9089
130.061 0.1917 0.0967 0.9233
130.102 0.1925 0.0970 0.9518
130.142 0.1918 0.0944 0.9324
130.181 0.1945 0.0934 0.9311
130.218 0.1970 0.0937 0.9306
130.262 0.1994 0.0932 0.9085
130.302 0.1994 0.0914 0.9065
130.342 0.1994 0.0915 0.9346
130.382 0.1975 0.0977 0.9135
130.419 0.1981 0.0977 0.9105
130.463 0.1965 0.0914 0.9189
130.503 0.1973 0.0913 0.8867
130.543 0.1956 0.0906 0.8824
130.584 0.1933 0.0914 0.9052
130.624 0.1904 0.0872 0.8862
130.665 0.1866 0.0886 0.9173
130.705 0.1821 0.0889 0.9093
130.745 0.1773 0.0884 0.8902
130.785 0.1750 0.0903 0.9001
130.824 0.1724 0.0905 0.8782
130.864 0.1705 0.0905 0.8452
130.905 0.1664 0.0908 0.8620
130.945 0.1628 0.0901 0.8950
130.985 0.1570 0.0892 0.8810
131.025 0.1509 0.0870 0.8652
131.062 0.1491 0.0862 0.8556
131.107 0.1446 0.0901 0.8734
131.146 0.1403 0.0903 0.8728
131.186 0.1378 0.0907 0.8352
131.226 0.1343 0.0916 0.8374
131.263 0.1300 0.0918 0.8022
131.307 0.1255 0.0919 0.8580
131.347 0.1232 0.0973 0.8912
131.387 0.1175 0.0948 0.8582
131.427 0.1156 0.0975 0.8402
131.467 0.1178 0.0933 0.8056
131.507 0.1185 0.0955 0.8422
131.547 0.1189 0.0966 0.8502
131.587 0.1182 0.0951 0.8682
131.627 0.1178 0.0962 0.8425
131.667 0.1204 0.0926 0.8532
131.707 0.1222 0.0919 0.8589
131.749 0.1198 0.0949 0.8609
131.789 0.1200 0.0979 0.8492
131.829 0.1246 0.0932 0.8723
131.869 0.1301 0.0923 0.8203
131.906 0.1322 0.0924 0.8679
131.950 0.1351 0.0942 0.8572
131.990 0.1396 0.0950 0.8779
132.030 0.1426 0.0941 0.8546
132.069 0.1450 0.0936 0.8576
132.107 0.1471 0.0924 0.8762
132.151 0.1493 0.0929 0.8412
132.190 0.1506 0.0972 0.8756
132.230 0.1521 0.1014 0.8601
132.270 0.1524 0.0940 0.8689
132.310 0.1477 0.0978 0.8328
132.351 0.1425 0.0922 0.8655
132.391 0.1427 0.0914 0.8809
132.431 0.1371 0.0943 0.8752
132.471 0.1295 0.0974 0.8813
132.510 0.1231 0.1015 0.8353
132.550 0.1185 0.0946 0.8263
132.591 0.1181 0.0995 0.8429
132.632 0.1183 0.0996 0.8915
132.672 0.1118 0.1015 0.8830
132.711 0.1072 0.1022 0.8551
132.749 0.1048 0.0936 0.8219
132.793 0.1024 0.0962 0.8639
132.833 0.1001 0.0970 0.8703
132.874 0.0971 0.0977 0.8719
132.913 0.0955 0.1034 0.8523
132.950 0.0969 0.0974 0.8719
132.994 0.0982 0.1004 0.8792
133.034 0.1030 0.1007 0.8551
133.074 0.1036 0.1007 0.8383
133.114 0.0973 0.0982 0.8585
133.154 0.0925 0.0995 0.8705
133.194 0.0940 0.0994 0.8799
133.234 0.0946 0.0973 0.8922
133.275 0.0954 0.0990 0.8852
133.315 0.0997 0.1012 0.8619
133.354 0.0986 0.0988 0.8706
133.394 0.0983 0.0976 0.8706
133.435 0.0971 0.0969 0.8479
133.475 0.1002 0.0969 0.8645
133.515 0.1008 0.0972 0.9012
133.554 0.1006 0.1011 0.9123
133.592 0.1038 0.0979 0.8965
133.636 0.1119 0.0981 0.8956
133.676 0.1213 0.1005 0.8561
133.716 0.1297 0.0971 0.8803
133.755 0.1366 0.1029 0.9033
133.792 0.1406 0.1003 0.8867
133.837 0.1483 0.1001 0.8811
133.876 0.1550 0.0981 0.8816
133.917 0.1634 0.0980 0.8952
133.957 0.1702 0.1009 0.8982
133.997 0.1705 0.1001 0.9013
134.038 0.1734 0.0985 0.9281
134.078 0.1765 0.1001 0.8876
134.118 0.1855 0.0987 0.8887
134.158 0.1904 0.1004 0.8876
134.197 0.1938 0.1027 0.9362
134.237 0.1938 0.1006 0.9487
134.278 0.1969 0.1011 0.9187
134.319 0.1994 0.1007 0.8939
134.359 0.2044 0.1001 0.9186
134.398 0.2088 0.1030 0.9378
134.436 0.2094 0.1021 0.9442
134.480 0.2089 0.1011 0.9035
134.519 0.2126 0.0996 0.9162
134.559 0.2157 0.0984 0.9205
134.599 0.2137 0.0987 0.9075
134.636 0.2114 0.1014 0.9075
134.680 0.2026 0.0995 0.8598
134.720 0.2042 0.0983 0.8854
134.760 0.2047 0.0964 0.8619
134.800 0.2061 0.0996 0.8702
134.840 0.2055 0.0981 0.8890
134.881 0.2029 0.1014 0.8842
134.921 0.2010 0.0995 0.8732
134.961 0.2059 0.0957 0.9173
135.001 0.2057 0.0958 0.8895
135.041 0.2072 0.1003 0.8682
135.081 0.2087 0.1003 0.8811
135.122 0.2098 0.1002 0.8937
135.162 0.2121 0.0975 0.8927
135.202 0.2141 0.0969 0.8943
135.242 0.2168 0.0960 0.9076
135.279 0.2158 0.0960 0.9366
135.324 0.2126 0.0964 0.9093
135.363 0.2104 0.0993 0.9347
135.403 0.2093 0.0990 0.8797
135.443 0.2109 0.1064 0.8743
135.480 0.2113 0.1010 0.8972
135.524 0.2085 0.1006 0.9187
135.564 0.2041 0.0992 0.8797
135.604 0.1996 0.0968 0.9486
135.644 0.1987 0.0982 0.9443
135.683 0.1969 0.0974 0.9366
135.724 0.1860 0.0999 0.9285
135.764 0.1816 0.0978 0.9178
135.804 0.1797 0.1005 0.9376
135.844 0.1749 0.0960 0.9435
135.883 0.1733 0.0979 0.9119
135.923 0.1688 0.0989 0.9069
135.965 0.1636 0.0986 0.9020
136.005 0.1612 0.0991 0.9007
136.045 0.1643 0.0972 0.9259
136.085 0.1706 0.0959 0.9107
136.123 0.1720 0.0977 0.9277
136.167 0.1687 0.1031 0.8992
136.207 0.1762 0.0952 0.9102
136.247 0.1779 0.0995 0.9406
136.286 0.1793 0.0931 0.9203
136.323 0.1817 0.0934 0.9218
136.368 0.1836 0.0931 0.8881
136.407 0.1773 0.0949 0.9228
136.447 0.1705 0.0907 0.8973
136.487 0.1695 0.0924 0.9063
136.527 0.1679 0.0919 0.9118
136.568 0.1646 0.0951 0.9577
136.607 0.1615 0.0951 0.9303
136.648 0.1660 0.0954 0.9043
136.688 0.1651 0.0954 0.9032
136.727 0.1666 0.0938 0.9043
136.767 0.1651 0.0912 0.9437
136.808 0.1671 0.0939 0.9405
136.849 0.1676 0.0930 0.9207
136.889 0.1718 0.0913 0.9520
136.928 0.1799 0.0893 0.9251
136.966 0.1814 0.0903 0.9169
137.010 0.1798 0.0933 0.9273
137.050 0.1810 0.0943 0.9672
137.089 0.1825 0.0942 0.9606
137.129 0.1788 0.0919 0.9247
137.167 0.1728 0.0922 0.9205
137.210 0.1736 0.0911 0.8944
137.250 0.1780 0.0941 0.9203
137.291 0.1774 0.0959 0.9381
137.331 0.1781 0.0916 0.9370
137.371 0.1801 0.0914 0.9397
137.412 0.1813 0.0945 0.8955
137.451 0.1887 0.0973 0.9036
137.492 0.1954 0.0971 0.9095
137.532 0.1960 0.0930 0.9434
137.571 0.1972 0.0956 0.8761
137.611 0.1969 0.0937 0.8951
137.652 0.2035 0.0965 0.9309
137.693 0.2044 0.0972 0.8989
137.732 0.2034 0.0916 0.8514
137.772 0.2076 0.0948 0.8659
137.809 0.2105 0.0924 0.8477
137.854 0.2147 0.0925 0.8500
137.893 0.2210 0.0946 0.8627
137.933 0.2200 0.0946 0.8413
137.973 0.2218 0.0933 0.8777
138.009 0.2223 0.0931 0.8593
138.054 0.2205 0.0923 0.8749
138.094 0.2238 0.0934 0.8619
138.134 0.2262 0.0950 0.8565
138.174 0.2317 0.0926 0.8426
138.213 0.2358 0.0940 0.8675
138.254 0.2334 0.0940 0.8715
138.294 0.2324 0.0942 0.8408
138.334 0.2293 0.0971 0.9136
138.375 0.2268 0.0954 0.9089
138.415 0.2300 0.0948 0.8546
138.454 0.2256 0.0979 0.8672
138.496 0.2223 0.0978 0.8749
138.536 0.2241 0.0980 0.8736
138.576 0.2250 0.1042 0.9063
138.615 0.2225 0.1036 0.8793
138.653 0.2148 0.0986 0.8826
138.697 0.2082 0.0932 0.8872
138.736 0.2054 0.0974 0.8872
138.777 0.2010 0.0954 0.9035
138.816 0.1977 0.0975 0.9400
138.853 0.1906 0.0982 0.8966
138.898 0.1804 0.0962 0.8426
138.937 0.1806 0.0983 0.8695
138.977 0.1788 0.0990 0.8895
139.017 0.1781 0.0973 0.9075
139.057 0.1751 0.0963 0.8803
139.098 0.1736 0.0925 0.8775
139.138 0.1765 0.0904 0.8942
139.178 0.1762 0.0946 0.8726
139.218 0.1730 0.0981 0.8815
139.257 0.1699 0.0915 0.9032
139.297 0.1639 0.0959 0.8519
139.338 0.1658 0.0925 0.8661
139.378 0.1669 0.0944 0.8419
139.418 0.1608 0.0980 0.8472
139.459 0.1605 0.0945 0.8887
139.496 0.1586 0.0930 0.8513
139.541 0.1567 0.0896 0.8953
139.580 0.1540 0.0924 0.8847
139.620 0.1513 0.0964 0.8337
139.660 0.1487 0.0950 0.8946
139.697 0.1488 0.0934 0.8788
139.741 0.1497 0.0944 0.8585
139.780 0.1543 0.0941 0.8731
139.821 0.1594 0.0929 0.9154
139.861 0.1622 0.0954 0.9061
139.901 0.1683 0.0971 0.8773
139.941 0.1757 0.0972 0.8869
139.981 0.1870 0.0946 0.8824
140.022 0.2001 0.0931 0.8751
140.061 0.2106 0.0956 0.9082
140.101 0.2194 0.0966 0.9293
140.140 0.2276 0.0966 0.9031
140.182 0.2387 0.0937 0.8812
140.222 0.2439 0.0940 0.8875
140.262 0.2477 0.0985 0.8826
140.302 0.2496 0.1041 0.8993
140.339 0.2487 0.0915 0.9197
140.383 0.2484 0.0920 0.8553
140.423 0.2454 0.0934 0.8728
140.463 0.2404 0.0906 0.8650
140.502 0.2330 0.0964 0.8753
140.540 0.2257 0.0927 0.8382
140.584 0.2208 0.0938 0.8661
140.624 0.2154 0.0913 0.8453
140.665 0.2110 0.0904 0.8466
140.704 0.2079 0.0923 0.8413
140.744 0.2031 0.0922 0.8595
140.785 0.1999 0.0903 0.8669
140.825 0.2034 0.0908 0.8718
140.865 0.2075 0.0912 0.8334
140.905 0.2110 0.0890 0.8524
140.944 0.2120 0.0944 0.8560
140.984 0.2110 0.0956 0.8815
141.025 0.2137 0.0929 0.8280
141.066 0.2143 0.0958 0.8613
141.106 0.2167 0.0963 0.8506
141.145 0.2148 0.0955 0.8729
141.182 0.2095 0.0974 0.9042
141.227 0.2137 0.1067 0.8716
141.266 0.2170 0.1005 0.9121
141.306 0.2136 0.0942 0.9147
141.346 0.2084 0.0979 0.8699
141.383 0.2049 0.1015 0.9145
141.427 0.2034 0.1000 0.8675
141.467 0.2009 0.0989 0.8790
141.507 0.1956 0.1001 0.8773
141.546 0.1912 0.0956 0.8895
141.587 0.1891 0.0974 0.9111
141.628 0.1887 0.0983 0.9141
141.668 0.1939 0.0975 0.9098
141.709 0.1933 0.0959 0.8596
141.749 0.1924 0.0969 0.8925
141.788 0.1902 0.0965 0.8806
141.828 0.1887 0.0978 0.8952
141.869 0.1877 0.0977 0.9058
141.909 0.1858 0.0969 0.8475
141.950 0.1873 0.0979 0.9062
141.989 0.1908 0.0961 0.8389
142.026 0.1900 0.0975 0.8609
142.070 0.1899 0.0977 0.9270
142.110 0.1840 0.0969 0.9150
142.150 0.1825 0.0947 0.9139
142.190 0.1857 0.0947 0.9131
142.226 0.1865 0.0983 0.9111
142.271 0.1882 0.0975 0.8835
142.311 0.1934 0.0980 0.9132
142.351 0.1944 0.0971 0.9370
142.391 0.1920 0.0968 0.8895
142.431 0.1938 0.0984 0.9031
142.471 0.1940 0.1009 0.9113
142.511 0.1971 0.0987 0.9057
142.551 0.2019 0.0982 0.8823
142.591 0.2122 0.1003 0.8883
142.631 0.2174 0.0987 0.8891
142.670 0.2199 0.1013 0.9051
142.711 0.2219 0.1020 0.9207
142.752 0.2256 0.1002 0.9269
142.792 0.2301 0.0978 0.9135
142.832 0.2342 0.1003 0.9233
142.870 0.2395 0.1004 0.9169
142.914 0.2440 0.1005 0.8787
142.953 0.2475 0.1005 0.9247
142.994 0.2487 0.1037 0.8972
143.033 0.2486 0.0938 0.8790
143.070 0.2479 0.0966 0.8819
143.114 0.2518 0.0965 0.8641
143.154 0.2497 0.0975 0.8923
143.194 0.2487 0.0965 0.8641
143.234 0.2462 0.0945 0.8647
143.274 0.2422 0.0943 0.8519
143.315 0.2381 0.0990 0.8600
143.355 0.2419 0.0983 0.8669
143.395 0.2460 0.0997 0.8475
143.435 0.2462 0.0997 0.8696
143.474 0.2505 0.1005 0.9089
143.514 0.2537 0.1004 0.8764
143.555 0.2579 0.1020 0.9113
143.596 0.2542 0.1021 0.9229
143.635 0.2549 0.1004 0.8966
143.675 0.2549 0.0980 0.9312
143.712 0.2571 0.1005 0.9189
143.756 0.2613 0.1010 0.8775
143.796 0.2610 0.0994 0.9291
143.836 0.2622 0.0999 0.9136
143.876 0.2596 0.0987 0.9188
143.914 0.2526 0.0979 0.9084
143.958 0.2446 0.0954 0.9408
143.998 0.2407 0.0990 0.9192
144.038 0.2356 0.0987 0.9392
144.078 0.2343 0.1026 0.9372
144.118 0.2308 0.0995 0.9259
144.158 0.2288 0.0966 0.9181
144.198 0.2280 0.0993 0.8992
144.239 0.2254 0.1011 0.8901
144.278 0.2229 0.0999 0.8902
144.318 0.2217 0.0978 0.8972
144.358 0.2152 0.0977 0.8815
144.399 0.2141 0.0960 0.8475
144.439 0.2144 0.0989 0.9125
144.479 0.2151 0.0999 0.9189
144.519 0.2129 0.0983 0.9060
144.556 0.2093 0.0971 0.9242
144.600 0.2079 0.0953 0.9103
144.640 0.2077 0.0969 0.9049
144.679 0.2099 0.0959 0.8989
144.720 0.2083 0.0959 0.8732
144.756 0.2104 0.0924 0.9058
144.801 0.2071 0.0923 0.9125
144.840 0.2033 0.0963 0.8899
144.881 0.2055 0.1001 0.9042
144.920 0.2058 0.0980 0.9057
144.960 0.2048 0.0963 0.8976
145.001 0.2040 0.0975 0.9183
145.042 0.2063 0.0961 0.8924
145.082 0.2111 0.0948 0.9076
145.122 0.2134 0.0963 0.9263
145.161 0.2129 0.0956 0.9072
145.201 0.2147 0.0972 0.9044
145.242 0.2148 0.0935 0.9139
145.283 0.2143 0.0946 0.9248
145.323 0.2211 0.0931 0.8934
145.362 0.2212 0.0928 0.9148
145.400 0.2207 0.0863 0.9138
145.444 0.2226 0.0876 0.8690
145.483 0.2259 0.0858 0.8759
145.523 0.2264 0.0873 0.9078
145.563 0.2241 0.0894 0.9112
145.600 0.2230 0.0855 0.8834
145.644 0.2262 0.0841 0.8981
145.684 0.2242 0.0853 0.8793
145.724 0.2252 0.0880 0.9032
145.764 0.2289 0.0881 0.9032
145.804 0.2292 0.0932 0.8845
145.845 0.2266 0.0892 0.8865
145.885 0.2272 0.0892 0.8917
145.925 0.2287 0.0921 0.8417
145.965 0.2289 0.0949 0.8470
146.004 0.2270 0.0920 0.9173
146.044 0.2227 0.0945 0.9019
146.085 0.2215 0.0968 0.8463
146.125 0.2171 0.0970 0.8736
146.166 0.2141 0.1006 0.8556
146.206 0.2114 0.0942 0.8739
146.244 0.2063 0.0960 0.8936
146.288 0.1990 0.0954 0.8455
146.327 0.1968 0.1023 0.8566
146.367 0.1963 0.0967 0.8882
146.407 0.1933 0.1001 0.9185
146.444 0.1884 0.0985 0.8645
146.488 0.1818 0.1024 0.8887
146.528 0.1815 0.1025 0.8827
146.568 0.1815 0.0949 0.8556
146.608 0.1789 0.0983 0.9045
146.647 0.1754 0.0956 0.8892
146.688 0.1707 0.0914 0.8932
146.728 0.1675 0.0948 0.8774
146.768 0.1723 0.0965 0.8608
146.808 0.1801 0.0887 0.8747
146.848 0.1840 0.0934 0.9094
146.887 0.1863 0.0982 0.9115
146.929 0.1893 0.0906 0.8882
146.969 0.1943 0.0885 0.8586
147.009 0.2013 0.0898 0.9001
147.048 0.2077 0.0911 0.9165
147.086 0.2104 0.0859 0.9149
147.130 0.2148 0.0874 0.9176
147.170 0.2213 0.0924 0.8716
147.210 0.2325 0.0870 0.8821
147.250 0.2404 0.0866 0.9044
147.287 0.2382 0.0912 0.9061
147.331 0.2378 0.0919 0.9036
147.371 0.2389 0.0853 0.8922
147.411 0.2390 0.0867 0.9016
147.451 0.2374 0.0867 0.9120
147.490 0.2353 0.0886 0.9137
147.532 0.2249 0.0935 0.8811
147.572 0.2186 0.0910 0.9024
147.612 0.2157 0.0893 0.8662
147.652 0.2150 0.0908 0.8845
147.691 0.2101 0.0929 0.8998
147.731 0.2019 0.0933 0.8644
147.772 0.1992 0.0920 0.9482
147.813 0.1973 0.0945 0.8736
147.852 0.1965 0.0935 0.8689
147.892 0.1964 0.0952 0.8931
147.929 0.1971 0.0937 0.8940
147.974 0.1922 0.0929 0.8848
148.013 0.1914 0.0949 0.9121
148.053 0.1942 0.0972 0.8862
148.093 0.1990 0.0940 0.8662
148.130 0.1982 0.0933 0.8713
148.174 0.2007 0.0956 0.8972
148.214 0.2045 0.0939 0.8835
148.254 0.2074 0.0940 0.8835
148.294 0.2136 0.0952 0.8795
148.334 0.2212 0.0998 0.8686
148.375 0.2207 0.0966 0.8799
148.415 0.2232 0.1010 0.9286
148.456 0.2294 0.0941 0.8695
148.496 0.2352 0.0938 0.8535
148.535 0.2438 0.0952 0.8790
148.574 0.2452 0.0934 0.8883
148.616 0.2457 0.0941 0.9236
148.656 0.2420 0.0946 0.9075
148.696 0.2396 0.0937 0.8805
148.736 0.2369 0.0927 0.8756
148.773 0.2311 0.0931 0.9015
148.817 0.2225 0.0967 0.9089
148.857 0.2170 0.0936 0.9042
148.897 0.2139 0.0982 0.9002
148.937 0.2085 0.0951 0.9139
148.974 0.2062 0.0929 0.9249
149.018 0.2011 0.0928 0.9302
149.057 0.1985 0.0931 0.9139
149.098 0.1924 0.0941 0.9139
149.137 0.1924 0.0939 0.9042
149.177 0.1911 0.0963 0.9039
149.218 0.1932 0.0945 0.8848
149.258 0.1944 0.0950 0.9306
149.298 0.1885 0.0939 0.9432
149.338 0.1927 0.0963 0.8809
149.378 0.1945 0.0967 0.8834
149.417 0.1973 0.0940 0.8695
149.459 0.2037 0.0916 0.9056
149.500 0.2041 0.0950 0.9018
149.540 0.2070 0.0883 0.8785
149.579 0.2151 0.0847 0.8759
149.616 0.2183 0.0887 0.8827
149.661 0.2263 0.0876 0.8649
149.700 0.2231 0.0881 0.9000
149.741 0.2173 0.0897 0.8749
149.780 0.2212 0.0850 0.8911
149.818 0.2234 0.0854 0.9093
149.862 0.2209 0.0880 0.8849
149.901 0.2200 0.0912 0.9408
149.941 0.2170 0.0874 0.9103
149.981 0.2171 0.0891 0.8915
150.021 0.2186 0.0866 0.9269
150.062 0.2126 0.0889 0.8995
150.102 0.2125 0.0907 0.8995
150.142 0.2105 0.0893 0.9031
150.182 0.2090 0.0886 0.9548
150.221 0.2146 0.0885 0.9269
150.261 0.2204 0.0874 0.9263
150.302 0.2216 0.0896 0.9416
150.342 0.2277 0.0880 0.9404
150.383 0.2364 0.0888 0.9277
150.422 0.2379 0.0849 0.9203
150.459 0.2410 0.0906 0.9011
150.504 0.2398 0.0874 0.8613
150.543 0.2401 0.0873 0.9031
150.584 0.2396 0.0972 0.8813
150.624 0.2366 0.0861 0.8883
150.661 0.2353 0.0819 0.9103
150.705 0.2349 0.0820 0.8688
150.745 0.2331 0.0881 0.9143
150.785 0.2362 0.0909 0.8833
150.824 0.2412 0.0887 0.8533
150.865 0.2377 0.0885 0.9015
150.905 0.2381 0.0883 0.8800
150.945 0.2386 0.0885 0.8786
150.985 0.2371 0.0886 0.8955
151.025 0.2404 0.0894 0.9352
151.065 0.2454 0.0909 0.8725
151.104 0.2472 0.0905 0.8517
151.146 0.2494 0.0874 0.9192
151.186 0.2489 0.0913 0.8815
151.226 0.2505 0.0955 0.8761
151.265 0.2524 0.0932 0.8855
151.303 0.2447 0.0914 0.9335
151.347 0.2481 0.0950 0.9017
151.387 0.2473 0.0974 0.9130
151.427 0.2465 0.0963 0.9233
151.467 0.2499 0.0947 0.9082
151.504 0.2468 0.0948 0.9391
151.548 0.2431 0.0943 0.8909
151.587 0.2449 0.0903 0.9478
151.627 0.2457 0.1008 0.8963
151.668 0.2467 0.0942 0.9213
151.708 0.2492 0.0954 0.9135
151.749 0.2476 0.0941 0.8879
151.789 0.2518 0.0922 0.8930
151.829 0.2485 0.0936 0.8875
151.869 0.2474 0.0939 0.9169
151.909 0.2460 0.0940 0.9173
151.948 0.2382 0.0939 0.8875
151.989 0.2351 0.0955 0.9221
152.030 0.2371 0.0927 0.8694
152.070 0.2366 0.0975 0.9061
152.109 0.2367 0.0994 0.8782
152.147 0.2366 0.0943 0.8849
152.191 0.2325 0.0955 0.8715
152.230 0.2306 0.0876 0.8673
152.270 0.2271 0.0925 0.8955
152.310 0.2238 0.0969 0.8845
152.347 0.2203 0.0950 0.8777
152.391 0.2166 0.0915 0.9167
152.431 0.2192 0.0908 0.9385
152.471 0.2238 0.0939 0.9337
152.511 0.2206 0.0948 0.9064
152.551 0.2194 0.0930 0.9186
152.592 0.2189 0.0904 0.9192
152.632 0.2179 0.0866 0.9097
152.672 0.2243 0.0872 0.9219
152.712 0.2252 0.0870 0.9409
152.751 0.2250 0.0914 0.9283
152.792 0.2250 0.0910 0.8957
152.833 0.2215 0.0891 0.9007
152.873 0.2184 0.0872 0.8982
152.913 0.2158 0.0870 0.9001
152.953 0.2087 0.0910 0.9115
152.990 0.2033 0.0905 0.9054
153.035 0.2007 0.0904 0.9153
153.074 0.1915 0.0897 0.9264
153.114 0.1894 0.0862 0.9223
153.154 0.1839 0.0883 0.9301
153.190 0.1788 0.0881 0.9256
153.235 0.1795 0.0886 0.9129
153.274 0.1750 0.0836 0.9059
153.315 0.1712 0.0867 0.8930
153.355 0.1735 0.0879 0.8892
153.395 0.1715 0.0905 0.8684
153.435 0.1759 0.0859 0.9126
153.475 0.1816 0.0843 0.8742
153.515 0.1851 0.0873 0.9017
153.555 0.1956 0.0865 0.9175
153.595 0.2027 0.0872 0.9089
153.634 0.2050 0.0870 0.9132
153.675 0.2078 0.0874 0.9669
153.716 0.2048 0.0847 0.9397
153.756 0.2093 0.0860 0.8969
153.795 0.2158 0.0872 0.8718
153.833 0.2165 0.0891 0.9059
153.877 0.2253 0.0848 0.9442
153.917 0.2277 0.0881 0.9109
153.958 0.2313 0.0875 0.9125
153.997 0.2327 0.0905 0.9083
154.035 0.2313 0.0905 0.8963
154.078 0.2281 0.0922 0.9185
154.118 0.2301 0.0925 0.8933
154.158 0.2323 0.0939 0.8809
154.198 0.2385 0.0890 0.8905
154.238 0.2371 0.0981 0.8446
154.279 0.2373 0.0947 0.8716
154.318 0.2443 0.0949 0.9020
154.359 0.2472 0.0951 0.8839
154.399 0.2478 0.1017 0.8843
154.438 0.2504 0.1020 0.8619
154.478 0.2492 0.1027 0.8844
154.519 0.2475 0.1013 0.8975
154.559 0.2476 0.0997 0.8805
154.600 0.2421 0.0951 0.8862
154.639 0.2417 0.0930 0.9040
154.676 0.2342 0.0901 0.9049
154.720 0.2356 0.0954 0.9060
154.760 0.2375 0.0881 0.8931
154.800 0.2274 0.0972 0.8950
154.840 0.2208 0.0938 0.8971
154.877 0.2167 0.0877 0.8911
154.921 0.2170 0.0912 0.9149
154.961 0.2170 0.0890 0.9007
155.001 0.2207 0.0885 0.9258
155.042 0.2195 0.0884 0.9382
155.082 0.2300 0.0907 0.9139
155.122 0.2355 0.0882 0.9051
155.162 0.2422 0.0915 0.9447
155.203 0.2411 0.0897 0.8887
155.242 0.2366 0.0932 0.8825
155.282 0.2381 0.0901 0.9122
155.321 0.2375 0.0920 0.9321
155.388 0.2349 0.0967 0.8773
155.443 0.2227 0.0931 0.9136
155.483 0.2179 0.0934 0.8955
155.523 0.2157 0.0925 0.9271
155.560 0.2084 0.0974 0.9138
155.604 0.1963 0.0959 0.9283
155.644 0.1875 0.0959 0.9109
155.684 0.1865 0.0968 0.9315
155.723 0.1846 0.0937 0.9025
155.760 0.1811 0.1023 0.8925
155.805 0.1770 0.0980 0.9114
155.844 0.1819 0.0985 0.8635
155.884 0.1815 0.0935 0.9146
155.924 0.1842 0.0943 0.8771
155.963 0.1882 0.0900 0.9067
156.005 0.1900 0.0921 0.9016
156.045 0.1919 0.0931 0.9119
156.085 0.1951 0.0862 0.9006
156.125 0.1986 0.0828 0.8988
156.165 0.1997 0.0854 0.9105
156.205 0.1961 0.0835 0.9094
156.246 0.2001 0.0890 0.9097
156.286 0.2053 0.0843 0.9214
156.326 0.2098 0.0845 0.9207
156.366 0.2105 0.0804 0.9140
156.403 0.2124 0.0839 0.8915
156.448 0.2167 0.0876 0.8977
156.487 0.2164 0.0853 0.8603
156.528 0.2198 0.0868 0.8965
156.567 0.2244 0.0840 0.8846
156.605 0.2250 0.0866 0.8933
156.647 0.2237 0.0901 0.9032
156.688 0.2288 0.0914 0.9300
156.728 0.2325 0.0855 0.9408
156.768 0.2378 0.0933 0.8953
156.808 0.2328 0.0901 0.8792
156.848 0.2303 0.0924 0.8892
156.888 0.2280 0.0944 0.8622
156.929 0.2274 0.0946 0.8837
156.969 0.2346 0.0904 0.8670
157.008 0.2330 0.0922 0.8661
157.048 0.2270 0.0924 0.8762
157.089 0.2267 0.0874 0.8911
157.129 0.2246 0.0965 0.8922
157.169 0.2230 0.0885 0.9366
157.209 0.2236 0.0915 0.9353
157.247 0.2181 0.0922 0.9252
157.291 0.2175 0.0945 0.8927
157.331 0.2199 0.0957 0.9254
157.371 0.2226 0.0940 0.9512
157.411 0.2244 0.0934 0.9203
157.448 0.2180 0.0943 0.9345
157.492 0.2160 0.1019 0.9036
157.532 0.2193 0.0927 0.9107
157.572 0.2166 0.0944 0.9609
157.611 0.2174 0.0943 0.9097
157.652 0.2215 0.0898 0.9173
157.692 0.2229 0.0890 0.9025
157.732 0.2259 0.0901 0.9173
157.772 0.2275 0.0887 0.9447
157.812 0.2309 0.0917 0.8981
157.851 0.2361 0.0897 0.9007
157.891 0.2380 0.0865 0.8982
157.933 0.2426 0.0889 0.9094
157.973 0.2448 0.0905 0.9104
158.013 0.2449 0.0886 0.9451
158.052 0.2482 0.0876 0.9219
158.089 0.2507 0.0865 0.8842
158.134 0.2492 0.0917 0.9137
158.173 0.2486 0.0913 0.9249
158.214 0.2424 0.0928 0.8679
158.253 0.2372 0.0917 0.9039
158.291 0.2300 0.0887 0.8958
158.334 0.2193 0.0901 0.8685
158.375 0.2125 0.0941 0.9090
158.415 0.2037 0.0984 0.9044
158.455 0.1956 0.0959 0.8933
158.495 0.1901 0.0959 0.8699
158.536 0.1862 0.0955 0.9098
158.576 0.1803 0.0943 0.9095
158.616 0.1763 0.0981 0.9038
158.656 0.1745 0.0998 0.8951
158.695 0.1704 0.0946 0.8553
158.735 0.1717 0.0937 0.9087
158.776 0.1759 0.0868 0.8766
158.816 0.1786 0.0896 0.8922
158.856 0.1797 0.0891 0.8869
158.896 0.1801 0.0900 0.8880
158.933 0.1770 0.0864 0.8990
158.978 0.1805 0.0865 0.8824
159.017 0.1818 0.0863 0.8998
159.057 0.1837 0.0847 0.8843
159.097 0.1879 0.0834 0.8995
159.134 0.1859 0.0847 0.9019
159.178 0.1907 0.0835 0.9009
159.218 0.1953 0.0808 0.8750
159.258 0.1999 0.0850 0.9093
159.298 0.2028 0.0856 0.9041
159.338 0.2083 0.0885 0.9073
159.378 0.2151 0.0844 0.8775
159.418 0.2274 0.0836 0.8622
159.459 0.2344 0.0820 0.9031
159.499 0.2348 0.0830 0.8769
159.539 0.2311 0.0866 0.8769
159.578 0.2233 0.0850 0.8659
159.620 0.2268 0.0853 0.9142
159.660 0.2259 0.0854 0.9442
159.700 0.2274 0.0915 0.9337
159.740 0.2237 0.0980 0.9337
159.777 0.2223 0.0849 0.9021
159.821 0.2188 0.0862 0.8911
159.861 0.2102 0.0860 0.9141
159.901 0.2033 0.0849 0.9192
159.940 0.1981 0.0873 0.9269
159.978 0.1946 0.0878 0.9215
160.022 0.1989 0.0929 0.9345
160.061 0.2044 0.0900 0.9273
160.101 0.2040 0.0880 0.8861
160.141 0.2055 0.0921 0.8993
160.181 0.2044 0.0920 0.9278
160.222 0.2035 0.0928 0.9426
160.262 0.2026 0.0885 0.9261
160.302 0.2001 0.0890 0.9502
160.342 0.2035 0.0908 0.9419
160.382 0.2025 0.0907 0.9223
160.421 0.1979 0.0923 0.8942
160.463 0.2006 0.0877 0.8901
160.503 0.1981 0.0836 0.8638
160.543 0.1976 0.0857 0.9032
160.583 0.2000 0.0899 0.9189
160.621 0.1988 0.0902 0.9344
160.665 0.2010 0.0921 0.8923
160.704 0.2001 0.0882 0.8892
160.744 0.2004 0.0857 0.9076
160.784 0.2014 0.0902 0.8936
160.821 0.1992 0.0933 0.9133
160.865 0.2073 0.0923 0.8732
160.905 0.2185 0.0927 0.8842
160.945 0.2272 0.0931 0.9063
160.985 0.2367 0.0881 0.8945
161.025 0.2413 0.0915 0.8688
161.066 0.2417 0.0935 0.9106
161.105 0.2448 0.0896 0.8868
161.146 0.2396 0.0909 0.8635
161.186 0.2354 0.0903 0.8981
161.225 0.2328 0.0914 0.8706
161.264 0.2277 0.0948 0.8752
161.306 0.2272 0.0944 0.8685
161.346 0.2188 0.0945 0.8666
161.386 0.2062 0.0971 0.8958
161.426 0.1942 0.0960 0.8949
161.463 0.1790 0.0958 0.8883
161.508 0.1696 0.0969 0.9038
161.547 0.1640 0.0961 0.8572
161.587 0.1597 0.0957 0.8572
161.627 0.1569 0.0912 0.8673
161.665 0.1572 0.0950 0.8559
161.709 0.1569 0.0926 0.9199
161.748 0.1587 0.0975 0.8603
161.789 0.1604 0.0971 0.8603
161.829 0.1623 0.0885 0.8813
161.868 0.1628 0.0886 0.8903
161.909 0.1629 0.0867 0.8550
161.949 0.1678 0.0884 0.8836
161.989 0.1686 0.0843 0.8881
162.029 0.1711 0.0823 0.8960
162.069 0.1775 0.0835 0.8948
162.108 0.1818 0.0803 0.8781
162.150 0.1877 0.0828 0.8803
162.190 0.1924 0.0804 0.8881
162.230 0.2006 0.0804 0.8803
162.269 0.2091 0.0807 0.8873
162.307 0.2128 0.0819 0.8992
162.351 0.2171 0.0827 0.8803
162.391 0.2196 0.0837 0.8920
162.431 0.2168 0.0816 0.8853
162.470 0.2157 0.0828 0.8649
162.507 0.2148 0.0828 0.8949
162.552 0.2084 0.0903 0.8829
162.591 0.2026 0.0903 0.9100
162.631 0.1971 0.0896 0.9182
162.671 0.1890 0.0882 0.9216
162.711 0.1824 0.0862 0.9007
162.752 0.1696 0.0881 0.8936
162.792 0.1609 0.0943 0.8890
162.833 0.1530 0.0887 0.8571
162.873 0.1487 0.0970 0.8404
162.912 0.1464 0.0938 0.8573
162.952 0.1429 0.0938 0.8629
162.993 0.1407 0.0937 0.8756
163.034 0.1385 0.0948 0.8916
163.074 0.1375 0.0920 0.8499
163.113 0.1362 0.0901 0.8403
163.151 0.1390 0.0915 0.8682
163.195 0.1397 0.0917 0.8892
163.234 0.1418 0.0896 0.8901
163.274 0.1401 0.0990 0.8991
163.314 0.1407 0.0982 0.9061
163.351 0.1428 0.0937 0.9139
163.395 0.1474 0.0868 0.9308
163.435 0.1515 0.0953 0.9216
163.475 0.1517 0.1024 0.8826
163.515 0.1551 0.0872 0.9120
163.554 0.1572 0.0912 0.9010
163.596 0.1609 0.0858 0.9161
163.635 0.1605 0.0892 0.9170
163.675 0.1620 0.0861 0.9198
163.715 0.1598 0.0843 0.9222
163.755 0.1659 0.0834 0.9173
163.794 0.1713 0.0824 0.8859
163.836 0.1740 0.0865 0.8913
163.876 0.1767 0.0844 0.9169
163.917 0.1766 0.0833 0.8903
163.957 0.1840 0.0840 0.8825
163.994 0.1858 0.0820 0.9031
164.038 0.1876 0.0854 0.8879
164.078 0.1903 0.0869 0.9254
164.118 0.1919 0.0879 0.8657
164.157 0.1910 0.0848 0.8892
164.195 0.1919 0.0867 0.8913
164.239 0.1903 0.0830 0.8983
164.278 0.1847 0.0864 0.8899
164.319 0.1821 0.0928 0.9262
164.358 0.1783 0.0889 0.9306
164.398 0.1765 0.0872 0.9358
164.439 0.1692 0.0876 0.9027
164.479 0.1621 0.0914 0.8656
164.519 0.1560 0.0932 0.8621
164.559 0.1488 0.0922 0.8747
164.599 0.1408 0.0906 0.8725
164.638 0.1358 0.0913 0.8785
164.679 0.1347 0.0910 0.8976
164.720 0.1291 0.0907 0.8976
164.760 0.1280 0.0956 0.9217
164.799 0.1277 0.0914 0.8893
164.837 0.1268 0.0911 0.8893
164.881 0.1249 0.0932 0.8712
164.920 0.1253 0.0922 0.8991
164.960 0.1292 0.0983 0.9109
165.000 0.1326 0.1005 0.8957
165.038 0.1355 0.0981 0.8412
165.082 0.1376 0.0975 0.8503
165.122 0.1388 0.0944 0.8243
165.162 0.1417 0.0954 0.8739
165.202 0.1447 0.0939 0.8710
165.242 0.1482 0.0925 0.8892
165.283 0.1519 0.0913 0.8601
165.322 0.1543 0.0923 0.8601
165.363 0.1578 0.0928 0.8669
165.403 0.1615 0.0958 0.8851
165.442 0.1651 0.0905 0.8973
165.482 0.1698 0.0860 0.9113
165.523 0.1732 0.0861 0.8875
165.563 0.1779 0.0872 0.8624
165.604 0.1857 0.0868 0.8772
165.643 0.1883 0.0906 0.9240
165.680 0.1887 0.0902 0.9036
165.725 0.1942 0.0926 0.9270
165.764 0.1955 0.0911 0.8739
165.804 0.1983 0.0900 0.8749
165.844 0.2004 0.0925 0.9525
165.881 0.2043 0.0925 0.9097
165.925 0.2087 0.0925 0.9102
165.965 0.2116 0.0896 0.8951
166.005 0.2198 0.0931 0.8825
166.045 0.2290 0.0942 0.9043
166.084 0.2344 0.0913 0.9032
166.125 0.2370 0.0889 0.8767
166.166 0.2428 0.0918 0.8767
166.207 0.2447 0.0921 0.8362
166.246 0.2511 0.0930 0.8952
166.285 0.2595 0.0938 0.9117
166.325 0.2617 0.0930 0.9033
166.367 0.2608 0.0932 0.8817
166.407 0.2597 0.0922 0.9068
166.447 0.2627 0.0922 0.9347
166.487 0.2564 0.0923 0.9053
166.524 0.2449 0.0923 0.9589
166.568 0.2367 0.0919 0.9249
166.608 0.2307 0.0947 0.9397
166.648 0.2251 0.0915 0.9096
166.687 0.2234 0.0933 0.9295
166.724 0.2157 0.0973 0.9193
166.769 0.1994 0.0907 0.9483
166.808 0.1913 0.0942 0.9353
166.848 0.1904 0.0908 0.9311
166.888 0.1898 0.0914 0.9096
166.928 0.1819 0.0989 0.9021
166.969 0.1777 0.0944 0.9389
167.009 0.1781 0.0944 0.8823
167.049 0.1739 0.0907 0.9262
167.089 0.1784 0.0940 0.9023
167.128 0.1813 0.0911 0.9250
167.168 0.1784 0.0920 0.8837
167.209 0.1799 0.0907 0.8827
167.250 0.1821 0.0901 0.9198
167.291 0.1857 0.0897 0.9189
167.330 0.1852 0.0898 0.9491
167.367 0.1841 0.0919 0.9257
167.412 0.1819 0.0925 0.9091
167.451 0.1819 0.0919 0.9293
167.491 0.1843 0.0914 0.9189
167.531 0.1926 0.0903 0.9215
167.568 0.1943 0.0926 0.9043
167.612 0.1925 0.0950 0.9128
167.652 0.1933 0.0939 0.8859
167.692 0.1895 0.0921 0.9291
167.732 0.1890 0.0929 0.9219
167.772 0.1933 0.0939 0.8956
167.812 0.1920 0.0953 0.9102
167.852 0.1875 0.0948 0.9467
167.893 0.1859 0.0922 0.9496
167.933 0.1870 0.0922 0.9226
167.972 0.1901 0.0922 0.9226
168.011 0.1880 0.0955 0.9181
168.053 0.1827 0.0981 0.9402
168.093 0.1813 0.0979 0.9223
168.133 0.1793 0.0945 0.9159
168.173 0.1817 0.0945 0.8992
168.210 0.1860 0.0977 0.8858
168.254 0.1796 0.0972 0.9069
168.294 0.1804 0.0985 0.8966
168.334 0.1868 0.0983 0.9062
168.375 0.1909 0.0992 0.9187
168.411 0.1932 0.0971 0.8813
168.456 0.1863 0.0971 0.9021
168.495 0.1806 0.0915 0.9073
168.535 0.1775 0.0910 0.8940
168.575 0.1734 0.0878 0.9047
168.615 0.1756 0.0886 0.8959
168.656 0.1771 0.0880 0.9359
168.696 0.1770 0.0885 0.9063
168.736 0.1766 0.0843 0.9193
168.776 0.1749 0.0858 0.9318
168.815 0.1741 0.0798 0.9209
168.855 0.1746 0.0818 0.9203
168.897 0.1746 0.0848 0.9198
168.937 0.1759 0.0830 0.9249
168.977 0.1791 0.0828 0.9033
169.016 0.1829 0.0821 0.9141
169.054 0.1915 0.0811 0.9443
169.098 0.1973 0.0841 0.9111
169.137 0.1973 0.0856 0.8957
169.178 0.1965 0.0853 0.9271
169.217 0.1952 0.0810 0.9111
169.254 0.1982 0.0831 0.8849
169.298 0.1996 0.0859 0.9277
169.338 0.2002 0.0884 0.9122
169.378 0.1968 0.0899 0.9137
169.418 0.1969 0.0872 0.9275
169.459 0.1954 0.0848 0.9272
169.500 0.1976 0.0859 0.9272
169.540 0.1966 0.0913 0.8963
169.580 0.1914 0.0913 0.8717
169.620 0.1939 0.0921 0.9362
169.659 0.1955 0.0906 0.9056
169.699 0.1974 0.0892 0.9198
169.740 0.2020 0.0900 0.8819
169.781 0.2045 0.0978 0.9171
169.821 0.2038 0.0986 0.9032
169.860 0.2038 0.0903 0.9294
169.897 0.2047 0.0937 0.9097
169.942 0.2059 0.0901 0.9303
169.981 0.2063 0.0919 0.9182
170.021 0.1959 0.0896 0.8997
170.061 0.1918 0.0924 0.9605
170.098 0.1864 0.0941 0.9387
170.142 0.1830 0.0906 0.9345
170.182 0.1806 0.0902 0.9092
170.222 0.1783 0.0980 0.9008
170.262 0.1764 0.0897 0.9027
170.302 0.1737 0.0882 0.9397
170.342 0.1721 0.0862 0.9087
170.382 0.1741 0.0912 0.9367
170.422 0.1751 0.0923 0.9216
170.462 0.1750 0.0930 0.9385
170.502 0.1830 0.0896 0.8876
170.542 0.1875 0.0895 0.9207
170.584 0.1917 0.0888 0.8919
170.624 0.1867 0.0899 0.8867
170.664 0.1860 0.0911 0.8751
170.703 0.1822 0.0945 0.8756
170.741 0.1781 0.0933 0.8805
170.785 0.1734 0.0917 0.8659
170.825 0.1702 0.0930 0.9549
170.865 0.1645 0.0928 0.9383
170.905 0.1633 0.0920 0.9194
170.941 0.1586 0.0944 0.9278
170.986 0.1544 0.0913 0.9082
171.025 0.1530 0.0924 0.9200
171.065 0.1493 0.0902 0.9464
171.105 0.1504 0.0910 0.9158
171.145 0.1496 0.0935 0.9194
171.186 0.1543 0.0909 0.9311
171.226 0.1600 0.0913 0.9522
171.266 0.1662 0.0903 0.9489
171.306 0.1722 0.0929 0.9111
171.345 0.1788 0.0930 0.9182
171.385 0.1789 0.0901 0.9145
171.426 0.1845 0.0918 0.9088
171.467 0.1886 0.0914 0.9095
171.507 0.1871 0.0904 0.9039
171.546 0.1872 0.0924 0.8939
171.584 0.1828 0.0908 0.9565
171.628 0.1861 0.0893 0.9126
171.667 0.1894 0.0923 0.8916
171.708 0.1898 0.0908 0.8844
171.748 0.1860 0.0927 0.9236
171.785 0.1860 0.0897 0.8889
171.829 0.1856 0.0901 0.9396
171.869 0.1878 0.0879 0.8789
171.909 0.1887 0.0863 0.8620
171.949 0.1864 0.0881 0.8789
171.989 0.1867 0.0909 0.9007
172.029 0.1858 0.0879 0.9363
172.069 0.1916 0.0868 0.8762
172.110 0.1942 0.0884 0.8822
172.150 0.1903 0.0859 0.9198
172.189 0.1866 0.0901 0.8788
172.229 0.1891 0.0839 0.9067
172.270 0.1909 0.0875 0.9194
172.310 0.1920 0.0842 0.8889
172.350 0.1978 0.0825 0.8872
172.390 0.1998 0.0856 0.9252
172.427 0.1984 0.0847 0.9091
172.471 0.2020 0.0833 0.8961
172.511 0.2076 0.0840 0.9154
172.551 0.2126 0.0876 0.9147
172.591 0.2188 0.0880 0.9249
172.628 0.2231 0.0879 0.9184
172.672 0.2276 0.0879 0.9173
172.712 0.2318 0.0882 0.9471
172.752 0.2343 0.0834 0.9230
172.792 0.2374 0.0846 0.9304
172.832 0.2387 0.0893 0.9083
172.873 0.2348 0.0878 0.9228
172.913 0.2347 0.0875 0.8717
172.953 0.2343 0.0878 0.9397
172.993 0.2337 0.0883 0.9303
173.032 0.2303 0.0967 0.9267
173.072 0.2217 0.0924 0.9145
173.114 0.2142 0.0919 0.9432
173.154 0.2138 0.0873 0.9208
173.194 0.2114 0.0903 0.9197
173.233 0.2114 0.0905 0.8960
173.271 0.2067 0.0901 0.9198
173.315 0.2005 0.0917 0.8887
173.355 0.2017 0.0932 0.9107
173.395 0.2046 0.0877 0.8759
173.434 0.2102 0.0876 0.8969
173.471 0.2111 0.0878 0.8843
173.516 0.2134 0.0935 0.9073
173.555 0.2176 0.0898 0.9128
173.595 0.2234 0.0892 0.8915
173.635 0.2278 0.0897 0.8836
173.675 0.2304 0.0889 0.9039
173.716 0.2233 0.0891 0.9078
173.756 0.2209 0.0887 0.8622
173.796 0.2218 0.0900 0.8882
173.836 0.2245 0.0873 0.9040
173.875 0.2273 0.0845 0.9326
173.916 0.2213 0.0866 0.8936
173.957 0.2201 0.0885 0.9203
173.998 0.2195 0.0904 0.8868
174.038 0.2206 0.0899 0.9109
174.077 0.2218 0.0866 0.9626
174.114 0.2197 0.0875 0.9139
174.159 0.2212 0.0891 0.9093
174.198 0.2228 0.0887 0.9402
174.238 0.2282 0.0882 0.9169
174.278 0.2307 0.0877 0.9214
174.315 0.2260 0.0889 0.9338
174.359 0.2180 0.0889 0.9106
174.399 0.2143 0.0914 0.9210
174.439 0.2143 0.0895 0.9243
174.479 0.2129 0.0876 0.9327
174.519 0.2133 0.0893 0.9031
174.559 0.2119 0.0882 0.9063
174.599 0.2136 0.0922 0.9181
174.640 0.2077 0.0917 0.9105
174.679 0.2056 0.0884 0.9140
174.719 0.2008 0.0876 0.9034
174.758 0.1933 0.0883 0.8875
174.800 0.1918 0.0908 0.8843
174.840 0.1861 0.0903 0.8955
174.880 0.1846 0.0892 0.8767
174.920 0.1830 0.0884 0.8516
174.958 0.1822 0.0914 0.8982
175.001 0.1773 0.0906 0.8710
175.042 0.1782 0.0932 0.8586
175.082 0.1799 0.0946 0.8796
175.122 0.1830 0.0896 0.8787
175.158 0.1835 0.0866 0.8706
175.203 0.1878 0.0891 0.8666
175.242 0.1980 0.0912 0.8816
175.283 0.2039 0.0890 0.8843
175.322 0.2088 0.0901 0.8943
175.362 0.2177 0.0888 0.8773
175.403 0.2260 0.0840 0.8826
175.443 0.2287 0.0861 0.9146
175.483 0.2308 0.0881 0.8893
175.523 0.2323 0.0885 0.9225
175.562 0.2321 0.0850 0.8834
175.602 0.2299 0.0777 0.9063
175.643 0.2342 0.0781 0.9310
175.684 0.2331 0.0825 0.8903
175.724 0.2302 0.0848 0.9007
175.763 0.2285 0.0815 0.9266
175.800 0.2279 0.0785 0.9192
175.845 0.2286 0.0781 0.9064
175.884 0.2238 0.0788 0.9253
175.924 0.2168 0.0812 0.9332
175.964 0.2161 0.0804 0.9134
176.001 0.2148 0.0806 0.9419
176.045 0.2074 0.0816 0.9290
176.085 0.2032 0.0825 0.9368
176.125 0.1989 0.0792 0.9126
176.166 0.1952 0.0832 0.9236
176.206 0.1924 0.0817 0.9191
176.247 0.1871 0.0800 0.9026
176.286 0.1873 0.0783 0.9127
176.326 0.1837 0.0871 0.9189
176.367 0.1823 0.0849 0.8973
176.406 0.1853 0.0827 0.8747
176.446 0.1838 0.0834 0.9007
176.487 0.1850 0.0815 0.8803
176.527 0.1886 0.0828 0.9008
176.568 0.1937 0.0848 0.8965
176.607 0.1968 0.0852 0.9203
176.644 0.1965 0.0824 0.8935
176.689 0.1980 0.0818 0.8885
176.728 0.2001 0.0806 0.8775
176.768 0.2009 0.0812 0.8755
176.808 0.1992 0.0813 0.8559
176.845 0.1993 0.0804 0.8979
176.889 0.1951 0.0800 0.8815
176.929 0.1944 0.0802 0.8590
176.969 0.1916 0.0809 0.8859
177.009 0.1894 0.0818 0.9065
177.049 0.1897 0.0812 0.8723
177.089 0.1865 0.0830 0.8897
177.129 0.1890 0.0818 0.8460
177.169 0.1880 0.0825 0.8542
177.209 0.1895 0.0832 0.8771
177.250 0.1856 0.0842 0.8782
177.289 0.1817 0.0838 0.9053
177.331 0.1772 0.0839 0.8719
177.371 0.1767 0.0810 0.9017
177.411 0.1771 0.0816 0.9082
177.450 0.1819 0.0864 0.9189
177.488 0.1802 0.0850 0.9491
177.532 0.1776 0.0872 0.9107
177.572 0.1759 0.0808 0.8935
177.612 0.1707 0.0816 0.8935
177.652 0.1711 0.0860 0.8869
177.689 0.1703 0.0859 0.8674
177.733 0.1681 0.0816 0.8697
177.773 0.1746 0.0844 0.9051
177.812 0.1785 0.0861 0.8723
177.852 0.1808 0.0844 0.8682
177.892 0.1848 0.0866 0.8953
177.933 0.1789 0.0809 0.8605
177.973 0.1783 0.0797 0.8839
178.013 0.1806 0.0793 0.8677
178.053 0.1814 0.0796 0.9137
178.092 0.1848 0.0797 0.8923
178.132 0.1817 0.0840 0.8799
178.173 0.1794 0.0825 0.8712
178.214 0.1800 0.0788 0.8636
178.254 0.1745 0.0788 0.8891
178.293 0.1746 0.0803 0.8930
178.332 0.1760 0.0844 0.8469
178.375 0.1748 0.0829 0.8813
178.415 0.1756 0.0818 0.9293
178.455 0.1816 0.0783 0.9021
178.495 0.1835 0.0792 0.8681
178.532 0.1833 0.0792 0.8970
178.577 0.1851 0.0813 0.9060
178.616 0.1885 0.0805 0.9056
178.656 0.1936 0.0793 0.9182
178.696 0.1935 0.0784 0.8629
178.736 0.1951 0.0774 0.8979
178.776 0.1930 0.0799 0.9257
178.816 0.1919 0.0790 0.9403
178.857 0.1895 0.0768 0.8898
178.897 0.1906 0.0779 0.8640
178.936 0.1887 0.0778 0.9434
178.976 0.1831 0.0799 0.9193
179.017 0.1813 0.0817 0.9013
179.057 0.1761 0.0789 0.9432
179.097 0.1736 0.0774 0.9194
179.137 0.1702 0.0798 0.9223
179.174 0.1661 0.0777 0.9272
179.219 0.1650 0.0771 0.9109
179.258 0.1663 0.0765 0.9428
179.298 0.1656 0.0767 0.9222
179.338 0.1671 0.0760 0.8959
179.375 0.1668 0.0749 0.9098
179.419 0.1641 0.0767 0.9108
179.459 0.1680 0.0793 0.9529
179.500 0.1685 0.0783 0.9283
179.540 0.1662 0.0789 0.9423
179.579 0.1681 0.0799 0.9423
179.620 0.1662 0.0780 0.9233
179.660 0.1687 0.0800 0.9203
179.700 0.1756 0.0812 0.8976
179.740 0.1745 0.0765 0.9251
179.780 0.1775 0.0777 0.9218
179.819 0.1817 0.0763 0.9532
179.860 0.1883 0.0804 0.9423
179.901 0.1946 0.0814 0.8963
179.941 0.1921 0.0794 0.9077
179.980 0.1885 0.0769 0.9441
180.018 0.1905 0.0760 0.9089
180.062 0.1931 0.0788 0.8978
180.102 0.1971 0.0771 0.9262
180.142 0.1994 0.0766 0.9165
180.181 0.1984 0.0772 0.9069
180.218 0.1987 0.0743 0.9029
180.263 0.2021 0.0743 0.8807
180.302 0.1989 0.0797 0.8839
180.342 0.1955 0.0775 0.9376
180.382 0.1921 0.0768 0.8783
180.422 0.1907 0.0743 0.9094
180.463 0.1978 0.0759 0.8678
180.503 0.2010 0.0771 0.8655
180.543 0.2017 0.0786 0.8967
180.584 0.2023 0.0754 0.8941
180.623 0.2071 0.0779 0.9126
180.663 0.2080 0.0767 0.9350
180.704 0.2136 0.0792 0.9213
180.745 0.2158 0.0787 0.9157
180.785 0.2211 0.0808 0.9079
180.824 0.2273 0.0795 0.8943
180.861 0.2297 0.0773 0.9004
180.906 0.2390 0.0748 0.9120
180.945 0.2382 0.0800 0.9470
180.985 0.2369 0.0781 0.9239
181.025 0.2357 0.0793 0.9331
181.062 0.2292 0.0789 0.9022
181.106 0.2238 0.0782 0.9159
181.146 0.2200 0.0807 0.9311
181.186 0.2129 0.0865 0.9257
181.226 0.2075 0.0878 0.9061
181.265 0.2058 0.0821 0.9351
181.306 0.1970 0.0834 0.8696
181.346 0.1934 0.0847 0.8578
181.386 0.1897 0.0902 0.8711
181.427 0.1878 0.0887 0.8969
181.466 0.1886 0.0861 0.8853
181.505 0.1924 0.0847 0.8822
181.547 0.2018 0.0803 0.8845
181.587 0.2051 0.0842 0.8729
181.627 0.2120 0.0845 0.8938
181.667 0.2216 0.0828 0.9112
181.705 0.2251 0.0824 0.9152
181.749 0.2305 0.0815 0.9498
181.789 0.2342 0.0819 0.8988
181.829 0.2382 0.0807 0.9104
181.869 0.2365 0.0832 0.9194
181.906 0.2336 0.0846 0.9195
181.950 0.2354 0.0863 0.8699
181.989 0.2353 0.0847 0.8658
182.029 0.2296 0.0856 0.8909
182.069 0.2217 0.0836 0.9074
182.109 0.2170 0.0843 0.8945
182.150 0.2055 0.0818 0.8909
182.190 0.2020 0.0797 0.9367
182.230 0.1950 0.0773 0.9278
182.270 0.1904 0.0768 0.9201
182.310 0.1856 0.0788 0.8892
182.349 0.1816 0.0792 0.9125
182.390 0.1786 0.0802 0.9172
182.431 0.1758 0.0794 0.9485
182.471 0.1731 0.0785 0.9217
182.510 0.1700 0.0789 0.9184
182.548 0.1758 0.0735 0.8877
182.592 0.1813 0.0728 0.9058
182.631 0.1864 0.0751 0.9139
182.671 0.1897 0.0725 0.9069
182.711 0.1967 0.0742 0.9018
182.749 0.2002 0.0716 0.9282
182.792 0.2022 0.0719 0.8802
182.833 0.2057 0.0758 0.8935
182.873 0.2143 0.0740 0.8793
182.913 0.2183 0.0776 0.8965
182.953 0.2152 0.0755 0.9250
182.994 0.2127 0.0703 0.9310
183.034 0.2101 0.0702 0.8840
183.074 0.2071 0.0715 0.8854
183.114 0.2066 0.0730 0.9261
183.153 0.2083 0.0731 0.9069
183.192 0.2060 0.0731 0.9238
183.234 0.2030 0.0730 0.8916
183.274 0.2046 0.0716 0.8916
183.315 0.2040 0.0730 0.8943
183.354 0.2023 0.0751 0.9398
183.391 0.1979 0.0740 0.8849
183.435 0.2017 0.0758 0.8989
183.475 0.2062 0.0726 0.9109
183.515 0.2134 0.0727 0.9087
183.555 0.2215 0.0747 0.9524
183.592 0.2218 0.0735 0.9248
183.636 0.2188 0.0752 0.9090
183.675 0.2162 0.0740 0.9187
183.716 0.2178 0.0758 0.8865
183.755 0.2199 0.0748 0.9068
183.795 0.2248 0.0763 0.9075
183.836 0.2194 0.0783 0.9052
183.876 0.2216 0.0754 0.9092
183.917 0.2224 0.0744 0.9054
183.957 0.2228 0.0736 0.8774
183.997 0.2203 0.0756 0.8722
184.036 0.2102 0.0772 0.8806
184.078 0.2064 0.0745 0.8936
184.118 0.2098 0.0717 0.9233
184.158 0.2141 0.0720 0.8597
184.197 0.2158 0.0730 0.8775
184.235 0.2126 0.0749 0.8895
184.279 0.2049 0.0743 0.9209
184.319 0.2087 0.0723 0.9063
184.359 0.2100 0.0724 0.8776
184.398 0.2111 0.0702 0.9028
184.435 0.2159 0.0699 0.8823
184.479 0.2176 0.0707 0.8801
184.519 0.2272 0.0688 0.8589
184.559 0.2349 0.0665 0.9252
184.599 0.2354 0.0678 0.8642
184.639 0.2356 0.0686 0.8523
184.680 0.2341 0.0717 0.8874
184.720 0.2391 0.0728 0.9093
184.761 0.2472 0.0689 0.9186
184.800 0.2482 0.0711 0.9122
184.839 0.2522 0.0749 0.8789
184.879 0.2497 0.0740 0.9051
184.920 0.2461 0.0725 0.9372
184.961 0.2435 0.0757 0.9042
185.001 0.2394 0.0693 0.9173
185.041 0.2326 0.0706 0.8764
185.079 0.2247 0.0720 0.9291
185.123 0.2146 0.0782 0.8879
185.162 0.2101 0.0731 0.9270
185.202 0.2059 0.0721 0.8849
185.242 0.1954 0.0720 0.9009
185.279 0.1903 0.0725 0.9239
185.323 0.1807 0.0729 0.9429
185.363 0.1772 0.0740 0.8824
185.403 0.1745 0.0741 0.9042
185.443 0.1691 0.0727 0.9169
185.483 0.1648 0.0719 0.8565
185.523 0.1610 0.0726 0.9097
185.563 0.1639 0.0734 0.8933
185.604 0.1685 0.0739 0.8983
185.644 0.1719 0.0728 0.8637
185.683 0.1698 0.0733 0.8962
185.723 0.1674 0.0734 0.8923
185.764 0.1700 0.0750 0.8712
185.804 0.1724 0.0758 0.8845
185.844 0.1778 0.0728 0.8653
185.884 0.1797 0.0726 0.9569
185.921 0.1807 0.0722 0.9233
185.965 0.1821 0.0739 0.9467
186.005 0.1814 0.0735 0.9319
186.045 0.1849 0.0752 0.9159
186.085 0.1839 0.0748 0.9233
186.122 0.1792 0.0743 0.9053
186.167 0.1782 0.0762 0.9053
186.206 0.1804 0.0760 0.8831
186.246 0.1792 0.0760 0.9181
186.286 0.1793 0.0753 0.9183
186.326 0.1766 0.0734 0.9209
186.367 0.1717 0.0771 0.9067
186.407 0.1723 0.0750 0.9184
186.447 0.1704 0.0757 0.8849
186.487 0.1733 0.0752 0.8849
186.526 0.1704 0.0754 0.9281
186.566 0.1669 0.0740 0.9413
186.607 0.1742 0.0760 0.9464
186.648 0.1721 0.0778 0.8925
186.688 0.1694 0.0778 0.9063
186.727 0.1721 0.0722 0.9153
186.765 0.1740 0.0725 0.8949
186.809 0.1760 0.0736 0.8699
186.849 0.1813 0.0772 0.8773
186.888 0.1812 0.0768 0.8785
186.928 0.1815 0.0739 0.9142
186.965 0.1833 0.0757 0.8942
187.010 0.1866 0.0749 0.8801
187.049 0.1925 0.0766 0.9097
187.089 0.1961 0.0801 0.9175
187.129 0.2021 0.0756 0.8907
187.169 0.2129 0.0746 0.8566
187.210 0.2162 0.0761 0.8653
187.250 0.2179 0.0747 0.8563
187.291 0.2206 0.0772 0.9082
187.331 0.2197 0.0748 0.9105
187.370 0.2225 0.0736 0.8738
187.410 0.2262 0.0716 0.8866
187.451 0.2253 0.0732 0.8663
187.491 0.2259 0.0718 0.9142
187.532 0.2264 0.0736 0.9126
187.571 0.2222 0.0729 0.9076
187.608 0.2170 0.0730 0.8916
187.652 0.2153 0.0714 0.8878
187.692 0.2129 0.0724 0.8797
187.732 0.2126 0.0723 0.9233
187.772 0.2098 0.0736 0.9192
187.809 0.2077 0.0739 0.9142
187.853 0.2063 0.0735 0.9277
187.893 0.1991 0.0739 0.9146
187.933 0.2004 0.0756 0.9272
187.973 0.1986 0.0760 0.9343
188.013 0.1945 0.0732 0.9314
188.053 0.1929 0.0739 0.9108
188.093 0.1921 0.0710 0.8995
188.134 0.1856 0.0709 0.9158
188.173 0.1841 0.0727 0.9058
188.213 0.1834 0.0713 0.8809
188.252 0.1785 0.0726 0.9139
188.294 0.1731 0.0700 0.9372
188.334 0.1667 0.0707 0.8898
188.375 0.1668 0.0755 0.8732
188.415 0.1626 0.0754 0.8875
188.452 0.1546 0.0764 0.8863
188.496 0.1488 0.0765 0.8973
188.536 0.1399 0.0761 0.9023
188.576 0.1381 0.0773 0.8692
188.615 0.1350 0.0792 0.8973
188.653 0.1312 0.0762 0.9173
188.697 0.1250 0.0771 0.9167
188.736 0.1205 0.0748 0.8933
188.776 0.1221 0.0755 0.8986
188.816 0.1154 0.0794 0.8926
188.856 0.1073 0.0765 0.8682
188.897 0.1007 0.0747 0.8435
188.937 0.0988 0.0761 0.8506
188.977 0.0961 0.0749 0.8457
189.017 0.0976 0.0741 0.8797
189.056 0.0924 0.0741 0.8773
189.096 0.0870 0.0767 0.8617
189.137 0.0833 0.0767 0.8541
189.178 0.0788 0.0757 0.8509
189.218 0.0770 0.0735 0.8225
189.257 0.0682 0.0787 0.8562
189.295 0.0647 0.0763 0.8713
189.339 0.0656 0.0747 0.8619
189.378 0.0673 0.0729 0.8563
189.418 0.0713 0.0736 0.8197
189.459 0.0693 0.0768 0.8229
189.496 0.0637 0.0763 0.8137
189.540 0.0564 0.0756 0.8197
189.580 0.0525 0.0736 0.8097
189.620 0.0501 0.0725 0.8375
189.660 0.0491 0.0759 0.8456
189.700 0.0475 0.0771 0.8369
189.741 0.0469 0.0759 0.8456
189.781 0.0497 0.0763 0.8444
189.821 0.0522 0.0739 0.8541
189.861 0.0552 0.0781 0.8494
189.900 0.0521 0.0756 0.8541
189.940 0.0509 0.0768 0.8432
189.981 0.0589 0.0750 0.8595
190.021 0.0706 0.0748 0.8399
190.061 0.0811 0.0733 0.8399
190.101 0.0926 0.0785 0.8246
190.138 0.1003 0.0798 0.8323
190.182 0.1087 0.0788 0.8697
190.222 0.1178 0.0751 0.8275
190.262 0.1253 0.0722 0.8309
190.302 0.1339 0.0705 0.8399
190.339 0.1378 0.0795 0.8513
190.383 0.1440 0.0769 0.8746
190.423 0.1542 0.0769 0.8796
190.463 0.1605 0.0757 0.8746
190.503 0.1598 0.0800 0.8773
190.542 0.1594 0.0775 0.8749
190.584 0.1564 0.0788 0.8871
190.624 0.1536 0.0787 0.8883
190.664 0.1494 0.0800 0.8763
190.704 0.1475 0.0779 0.8673
190.743 0.1474 0.0797 0.8544
190.783 0.1403 0.0812 0.8779
190.824 0.1363 0.0787 0.8893
190.865 0.1327 0.0767 0.8542
190.905 0.1279 0.0767 0.8787
190.944 0.1249 0.0764 0.8890
190.982 0.1223 0.0786 0.9047
191.026 0.1259 0.0796 0.9020
191.065 0.1320 0.0813 0.8612
191.105 0.1404 0.0792 0.8303
191.145 0.1490 0.0799 0.8513
191.182 0.1555 0.0799 0.8471
191.226 0.1526 0.0815 0.8707
191.266 0.1567 0.0785 0.8895
191.306 0.1616 0.0793 0.8787
191.346 0.1655 0.0777 0.8951
191.386 0.1685 0.0826 0.8707
191.427 0.1681 0.0833 0.8671
191.467 0.1712 0.0865 0.8681
191.507 0.1705 0.0827 0.8656
191.547 0.1696 0.0846 0.8727
191.586 0.1643 0.0844 0.8930
191.626 0.1576 0.0865 0.8739
191.667 0.1530 0.0883 0.8403
191.708 0.1557 0.0884 0.8663
191.748 0.1578 0.0857 0.8952
191.788 0.1581 0.0867 0.8857
191.825 0.1545 0.0894 0.8890
191.870 0.1568 0.0888 0.8906
191.909 0.1614 0.0882 0.9066
191.949 0.1629 0.0891 0.9032
191.989 0.1678 0.0833 0.9100
192.026 0.1681 0.0857 0.8797
192.070 0.1671 0.0881 0.8739
192.110 0.1710 0.0901 0.9143
192.150 0.1735 0.0854 0.9216
192.190 0.1741 0.0871 0.8913
192.229 0.1784 0.0876 0.9032
192.270 0.1775 0.0901 0.8843
192.310 0.1806 0.0905 0.9310
192.350 0.1796 0.0897 0.8883
192.391 0.1774 0.0862 0.8693
192.430 0.1758 0.0887 0.8676
192.469 0.1749 0.0876 0.9139
192.511 0.1734 0.0913 0.9348
192.551 0.1729 0.0896 0.8633
192.591 0.1704 0.0871 0.9038
192.631 0.1680 0.0863 0.9022
192.668 0.1665 0.0882 0.8790
192.712 0.1640 0.0871 0.9248
192.752 0.1647 0.0880 0.8873
192.792 0.1633 0.0884 0.8936
192.832 0.1680 0.0905 0.8736
192.869 0.1693 0.0878 0.8765
192.914 0.1732 0.0882 0.9089
192.953 0.1741 0.0882 0.8745
192.993 0.1769 0.0870 0.9192
193.033 0.1802 0.0871 0.8974
193.073 0.1798 0.0857 0.9079
193.114 0.1802 0.0838 0.8814
193.154 0.1856 0.0859 0.9210
193.194 0.1839 0.0859 0.9171
193.234 0.1798 0.0873 0.9171
193.273 0.1789 0.0847 0.9302
193.313 0.1809 0.0824 0.9000
193.355 0.1844 0.0829 0.8947
193.395 0.1844 0.0856 0.9201
193.435 0.1837 0.0839 0.9185
193.474 0.1846 0.0841 0.9237
193.512 0.1847 0.0823 0.9089
193.556 0.1920 0.0836 0.8963
193.595 0.1980 0.0845 0.8933
193.635 0.1996 0.0825 0.9466
193.675 0.2045 0.0810 0.8847
193.712 0.2080 0.0810 0.9105
193.756 0.2153 0.0823 0.9385
193.796 0.2148 0.0847 0.9266
193.836 0.2091 0.0852 0.9361
193.876 0.2048 0.0851 0.8876
193.917 0.2027 0.0855 0.8948
193.958 0.2029 0.0820 0.9236
193.998 0.1971 0.0845 0.9421
194.038 0.1932 0.0877 0.9249
194.078 0.1890 0.0877 0.9211
194.117 0.1850 0.0861 0.9121
194.157 0.1790 0.0859 0.9035
194.198 0.1792 0.0861 0.8859
194.238 0.1798 0.0858 0.8991
194.278 0.1842 0.0872 0.9175
194.318 0.1879 0.0862 0.9389
194.355 0.1915 0.0859 0.9102
194.400 0.1959 0.0855 0.9164
194.439 0.1938 0.0860 0.9149
194.479 0.1958 0.0876 0.9027
194.519 0.1915 0.0882 0.9179
194.556 0.1895 0.0854 0.8957
194.600 0.1870 0.0875 0.8859
194.640 0.1866 0.0862 0.9199
194.680 0.1854 0.0899 0.9407
194.719 0.1840 0.0910 0.9407
194.759 0.1773 0.0923 0.9239
194.800 0.1726 0.0893 0.8979
194.840 0.1729 0.0877 0.9381
194.880 0.1752 0.0884 0.9323
194.920 0.1739 0.0935 0.9107
194.960 0.1729 0.0916 0.8645
195.000 0.1756 0.0878 0.9155
195.042 0.1783 0.0840 0.9160
195.082 0.1744 0.0885 0.8968
195.122 0.1717 0.0903 0.8957
195.162 0.1686 0.0928 0.9208
195.199 0.1664 0.0868 0.8948
195.243 0.1673 0.0846 0.8936
195.283 0.1674 0.0842 0.8785
195.323 0.1677 0.0880 0.8738
195.362 0.1650 0.0894 0.9099
195.399 0.1652 0.0882 0.8782
195.443 0.1681 0.0902 0.8846
195.483 0.1726 0.0885 0.9239
195.523 0.1725 0.0926 0.8846
195.563 0.1813 0.0929 0.9018
195.603 0.1873 0.0903 0.9252
195.644 0.1929 0.0910 0.8898
195.684 0.1947 0.0873 0.8870
195.724 0.1937 0.0901 0.8686
195.764 0.1941 0.0962 0.9033
195.803 0.1938 0.0913 0.9080
195.843 0.1925 0.0905 0.9256
195.884 0.1936 0.0891 0.9199
195.925 0.1904 0.0908 0.8960
195.965 0.1849 0.0930 0.8920
196.004 0.1843 0.0930 0.8908
196.042 0.1806 0.0920 0.8911
196.086 0.1838 0.0884 0.9173
196.125 0.1883 0.0904 0.8800
196.166 0.1892 0.0915 0.8541
196.206 0.1895 0.0941 0.8703
196.243 0.1894 0.0944 0.9312
196.287 0.1879 0.0915 0.8673
196.327 0.1879 0.0893 0.8923
196.367 0.1847 0.0887 0.8849
196.407 0.1858 0.0924 0.8987
196.446 0.1857 0.0881 0.8952
196.487 0.1870 0.0879 0.9376
196.527 0.1878 0.0888 0.9299
196.568 0.1798 0.0931 0.9052
196.608 0.1688 0.0897 0.8729
196.647 0.1667 0.0934 0.8777
196.687 0.1648 0.0901 0.8932
196.728 0.1651 0.0915 0.8665
196.768 0.1662 0.0903 0.8692
196.808 0.1643 0.0898 0.8673
196.848 0.1647 0.0887 0.8460
196.885 0.1613 0.0907 0.8613
196.930 0.1608 0.0907 0.8423
196.969 0.1592 0.0934 0.8933
197.009 0.1556 0.0885 0.8695
197.048 0.1585 0.0906 0.8682
197.085 0.1629 0.0919 0.8785
197.130 0.1676 0.0917 0.8903
197.169 0.1771 0.0911 0.8999
197.209 0.1874 0.0883 0.8525
197.250 0.1932 0.0886 0.8785
197.290 0.1985 0.0880 0.8809
197.331 0.1974 0.0885 0.9039
197.371 0.2012 0.0945 0.8755
197.411 0.2047 0.0945 0.8753
197.451 0.2077 0.0851 0.8865
197.490 0.2093 0.0895 0.8726
197.530 0.2091 0.0918 0.8989
197.571 0.2103 0.0928 0.8652
197.612 0.2070 0.0919 0.8519
197.652 0.2002 0.0893 0.8845
197.691 0.1912 0.0888 0.8793
197.729 0.1815 0.0883 0.8845
197.773 0.1745 0.0892 0.8598
197.812 0.1738 0.0888 0.8598
197.853 0.1740 0.0897 0.8685
197.892 0.1749 0.0922 0.8834
197.929 0.1727 0.0916 0.9143
197.973 0.1704 0.0943 0.8778
198.013 0.1708 0.0936 0.8709
198.053 0.1739 0.0910 0.8732
198.093 0.1772 0.0924 0.8768
198.133 0.1744 0.0933 0.8629
198.174 0.1704 0.0977 0.8870
198.214 0.1778 0.0971 0.8326
198.254 0.1835 0.0947 0.8249
198.294 0.1897 0.0929 0.8283
198.334 0.1927 0.0938 0.8578
198.374 0.1882 0.0969 0.8519
198.415 0.1905 0.0960 0.8345
198.455 0.1933 0.0955 0.8769
198.496 0.1958 0.0936 0.8807
198.535 0.1925 0.0906 0.9091
198.573 0.1867 0.0932 0.8747
198.617 0.1881 0.0935 0.8883
198.656 0.1888 0.0907 0.8732
198.696 0.1807 0.0876 0.8717
198.736 0.1708 0.0904 0.8747
198.773 0.1655 0.0876 0.8803
198.817 0.1556 0.0894 0.8756
198.857 0.1538 0.0899 0.8822
198.896 0.1462 0.0898 0.9032
198.937 0.1401 0.0881 0.9077
198.977 0.1312 0.0902 0.8662
199.017 0.1249 0.0882 0.8613
199.057 0.1199 0.0954 0.8752
199.097 0.1163 0.0888 0.8963
199.138 0.1153 0.0872 0.8887
199.177 0.1159 0.0860 0.8970
199.217 0.1199 0.0890 0.8641
199.258 0.1214 0.0872 0.8951
199.298 0.1223 0.0893 0.8701
199.338 0.1218 0.0865 0.8911
199.378 0.1276 0.0879 0.8951
199.416 0.1292 0.0891 0.9053
199.459 0.1328 0.0911 0.8380
199.500 0.1353 0.0929 0.8706
199.540 0.1416 0.0907 0.8758
199.579 0.1427 0.0905 0.8993
199.616 0.1405 0.0920 0.8719
199.661 0.1397 0.0914 0.8805
199.701 0.1394 0.0927 0.9007
199.740 0.1382 0.0909 0.8935
199.780 0.1358 0.0936 0.9001
199.820 0.1333 0.0901 0.9010
199.861 0.1301 0.0927 0.9102
199.955 0.1214 0.0923 0.9209
199.981 0.1201 0.0943 0.8987
200.020 0.1188 0.0904 0.8987
200.060 0.1170 0.0910 0.8693
200.100 0.1112 0.0933 0.8571
200.141 0.1055 0.0954 0.8677
200.182 0.1051 0.0952 0.8882
200.222 0.1009 0.0966 0.9177
200.261 0.0966 0.0914 0.8728
200.299 0.0981 0.0901 0.8717
200.343 0.0960 0.0934 0.8754
200.382 0.0996 0.0939 0.8855
200.422 0.1049 0.0919 0.8789
200.462 0.1056 0.0934 0.8789
200.500 0.1069 0.0892 0.9040
200.543 0.1089 0.0919 0.8907
200.584 0.1162 0.0919 0.8623
200.624 0.1249 0.0933 0.8719
200.664 0.1267 0.0911 0.8781
200.704 0.1302 0.0914 0.9145
200.744 0.1347 0.0918 0.8695
200.784 0.1361 0.0921 0.9037
200.825 0.1377 0.0921 0.9034
200.865 0.1374 0.0933 0.8819
200.904 0.1323 0.0931 0.8725
200.943 0.1317 0.0918 0.8981
200.985 0.1323 0.0936 0.8822
201.025 0.1315 0.0968 0.8961
201.065 0.1382 0.0952 0.9083
201.105 0.1404 0.0963 0.9090
201.142 0.1410 0.0957 0.8536
201.186 0.1416 0.0958 0.8552
201.226 0.1407 0.0961 0.8793
201.266 0.1435 0.0932 0.8793
201.306 0.1449 0.0927 0.8833
201.343 0.1460 0.0930 0.8516
201.387 0.1472 0.0930 0.8325
201.426 0.1519 0.0933 0.9100
201.467 0.1549 0.0954 0.9100
201.507 0.1548 0.0899 0.9125
201.546 0.1485 0.0904 0.8886
201.587 0.1464 0.0905 0.8746
201.627 0.1478 0.0930 0.8962
201.667 0.1470 0.0947 0.8962
201.708 0.1549 0.0956 0.8912
201.748 0.1550 0.0948 0.8703
201.787 0.1551 0.0921 0.9055
201.829 0.1583 0.0917 0.8906
201.869 0.1620 0.0924 0.8973
201.909 0.1664 0.0909 0.9132
201.949 0.1632 0.0913 0.9122
201.986 0.1627 0.0942 0.8962
202.030 0.1688 0.0924 0.9109
202.069 0.1716 0.0990 0.8789
202.110 0.1722 0.0979 0.8986
202.149 0.1745 0.0993 0.8932
202.187 0.1706 0.0948 0.8673
202.231 0.1678 0.0951 0.8883
202.270 0.1668 0.0942 0.9092
202.310 0.1622 0.0932 0.9298
202.350 0.1632 0.0941 0.8899
202.390 0.1553 0.0904 0.8852
202.431 0.1526 0.0894 0.9250
202.471 0.1541 0.0910 0.9077
202.511 0.1531 0.0922 0.9388
202.551 0.1491 0.0904 0.9233
202.590 0.1475 0.0928 0.8913
202.630 0.1451 0.0906 0.8869
202.671 0.1482 0.0893 0.8849
202.712 0.1540 0.0908 0.9153
202.752 0.1569 0.0909 0.9166
202.792 0.1623 0.0927 0.8977
202.830 0.1603 0.0893 0.9211
202.874 0.1654 0.0895 0.8839
202.913 0.1757 0.0878 0.8888
202.953 0.1857 0.0867 0.9199
202.993 0.1899 0.0920 0.9042
203.030 0.1928 0.0875 0.9263
203.074 0.2030 0.0891 0.9327
203.114 0.2119 0.0886 0.9102
203.154 0.2202 0.0879 0.9443
203.194 0.2250 0.0922 0.9132
203.234 0.2267 0.0867 0.9133
203.274 0.2270 0.0901 0.9003
203.314 0.2339 0.0870 0.8783
203.355 0.2417 0.0889 0.8709
203.395 0.2420 0.0893 0.8939
203.434 0.2342 0.0885 0.9007
203.474 0.2308 0.0979 0.9019
203.515 0.2379 0.0952 0.8601
203.555 0.2387 0.0912 0.8804
203.595 0.2392 0.0908 0.8744
203.635 0.2367 0.0912 0.8804
203.673 0.2309 0.0877 0.9052
203.716 0.2278 0.0861 0.9031
203.756 0.2313 0.0830 0.8979
203.796 0.2389 0.0875 0.9006
203.835 0.2371 0.0909 0.8945
203.873 0.2320 0.0909 0.8965
203.917 0.2351 0.0860 0.8952
203.957 0.2403 0.0876 0.9060
203.997 0.2370 0.0837 0.8808
204.037 0.2328 0.0835 0.8901
204.077 0.2279 0.0869 0.9264
204.118 0.2259 0.0872 0.8689
204.158 0.2270 0.0870 0.8838
204.198 0.2279 0.0850 0.8713
204.238 0.2311 0.0924 0.8751
204.278 0.2244 0.0942 0.8816
204.317 0.2195 0.0929 0.8783
204.358 0.2177 0.0896 0.8956
204.400 0.2147 0.0898 0.8567
204.439 0.2086 0.0895 0.9169
204.478 0.2051 0.0886 0.8966
204.515 0.1994 0.0915 0.8877
204.560 0.1921 0.0900 0.8634
204.599 0.1891 0.0895 0.9026
204.639 0.1861 0.0912 0.8967
204.679 0.1865 0.0942 0.8592
204.716 0.1821 0.0952 0.9132
204.760 0.1763 0.0933 0.9193
204.800 0.1703 0.0933 0.8934
204.840 0.1679 0.0934 0.8750
204.880 0.1675 0.0943 0.9108
204.919 0.1645 0.0967 0.8802
204.961 0.1601 0.0974 0.8793
205.000 0.1608 0.0933 0.8859
205.042 0.1636 0.0934 0.8761
205.082 0.1652 0.0926 0.8645
205.121 0.1659 0.1007 0.8982
205.161 0.1590 0.1018 0.8688
205.202 0.1565 0.0968 0.9284
205.242 0.1588 0.0937 0.8955
205.282 0.1614 0.0914 0.8639
205.322 0.1692 0.0920 0.8941
205.359 0.1703 0.0972 0.8914
205.404 0.1743 0.0921 0.8652
205.443 0.1813 0.0915 0.8908
205.483 0.1859 0.0919 0.8719
205.523 0.1908 0.0918 0.8681
205.560 0.1918 0.0909 0.8857
205.604 0.1920 0.0912 0.8952
205.644 0.1943 0.0905 0.8932
205.684 0.1987 0.0917 0.8698
205.724 0.1963 0.0830 0.8929
205.763 0.1963 0.0848 0.9066
205.804 0.1903 0.0862 0.8961
205.844 0.1851 0.0856 0.9167
205.884 0.1845 0.0840 0.8725
205.924 0.1859 0.0872 0.9281
205.963 0.1866 0.0861 0.8974
206.003 0.1830 0.0882 0.9035
206.044 0.1836 0.0876 0.9179
206.085 0.1788 0.0876 0.9179
206.125 0.1781 0.0835 0.8948
206.165 0.1798 0.0835 0.8948
206.203 0.1784 0.0885 0.9053
206.247 0.1762 0.0884 0.9228
206.286 0.1785 0.0874 0.9088
206.326 0.1836 0.0870 0.9108
206.366 0.1892 0.0827 0.9042
206.403 0.1941 0.0846 0.9368
206.448 0.1965 0.0846 0.9170
206.487 0.2004 0.0837 0.9392
206.527 0.2019 0.0819 0.9198
206.567 0.2071 0.0844 0.8948
206.607 0.2106 0.0825 0.9276
206.648 0.2131 0.0818 0.9145
206.688 0.2149 0.0839 0.8923
206.728 0.2152 0.0787 0.9129
206.768 0.2168 0.0801 0.9196
206.807 0.2209 0.0796 0.8996
206.847 0.2222 0.0807 0.8863
206.888 0.2237 0.0799 0.8971
206.929 0.2234 0.0771 0.9102
206.969 0.2258 0.0763 0.8973
207.008 0.2302 0.0780 0.9078
207.045 0.2300 0.0802 0.8903
207.090 0.2349 0.0784 0.8806
207.129 0.2351 0.0774 0.8683
207.169 0.2343 0.0778 0.8633
207.209 0.2409 0.0774 0.8805
207.247 0.2483 0.0797 0.8641
207.291 0.2454 0.0792 0.9240
207.330 0.2454 0.0805 0.8944
207.371 0.2440 0.0808 0.8601
207.411 0.2405 0.0780 0.8977
207.450 0.2398 0.0789 0.8706
207.491 0.2385 0.0806 0.8956
207.531 0.2379 0.0824 0.8613
207.572 0.2328 0.0815 0.8508
207.611 0.2335 0.0796 0.8556
207.651 0.2339 0.0836 0.8688
207.690 0.2308 0.0806 0.8427
207.732 0.2222 0.0799 0.9179
207.772 0.2165 0.0817 0.8887
207.812 0.2158 0.0793 0.9266
207.852 0.2115 0.0782 0.9007
207.889 0.2044 0.0798 0.9231
207.934 0.2046 0.0828 0.8832
207.973 0.1996 0.0805 0.9149
208.013 0.1963 0.0817 0.8865
208.052 0.1988 0.0776 0.9005
208.089 0.1983 0.0811 0.9007
208.134 0.1975 0.0781 0.9364
208.173 0.1979 0.0822 0.8682
208.214 0.2005 0.0774 0.9112
208.253 0.2024 0.0791 0.9076
208.292 0.2022 0.0762 0.9252
208.334 0.2007 0.0787 0.9085
208.375 0.2088 0.0809 0.8998
208.415 0.2111 0.0790 0.8991
208.455 0.2146 0.0802 0.9250
208.494 0.2184 0.0771 0.9047
208.534 0.2207 0.0770 0.9047
208.575 0.2214 0.0803 0.8988
208.616 0.2190 0.0778 0.9209
208.656 0.2206 0.0784 0.9189
208.695 0.2219 0.0756 0.9255
208.733 0.2238 0.0735 0.9110
208.777 0.2300 0.0761 0.9213
208.816 0.2338 0.0764 0.9258
208.857 0.2351 0.0787 0.9356
208.896 0.2362 0.0797 0.9108
208.933 0.2348 0.0778 0.8921
208.977 0.2284 0.0793 0.8977
209.017 0.2297 0.0808 0.9291
209.057 0.2274 0.0791 0.9373
209.097 0.2295 0.0789 0.9124
209.137 0.2321 0.0766 0.8936
209.178 0.2331 0.0778 0.9250
209.218 0.2306 0.0753 0.9076
209.258 0.2320 0.0811 0.9123
209.298 0.2319 0.0788 0.9232
209.337 0.2333 0.0766 0.9058
209.377 0.2321 0.0753 0.9025
209.418 0.2350 0.0734 0.9126
209.459 0.2388 0.0766 0.9126
209.499 0.2367 0.0757 0.8920
209.539 0.2357 0.0742 0.8819
209.576 0.2285 0.0741 0.8808
209.621 0.2188 0.0736 0.9371
209.660 0.2085 0.0775 0.9479
209.700 0.2022 0.0757 0.8988
209.740 0.1917 0.0793 0.9026
209.777 0.1799 0.0766 0.8967
209.821 0.1666 0.0737 0.8949
209.861 0.1534 0.0778 0.8679
209.901 0.1382 0.0804 0.9026
209.941 0.1211 0.0813 0.9123
209.980 0.1127 0.0798 0.8895
210.021 0.1033 0.0797 0.8979
210.061 0.1026 0.0781 0.9396
210.101 0.1050 0.0837 0.8767
210.141 0.1051 0.0844 0.9154
210.180 0.1055 0.0810 0.9154
210.220 0.1043 0.0809 0.8862
210.262 0.1134 0.0766 0.9093
210.302 0.1207 0.0793 0.8682
210.342 0.1262 0.0823 0.8988
210.381 0.1349 0.0833 0.9021
210.419 0.1470 0.0794 0.9139
210.463 0.1534 0.0771 0.9001
210.503 0.1590 0.0758 0.9171
210.543 0.1609 0.0814 0.8998
210.583 0.1578 0.0810 0.9292
210.621 0.1568 0.0805 0.9050
210.664 0.1577 0.0802 0.9210
210.704 0.1666 0.0795 0.8988
210.744 0.1666 0.0820 0.9284
210.784 0.1583 0.0824 0.8812
210.824 0.1554 0.0844 0.8579
210.865 0.1481 0.0826 0.8620
210.905 0.1410 0.0823 0.8620
210.945 0.1365 0.0819 0.8542
210.985 0.1333 0.0836 0.8792
211.024 0.1291 0.0859 0.8496
211.064 0.1242 0.0828 0.8656
211.105 0.1228 0.0844 0.8398
211.145 0.1180 0.0830 0.8243
211.185 0.1160 0.0839 0.8464
211.225 0.1114 0.0850 0.8464
211.262 0.1089 0.0862 0.8289
211.307 0.1085 0.0832 0.8289
211.346 0.1100 0.0852 0.8100
211.386 0.1073 0.0834 0.8080
211.426 0.1070 0.0846 0.7890
211.463 0.1040 0.0903 0.7850
211.507 0.0997 0.0877 0.8129
211.547 0.1032 0.0854 0.7524
211.587 0.1031 0.0858 0.7803
211.627 0.1028 0.0878 0.7803
211.667 0.0994 0.0898 0.7684
211.709 0.0941 0.0895 0.7684
211.748 0.0915 0.0864 0.7664
211.788 0.0922 0.0877 0.7664
211.828 0.0906 0.0888 0.7643
211.868 0.0916 0.0875 0.7664
211.907 0.0929 0.0875 0.7254
211.949 0.0956 0.0868 0.7254
211.989 0.0948 0.0863 0.7254
212.029 0.0966 0.0897 0.6988
212.069 0.0987 0.0897 0.7210
212.106 0.1014 0.0897 0.7190
212.150 0.1032 0.0897 0.7190
212.190 0.1038 0.0891 0.6980
212.230 0.1048 0.0886 0.6606
212.269 0.1029 0.0936 0.6778
212.306 0.1017 0.0928 0.6666
212.351 0.1054 0.0882 0.6280
212.390 0.1071 0.0871 0.6058
212.430 0.1054 0.0886 0.6142
212.470 0.1054 0.0870 0.6186
212.510 0.1066 0.0889 0.6238
212.551 0.1025 0.0877 0.6094
212.591 0.0992 0.0861 0.6246
212.631 0.0948 0.0848 0.6050
212.671 0.0906 0.0834 0.5884
212.710 0.0913 0.0936 0.5690
212.750 NaN 0.1165 0.5450
212.792 NaN 0.0916 0.5578
212.833 NaN 0.1015 0.5356
212.873 NaN 0.1013 0.5552
212.912 NaN 0.0834 0.5736
212.950 NaN 0.0834 0.5736
212.994 NaN 0.0860 0.5354
213.033 NaN 0.0758 0.9080
