8.497 NaN 0.0847 0.9195
8.536 NaN 0.0835 0.8737
8.576 NaN 0.0872 0.9148
8.616 NaN 0.0884 0.8929
8.653 NaN 0.0854 0.9126
8.697 NaN 0.0870 0.8937
8.737 NaN 0.0876 0.9118
8.777 0.1624 0.0875 0.9086
8.817 0.1590 0.0890 0.9055
8.857 0.1562 0.0902 0.8979
8.898 0.1539 0.0887 0.8914
8.937 0.1581 0.0877 0.9164
8.978 0.1622 0.0904 0.9146
9.018 0.1675 0.0906 0.9000
9.057 0.1701 0.0902 0.9091
9.097 0.1718 0.0875 0.9031
9.138 0.1780 0.0852 0.9467
9.178 0.1790 0.0858 0.9242
9.220 0.1814 0.0858 0.9295
9.258 0.1777 0.0850 0.9247
9.295 0.1761 0.0838 0.9311
9.339 0.1719 0.0821 0.9192
9.379 0.1700 0.0823 0.8982
9.419 0.1717 0.0820 0.9252
9.459 0.1705 0.0851 0.9322
9.496 0.1661 0.0857 0.9072
9.541 0.1593 0.0865 0.9195
9.580 0.1623 0.0856 0.8813
9.621 0.1605 0.0840 0.8931
9.660 0.1603 0.0841 0.9019
9.700 0.1542 0.0900 0.8722
9.741 0.1537 0.0838 0.9122
9.781 0.1494 0.0851 0.8700
9.821 0.1495 0.0783 0.8730
9.861 0.1546 0.0851 0.9197
9.900 0.1551 0.0799 0.9440
9.940 0.1486 0.0823 0.8763
9.981 0.1487 0.0804 0.9063
10.022 0.1522 0.0790 0.8962
10.062 0.1588 0.0792 0.8739
10.101 0.1632 0.0818 0.9220
10.139 0.1663 0.0813 0.9477
10.183 0.1748 0.0801 0.9303
10.223 0.1790 0.0782 0.9033
10.264 0.1863 0.0783 0.9142
10.302 0.1909 0.0776 0.9094
10.340 0.1933 0.0775 0.8881
10.384 0.1948 0.0758 0.8746
10.423 0.2037 0.0775 0.9101
10.463 0.2129 0.0757 0.9461
10.503 0.2227 0.0710 0.9075
10.543 0.2257 0.0731 0.9419
10.584 0.2253 0.0765 0.9450
10.625 0.2245 0.0768 0.9178
10.665 0.2221 0.0750 0.8993
10.705 0.2258 0.0729 0.9096
10.744 0.2315 0.0733 0.9148
10.784 0.2379 0.0776 0.9252
10.825 0.2452 0.0770 0.9161
10.866 0.2502 0.0760 0.8780
10.905 0.2545 0.0779 0.9173
10.945 0.2556 0.0776 0.8936
10.983 0.2557 0.0789 0.8892
11.027 0.2546 0.0805 0.8729
11.066 0.2568 0.0784 0.8651
11.106 0.2581 0.0760 0.9235
11.146 0.2590 0.0770 0.8863
11.183 0.2594 0.0770 0.8712
11.227 0.2530 0.0847 0.8723
11.267 0.2459 0.0817 0.8613
11.307 0.2361 0.0815 0.8359
11.347 0.2281 0.0817 0.8527
11.387 0.2194 0.0782 0.8653
11.428 0.2114 0.0802 0.8792
11.467 0.2055 0.0808 0.8939
11.507 0.1994 0.0856 0.8699
11.547 0.1936 0.0844 0.8519
11.587 0.1889 0.0826 0.8735
11.626 0.1833 0.0834 0.8807
11.668 0.1755 0.0819 0.8987
11.709 0.1735 0.0821 0.8785
11.749 0.1715 0.0826 0.9045
11.789 0.1704 0.0806 0.9145
11.827 0.1691 0.0794 0.9141
11.870 0.1652 0.0824 0.9010
11.910 0.1657 0.0855 0.8919
11.950 0.1635 0.0828 0.8977
11.989 0.1632 0.0829 0.9302
12.027 0.1650 0.0834 0.9157
12.071 0.1653 0.0824 0.9206
12.111 0.1663 0.0859 0.9480
12.150 0.1712 0.0865 0.9379
12.190 0.1732 0.0846 0.9379
12.230 0.1746 0.0821 0.8999
12.271 0.1792 0.0856 0.9109
12.311 0.1832 0.0845 0.9348
12.351 0.1893 0.0897 0.9106
12.391 0.1909 0.0878 0.9306
12.430 0.1926 0.0867 0.9031
12.470 0.1918 0.0851 0.9149
12.511 0.1921 0.0881 0.9161
12.552 0.1908 0.0892 0.9403
12.592 0.1877 0.0864 0.9235
12.631 0.1834 0.0864 0.9031
12.669 0.1796 0.0837 0.8847
12.713 0.1778 0.0845 0.8916
12.753 0.1749 0.0867 0.8946
12.792 0.1675 0.0893 0.9021
12.833 0.1621 0.0895 0.9176
12.870 0.1593 0.0847 0.8939
12.914 0.1586 0.0834 0.8939
12.954 0.1550 0.0857 0.9184
12.994 0.1513 0.0895 0.9372
13.033 0.1468 0.0824 0.9294
13.074 0.1482 0.0813 0.9294
13.115 0.1550 0.0785 0.9399
13.154 0.1623 0.0830 0.9122
13.195 0.1654 0.0874 0.9069
13.235 0.1667 0.0866 0.9359
13.274 0.1729 0.0848 0.8999
13.314 0.1755 0.0860 0.8822
13.355 0.1801 0.0816 0.9059
13.395 0.1837 0.0848 0.8829
13.435 0.1910 0.0836 0.8929
13.475 0.1984 0.0850 0.9212
13.513 0.2046 0.0824 0.9058
13.556 0.2130 0.0800 0.9208
13.596 0.2224 0.0800 0.9119
13.636 0.2246 0.0821 0.9045
13.676 0.2246 0.0807 0.9076
13.713 0.2242 0.0800 0.9303
13.757 0.2232 0.0767 0.9357
13.797 0.2243 0.0769 0.8941
13.837 0.2278 0.0759 0.9061
13.877 0.2259 0.0814 0.9161
13.917 0.2264 0.0811 0.8818
13.958 0.2234 0.0797 0.8698
13.998 0.2231 0.0817 0.8948
14.038 0.2221 0.0848 0.9030
14.078 0.2099 0.0892 0.8882
14.118 0.2020 0.0899 0.8676
14.157 0.1925 0.0904 0.8939
14.199 0.1908 0.0884 0.8837
14.239 0.1893 0.0883 0.8999
14.279 0.1868 0.0949 0.8898
14.318 0.1801 0.0926 0.8524
14.356 0.1739 0.0897 0.8746
14.400 0.1650 0.0882 0.9102
14.440 0.1617 0.0863 0.9002
14.480 0.1586 0.0873 0.9002
14.519 0.1564 0.0914 0.8942
14.556 0.1566 0.0868 0.9201
14.601 0.1590 0.0853 0.9149
14.641 0.1659 0.0864 0.9043
14.680 0.1687 0.0855 0.8952
14.720 0.1708 0.0862 0.8952
14.760 0.1725 0.0859 0.8952
14.801 0.1767 0.0873 0.9252
14.841 0.1798 0.0889 0.8752
14.881 0.1826 0.0862 0.8846
14.921 0.1810 0.0856 0.8838
14.960 0.1836 0.0885 0.9247
15.000 0.1826 0.0916 0.9049
15.042 0.1823 0.0874 0.9273
15.083 0.1795 0.0859 0.9055
15.123 0.1781 0.0859 0.8729
15.162 0.1811 0.0892 0.9333
15.200 0.1784 0.0865 0.9587
15.244 0.1773 0.0868 0.9461
15.283 0.1749 0.0895 0.9227
15.323 0.1731 0.0891 0.8879
15.363 0.1738 0.0881 0.9264
15.402 0.1790 0.0900 0.9526
15.444 0.1798 0.0926 0.9108
15.484 0.1786 0.0883 0.9369
15.524 0.1813 0.0852 0.9395
15.564 0.1816 0.0866 0.9277
15.604 0.1829 0.0882 0.8803
15.644 0.1800 0.0918 0.9073
15.685 0.1799 0.0922 0.8950
15.725 0.1775 0.0928 0.8791
15.765 0.1739 0.0908 0.8679
15.804 0.1761 0.0900 0.8859
15.843 0.1758 0.0894 0.9233
15.885 0.1744 0.0922 0.9145
15.925 0.1694 0.0902 0.9055
15.965 0.1685 0.0906 0.9034
16.005 0.1683 0.0894 0.9132
16.042 0.1676 0.0922 0.9084
16.086 0.1674 0.0882 0.9242
16.126 0.1677 0.0896 0.9344
16.167 0.1690 0.0898 0.8685
16.206 0.1759 0.0891 0.9191
16.243 0.1863 0.0855 0.9056
16.288 0.1900 0.0917 0.9071
16.328 0.1988 0.0877 0.9092
16.368 0.2028 0.0835 0.9255
16.407 0.2091 0.0835 0.8843
16.447 0.2163 0.0881 0.9233
16.488 0.2212 0.0866 0.9378
16.528 0.2266 0.0867 0.9389
16.568 0.2267 0.0833 0.9162
16.608 0.2267 0.0810 0.9063
16.648 0.2294 0.0811 0.9262
16.687 0.2254 0.0822 0.9229
16.729 0.2192 0.0843 0.8883
16.769 0.2180 0.0860 0.9157
16.809 0.2116 0.0859 0.9032
16.848 0.2106 0.0880 0.8829
16.886 0.2084 0.0826 0.9092
16.930 0.2095 0.0858 0.8561
16.969 0.2093 0.0871 0.9082
17.009 0.2018 0.0915 0.8945
17.049 0.1987 0.0861 0.9040
17.086 0.1970 0.0869 0.9064
17.130 0.1942 0.0877 0.8887
17.170 0.1931 0.0876 0.9026
17.210 0.1937 0.0888 0.8863
17.250 0.1919 0.0907 0.8767
17.291 0.1948 0.0900 0.9201
17.332 0.1931 0.0890 0.8867
17.372 0.1959 0.0900 0.8892
17.412 0.1948 0.0901 0.8920
17.452 0.1928 0.0899 0.9036
17.491 0.1972 0.0869 0.9455
17.531 0.1996 0.0851 0.9339
17.572 0.2053 0.0842 0.9339
17.613 0.2044 0.0892 0.8935
17.652 0.2017 0.0857 0.8898
17.692 0.2008 0.0883 0.8814
17.729 0.1984 0.0865 0.9162
17.773 0.1939 0.0902 0.8485
17.813 0.1881 0.0908 0.8892
17.853 0.1785 0.0903 0.8968
17.893 0.1716 0.0887 0.9013
17.930 0.1644 0.0878 0.8827
17.974 0.1545 0.0867 0.8732
18.014 0.1531 0.0919 0.8657
18.054 0.1448 0.0961 0.9086
18.094 0.1369 0.0951 0.8777
18.134 0.1351 0.0928 0.8502
18.174 0.1295 0.0925 0.8423
18.214 0.1267 0.0977 0.9114
18.255 0.1219 0.0964 0.8952
18.294 0.1173 0.0942 0.8903
18.334 0.1137 0.1005 0.9009
18.374 0.1115 0.0994 0.9064
18.416 0.1147 0.0946 0.9314
18.456 0.1182 0.0990 0.9053
18.496 0.1154 0.0959 0.9175
18.536 0.1157 0.0986 0.9365
18.573 0.1186 0.0980 0.9236
18.617 0.1228 0.0963 0.8841
18.656 0.1287 0.0976 0.8741
18.697 0.1321 0.0983 0.8855
18.736 0.1381 0.0996 0.8646
18.774 0.1430 0.0983 0.8982
18.818 0.1528 0.1003 0.8709
18.857 0.1596 0.1024 0.9111
18.897 0.1637 0.1037 0.8685
18.937 0.1630 0.1043 0.8507
18.977 0.1651 0.1056 0.8429
19.018 0.1655 0.1033 0.8942
19.058 0.1664 0.1043 0.8848
19.098 0.1690 0.1021 0.8745
19.138 0.1665 0.1062 0.8808
19.178 0.1660 0.1037 0.8986
19.217 0.1630 0.1054 0.9222
19.258 0.1657 0.1034 0.9061
19.299 0.1670 0.1063 0.8491
19.339 0.1711 0.1030 0.8826
19.378 0.1716 0.1060 0.8766
19.416 0.1763 0.1031 0.8741
19.460 0.1826 0.0986 0.8965
19.500 0.1877 0.0989 0.8773
19.540 0.1961 0.0992 0.8816
19.580 0.1976 0.0997 0.9289
19.617 0.2011 0.1042 0.8958
19.661 0.2040 0.0951 0.9125
19.701 0.2075 0.1001 0.9171
19.741 0.2172 0.0954 0.9032
19.781 0.2186 0.1002 0.9173
19.821 0.2174 0.1030 0.9222
19.862 0.2174 0.1025 0.8826
19.902 0.2162 0.0961 0.9044
19.952 0.2150 0.0955 0.8923
19.981 0.2151 0.0966 0.9081
20.021 0.2123 0.0953 0.8995
20.061 0.2103 0.0927 0.8861
20.102 0.2051 0.0922 0.8861
20.142 0.2044 0.0936 0.8727
20.182 0.2060 0.0918 0.8817
20.222 0.1987 0.0951 0.9453
20.259 0.1874 0.0984 0.9325
20.303 0.1858 0.0970 0.9195
20.343 0.1826 0.0915 0.8977
20.383 0.1818 0.0944 0.8965
20.423 0.1784 0.0953 0.8904
20.459 0.1727 0.1017 0.9314
20.515 0.1593 0.1006 0.9014
20.543 0.1549 0.1019 0.8645
20.584 0.1542 0.0948 0.8735
20.624 0.1524 0.0954 0.8783
20.664 0.1491 0.0942 0.8981
20.705 0.1452 0.0952 0.8811
20.745 0.1476 0.0999 0.8823
20.785 0.1480 0.0933 0.8613
20.825 0.1510 0.0919 0.8837
20.864 0.1542 0.0939 0.8795
20.904 0.1521 0.0961 0.8795
20.945 0.1573 0.0954 0.8735
20.985 0.1645 0.0946 0.8653
21.025 0.1698 0.0912 0.8999
21.065 0.1712 0.0937 0.8797
21.102 0.1713 0.0945 0.8649
21.146 0.1711 0.0945 0.9169
21.186 0.1707 0.0927 0.9189
21.226 0.1710 0.0929 0.9133
21.266 0.1731 0.0940 0.8921
21.303 0.1764 0.0969 0.9258
21.347 0.1712 0.0981 0.8929
21.387 0.1712 0.0972 0.8999
21.427 0.1663 0.0957 0.8981
21.467 0.1630 0.0944 0.8988
21.507 0.1595 0.0952 0.9208
21.547 0.1579 0.0986 0.9136
21.587 0.1575 0.1007 0.9191
21.628 0.1538 0.0976 0.9119
21.668 0.1520 0.0993 0.9583
21.708 0.1506 0.0958 0.9171
21.748 0.1482 0.0980 0.9221
21.789 0.1435 0.0984 0.9233
21.829 0.1395 0.0973 0.9556
21.869 0.1408 0.0962 0.9449
21.909 0.1406 0.0948 0.9125
21.946 0.1386 0.0943 0.9113
21.991 0.1419 0.0977 0.8863
22.030 0.1427 0.0958 0.9463
22.070 0.1402 0.0957 0.9056
22.110 0.1445 0.0952 0.9082
22.147 0.1490 0.0922 0.9220
22.191 0.1532 0.0996 0.8982
22.230 0.1546 0.1030 0.9166
22.271 0.1541 0.0979 0.9076
22.311 0.1550 0.0984 0.9317
22.350 0.1554 0.0978 0.8837
22.391 0.1559 0.0986 0.8775
22.431 0.1603 0.0967 0.9063
22.471 0.1650 0.0979 0.8933
22.511 0.1720 0.0934 0.8530
22.551 0.1794 0.0950 0.8782
22.590 0.1820 0.0959 0.8758
22.631 0.1866 0.0970 0.9047
22.672 0.1880 0.0968 0.9045
22.712 0.1924 0.0945 0.9285
22.751 0.1981 0.0939 0.9093
22.789 0.2030 0.0918 0.9003
22.834 0.2107 0.0941 0.9099
22.874 0.2106 0.0903 0.9523
22.913 0.2132 0.0919 0.9303
22.953 0.2123 0.0923 0.9076
22.990 0.2069 0.0895 0.9033
23.035 0.2009 0.0900 0.9088
23.074 0.2001 0.0918 0.8974
23.114 0.1951 0.0882 0.9233
23.154 0.1890 0.0894 0.9179
23.194 0.1860 0.0895 0.8892
23.235 0.1846 0.0907 0.8892
23.275 0.1858 0.0899 0.9286
23.316 0.1838 0.0921 0.9268
23.355 0.1859 0.0906 0.9018
23.394 0.1879 0.0890 0.8968
23.434 0.1884 0.0876 0.8854
23.475 0.1883 0.0875 0.8867
23.516 0.1888 0.0890 0.8551
23.556 0.1876 0.0920 0.8386
23.595 0.1898 0.0905 0.8898
23.632 0.1919 0.0891 0.8821
23.677 0.1957 0.0891 0.8686
23.716 0.1969 0.0883 0.9068
23.756 0.1938 0.0900 0.8896
23.796 0.1895 0.0928 0.8843
23.834 0.1876 0.0930 0.9064
23.877 0.1814 0.0957 0.8553
23.917 0.1808 0.0955 0.8707
23.958 0.1841 0.0971 0.8738
23.998 0.1826 0.1031 0.8858
24.038 0.1831 0.1026 0.8898
24.079 0.1834 0.0972 0.8768
24.118 0.1831 0.0934 0.8943
24.159 0.1810 0.0903 0.9034
24.199 0.1800 0.0935 0.8654
24.238 0.1790 0.0911 0.8705
24.277 0.1763 0.0930 0.8682
24.319 0.1746 0.0900 0.8682
24.359 0.1740 0.0881 0.8549
24.399 0.1714 0.0935 0.8744
24.439 0.1648 0.0939 0.8848
24.476 0.1606 0.0945 0.8543
24.520 0.1600 0.0880 0.8642
24.560 0.1565 0.0914 0.8645
24.600 0.1531 0.0930 0.8543
24.639 0.1508 0.0893 0.9129
24.677 0.1402 0.0930 0.8841
24.721 0.1370 0.0949 0.8580
24.761 0.1336 0.0996 0.9051
24.801 0.1292 0.1059 0.9174
24.840 0.1238 0.1059 0.9408
24.880 0.1213 0.1047 0.9021
24.921 0.1212 0.1068 0.9021
24.961 0.1183 0.1029 0.9046
25.001 0.1160 0.0974 0.9411
25.042 0.1101 0.0976 0.9344
25.082 0.1019 0.0977 0.9344
25.121 0.0933 0.0994 0.9344
25.162 0.1013 0.0978 0.8895
25.203 0.0982 0.0931 0.9213
25.243 0.0995 0.0973 0.8891
25.283 0.1026 0.1015 0.9083
25.320 0.1033 0.1058 0.9074
25.364 0.1025 0.1026 0.9001
25.404 0.1001 0.0990 0.8779
25.444 0.0970 0.0982 0.8849
25.483 0.0954 0.0993 0.9021
25.520 0.0953 0.0995 0.9281
25.564 0.0977 0.0971 0.9281
25.605 0.1024 0.0967 0.9154
25.644 0.1012 0.0954 0.8762
25.684 0.0978 0.0971 0.8782
25.724 0.0994 0.0982 0.8773
25.765 0.0913 0.1005 0.9215
25.805 0.0876 0.0967 0.8773
25.845 0.0892 0.0998 0.8911
25.885 0.0879 0.0999 0.9020
25.924 0.0901 0.0971 0.8793
25.964 0.0891 0.1029 0.9203
26.005 0.0865 0.1008 0.8993
26.046 0.0908 0.0970 0.9252
26.085 0.0988 0.0963 0.8702
26.125 0.1042 0.1003 0.9015
26.163 0.1096 0.1012 0.9006
26.208 0.1116 0.1023 0.9120
26.247 0.1176 0.1002 0.9084
26.287 0.1236 0.0985 0.8782
26.327 0.1283 0.0994 0.8802
26.364 0.1344 0.0998 0.8742
26.408 0.1397 0.0975 0.9027
26.448 0.1469 0.0992 0.9112
26.488 0.1581 0.0997 0.8622
26.528 0.1652 0.1017 0.8621
26.568 0.1677 0.0989 0.8745
26.609 0.1693 0.1013 0.9265
26.648 0.1739 0.1004 0.8676
26.689 0.1794 0.0984 0.8689
26.728 0.1857 0.0988 0.8963
26.768 0.1964 0.0978 0.9317
26.808 0.2031 0.0976 0.9257
26.849 0.2071 0.0905 0.8981
26.889 0.2079 0.0982 0.9278
26.929 0.2110 0.0965 0.9356
26.969 0.2131 0.0872 0.9154
27.006 0.2090 0.0891 0.9056
27.050 0.2098 0.0940 0.8992
27.090 0.2069 0.0934 0.8931
27.130 0.2029 0.0971 0.9250
27.170 0.2010 0.0950 0.8827
27.208 0.1985 0.0954 0.8825
27.251 0.1979 0.0964 0.8879
27.292 0.1923 0.0969 0.9124
27.332 0.1881 0.0934 0.9167
27.371 0.1862 0.1020 0.8859
27.412 0.1829 0.0977 0.8743
27.452 0.1745 0.0972 0.9117
27.492 0.1711 0.0959 0.8910
27.532 0.1618 0.0936 0.9160
27.572 0.1573 0.0884 0.9103
27.612 0.1542 0.0924 0.9167
27.651 0.1506 0.0917 0.8997
27.693 0.1492 0.0921 0.8781
27.733 0.1354 0.0965 0.8925
27.773 0.1300 0.0975 0.8829
27.812 0.1273 0.0995 0.9045
27.850 0.1286 0.1018 0.8991
27.894 0.1336 0.0982 0.8744
27.934 0.1360 0.0981 0.9007
27.974 0.1391 0.0978 0.8945
28.013 0.1473 0.0957 0.8822
28.050 0.1518 0.0928 0.8756
28.094 0.1586 0.0930 0.8572
28.134 0.1611 0.0935 0.8531
28.174 0.1622 0.0964 0.8812
28.214 0.1622 0.0958 0.8649
28.254 0.1635 0.0911 0.8992
28.295 0.1639 0.0931 0.9251
28.334 0.1631 0.0954 0.8915
28.375 0.1533 0.1000 0.8798
28.416 0.1460 0.1018 0.9117
28.455 0.1431 0.1024 0.9119
28.495 0.1358 0.0992 0.9004
28.536 0.1314 0.0986 0.9274
28.576 0.1229 0.1007 0.9139
28.616 0.1156 0.0982 0.9139
28.656 0.1079 0.0970 0.9328
28.693 0.1069 0.0972 0.9328
28.738 0.1046 0.0957 0.9051
28.777 0.1061 0.0979 0.9229
28.817 0.0996 0.0980 0.9306
28.857 0.0951 0.0976 0.9306
28.893 0.0948 0.0973 0.9242
28.938 0.0944 0.0967 0.9221
28.978 0.0941 0.0961 0.9216
29.018 0.0925 0.0960 0.9356
29.058 0.0899 0.1010 0.8981
29.098 0.0905 0.1001 0.9526
29.138 0.0953 0.0994 0.9529
29.178 0.0953 0.0995 0.9279
29.218 0.0991 0.0995 0.9279
29.258 0.0985 0.0985 0.9459
29.298 0.0980 0.1017 0.9163
29.338 0.1014 0.1005 0.9187
29.379 0.1016 0.1001 0.9447
29.419 0.1024 0.1005 0.9503
29.459 0.1013 0.1013 0.9566
29.499 0.0989 0.1013 0.9630
29.537 0.0968 0.0992 0.9216
29.581 0.0985 0.0951 0.9396
29.620 0.0953 0.0957 0.9310
29.661 0.0928 0.0982 0.9605
29.700 0.0897 0.0988 0.9680
29.737 0.0868 0.0988 0.9496
29.782 0.0853 0.1012 0.9496
29.821 0.0808 0.0992 0.9534
29.861 0.0816 0.0994 0.9248
29.901 0.0858 0.1016 0.9462
29.941 0.0835 0.0982 0.9213
29.982 0.0873 0.0997 0.9060
30.022 0.0904 0.0952 0.9007
30.062 0.0909 0.0962 0.9076
30.102 0.0942 0.0980 0.9082
30.141 0.0964 0.0976 0.9082
30.181 0.0974 0.0992 0.9042
30.222 0.0994 0.0992 0.8992
30.263 0.0986 0.0949 0.9202
30.303 0.1007 0.0979 0.9282
30.342 0.1033 0.1002 0.9332
30.380 0.0916 0.0973 0.9252
30.424 0.0906 0.0981 0.9192
30.463 0.0885 0.0963 0.9069
30.504 0.0822 0.0949 0.9069
30.543 0.0791 0.0939 0.9008
30.581 0.0723 0.0959 0.9278
30.625 0.0651 0.0982 0.9179
30.665 0.0657 0.0971 0.9212
30.705 0.0664 0.0938 0.9339
30.745 0.0700 0.0976 0.9303
30.785 0.0717 0.0985 0.9277
30.826 0.0692 0.1002 0.9277
30.865 0.0750 0.0972 0.8567
30.906 0.0795 0.0976 0.8886
30.946 0.0839 0.0977 0.8913
30.985 0.0905 0.0975 0.9111
31.024 0.0941 0.0969 0.9151
31.066 0.1009 0.0962 0.8867
31.106 0.1099 0.0976 0.9001
31.146 0.1167 0.0904 0.9007
31.186 0.1220 0.0935 0.8999
31.223 0.1269 0.0946 0.9065
31.267 0.1314 0.0946 0.9099
31.307 0.1382 0.0917 0.9038
31.347 0.1445 0.0922 0.9099
31.387 0.1508 0.0907 0.8709
31.424 0.1541 0.0904 0.8899
31.468 0.1493 0.0942 0.8890
31.508 0.1530 0.0902 0.8893
31.548 0.1568 0.0884 0.9039
31.587 0.1602 0.0914 0.9047
31.627 0.1632 0.0935 0.9205
31.668 0.1613 0.0939 0.9071
31.709 0.1565 0.0923 0.8971
31.749 0.1555 0.0911 0.9105
31.789 0.1532 0.0901 0.9045
31.829 0.1538 0.0880 0.8811
31.868 0.1530 0.0893 0.8814
31.909 0.1449 0.0886 0.8651
31.950 0.1450 0.0897 0.9221
31.990 0.1462 0.0906 0.8937
32.029 0.1493 0.0876 0.8865
32.067 0.1520 0.0882 0.8695
32.111 0.1452 0.0924 0.9158
32.151 0.1424 0.0883 0.8899
32.191 0.1431 0.0925 0.8661
32.231 0.1448 0.0899 0.8716
32.267 0.1479 0.0880 0.8805
32.312 0.1464 0.0925 0.9221
32.351 0.1446 0.0958 0.9049
32.391 0.1474 0.0961 0.8825
32.431 0.1534 0.0936 0.8785
32.471 0.1607 0.0932 0.8991
32.512 0.1658 0.0940 0.9041
32.552 0.1648 0.0949 0.9031
32.592 0.1678 0.0933 0.8879
32.632 0.1772 0.0915 0.9053
32.671 0.1843 0.0896 0.8792
32.711 0.1827 0.0931 0.9248
32.752 0.1841 0.0915 0.9379
32.792 0.1829 0.0943 0.9033
32.833 0.1790 0.0925 0.9078
32.873 0.1782 0.0928 0.8949
32.910 0.1759 0.0918 0.9229
32.955 0.1725 0.0933 0.9236
32.994 0.1631 0.0922 0.8716
33.034 0.1540 0.0914 0.9241
33.074 0.1481 0.0912 0.9278
33.111 0.1394 0.0912 0.9278
33.155 0.1287 0.0916 0.8825
33.195 0.1268 0.0908 0.9009
33.235 0.1171 0.0910 0.8989
33.275 0.1099 0.0898 0.8913
33.314 0.1021 0.0895 0.9289
33.355 0.0993 0.0907 0.9259
33.395 0.0971 0.0918 0.9367
33.435 0.0901 0.0920 0.9000
33.475 0.0862 0.0945 0.9152
33.515 0.0861 0.0909 0.8989
33.554 0.0885 0.0911 0.9325
33.595 0.0900 0.0920 0.9153
33.636 0.0872 0.0938 0.9347
33.676 0.0799 0.0938 0.8913
33.715 0.0793 0.0935 0.9515
33.753 0.0765 0.0935 0.9370
33.797 0.0897 0.0928 0.9388
33.837 0.0977 0.0926 0.9456
33.877 0.1027 0.0945 0.9314
33.917 0.1082 0.0911 0.9495
33.954 0.1141 0.0908 0.9226
33.999 0.1221 0.0925 0.9426
34.038 0.1253 0.0908 0.8799
34.078 0.1269 0.0936 0.8775
34.118 0.1325 0.0914 0.8829
34.158 0.1400 0.0903 0.9520
34.199 0.1434 0.0864 0.9219
34.239 0.1567 0.0874 0.9032
34.279 0.1643 0.0910 0.8882
34.319 0.1653 0.0931 0.9021
34.358 0.1664 0.0925 0.9012
34.398 0.1667 0.0921 0.8751
34.439 0.1684 0.0925 0.8688
34.480 0.1738 0.0916 0.8428
34.520 0.1737 0.0963 0.8685
34.559 0.1704 0.0972 0.8685
34.596 0.1698 0.0928 0.8741
34.641 0.1708 0.0930 0.8326
34.681 0.1748 0.0889 0.9084
34.720 0.1727 0.0939 0.9050
34.760 0.1673 0.0946 0.9201
34.797 0.1640 0.0938 0.9192
34.841 0.1568 0.0958 0.8826
34.881 0.1580 0.0956 0.8556
34.921 0.1587 0.0940 0.8725
34.961 0.1520 0.0967 0.9109
35.001 0.1463 0.0963 0.9012
35.042 0.1492 0.0936 0.8856
35.083 0.1566 0.0945 0.9065
35.123 0.1613 0.0955 0.9020
35.163 0.1655 0.0962 0.8791
35.202 0.1668 0.0972 0.8950
35.241 0.1667 0.0963 0.8964
35.283 0.1633 0.0967 0.9233
35.323 0.1718 0.0943 0.8913
35.363 0.1784 0.0943 0.9326
35.403 0.1804 0.0949 0.9156
35.440 0.1814 0.0937 0.9020
35.484 0.1801 0.0941 0.9153
35.524 0.1854 0.0934 0.9091
35.564 0.1867 0.0965 0.8930
35.604 0.1835 0.0959 0.8810
35.641 0.1780 0.0976 0.8897
35.685 0.1777 0.0970 0.9167
35.725 0.1781 0.0952 0.9083
35.765 0.1884 0.0971 0.8968
35.804 0.1916 0.0972 0.9016
35.844 0.1840 0.1014 0.8900
35.885 0.1777 0.0966 0.8709
35.925 0.1767 0.0980 0.8516
35.965 0.1770 0.0969 0.8905
36.005 0.1773 0.0997 0.8585
36.044 0.1706 0.1000 0.8716
36.090 0.1562 0.0999 0.8955
36.126 0.1501 0.1000 0.9019
36.167 0.1457 0.0998 0.8446
36.207 0.1408 0.1007 0.8652
36.246 0.1329 0.1002 0.8988
36.284 0.1223 0.1051 0.8545
36.328 0.1134 0.1037 0.9179
36.368 0.1072 0.1024 0.8919
36.408 0.0996 0.1000 0.8579
36.447 0.0990 0.1008 0.8655
36.484 0.0919 0.1007 0.8861
36.529 0.0858 0.1005 0.8939
36.568 0.0860 0.0992 0.8879
36.608 0.0886 0.0986 0.8832
36.648 0.0915 0.0966 0.9200
36.688 0.0958 0.1007 0.9117
36.729 0.0939 0.1035 0.9161
36.769 0.0927 0.1065 0.9032
36.809 0.0923 0.1027 0.9126
36.849 0.0952 0.1027 0.9126
36.888 0.1019 0.1009 0.9007
36.928 0.1022 0.1035 0.9019
36.970 0.1028 0.1082 0.8985
37.010 0.1034 0.1039 0.8596
37.050 0.1059 0.1025 0.8641
37.089 0.1143 0.1043 0.8751
37.126 0.1161 0.1057 0.8985
37.171 0.1073 0.1066 0.9021
37.210 0.1041 0.1095 0.9052
37.250 0.1038 0.1056 0.8969
37.291 0.1024 0.1030 0.8651
37.328 0.1058 0.1050 0.8603
37.372 0.0999 0.1060 0.8631
37.412 0.0936 0.1044 0.8611
37.452 0.0888 0.1064 0.8627
37.492 0.0841 0.1050 0.8749
37.532 0.0877 0.1007 0.8719
37.572 0.0819 0.1038 0.8911
37.612 0.0752 0.1047 0.8858
37.653 0.0741 0.1062 0.8858
37.693 0.0765 0.1036 0.8858
37.732 0.0770 0.1015 0.8858
37.772 0.0785 0.1035 0.8717
37.813 0.0791 0.1041 0.8725
37.853 0.0780 0.1041 0.8811
37.894 0.0805 0.1028 0.8869
37.933 0.0871 0.1017 0.8909
37.970 0.0989 0.0984 0.8807
38.014 0.1078 0.1008 0.8750
38.054 0.1133 0.1008 0.8761
38.094 0.1210 0.1011 0.9077
38.134 0.1297 0.0996 0.9083
38.170 0.1381 0.0970 0.8890
38.215 0.1474 0.0999 0.9117
38.255 0.1583 0.1017 0.9091
38.295 0.1634 0.1013 0.9003
38.334 0.1748 0.0998 0.9171
38.375 0.1871 0.0951 0.9173
38.416 0.1971 0.1010 0.9110
38.456 0.2056 0.0961 0.9117
38.497 0.2036 0.0956 0.9154
38.536 0.2009 0.0950 0.9254
38.575 0.2044 0.0926 0.8991
38.615 0.2045 0.0960 0.8601
38.656 0.2047 0.0913 0.8939
38.697 0.2043 0.0929 0.8911
38.737 0.2003 0.0943 0.8805
38.776 0.2051 0.0932 0.8930
38.814 0.2057 0.0909 0.8923
38.858 0.2083 0.0937 0.8813
38.897 0.2115 0.0962 0.8919
38.937 0.2046 0.0967 0.8755
38.977 0.2083 0.0975 0.8890
39.014 0.2139 0.0946 0.9009
39.058 0.2158 0.0927 0.9039
39.098 0.2187 0.0931 0.9163
39.138 0.2213 0.0961 0.9139
39.178 0.2179 0.0946 0.9146
39.218 0.2205 0.0967 0.9126
39.259 0.2172 0.0921 0.8853
39.299 0.2128 0.0947 0.8709
39.339 0.2093 0.0955 0.9084
39.379 0.2043 0.0953 0.8942
39.418 0.2073 0.0980 0.9087
39.459 0.2033 0.0900 0.9186
39.500 0.2024 0.0897 0.9067
39.540 0.2033 0.0915 0.9126
39.581 0.2055 0.0946 0.8744
39.620 0.2082 0.0922 0.8732
39.657 0.2147 0.0922 0.8916
39.701 0.2238 0.0937 0.8969
39.741 0.2312 0.0933 0.8702
39.781 0.2378 0.0945 0.8739
39.821 0.2429 0.0952 0.8759
39.858 0.2463 0.0940 0.8829
39.902 0.2468 0.0937 0.8706
39.942 0.2497 0.0904 0.8942
39.982 0.2510 0.0947 0.9059
40.022 0.2448 0.0942 0.9058
40.062 0.2379 0.0966 0.8754
40.102 0.2342 0.0933 0.9276
40.142 0.2264 0.0933 0.9244
40.183 0.2138 0.0930 0.9042
40.222 0.1998 0.0952 0.9619
40.262 0.1914 0.0957 0.9389
40.301 0.1818 0.0940 0.9119
40.343 0.1687 0.0944 0.9398
40.383 0.1555 0.0960 0.9326
40.423 0.1457 0.0992 0.9342
40.463 0.1358 0.1030 0.9302
40.500 0.1326 0.0970 0.8969
40.544 0.1320 0.0959 0.8949
40.584 0.1256 0.0952 0.8737
40.625 0.1190 0.0971 0.9063
40.664 0.1167 0.1027 0.9023
40.701 0.1173 0.1019 0.9352
40.746 0.1172 0.1006 0.9123
40.785 0.1156 0.0987 0.8789
40.825 0.1183 0.1007 0.8749
40.865 0.1194 0.1046 0.8923
40.905 0.1212 0.1034 0.9182
40.946 0.1230 0.0982 0.9118
40.986 0.1212 0.0982 0.9013
41.026 0.1150 0.0974 0.8972
41.066 0.1124 0.0994 0.9063
41.105 0.1123 0.0982 0.9354
41.145 0.1150 0.0976 0.9080
41.186 0.1199 0.0980 0.8822
41.227 0.1216 0.0968 0.8822
41.267 0.1211 0.0982 0.8412
41.306 0.1165 0.0994 0.8916
41.343 0.1188 0.1022 0.8839
41.388 0.1188 0.1021 0.8789
41.427 0.1174 0.1012 0.8839
41.467 0.1202 0.1013 0.8867
41.507 0.1299 0.1000 0.8631
41.543 0.1348 0.1005 0.8489
41.588 0.1367 0.1017 0.9161
41.628 0.1402 0.1004 0.8781
41.668 0.1414 0.1029 0.8866
41.709 0.1392 0.0962 0.8785
41.749 0.1399 0.0949 0.8893
41.789 0.1444 0.0965 0.9260
41.829 0.1440 0.0951 0.9327
41.870 0.1496 0.0942 0.8721
41.909 0.1508 0.0957 0.8965
41.949 0.1504 0.0983 0.8885
41.989 0.1439 0.0990 0.9424
42.030 0.1373 0.0951 0.9039
42.070 0.1386 0.0946 0.8795
42.110 0.1370 0.0973 0.8952
42.150 0.1317 0.0932 0.8995
42.187 0.1276 0.0961 0.9129
42.231 0.1240 0.0973 0.9008
42.271 0.1227 0.1018 0.8758
42.311 0.1235 0.1004 0.8883
42.351 0.1206 0.0993 0.8955
42.387 0.1209 0.0999 0.9195
42.432 0.1232 0.1009 0.9117
42.471 0.1235 0.0996 0.8963
42.511 0.1295 0.0968 0.9064
42.551 0.1314 0.1022 0.8923
42.591 0.1341 0.1019 0.8789
42.632 0.1384 0.1004 0.9021
42.672 0.1433 0.1005 0.9223
42.712 0.1485 0.1003 0.8938
42.752 0.1493 0.0979 0.8855
42.792 0.1534 0.0967 0.9027
42.832 0.1539 0.0968 0.9162
42.873 0.1529 0.1043 0.8982
42.914 0.1545 0.0983 0.9236
42.954 0.1565 0.0945 0.8838
42.993 0.1592 0.0921 0.8900
43.031 0.1622 0.0918 0.8933
43.075 0.1635 0.0949 0.9132
43.114 0.1643 0.0982 0.9097
43.155 0.1691 0.0945 0.8905
43.194 0.1729 0.0922 0.8983
43.231 0.1794 0.0933 0.8959
43.275 0.1846 0.0931 0.9046
43.315 0.1886 0.0951 0.8883
43.355 0.1998 0.0922 0.8893
43.395 0.2022 0.0904 0.9277
43.435 0.2047 0.0904 0.9156
43.475 0.2078 0.0890 0.9152
43.515 0.2063 0.0904 0.9262
43.556 0.2051 0.0952 0.9465
43.596 0.2020 0.0906 0.9160
43.635 0.1966 0.0878 0.9149
43.675 0.1905 0.0877 0.9470
43.716 0.1779 0.0887 0.9629
43.756 0.1688 0.0916 0.9120
43.796 0.1660 0.0864 0.9109
43.836 0.1560 0.0854 0.9210
43.874 0.1491 0.0840 0.9552
43.918 0.1467 0.0864 0.9322
43.958 0.1444 0.0869 0.9286
43.998 0.1463 0.0896 0.9282
44.038 0.1472 0.0876 0.9452
44.075 0.1520 0.0859 0.9452
44.119 0.1581 0.0861 0.9013
44.159 0.1607 0.0872 0.9246
44.199 0.1692 0.0864 0.9323
44.239 0.1837 0.0861 0.9049
44.279 0.1892 0.0862 0.9038
44.319 0.1981 0.0858 0.9127
44.389 0.2111 0.0861 0.9073
44.440 0.2155 0.0877 0.9175
44.479 0.2137 0.0874 0.9045
44.519 0.2155 0.0876 0.8978
44.558 0.2178 0.0855 0.8748
44.600 0.2161 0.0895 0.9065
44.640 0.2128 0.0897 0.8794
44.680 0.2082 0.0894 0.9165
44.719 0.1997 0.0894 0.9098
44.757 0.1882 0.0893 0.8859
44.801 0.1808 0.0900 0.9098
44.840 0.1749 0.0915 0.9008
44.881 0.1666 0.0931 0.9218
44.921 0.1583 0.0925 0.8745
44.958 0.1566 0.0904 0.8766
45.002 0.1544 0.0903 0.9027
45.042 0.1500 0.0921 0.9193
45.082 0.1482 0.0928 0.9396
45.122 0.1473 0.0930 0.9218
45.162 0.1509 0.0919 0.9085
45.203 0.1511 0.0919 0.9121
45.243 0.1556 0.0927 0.9348
45.283 0.1582 0.0945 0.9212
45.323 0.1562 0.0949 0.9069
45.362 0.1574 0.0931 0.9223
45.402 0.1577 0.0895 0.9233
45.443 0.1571 0.0897 0.8843
45.484 0.1603 0.0933 0.8893
45.524 0.1628 0.0946 0.9327
45.563 0.1660 0.0930 0.9222
45.601 0.1651 0.0917 0.9282
45.645 0.1707 0.0921 0.8754
45.684 0.1766 0.0934 0.8986
45.725 0.1796 0.0969 0.8841
45.764 0.1828 0.0959 0.9262
45.801 0.1893 0.0939 0.8802
45.846 0.1951 0.0927 0.8803
45.885 0.2033 0.0932 0.9399
45.925 0.2139 0.0954 0.9486
45.965 0.2187 0.0941 0.9096
46.005 0.2189 0.0951 0.9391
46.046 0.2147 0.0910 0.8959
46.085 0.2158 0.0973 0.8699
46.126 0.2121 0.0962 0.9241
46.167 0.2027 0.0985 0.9312
46.206 0.1999 0.0981 0.9045
46.246 0.1960 0.0972 0.9259
46.287 0.1897 0.0957 0.9295
46.327 0.1850 0.0974 0.9287
46.367 0.1771 0.0978 0.9406
46.407 0.1694 0.0979 0.9366
46.444 0.1596 0.0963 0.9432
46.488 0.1484 0.0937 0.9520
46.528 0.1446 0.0943 0.9492
46.568 0.1408 0.0974 0.9139
46.608 0.1385 0.1001 0.9243
46.645 0.1364 0.0967 0.9417
46.689 0.1362 0.0950 0.9667
46.729 0.1334 0.0945 0.9566
46.769 0.1303 0.0966 0.9183
46.809 0.1279 0.1002 0.9407
46.849 0.1274 0.0978 0.9585
46.889 0.1244 0.0953 0.9107
46.929 0.1221 0.0953 0.9107
46.969 0.1262 0.0939 0.9143
47.009 0.1271 0.0981 0.9345
47.049 0.1265 0.0944 0.9197
47.088 0.1217 0.0954 0.9269
47.130 0.1243 0.0938 0.9209
47.170 0.1282 0.0980 0.9236
47.210 0.1298 0.0995 0.9399
47.250 0.1336 0.1025 0.9429
47.288 0.1360 0.0990 0.8997
47.332 0.1369 0.1002 0.8988
47.372 0.1404 0.0956 0.8754
47.412 0.1496 0.0954 0.9247
47.451 0.1561 0.0978 0.9370
47.489 0.1619 0.0977 0.8966
47.533 0.1693 0.0957 0.9267
47.572 0.1843 0.0947 0.9084
47.612 0.1974 0.0935 0.9139
47.652 0.2114 0.0945 0.9089
47.692 0.2205 0.0954 0.8848
47.733 0.2283 0.0934 0.9078
47.773 0.2332 0.0906 0.9241
47.813 0.2415 0.0923 0.9085
47.853 0.2494 0.0917 0.9409
47.892 0.2539 0.0946 0.9175
47.932 0.2511 0.0955 0.9259
47.973 0.2506 0.0910 0.9272
48.014 0.2483 0.0899 0.9017
48.054 0.2484 0.0931 0.9036
48.093 0.2491 0.0948 0.9018
48.130 0.2386 0.0965 0.9063
48.175 0.2298 0.0929 0.9273
48.214 0.2242 0.0909 0.9015
48.254 0.2249 0.0934 0.9051
48.294 0.2214 0.0929 0.9323
48.332 0.2187 0.0944 0.9312
48.375 0.2092 0.0949 0.9288
48.416 0.2085 0.0968 0.9333
48.456 0.2060 0.0903 0.9309
48.496 0.2047 0.0929 0.8972
48.536 0.1955 0.0968 0.9076
48.576 0.1826 0.0969 0.9100
48.616 0.1770 0.0975 0.9055
48.657 0.1703 0.0924 0.9265
48.697 0.1666 0.0927 0.9175
48.736 0.1585 0.0931 0.8713
48.775 0.1526 0.0976 0.8802
48.817 0.1487 0.0974 0.8746
48.857 0.1486 0.0931 0.8642
48.897 0.1490 0.0968 0.8617
48.936 0.1491 0.0979 0.8721
48.974 0.1482 0.1000 0.8300
49.018 0.1515 0.0988 0.8300
49.058 0.1554 0.0973 0.8239
49.098 0.1555 0.0942 0.8229
49.138 0.1544 0.0961 0.7996
49.175 0.1547 0.0942 0.9120
49.219 0.1547 0.0935 0.9548
49.258 0.1523 0.0936 0.9548
49.298 0.1494 0.0919 0.9152
49.339 0.1456 0.0922 0.9132
49.378 0.1422 0.0914 0.9121
49.419 0.1356 0.0955 0.9659
49.459 0.1302 0.0933 0.9289
49.500 0.1255 0.0913 0.9740
49.540 0.1215 0.0888 0.9306
49.580 0.1235 0.0877 0.9306
49.623 0.1279 0.0906 0.9870
49.660 0.1252 0.0925 0.9870
49.701 0.1238 0.0890 0.9656
49.741 0.1305 0.0917 0.9519
49.781 0.1388 0.0892 0.9747
49.818 0.1444 0.0908 0.9476
49.862 0.1419 0.0923 0.9642
49.901 0.1409 0.0892 0.9323
49.942 0.1426 0.0896 0.9394
49.981 0.1551 0.0888 0.9593
50.018 0.1674 0.0871 0.9452
50.062 0.1729 0.0910 0.9489
50.135 0.1813 0.0919 0.9183
50.200 0.1941 0.0878 0.9100
50.222 0.1995 0.0834 0.9109
50.262 0.2046 0.0886 0.9359
50.303 0.2058 0.0911 0.9537
50.343 0.2148 0.0888 0.9588
50.383 0.2274 0.0880 0.9359
50.423 0.2406 0.0867 0.9323
50.462 0.2500 0.0856 0.9468
50.502 0.2452 0.0864 0.9236
50.543 0.2436 0.0902 0.9535
50.584 0.2381 0.0908 0.9496
50.624 0.2365 0.0898 0.8925
50.664 0.2377 0.0918 0.8986
50.701 0.2336 0.0899 0.9385
50.746 0.2212 0.0947 0.9402
50.785 0.2169 0.0935 0.9399
50.825 0.2117 0.0903 0.8881
50.865 0.2101 0.0929 0.8793
50.902 0.2040 0.0895 0.9036
50.946 0.1922 0.0942 0.9306
50.986 0.1869 0.0961 0.9400
51.026 0.1849 0.0938 0.9091
51.066 0.1877 0.0920 0.9036
51.105 0.1852 0.0880 0.9183
51.146 0.1816 0.0919 0.8778
51.186 0.1856 0.0916 0.9133
51.227 0.1845 0.0891 0.8938
51.266 0.1828 0.0888 0.8999
51.306 0.1847 0.0890 0.9123
51.345 0.1839 0.0920 0.9026
51.405 0.1789 0.0932 0.9145
51.427 0.1769 0.0920 0.9181
51.467 0.1750 0.0951 0.9257
51.507 0.1713 0.0939 0.9060
51.545 0.1650 0.0911 0.9171
51.588 0.1675 0.0927 0.9171
51.628 0.1723 0.0960 0.9466
51.668 0.1743 0.0944 0.9216
51.709 0.1766 0.0933 0.9306
51.745 0.1820 0.0954 0.9122
51.790 0.1848 0.0947 0.8892
51.829 0.1830 0.0973 0.9140
51.869 0.1810 0.0963 0.9056
51.909 0.1864 0.0941 0.8781
51.949 0.1914 0.0942 0.9348
51.990 0.1930 0.0932 0.9409
52.030 0.1958 0.0959 0.9063
52.070 0.1915 0.0948 0.9550
52.110 0.1867 0.0946 0.9449
52.149 0.1812 0.0945 0.9189
52.189 0.1770 0.0953 0.9309
52.230 0.1722 0.0974 0.9298
52.271 0.1683 0.0957 0.9405
52.311 0.1642 0.0978 0.9216
52.350 0.1654 0.0939 0.9063
52.388 0.1618 0.0950 0.9023
52.432 0.1541 0.0962 0.9309
52.471 0.1560 0.0983 0.9280
52.511 0.1571 0.0991 0.9532
52.551 0.1575 0.0968 0.9646
52.588 0.1564 0.0982 0.9399
52.632 0.1572 0.0980 0.9699
52.682 0.1604 0.1002 0.9543
52.741 0.1622 0.0989 0.9640
52.792 0.1688 0.0965 0.9546
52.832 0.1735 0.0984 0.9596
52.873 0.1802 0.0954 0.9520
52.913 0.1857 0.0970 0.9210
52.954 0.1864 0.0970 0.9260
52.994 0.1875 0.0959 0.9545
53.033 0.1951 0.1012 0.9173
53.072 0.2029 0.0938 0.9422
53.114 0.2112 0.0952 0.9655
53.154 0.2110 0.0973 0.9216
53.194 0.2060 0.0962 0.9203
53.234 0.1988 0.0924 0.9501
53.271 0.1939 0.0906 0.9032
53.315 0.1939 0.0918 0.9258
53.355 0.1916 0.0945 0.9483
53.395 0.1893 0.0923 0.9559
53.434 0.1926 0.0892 0.9055
53.472 0.1941 0.0876 0.9169
53.516 0.1953 0.0884 0.9678
53.555 0.1949 0.0937 0.9552
53.595 0.1917 0.0924 0.9307
53.635 0.1909 0.0953 0.9286
53.675 0.1971 0.0952 0.9542
53.716 0.2122 0.0922 0.9675
53.756 0.2211 0.0949 0.9742
53.796 0.2215 0.0974 0.9742
53.836 0.2193 0.0943 1.0000
53.876 0.2199 0.0916 1.0176
53.916 0.2151 0.0876 1.0137
53.957 0.2132 0.0917 0.9418
53.998 0.2082 0.0945 0.9318
54.038 0.2043 0.0948 0.9803
54.077 0.2026 0.0946 0.9604
54.115 0.1967 0.0911 0.9159
54.159 0.1948 0.0915 0.9319
54.199 0.1911 0.0970 0.9308
54.238 0.1891 0.0994 0.9184
54.278 0.1858 0.0977 0.9328
54.315 0.1862 0.0953 0.9334
54.359 0.1870 0.0959 0.8732
54.401 0.1920 0.0947 0.9076
54.439 0.1941 0.0981 0.9289
54.479 0.1942 0.0986 0.9286
54.519 0.1965 0.0956 0.8743
54.559 0.1963 0.0934 0.9052
54.600 0.2014 0.0916 0.8876
54.640 0.2052 0.0946 0.8773
54.680 0.2037 0.0956 0.9148
54.719 0.1987 0.0945 0.9208
54.759 0.1945 0.0913 0.8846
54.800 0.1902 0.0928 0.8778
54.840 0.1890 0.0951 0.8729
54.880 0.1841 0.0953 0.8935
54.920 0.1818 0.0954 0.9187
54.959 0.1810 0.0954 0.9138
55.002 0.1731 0.0973 0.9138
55.042 0.1697 0.0950 0.9188
55.082 0.1675 0.0978 0.9423
55.122 0.1625 0.1017 0.9475
55.159 0.1556 0.1014 0.9454
55.203 0.1520 0.1002 0.9076
55.243 0.1574 0.0994 0.9076
55.283 0.1612 0.0987 0.9454
55.323 0.1596 0.1014 0.9420
55.363 0.1552 0.1005 0.9548
55.403 0.1524 0.0983 0.9279
55.443 0.1507 0.0959 0.9315
55.483 0.1500 0.1010 0.9435
55.523 0.1495 0.0987 0.9435
55.563 0.1471 0.0989 0.9310
55.602 0.1487 0.0990 0.9171
55.644 0.1519 0.0982 0.9352
55.684 0.1552 0.0962 0.9515
55.724 0.1549 0.0966 0.9002
55.764 0.1532 0.0972 0.9177
55.801 0.1495 0.0965 0.9143
55.845 0.1488 0.0966 0.9043
55.885 0.1518 0.0984 0.9061
55.925 0.1535 0.0967 0.9071
55.964 0.1610 0.0971 0.9071
56.002 0.1639 0.0966 0.9105
56.045 0.1677 0.0956 0.9391
56.085 0.1691 0.0955 0.9255
56.125 0.1754 0.0952 0.8842
56.166 0.1851 0.0966 0.8833
56.206 0.1864 0.0962 0.9043
56.246 0.1898 0.0966 0.9043
56.287 0.1975 0.0936 0.9300
56.327 0.2105 0.0923 0.9316
56.367 0.2192 0.0923 0.9307
56.406 0.2258 0.0986 0.9024
56.446 0.2242 0.0955 0.9122
56.487 0.2275 0.0917 0.9382
56.528 0.2306 0.0893 0.9456
56.567 0.2350 0.0905 0.9483
56.607 0.2346 0.0901 0.9381
56.645 0.2267 0.0927 0.9020
56.689 0.2240 0.0947 0.9089
56.728 0.2206 0.0931 0.9243
56.768 0.2194 0.0915 0.9061
56.808 0.2133 0.0942 0.9116
56.849 0.2103 0.0956 0.8973
56.889 0.2003 0.0961 0.8835
56.929 0.1953 0.0927 0.9253
56.969 0.1935 0.0877 0.9061
57.009 0.1898 0.0910 0.8989
57.049 0.1878 0.0973 0.9007
57.089 0.1843 0.0992 0.9204
57.129 0.1849 0.0954 0.9167
57.170 0.1847 0.0963 0.9179
57.210 0.1868 0.0930 0.9164
57.250 0.1857 0.0915 0.9316
57.290 0.1866 0.0946 0.9215
57.331 0.1838 0.0909 0.9563
57.371 0.1857 0.0942 0.9139
57.411 0.1875 0.0916 0.9216
57.451 0.1883 0.0939 0.9154
57.489 0.1876 0.0956 0.9476
57.533 0.1847 0.0974 0.9466
57.572 0.1870 0.0956 0.8856
57.612 0.1884 0.0957 0.9301
57.652 0.1909 0.0912 0.9341
57.689 0.1927 0.0942 0.9520
57.733 0.1952 0.0964 0.9039
57.773 0.1964 0.0928 0.9257
57.813 0.1976 0.0954 0.8871
57.853 0.1956 0.0945 0.8882
57.893 0.1975 0.0948 0.8882
57.933 0.1934 0.0962 0.9195
57.973 0.1880 0.0967 0.8968
58.014 0.1839 0.0965 0.9152
58.053 0.1778 0.0970 0.9032
58.092 0.1727 0.0968 0.9040
58.132 0.1673 0.0970 0.9262
58.174 0.1571 0.0978 0.9262
58.214 0.1477 0.0962 0.9298
58.257 0.1425 0.0961 0.9537
58.294 0.1386 0.0977 0.9367
58.333 0.1355 0.0946 0.9262
58.375 0.1364 0.0961 0.9096
58.416 0.1372 0.0965 0.9146
58.456 0.1404 0.0952 0.9172
58.496 0.1429 0.0918 0.9775
58.533 0.1463 0.0907 0.9786
58.577 0.1515 0.0940 0.9491
58.616 0.1547 0.0966 0.9516
58.656 0.1604 0.0985 0.9323
58.696 0.1660 0.0927 0.9348
58.736 0.1682 0.0895 0.9229
58.777 0.1720 0.0918 0.9682
58.817 0.1771 0.0950 0.9612
58.857 0.1772 0.0943 0.9292
58.897 0.1773 0.0931 0.9338
58.936 0.1825 0.0918 0.9537
58.976 0.1898 0.0943 0.9588
59.017 0.1976 0.0974 0.9278
59.058 0.1999 0.0967 0.9443
59.098 0.2001 0.0942 0.9098
59.137 0.1991 0.0917 0.8795
59.175 0.1991 0.0960 0.9186
59.219 0.2032 0.0921 0.8833
59.258 0.2032 0.0942 0.9323
59.298 0.1954 0.0944 0.9247
59.338 0.1894 0.0949 0.9025
59.375 0.1898 0.0928 0.9075
59.419 0.1847 0.0939 0.9284
59.459 0.1802 0.0967 0.9149
59.500 0.1725 0.0988 0.9273
59.540 0.1638 0.0966 0.8983
59.580 0.1600 0.0962 0.9122
59.621 0.1573 0.0987 0.9102
59.661 0.1592 0.0977 0.8876
59.701 0.1587 0.1002 0.9103
59.741 0.1547 0.0998 0.8723
59.780 0.1561 0.0992 0.8820
59.820 0.1576 0.0991 0.9300
59.861 0.1593 0.0959 0.9520
59.901 0.1600 0.0975 0.9361
59.941 0.1617 0.0977 0.9151
59.981 0.1599 0.0989 0.9493
60.018 0.1602 0.0962 0.9141
60.063 0.1601 0.0948 0.9193
60.102 0.1617 0.0944 0.9182
60.142 0.1608 0.0947 0.8859
60.182 0.1573 0.0963 0.9505
60.219 0.1549 0.0953 0.9245
60.263 0.1578 0.0954 0.9169
60.303 0.1631 0.0953 0.9169
60.343 0.1649 0.0967 0.9399
60.382 0.1646 0.0961 0.9439
60.423 0.1648 0.0950 0.9409
60.463 0.1644 0.0942 0.8915
60.503 0.1705 0.0942 0.9122
60.543 0.1757 0.0985 0.9165
60.584 0.1792 0.0995 0.9419
60.624 0.1826 0.0946 0.9259
60.663 0.1797 0.0956 0.9345
60.705 0.1821 0.0960 0.9105
60.745 0.1824 0.0961 0.9350
60.785 0.1800 0.0977 0.9339
60.825 0.1771 0.0981 0.9198
60.862 0.1748 0.0956 0.9225
60.906 0.1677 0.0964 0.9027
60.946 0.1661 0.0951 0.9366
60.985 0.1628 0.0967 0.9398
61.025 0.1580 0.0980 0.9323
61.062 0.1557 0.0956 0.9323
61.106 0.1462 0.0955 0.9122
61.146 0.1445 0.0932 0.9139
61.186 0.1424 0.1000 0.9496
61.226 0.1346 0.1015 0.9472
61.266 0.1252 0.1035 0.9222
61.307 0.1156 0.0959 0.9146
61.347 0.1115 0.0950 0.9566
61.387 0.1091 0.0975 0.9437
61.427 0.1079 0.0991 0.9613
61.466 0.1066 0.0988 0.9157
61.506 0.1050 0.1011 0.9461
61.549 0.1026 0.0999 0.9277
61.587 0.1021 0.0975 0.9277
61.627 0.0987 0.1003 0.8897
61.667 0.0980 0.0994 0.9107
61.706 0.0983 0.0959 0.9393
61.750 0.0975 0.0949 0.9487
61.789 0.1037 0.0929 0.9159
61.829 0.1080 0.0954 0.9159
61.869 0.1116 0.0996 0.9316
61.906 0.1133 0.0993 0.9562
61.950 0.1121 0.1008 0.9242
61.990 0.1148 0.1019 0.9326
62.030 0.1192 0.0992 0.9039
62.070 0.1241 0.0972 0.9182
62.109 0.1303 0.0982 0.9173
62.150 0.1360 0.0993 0.9367
62.190 0.1410 0.1015 0.8783
62.230 0.1478 0.0965 0.9483
62.270 0.1529 0.0976 0.9175
62.310 0.1582 0.1003 0.9129
62.349 0.1614 0.0995 0.9221
62.391 0.1660 0.0961 0.9561
62.431 0.1692 0.0976 0.9286
62.471 0.1738 0.0968 0.9089
62.511 0.1747 0.0980 0.9154
62.548 0.1739 0.1024 0.8849
62.592 0.1728 0.0964 0.8964
62.632 0.1751 0.0953 0.9033
62.672 0.1748 0.0958 0.9241
62.711 0.1782 0.1007 0.9287
62.750 0.1828 0.1015 0.9213
62.793 0.1818 0.0944 0.9493
62.833 0.1809 0.0951 0.8889
62.873 0.1805 0.0968 0.8916
62.913 0.1830 0.0984 0.9045
62.953 0.1831 0.1027 0.9045
62.994 0.1814 0.1016 0.9274
63.034 0.1812 0.1007 0.9274
63.074 0.1863 0.0971 0.9057
63.114 0.1888 0.1007 0.8966
63.153 0.1906 0.0994 0.9101
63.193 0.1904 0.0998 0.9033
63.235 0.1900 0.1002 0.9137
63.275 0.1897 0.0972 0.8823
63.315 0.1910 0.0945 0.9120
63.354 0.1904 0.0963 0.9515
63.392 0.1864 0.0968 0.9149
63.436 0.1813 0.0971 0.9179
63.475 0.1806 0.0987 0.9179
63.515 0.1783 0.0955 0.8943
63.555 0.1748 0.0934 0.9211
63.592 0.1671 0.1005 0.9049
63.636 0.1634 0.0978 0.9171
63.676 0.1594 0.0987 0.9196
63.716 0.1560 0.0969 0.9126
63.756 0.1531 0.0960 0.9010
63.796 0.1515 0.0977 0.9142
63.837 0.1511 0.0981 0.9086
63.877 0.1553 0.0966 0.9158
63.917 0.1597 0.0959 0.9080
63.958 0.1610 0.0958 0.8533
63.997 0.1630 0.0959 0.9249
64.037 0.1614 0.1001 0.9277
64.078 0.1637 0.0995 0.9002
64.119 0.1632 0.0998 0.9121
64.158 0.1641 0.0981 0.9236
64.198 0.1647 0.0968 0.9173
64.236 0.1625 0.0992 0.9242
64.280 0.1613 0.1002 0.9077
64.319 0.1600 0.1007 0.9382
64.359 0.1601 0.0970 0.9057
64.399 0.1565 0.0985 0.9076
64.436 0.1536 0.1002 0.8956
64.480 0.1518 0.1066 0.8841
64.520 0.1504 0.1105 0.9372
64.560 0.1479 0.1051 0.9686
64.600 0.1451 0.1045 0.9193
64.640 0.1436 0.1054 0.9097
64.680 0.1397 0.1106 0.9152
64.720 0.1352 0.1081 0.9152
64.761 0.1345 0.1075 0.9152
64.800 0.1337 0.1059 0.9161
64.840 0.1317 0.1045 0.9197
64.879 0.1302 0.1096 0.9186
64.921 0.1308 0.1102 0.9297
64.961 0.1296 0.1108 0.9257
65.001 0.1261 0.1144 0.9143
65.042 0.1276 0.1104 0.9055
65.080 0.1257 0.1087 0.9055
65.123 0.1221 0.1094 0.9477
65.163 0.1188 0.1118 0.9453
65.203 0.1207 0.1051 0.9364
65.243 0.1184 0.1079 0.9277
65.279 0.1156 0.1078 0.9004
65.323 0.1141 0.1103 0.9004
65.363 0.1132 0.1106 0.8762
65.403 0.1129 0.1114 0.8743
65.443 0.1126 0.1094 0.8743
65.483 0.1216 0.1086 0.8903
65.524 0.1261 0.1027 0.8813
65.563 0.1337 0.1136 0.8813
65.604 0.1410 0.1156 0.8953
65.644 0.1496 0.1074 0.9092
65.683 0.1626 0.1070 0.9039
65.723 0.1745 0.1082 0.9048
65.764 0.1910 0.1096 0.9035
65.805 0.2027 0.1128 0.9015
65.844 0.2090 0.1132 0.8988
65.884 0.2145 0.1072 0.9026
65.922 0.2198 0.1063 0.8761
65.966 0.2202 0.1087 0.9145
66.005 0.2201 0.1081 0.8786
66.045 0.2181 0.1062 0.8748
66.085 0.2166 0.1063 0.9018
66.123 0.2165 0.1013 0.9002
66.167 0.2099 0.1030 0.8819
66.207 0.2024 0.1021 0.8931
66.247 0.1891 0.1021 0.9268
66.287 0.1758 0.1022 0.8948
66.326 0.1665 0.1008 0.9077
66.367 0.1593 0.1002 0.8803
66.407 0.1524 0.1023 0.9073
66.448 0.1448 0.1021 0.9083
66.488 0.1334 0.1041 0.8953
66.527 0.1212 0.1035 0.8983
66.566 0.1104 0.1014 0.9225
66.608 0.1037 0.1063 0.9352
66.648 0.0966 0.1046 0.9117
66.688 0.0923 0.1042 0.9280
66.728 0.0903 0.1039 0.9280
66.766 0.0900 0.1046 0.8945
66.809 0.0895 0.1058 0.9083
66.849 0.0903 0.1052 0.9440
66.889 0.0887 0.1037 0.9268
66.928 0.0833 0.1041 0.9280
66.965 0.0799 0.1063 0.9108
67.009 0.0817 0.1015 0.9370
67.052 0.0896 0.1059 0.9196
67.089 0.0906 0.1118 0.8733
67.129 0.0900 0.1092 0.8705
67.169 0.0859 0.1030 0.8957
67.210 0.0821 0.1066 0.9075
67.250 0.0790 0.1070 0.9070
67.291 0.0807 0.1046 0.8905
67.331 0.0774 0.1048 0.8993
67.370 0.0718 0.1047 0.9055
67.410 0.0678 0.1037 0.9117
67.451 0.0666 0.1040 0.9204
67.492 0.0731 0.1056 0.9204
67.532 0.0686 0.1084 0.9275
67.571 0.0637 0.1060 0.9189
67.608 0.0603 0.1062 0.9367
67.653 0.0589 0.1060 0.8907
67.693 0.0591 0.1057 0.8907
67.732 0.0572 0.1080 0.9161
67.772 0.0527 0.1091 0.9294
67.809 0.0465 0.1074 0.9149
67.853 0.0428 0.1063 0.9367
67.893 0.0418 0.1016 0.9084
67.933 0.0471 0.1052 0.9005
67.973 0.0438 0.1034 0.9294
68.013 0.0410 0.1036 0.9347
68.053 0.0408 0.1028 0.9477
68.093 0.0504 0.1010 0.9465
68.134 0.0551 0.0999 0.9358
68.174 0.0583 0.1064 0.9388
68.213 0.0648 0.1085 0.9388
68.252 0.0704 0.1035 0.9092
68.294 0.0750 0.1014 0.9216
68.356 0.0801 0.1041 0.9099
68.415 0.0873 0.1067 0.8857
68.455 0.0865 0.1038 0.8923
68.492 0.0863 0.1066 0.9007
68.536 0.0912 0.1040 0.9053
68.576 0.0873 0.1066 0.8933
68.616 0.0804 0.1089 0.8832
68.656 0.0755 0.1077 0.8871
68.692 0.0701 0.1068 0.8835
68.737 0.0635 0.1043 0.8934
68.776 0.0614 0.1046 0.9085
68.816 0.0630 0.1067 0.9075
68.856 0.0597 0.1076 0.9273
68.896 0.0526 0.1053 0.9298
68.937 0.0475 0.1068 0.9015
69.000 0.0453 0.1061 0.9032
69.057 0.0393 0.1090 0.9209
69.098 0.0367 0.1070 0.8786
69.137 0.0359 0.1057 0.8539
69.176 0.0359 0.1074 0.8489
69.218 0.0357 0.1058 0.8286
69.258 0.0345 0.1094 0.8405
69.298 0.0289 0.1083 0.8639
69.337 0.0246 0.1103 0.8565
69.375 0.0233 0.1084 0.8525
69.419 0.0214 0.1054 0.8405
69.459 0.0217 0.1065 0.8405
69.500 0.0192 0.1072 0.8925
69.539 0.0173 0.1069 0.8997
69.577 0.0117 0.1053 0.8703
69.621 0.0083 0.1057 0.8997
69.660 0.0085 0.1079 0.8893
69.700 0.0064 0.1072 0.8901
69.740 0.0036 0.1068 0.9006
69.780 0.0047 0.1073 0.8909
69.821 0.0051 0.1085 0.8806
69.861 0.0036 0.1057 0.8889
69.901 0.0042 0.1073 0.8909
69.941 0.0038 0.1073 0.8909
69.980 0.0042 0.1073 0.8909
70.020 0.0046 0.1073 0.8909
70.061 0.0027 0.1052 0.8675
70.102 0.0047 0.1074 0.8909
70.142 0.0053 0.1074 0.8909
70.181 0.0043 0.1084 0.8882
70.218 0.0046 0.1066 0.8795
70.263 0.0065 0.1055 0.8835
70.302 0.0058 0.1067 0.8869
70.342 0.0067 0.1064 0.8988
70.382 0.0054 0.1070 0.9002
70.419 0.0065 0.1057 0.8655
70.463 0.0070 0.1057 0.8803
70.503 0.0035 0.1054 0.8943
70.543 0.0073 0.1072 0.8883
70.584 0.0079 0.1081 0.8915
70.624 0.0043 0.1063 0.8915
70.664 0.0070 0.1053 0.8915
70.704 0.0059 0.1045 0.8655
70.749 0.0046 0.1051 0.8883
70.784 0.0075 0.1055 0.8869
70.824 0.0049 0.1061 0.8828
70.864 0.0047 0.1044 0.8869
70.905 0.0066 0.1062 0.8959
70.945 0.0054 0.1057 0.8969
70.985 0.0045 0.1056 0.9002
71.024 0.0072 0.1061 0.9002
71.062 0.0061 0.1050 0.9002
71.106 0.0091 0.1060 0.8915
71.145 0.0105 0.1054 0.8959
71.186 0.0103 0.1042 0.8927
71.226 0.0120 0.1079 0.9063
71.263 0.0125 0.1070 0.8899
71.307 0.0120 0.1057 0.9096
71.346 0.0150 0.1040 0.9070
71.387 0.0130 0.1056 0.8887
71.426 0.0142 0.1061 0.8932
71.466 0.0159 0.1076 0.8887
71.507 0.0144 0.1049 0.9070
71.547 0.0130 0.1056 0.9070
71.587 0.0092 0.1040 0.9070
71.627 0.0084 0.1044 0.9133
71.667 0.0093 0.1052 0.9122
71.707 0.0068 0.1058 0.9122
71.748 0.0066 0.1039 0.9122
71.789 0.0057 0.1039 0.9122
71.829 0.0035 0.1036 0.9122
71.868 0.0039 0.1056 0.9122
71.906 0.0029 0.1079 0.9122
71.950 0.0049 0.1072 0.8969
71.990 0.0045 0.1060 0.8808
72.030 0.0054 0.1061 0.8808
72.069 0.0047 0.1062 0.9078
72.106 0.0056 0.1103 0.8808
72.150 0.0039 0.1068 0.8819
72.190 0.0049 0.1073 0.8808
72.230 0.0029 0.1071 0.8808
72.270 0.0036 0.1054 0.9089
72.310 0.0046 0.1060 0.9078
72.351 0.0055 0.1046 0.9078
72.391 0.0048 0.1038 0.9078
72.431 0.0048 0.1049 0.9058
72.471 0.0041 0.1046 0.9058
72.510 0.0091 0.1059 0.9078
72.550 0.0162 0.1059 0.9078
72.591 0.0165 0.1073 0.8808
72.632 0.0267 0.1097 0.8889
72.672 0.0364 0.1058 0.8808
72.711 0.0491 0.1047 0.9122
72.749 0.0588 0.1080 0.9457
72.793 0.0697 0.1088 0.9518
72.833 0.0825 0.1063 0.9142
72.873 0.0905 0.1046 0.9432
72.913 0.0996 0.1062 0.9044
72.950 0.1072 0.1091 0.8766
72.994 0.1104 0.1094 0.9306
73.034 0.1139 0.1060 0.9166
73.074 0.1229 0.1060 0.9056
73.114 0.1262 0.1050 0.9019
73.154 0.1308 0.1070 0.9139
73.194 0.1297 0.1066 0.9160
73.234 0.1283 0.1056 0.9236
73.275 0.1263 0.1050 0.9325
73.314 0.1280 0.1023 0.9236
73.354 0.1326 0.1018 0.9282
73.393 0.1334 0.1038 0.9061
73.435 0.1313 0.1056 0.8985
73.475 0.1347 0.1070 0.9459
73.515 0.1363 0.1059 0.9665
73.555 0.1383 0.1052 0.9399
73.619 0.1400 0.1094 0.9431
73.676 0.1422 0.1060 0.9561
73.716 0.1374 0.1060 0.9179
73.756 0.1350 0.1060 0.8995
73.795 0.1318 0.1054 0.9305
73.834 0.1229 0.1074 0.9233
73.877 0.1196 0.1064 0.9258
73.917 0.1201 0.1068 0.9228
73.958 0.1176 0.1091 0.9229
73.998 0.1204 0.1023 0.9183
74.037 0.1193 0.1033 0.9329
74.078 0.1195 0.1091 0.9312
74.118 0.1189 0.1062 0.9520
74.158 0.1171 0.1038 0.8862
74.198 0.1235 0.1030 0.8862
74.238 0.1301 0.1084 0.8699
74.277 0.1312 0.1116 0.8713
74.318 0.1390 0.1074 0.8999
74.359 0.1435 0.1053 0.8943
74.399 0.1454 0.1013 0.9693
74.438 0.1479 0.1050 0.9372
74.475 0.1424 0.1048 0.9277
74.520 0.1346 0.1066 0.9366
74.559 0.1225 0.1037 0.9340
74.599 0.1119 0.1040 0.9351
74.639 0.1029 0.1032 0.9036
74.676 0.0929 0.1040 0.9335
74.720 0.0765 0.1059 0.9272
74.760 0.0649 0.1039 0.9278
74.800 0.0511 0.1027 0.9289
74.840 0.0387 0.1024 0.9325
74.879 0.0273 0.1032 0.9269
74.921 0.0183 0.1056 0.9595
74.960 0.0149 0.1046 0.9595
75.001 0.0107 0.1060 0.9360
75.042 0.0104 0.1055 0.9384
75.081 0.0105 0.1032 0.9554
75.121 0.0100 0.1053 0.9585
75.162 0.0094 0.1054 0.9585
75.203 0.0108 0.1056 0.9542
75.242 0.0143 0.1078 0.9638
75.282 0.0196 0.1024 0.9309
75.319 0.0238 0.1036 0.9531
75.364 0.0264 0.1080 0.9845
75.403 0.0288 0.1051 0.9531
75.443 0.0316 0.1029 0.9531
75.483 0.0408 0.1009 0.9316
75.520 0.0468 0.1021 0.9375
75.564 0.0583 0.1058 0.9531
75.604 0.0671 0.1040 0.9375
75.644 0.0724 0.1021 0.8955
75.684 0.0822 0.1009 0.9073
75.724 0.0897 0.1037 0.8943
75.764 0.0972 0.1019 0.9653
75.804 0.1034 0.1027 0.9673
75.844 0.1116 0.1018 0.9419
75.884 0.1204 0.1020 0.9483
75.924 0.1292 0.1004 0.9461
75.963 0.1304 0.1013 0.9425
76.005 0.1359 0.1040 0.9189
76.045 0.1384 0.1012 0.9233
76.085 0.1402 0.1023 0.9233
76.125 0.1439 0.1017 0.8863
76.162 0.1410 0.1039 0.8979
76.207 0.1393 0.1049 0.9202
76.246 0.1386 0.1059 0.9121
76.286 0.1355 0.1052 0.9023
76.326 0.1337 0.0994 0.9186
76.363 0.1309 0.0996 0.8807
76.408 0.1233 0.1046 0.8727
76.447 0.1206 0.1085 0.8613
76.487 0.1157 0.1077 0.8927
76.527 0.1110 0.1090 0.8829
76.567 0.1049 0.1043 0.9281
76.608 0.1001 0.1080 0.8832
76.648 0.0971 0.1080 0.8832
76.688 0.0945 0.1102 0.8661
76.728 0.0920 0.1078 0.8661
76.767 0.0899 0.1073 0.8687
76.807 0.0883 0.1117 0.8756
76.851 0.0860 0.1166 0.8756
76.888 0.0852 0.1120 0.8513
76.930 0.0856 0.1122 0.8703
76.968 0.0841 0.1124 0.8711
77.005 0.0821 0.1103 0.8883
77.050 0.0818 0.1084 0.8649
77.089 0.0795 0.1162 0.8793
77.129 0.0809 0.1171 0.8723
77.169 0.0805 0.1055 0.8673
77.207 0.0789 0.1165 0.8723
77.252 0.0819 0.1138 0.8453
77.290 0.0842 0.1121 0.8997
77.331 0.0863 0.1125 0.8815
77.371 0.0853 0.1114 0.8679
77.461 0.0893 0.1091 0.8779
77.490 0.0913 0.1107 0.8695
77.531 0.0930 0.1144 0.8620
77.571 0.0974 0.1138 0.8313
77.611 0.0987 0.1134 0.8572
77.651 0.1014 0.1146 0.8473
77.690 0.1013 0.1094 0.8513
77.731 0.1013 0.1137 0.8362
77.772 0.1002 0.1157 0.8653
77.812 0.0967 0.1116 0.8653
77.851 0.0995 0.1081 0.8429
77.889 0.1005 0.1116 0.8189
77.933 0.0972 0.1113 0.8110
77.972 0.0942 0.1098 0.8036
78.012 0.0935 0.1129 0.8235
78.052 0.0894 0.1063 0.8196
78.089 0.0855 0.1066 0.7940
78.133 0.0810 0.1051 0.8059
78.173 0.0821 0.1086 0.7990
78.214 0.0815 0.1105 0.8033
78.253 0.0780 0.1072 0.7873
78.292 0.0753 0.1076 0.7817
78.334 0.0691 0.1071 0.7934
78.375 0.0659 0.1098 0.7974
78.415 0.0627 0.1093 0.7684
78.455 0.0604 0.1059 0.7599
78.494 0.0581 0.1025 0.7500
78.534 0.0575 0.1010 0.7250
78.575 0.0573 0.1023 0.7270
78.616 0.0542 0.1058 0.7262
78.655 0.0519 0.1036 0.7230
78.695 0.0507 0.1089 0.6916
78.732 0.0494 0.1089 0.6916
78.777 0.0511 0.1090 0.6798
78.816 0.0509 0.1072 0.6734
78.856 0.0525 0.1103 0.6754
78.896 0.0553 0.1091 0.6388
78.933 0.0594 0.1069 0.6590
78.977 0.0628 0.1061 0.6686
79.017 0.0613 0.1229 0.6738
79.057 0.0619 0.1226 0.6710
79.097 0.0633 0.1073 0.6520
79.137 0.0673 0.1073 0.6464
79.177 0.0681 0.1071 0.6574
79.217 0.0693 0.1326 0.6710
79.258 0.0699 0.1140 0.6199
79.297 0.0739 0.1223 0.6622
79.337 0.0763 0.1094 0.6488
79.376 0.0748 0.1079 0.6122
79.418 0.0737 0.1078 0.6162
79.459 0.0711 0.1104 0.6162
79.499 0.0742 0.1063 0.6190
79.539 0.0763 0.1119 0.5982
79.576 0.0782 0.1204 0.5668
79.620 0.0759 0.1118 0.5848
79.660 0.0749 0.1118 0.6058
79.700 0.0764 0.1163 0.6146
79.739 0.0788 0.1168 0.6098
79.776 0.0788 0.1107 0.6146
79.820 0.0768 0.1094 0.6082
79.860 0.0778 0.1054 0.5876
79.901 0.0774 0.1150 0.6082
79.940 0.0791 0.1115 0.6082
79.980 0.0798 0.1114 0.6194
80.021 0.0780 0.1111 0.5784
80.061 0.0762 0.1110 0.5892
80.101 0.0732 0.1140 0.5971
80.141 0.0731 0.1087 0.5756
80.180 0.0760 0.1085 0.6146
80.220 0.0761 0.1067 0.6166
80.261 0.0725 0.1068 0.6210
80.302 0.0715 0.1038 0.5974
80.342 0.0690 0.1086 0.5974
80.381 0.0720 0.1070 0.5974
80.419 0.0741 0.1057 0.5974
80.463 0.0814 0.1022 0.6022
80.502 0.0782 0.1053 0.5749
80.542 0.0779 0.1052 0.5749
80.583 0.0839 0.1030 0.6256
80.620 0.0891 0.1027 0.6130
80.664 0.0906 0.1055 0.6082
80.704 0.0890 0.1152 0.4577
80.744 0.0905 0.1085 0.4673
80.784 0.0902 0.1084 0.4737
80.823 0.0936 0.1053 0.4926
80.865 0.0950 0.1032 0.5132
80.904 0.0945 0.1046 0.5084
80.945 0.0865 0.1014 0.4419
80.984 0.0860 0.1040 0.4419
81.024 0.0871 0.1014 0.4307
81.064 0.0860 0.1002 0.4307
81.105 0.0841 0.0981 0.4355
81.145 0.0804 0.0981 0.4419
81.185 0.0771 0.0940 0.4197
81.225 0.0763 0.0997 0.4309
81.263 0.0781 0.0923 0.4467
81.307 0.0776 0.0915 0.4197
81.346 0.0766 0.0919 0.4309
81.386 0.0764 0.0853 0.4245
81.426 0.0754 0.0871 0.3957
81.463 0.0768 0.0904 0.4133
81.507 0.0795 0.0888 0.3703
81.547 0.0795 0.0818 0.3481
81.587 0.0798 0.0823 0.3861
81.627 0.0784 0.0816 0.3639
81.667 0.0800 0.0790 0.3973
81.708 0.0830 0.0792 0.3464
81.748 0.0848 0.0724 0.3257
81.789 0.0887 0.0724 0.3306
81.828 0.0930 0.0699 0.3146
81.868 0.0951 0.0699 0.3146
81.908 0.1052 0.0660 0.3352
81.951 0.1160 0.0660 0.3416
81.989 0.1188 0.0646 0.3367
82.029 0.1200 0.0590 0.3082
82.069 0.1239 0.0683 0.2970
82.106 0.1236 0.0621 0.2970
82.151 0.1313 0.0594 0.3082
82.190 0.1348 0.0613 0.3146
82.230 0.1345 0.0576 0.2654
82.270 0.1338 0.0554 0.2700
82.307 NaN 0.0575 0.2812
82.351 NaN 0.0575 0.2654
82.390 NaN 0.0492 0.2384
82.431 NaN 0.0471 0.2654
82.471 NaN 0.0466 0.2114
82.510 NaN 0.0371 0.2002
82.551 NaN 0.0331 0.2272
82.591 NaN 0.0331 0.2114
