265.520 NaN 0.0968 0.8911
265.564 NaN 0.0959 0.9031
265.603 NaN 0.0940 0.9065
265.644 NaN 0.0969 0.9059
265.683 NaN 0.0992 0.8942
265.720 NaN 0.1002 0.9096
265.764 NaN 0.0977 0.8821
265.804 0.0548 0.0987 0.9043
265.844 0.0569 0.0920 0.9021
265.884 0.0578 0.0933 0.8977
265.924 0.0582 0.0941 0.8977
265.965 0.0558 0.0944 0.8899
266.005 0.0545 0.0944 0.8872
266.045 0.0530 0.0940 0.8899
266.085 0.0574 0.0946 0.8849
266.125 0.0577 0.0946 0.8849
266.165 0.0592 0.0963 0.8754
266.206 0.0662 0.0952 0.8869
266.246 0.0674 0.0943 0.8919
266.287 0.0686 0.0949 0.8919
266.326 0.0666 0.0961 0.8685
266.363 0.0691 0.0972 0.9083
266.408 0.0738 0.0978 0.8835
266.447 0.0743 0.0971 0.8961
266.487 0.0765 0.0962 0.8872
266.527 0.0783 0.0929 0.8985
266.564 0.0809 0.0966 0.8851
266.608 0.0787 0.0940 0.9439
266.648 0.0789 0.0920 0.8981
266.688 0.0763 0.0916 0.9229
266.728 0.0743 0.0908 0.9363
266.768 0.0775 0.0910 0.9191
266.808 0.0810 0.0986 0.9050
266.848 0.0823 0.0931 0.9032
266.889 0.0809 0.0930 0.9072
266.928 0.0823 0.0859 0.8863
266.968 0.0830 0.0920 0.8982
267.007 0.0849 0.0903 0.8843
267.049 0.0864 0.0918 0.9007
267.089 0.0865 0.0891 0.9426
267.129 0.0902 0.0885 0.9139
267.169 0.0909 0.0881 0.9282
267.207 0.0934 0.0918 0.9298
267.250 0.0902 0.0945 0.9129
267.291 0.0938 0.0933 0.8759
267.331 0.0957 0.0904 0.9059
267.370 0.0945 0.0865 0.9209
267.407 0.0930 0.0919 0.9029
267.452 0.0937 0.0914 0.9242
267.491 0.0920 0.0938 0.9341
267.531 0.0882 0.0938 0.9655
267.571 0.0879 0.0883 0.8969
267.611 0.0855 0.0867 0.8969
267.652 0.0841 0.0886 0.9083
267.692 0.0829 0.0921 0.9303
267.732 0.0884 0.0898 0.9384
267.772 0.0879 0.0873 0.9604
267.811 0.0882 0.0834 0.9757
267.851 0.0899 0.0861 0.9757
267.892 0.0918 0.0873 0.9680
267.933 0.0938 0.0846 0.9729
267.973 0.0996 0.0843 0.9865
268.012 0.1068 0.0858 0.9581
268.050 0.1106 0.0815 0.9841
268.094 0.1149 0.0852 0.9805
268.133 0.1216 0.0861 0.9805
268.173 0.1286 0.0819 0.9775
268.213 0.1288 0.0824 1.0039
268.250 0.1316 0.0810 0.9641
268.294 0.1326 0.0828 0.9685
268.334 0.1308 0.0817 0.9970
268.375 0.1331 0.0848 0.9253
268.415 0.1334 0.0820 0.9258
268.455 0.1284 0.0823 0.8689
268.495 0.1229 0.0795 0.8997
268.536 0.1191 0.0817 0.8798
268.576 0.1144 0.0850 0.9159
268.616 0.1083 0.0853 0.8923
268.655 0.1027 0.0833 0.9022
268.694 0.0974 0.0828 0.8653
268.736 0.0938 0.0845 0.9093
268.776 0.0875 0.0851 0.8927
268.816 0.0870 0.0862 0.9302
268.856 0.0827 0.0860 0.9137
268.893 0.0783 0.0878 0.8609
268.937 0.0779 0.0872 0.8579
268.977 0.0789 0.0899 0.8936
269.017 0.0831 0.0922 0.8936
269.056 0.0898 0.0891 0.9162
269.094 0.0954 0.0894 0.8688
269.138 0.1009 0.0868 0.8873
269.177 0.1087 0.0872 0.9167
269.218 0.1140 0.0915 0.9191
269.258 0.1186 0.0918 0.9265
269.297 0.1186 0.0890 0.9017
269.338 0.1199 0.0881 0.9093
269.378 0.1215 0.0877 0.8871
269.418 0.1216 0.0898 0.9584
269.459 0.1196 0.0896 0.9335
269.499 0.1134 0.0907 0.9335
269.538 0.1007 0.0874 0.9695
269.580 0.0921 0.0874 0.9330
269.620 0.0848 0.0880 0.9294
269.660 0.0758 0.0909 0.9555
269.699 0.0656 0.0883 0.9167
269.737 0.0584 0.0890 0.9466
269.781 0.0494 0.0864 0.9401
269.820 0.0496 0.0868 0.9301
269.861 0.0472 0.0880 0.8994
269.900 0.0455 0.0887 0.9016
269.937 0.0455 0.0893 0.8994
269.982 0.0449 0.0879 0.9067
270.021 0.0502 0.0887 0.8994
270.061 0.0572 0.0893 0.9032
270.101 0.0598 0.0902 0.9381
270.141 0.0585 0.0877 0.9289
270.182 0.0581 0.0876 0.9449
270.222 0.0592 0.0867 0.9507
270.262 0.0653 0.0859 0.9179
270.302 0.0651 0.0870 0.9176
270.341 0.0635 0.0907 0.9289
270.381 0.0637 0.0855 0.9114
270.422 0.0630 0.0865 0.9053
270.463 0.0655 0.0865 0.9053
270.503 0.0667 0.0865 0.9053
270.542 0.0623 0.0883 0.9423
270.581 0.0563 0.0878 0.9222
270.625 0.0554 0.0868 0.9250
270.664 0.0573 0.0844 0.9222
270.704 0.0630 0.0852 0.9147
270.744 0.0613 0.0851 0.9798
270.795 0.0572 0.0862 0.9736
270.825 0.0593 0.0854 0.9751
270.865 0.0596 0.0829 0.9432
270.905 0.0635 0.0839 0.9720
270.945 0.0624 0.0813 0.9799
270.985 0.0622 0.0864 0.9866
271.026 0.0626 0.0854 0.9447
271.065 0.0663 0.0811 0.9437
271.105 0.0665 0.0822 0.9321
271.146 0.0727 0.0851 0.9431
271.185 0.0697 0.0840 0.9403
271.224 0.0677 0.0845 0.9227
271.266 0.0734 0.0832 0.9411
271.306 0.0727 0.0835 0.9121
271.346 0.0746 0.0826 0.9161
271.385 0.0745 0.0861 0.9673
271.423 0.0772 0.0843 0.8911
271.467 0.0779 0.0831 0.8911
271.507 0.0832 0.0826 0.8979
271.547 0.0844 0.0807 0.8769
271.586 0.0873 0.0865 0.8943
271.624 0.0881 0.0880 0.8919
271.668 0.0862 0.0867 0.9254
271.708 0.0894 0.0856 0.9082
271.748 0.0923 0.0840 0.8972
271.788 0.0986 0.0846 0.9205
271.828 0.1014 0.0873 0.9033
271.869 0.1024 0.0887 0.8939
271.909 0.0986 0.0881 0.9205
271.949 0.0992 0.0854 0.9032
271.989 0.0989 0.0848 0.8965
272.028 0.1010 0.0856 0.9257
272.068 0.1018 0.0846 0.9011
272.109 0.0996 0.0875 0.9132
272.149 0.0979 0.0811 0.8975
272.190 0.1006 0.0826 0.9207
272.229 0.1013 0.0841 0.9064
272.267 0.0979 0.0893 0.9023
272.311 0.0938 0.0874 0.9273
272.350 0.0951 0.0858 0.9064
272.391 0.1005 0.0825 0.9031
272.430 0.1001 0.0849 0.9051
272.467 0.1011 0.0839 0.9063
272.511 0.0978 0.0825 0.9083
272.551 0.0964 0.0836 0.9171
272.591 0.0953 0.0843 0.8881
272.631 0.0981 0.0772 0.9117
272.670 0.0974 0.0790 0.9064
272.712 0.0919 0.0822 0.9099
272.752 0.0885 0.0827 0.8868
272.792 0.0868 0.0821 0.9180
272.833 0.0861 0.0819 0.8969
272.872 0.0808 0.0835 0.8969
272.912 0.0800 0.0824 0.8879
272.953 0.0766 0.0858 0.8936
272.993 0.0725 0.0850 0.8846
273.033 0.0671 0.0817 0.8745
273.073 0.0625 0.0794 0.9004
273.110 0.0597 0.0814 0.9196
273.155 0.0559 0.0809 0.9196
273.194 0.0540 0.0839 0.9220
273.234 0.0516 0.0815 0.9084
273.274 0.0529 0.0825 0.9042
273.311 0.0515 0.0802 0.9008
273.355 0.0477 0.0822 0.9008
273.395 0.0455 0.0848 0.9061
273.435 0.0422 0.0841 0.9071
273.475 0.0427 0.0822 0.9131
273.515 0.0447 0.0798 0.8791
273.555 0.0455 0.0802 0.8991
273.595 0.0459 0.0843 0.9020
273.635 0.0467 0.0804 0.9008
273.675 0.0496 0.0813 0.9008
273.715 0.0542 0.0800 0.8753
273.754 0.0590 0.0792 0.9044
273.795 0.0663 0.0810 0.8834
273.836 0.0723 0.0794 0.9134
273.876 0.0804 0.0792 0.9134
273.916 0.0882 0.0782 0.9134
273.954 0.0955 0.0777 0.8962
273.998 0.1042 0.0750 0.9240
274.038 0.1134 0.0797 0.9044
274.077 0.1234 0.0773 0.9097
274.117 0.1330 0.0758 0.9097
274.154 0.1407 0.0775 0.9097
274.198 0.1468 0.0746 0.9097
274.238 0.1491 0.0806 0.8925
274.278 0.1496 0.0815 0.9056
274.318 0.1533 0.0765 0.8993
274.358 0.1560 0.0773 0.9388
274.399 0.1554 0.0744 0.9429
274.439 0.1571 0.0764 0.9507
274.479 0.1554 0.0805 0.9494
274.519 0.1555 0.0779 0.9482
274.558 0.1552 0.0781 0.9400
274.598 0.1505 0.0776 0.9470
274.639 0.1516 0.0789 0.9432
274.679 0.1531 0.0811 0.9644
274.720 0.1585 0.0811 0.9438
274.759 0.1619 0.0809 0.9362
274.796 0.1611 0.0805 0.9190
274.841 0.1598 0.0792 0.9272
274.880 0.1628 0.0797 0.9335
274.920 0.1682 0.0805 0.9532
274.960 0.1731 0.0820 0.9150
274.998 0.1753 0.0805 0.9080
275.042 0.1700 0.0782 0.9018
275.082 0.1717 0.0781 0.9035
275.122 0.1656 0.0815 0.8918
275.162 0.1591 0.0825 0.9265
275.202 0.1538 0.0805 0.9018
275.242 0.1452 0.0821 0.9092
275.282 0.1420 0.0790 0.9048
275.322 0.1370 0.0817 0.9256
275.363 0.1316 0.0818 0.9256
275.402 0.1215 0.0817 0.9282
275.441 0.1125 0.0811 0.9345
275.483 0.1036 0.0813 0.9049
275.523 0.1003 0.0815 0.9255
275.563 0.0946 0.0808 0.9108
275.603 0.0918 0.0814 0.9208
275.640 0.0941 0.0821 0.9207
275.685 0.0913 0.0815 0.9437
275.724 0.0911 0.0814 0.9196
275.764 0.0901 0.0821 0.9047
275.803 0.0901 0.0838 0.9207
275.840 0.0880 0.0827 0.9207
275.885 0.0875 0.0808 0.9240
275.924 0.0876 0.0796 0.9224
275.965 0.0872 0.0798 0.9117
276.004 0.0902 0.0833 0.9179
276.044 0.0933 0.0842 0.9133
276.085 0.0962 0.0842 0.9095
276.125 0.0897 0.0813 0.9245
276.166 0.0893 0.0809 0.9245
276.206 0.0908 0.0839 0.9157
276.246 0.0923 0.0886 0.8826
276.285 0.0921 0.0858 0.8983
276.326 0.0931 0.0850 0.8889
276.367 0.0950 0.0862 0.8889
276.407 0.0954 0.0832 0.9035
276.446 0.0962 0.0887 0.8925
276.484 0.0962 0.0901 0.8627
276.528 0.0935 0.0861 0.8841
276.568 0.0900 0.0819 0.8776
276.608 0.0922 0.0872 0.8956
276.647 0.0941 0.0875 0.8902
276.684 0.0907 0.0898 0.9054
276.728 0.0904 0.0870 0.8737
276.768 0.0879 0.0890 0.8581
276.808 0.0867 0.0863 0.8867
276.848 0.0899 0.0868 0.8892
276.888 0.0922 0.0886 0.9252
276.929 0.0968 0.0882 0.9128
276.969 0.0988 0.0845 0.8805
277.009 0.1033 0.0868 0.9020
277.048 0.1086 0.0857 0.8935
277.088 0.1179 0.0871 0.8982
277.128 0.1210 0.0879 0.8645
277.169 0.1270 0.0857 0.8891
277.210 0.1316 0.0846 0.8952
277.250 0.1400 0.0842 0.8986
277.290 0.1494 0.0818 0.9095
277.327 0.1496 0.0836 0.8701
277.371 0.1488 0.0832 0.8998
277.411 0.1455 0.0830 0.8945
277.451 0.1438 0.0805 0.9052
277.491 0.1432 0.0803 0.8832
277.528 0.1443 0.0831 0.9311
277.572 0.1439 0.0820 0.9153
277.612 0.1445 0.0831 0.8805
277.652 0.1465 0.0801 0.9105
277.692 0.1522 0.0800 0.9051
277.732 0.1529 0.0818 0.9093
277.772 0.1492 0.0849 0.8977
277.812 0.1519 0.0860 0.9277
277.852 0.1576 0.0840 0.9410
277.892 0.1615 0.0821 0.8696
277.932 0.1651 0.0811 0.9186
277.971 0.1617 0.0865 0.8816
278.013 0.1609 0.0848 0.8665
278.053 0.1587 0.0847 0.9133
278.093 0.1556 0.0846 0.9474
278.132 0.1539 0.0832 0.8631
278.170 0.1455 0.0816 0.8750
278.214 0.1372 0.0879 0.8765
278.254 0.1334 0.0841 0.8807
278.294 0.1264 0.0822 0.8751
278.334 0.1149 0.0801 0.9252
278.371 0.1061 0.0830 0.9043
278.416 0.0972 0.0859 0.9080
278.455 0.0964 0.0871 0.9036
278.495 0.0954 0.0842 0.8960
278.535 0.0921 0.0858 0.8826
278.575 0.0891 0.0834 0.8826
278.616 0.0876 0.0831 0.8826
278.656 0.0912 0.0845 0.8640
278.696 0.0933 0.0851 0.8819
278.736 0.0868 0.0806 0.8669
278.775 0.0879 0.0811 0.8620
278.815 0.0916 0.0830 0.8890
278.856 0.0958 0.0876 0.8758
278.896 0.0974 0.0851 0.9043
278.936 0.0982 0.0860 0.8851
278.976 0.0967 0.0861 0.9026
279.014 0.0922 0.0859 0.8613
279.058 0.0973 0.0863 0.9053
279.097 0.0985 0.0917 0.8916
279.137 0.0935 0.0894 0.9127
279.177 0.0843 0.0857 0.9075
279.214 0.0826 0.0839 0.9064
279.258 0.0782 0.0881 0.8910
279.298 0.0719 0.0894 0.9320
279.338 0.0629 0.0889 0.8825
279.378 0.0595 0.0878 0.8825
279.418 0.0549 0.0859 0.8853
279.459 0.0478 0.0807 0.8981
279.499 0.0458 0.0859 0.9057
279.540 0.0400 0.0870 0.9237
279.580 0.0318 0.0860 0.8817
279.619 0.0245 0.0808 0.8645
279.659 0.0253 0.0843 0.9057
279.700 0.0258 0.0850 0.9052
279.740 0.0268 0.0871 0.9167
279.780 0.0265 0.0855 0.9269
279.819 0.0323 0.0835 0.9269
279.857 0.0302 0.0828 0.9269
279.901 0.0333 0.0836 0.9236
279.941 0.0417 0.0847 0.9353
279.981 0.0498 0.0862 0.9396
280.021 0.0556 0.0858 0.9367
280.057 0.0575 0.0851 0.9399
280.102 0.0665 0.0836 0.9367
280.141 0.0704 0.0825 0.9134
280.182 0.0738 0.0836 0.9268
280.221 0.0716 0.0822 0.8925
280.262 0.0737 0.0809 0.9408
280.302 0.0739 0.0816 0.9416
280.342 0.0775 0.0813 0.9025
280.382 0.0776 0.0847 0.9196
280.422 0.0715 0.0835 0.9356
280.462 0.0662 0.0834 0.9291
280.501 0.0595 0.0832 0.8749
280.543 0.0578 0.0830 0.9009
280.584 0.0559 0.0853 0.8937
280.624 0.0544 0.0850 0.8989
280.663 0.0511 0.0859 0.8845
280.701 0.0506 0.0818 0.8689
280.745 0.0533 0.0786 0.8922
280.785 0.0535 0.0795 0.9183
280.824 0.0512 0.0787 0.9558
280.864 0.0514 0.0808 0.9196
280.901 0.0531 0.0804 0.8765
280.945 0.0527 0.0820 0.8948
280.985 0.0559 0.0813 0.8948
281.025 0.0547 0.0819 0.8870
281.065 0.0538 0.0825 0.9434
281.105 0.0521 0.0817 0.9500
281.146 0.0464 0.0796 0.8957
281.185 0.0475 0.0818 0.8896
281.226 0.0476 0.0798 0.8846
281.266 0.0488 0.0824 0.8846
281.305 0.0474 0.0817 0.8896
281.345 0.0441 0.0823 0.8913
281.386 0.0404 0.0804 0.9001
281.426 0.0414 0.0800 0.9075
281.466 0.0417 0.0808 0.9132
281.506 0.0424 0.0848 0.9170
281.543 0.0427 0.0831 0.9298
281.588 0.0415 0.0789 0.9207
281.627 0.0434 0.0771 0.9108
281.667 0.0492 0.0824 0.9298
281.708 0.0531 0.0820 0.9312
281.745 0.0494 0.0832 0.9365
281.789 0.0469 0.0803 0.9064
281.829 0.0532 0.0797 0.9064
281.869 0.0599 0.0823 0.9271
281.909 0.0608 0.0842 0.9283
281.949 0.0599 0.0837 0.9169
281.989 0.0592 0.0834 0.9347
282.029 0.0601 0.0814 0.9232
282.069 0.0635 0.0790 0.8898
282.110 0.0703 0.0800 0.8898
282.149 0.0738 0.0843 0.8882
282.188 0.0739 0.0826 0.9076
282.230 0.0769 0.0831 0.8925
282.270 0.0847 0.0811 0.8925
282.310 0.0880 0.0822 0.8851
282.350 0.0864 0.0827 0.9012
282.387 0.0827 0.0849 0.8998
282.431 0.0839 0.0808 0.8916
282.471 0.0830 0.0806 0.8897
282.511 0.0812 0.0799 0.9122
282.550 0.0805 0.0817 0.8882
282.587 0.0766 0.0837 0.9136
282.631 0.0658 0.0834 0.9076
282.671 0.0588 0.0809 0.9032
282.711 0.0517 0.0809 0.9040
282.751 0.0469 0.0818 0.9204
282.792 0.0473 0.0826 0.9129
282.833 0.0413 0.0838 0.9189
282.873 0.0418 0.0830 0.9037
282.913 0.0373 0.0826 0.9219
282.953 0.0405 0.0816 0.9129
282.992 0.0431 0.0826 0.9105
283.032 0.0410 0.0855 0.8937
283.073 0.0402 0.0824 0.9118
283.114 0.0426 0.0824 0.9032
283.154 0.0460 0.0862 0.8867
283.193 0.0504 0.0810 0.9091
283.230 0.0516 0.0831 0.9215
283.275 0.0487 0.0837 0.9218
283.314 0.0491 0.0818 0.9114
283.354 0.0504 0.0818 0.8858
283.394 0.0544 0.0829 0.8960
283.628 0.0504 0.0853 0.8990
283.676 0.0463 0.0846 0.8862
283.716 0.0454 0.0867 0.8786
283.755 0.0447 0.0839 0.8583
283.795 0.0470 0.0810 0.8563
283.835 0.0484 0.0810 0.8563
283.876 0.0486 0.0823 0.8800
283.917 0.0533 0.0833 0.9375
283.957 0.0522 0.0833 0.9375
283.997 0.0555 0.0818 0.9284
284.036 0.0568 0.0804 0.9274
284.076 0.0575 0.0816 0.9572
284.117 0.0595 0.0844 0.9274
284.158 0.0620 0.0830 0.9412
284.198 0.0677 0.0820 0.9412
284.237 0.0701 0.0832 0.9293
284.275 0.0724 0.0797 0.9412
284.319 0.0742 0.0828 0.9269
284.358 0.0779 0.0840 0.9212
284.398 0.0789 0.0839 0.9162
284.438 0.0786 0.0826 0.9479
284.475 0.0786 0.0796 0.9264
284.519 0.0763 0.0770 0.9220
284.559 0.0781 0.0785 0.9328
284.599 0.0798 0.0789 0.9424
284.639 0.0847 0.0786 0.9414
284.679 0.0808 0.0809 0.9424
284.720 0.0818 0.0789 0.9642
284.759 0.0847 0.0822 0.9645
284.800 0.0874 0.0841 0.9672
284.840 0.0939 0.0818 0.9672
284.879 0.0976 0.0837 0.9666
284.919 0.1014 0.0825 0.9655
284.960 0.1109 0.0838 0.9396
285.000 0.1160 0.0861 0.9784
285.042 0.1224 0.0873 0.9808
285.081 0.1286 0.0853 0.9801
285.118 0.1294 0.0844 0.9752
285.163 0.1387 0.0835 0.9541
285.202 0.1461 0.0865 0.9772
285.242 0.1487 0.0828 0.9982
285.282 0.1484 0.0830 0.9672
285.319 0.1426 0.0819 0.9405
285.363 0.1400 0.0801 0.9402
285.403 0.1432 0.0832 0.8985
285.443 0.1394 0.0818 0.8895
285.482 0.1434 0.0814 0.9089
285.523 0.1481 0.0817 0.9217
285.563 0.1463 0.0842 0.8883
285.603 0.1488 0.0817 0.8890
285.643 0.1479 0.0831 0.8749
285.683 0.1474 0.0874 0.8834
285.723 0.1516 0.0859 0.9076
285.762 0.1508 0.0810 0.9060
285.804 0.1570 0.0841 0.8685
285.844 0.1620 0.0844 0.9011
285.884 0.1604 0.0873 0.9089
285.924 0.1623 0.0860 0.8569
285.961 0.1619 0.0864 0.9089
286.005 0.1571 0.0862 0.9068
286.045 0.1572 0.0875 0.9145
286.085 0.1556 0.0913 0.9574
286.125 0.1517 0.0899 0.9170
286.162 0.1513 0.0869 0.9129
286.208 0.1409 0.0863 0.9139
286.246 0.1390 0.0859 0.9364
286.287 0.1364 0.0885 0.9469
286.326 0.1315 0.0885 0.9247
286.366 0.1245 0.0873 0.8990
286.407 0.1204 0.0878 0.9115
286.447 0.1161 0.0833 0.9177
286.487 0.1095 0.0852 0.9335
286.527 0.1067 0.0884 0.9485
286.566 0.1027 0.0849 0.9235
286.606 0.0988 0.0858 0.9365
286.647 0.0970 0.0844 0.9165
286.688 0.1013 0.0859 0.9115
286.728 0.1014 0.0868 0.9316
286.767 0.1010 0.0855 0.9341
286.805 0.0970 0.0854 0.9341
286.849 0.0988 0.0851 0.9393
286.888 0.0990 0.0880 0.9311
286.928 0.0980 0.0881 0.9321
286.968 0.1011 0.0883 0.9179
287.005 0.1009 0.0899 0.9251
287.049 0.0994 0.0880 0.9221
287.089 0.1012 0.0846 0.9211
287.129 0.1031 0.0858 0.8959
287.169 0.0998 0.0888 0.9625
287.209 0.0975 0.0892 0.9305
287.250 0.0970 0.0876 0.9521
287.291 0.0983 0.0879 0.9113
287.330 0.0970 0.0892 0.9031
287.371 0.0997 0.0908 0.9332
287.410 0.1037 0.0919 0.9343
287.450 0.1050 0.0886 0.9510
287.491 0.1091 0.0903 0.9092
287.531 0.1163 0.0854 0.9410
287.571 0.1222 0.0881 0.9095
287.611 0.1262 0.0868 0.9127
287.648 0.1272 0.0919 0.8957
287.692 0.1307 0.0867 0.9493
287.732 0.1341 0.0874 0.9184
287.772 0.1360 0.0845 0.9482
287.811 0.1381 0.0878 0.9377
287.848 0.1375 0.0887 0.9166
287.893 0.1337 0.0917 0.8886
287.932 0.1367 0.0880 0.8879
287.973 0.1384 0.0877 0.9054
288.012 0.1347 0.0881 0.8686
288.052 0.1309 0.0894 0.8779
288.093 0.1287 0.0868 0.8855
288.133 0.1312 0.0865 0.8806
288.173 0.1318 0.0856 0.8860
288.213 0.1273 0.0818 0.8989
288.252 0.1237 0.0843 0.8975
288.292 0.1186 0.0862 0.8986
288.334 0.1203 0.0877 0.8716
288.375 0.1226 0.0877 0.8655
288.415 0.1223 0.0852 0.9299
288.454 0.1187 0.0872 0.8496
288.492 0.1132 0.0878 0.8945
288.536 0.1083 0.0879 0.8945
288.576 0.1109 0.0855 0.8945
288.616 0.1095 0.0828 0.8916
288.655 0.1068 0.0821 0.8902
288.692 0.1090 0.0854 0.9108
288.736 0.1096 0.0888 0.9148
288.776 0.1152 0.0874 0.9219
288.816 0.1131 0.0859 0.9121
288.856 0.1101 0.0848 0.8468
288.896 0.1053 0.0873 0.8869
288.936 0.1017 0.0915 0.9089
288.977 0.0989 0.0873 0.9089
289.016 0.0997 0.0873 0.9236
289.057 0.0945 0.0860 0.9097
289.096 0.0844 0.0871 0.9017
289.136 0.0784 0.0902 0.8901
289.177 0.0714 0.0913 0.8902
289.217 0.0676 0.0875 0.8982
289.258 0.0622 0.0884 0.8556
289.297 0.0606 0.0922 0.9133
289.334 0.0598 0.0906 0.8797
289.379 0.0599 0.0925 0.8908
289.418 0.0599 0.0913 0.8897
289.459 0.0626 0.0905 0.8897
289.499 0.0645 0.0874 0.8813
289.536 0.0648 0.0885 0.8802
289.580 0.0703 0.0889 0.8979
289.620 0.0728 0.0904 0.9095
289.660 0.0753 0.0917 0.8855
289.700 0.0768 0.0873 0.8941
289.739 0.0760 0.0877 0.8511
289.780 0.0751 0.0862 0.8738
289.820 0.0750 0.0882 0.8819
289.860 0.0759 0.0922 0.8481
289.901 0.0732 0.0868 0.8649
289.940 0.0695 0.0869 0.8639
289.979 0.0679 0.0846 0.8823
290.021 0.0657 0.0926 0.8669
290.061 0.0629 0.0877 0.8799
290.101 0.0642 0.0868 0.8723
290.140 0.0664 0.0838 0.8479
290.178 0.0663 0.0883 0.8483
290.222 0.0681 0.0931 0.8369
290.262 0.0740 0.0909 0.8829
290.302 0.0749 0.0928 0.8695
290.341 0.0746 0.0927 0.8858
290.378 0.0779 0.0877 0.8726
290.422 0.0827 0.0857 0.9043
290.462 0.0879 0.0887 0.8682
290.502 0.0903 0.0898 0.8911
290.542 0.0934 0.0906 0.8873
290.583 0.0935 0.0886 0.8952
290.624 0.0914 0.0888 0.8807
290.664 0.0900 0.0909 0.9010
290.704 0.0892 0.0892 0.9006
290.744 0.0828 0.0899 0.8956
290.783 0.0812 0.0927 0.8897
290.823 0.0785 0.0910 0.8982
290.864 0.0769 0.0899 0.9123
290.905 0.0746 0.0940 0.9252
290.945 0.0687 0.0933 0.8633
290.984 0.0687 0.0888 0.9175
291.022 0.0682 0.0888 0.8996
291.066 0.0697 0.0890 0.9003
291.105 0.0712 0.0931 0.8992
291.145 0.0737 0.0912 0.9003
291.185 0.0751 0.0920 0.9418
291.222 0.0791 0.0920 0.8919
291.266 0.0825 0.0919 0.9093
291.306 0.0857 0.0932 0.8883
291.346 0.0843 0.0933 0.9093
291.386 0.0846 0.0967 0.8935
291.426 0.0867 0.0934 0.9052
291.466 0.0840 0.0918 0.9108
291.506 0.0830 0.0935 0.8738
291.546 0.0780 0.0960 0.8776
291.587 0.0731 0.0947 0.8776
291.626 0.0683 0.0942 0.8604
291.666 0.0657 0.0909 0.8644
291.708 0.0619 0.0884 0.8936
291.748 0.0582 0.0914 0.8932
291.788 0.0559 0.0968 0.9075
291.828 0.0549 0.0934 0.9157
291.865 0.0532 0.0904 0.8609
291.909 0.0520 0.0909 0.8639
291.949 0.0536 0.0903 0.8781
291.989 0.0507 0.0937 0.8861
292.029 0.0519 0.0921 0.8871
292.066 0.0522 0.0916 0.8649
292.110 0.0531 0.0883 0.8868
292.150 0.0544 0.0884 0.8868
292.189 0.0551 0.0916 0.8868
292.230 0.0561 0.0960 0.8837
292.270 0.0543 0.0901 0.8923
292.310 0.0526 0.0914 0.8598
292.350 0.0541 0.0914 0.8598
292.390 0.0560 0.0919 0.8598
292.430 0.0540 0.0938 0.8598
292.469 0.0536 0.0903 0.8683
292.509 0.0524 0.0934 0.8735
292.551 0.0535 0.0882 0.8639
292.591 0.0555 0.0896 0.8715
292.631 0.0554 0.0892 0.8627
292.670 0.0511 0.0909 0.8627
292.709 0.0464 0.0917 0.8627
292.752 0.0433 0.0910 0.8691
292.792 0.0459 0.0850 0.8770
292.832 0.0461 0.0910 0.8811
292.872 0.0430 0.0936 0.8568
292.909 0.0393 0.0898 0.8757
292.953 0.0375 0.0916 0.8777
292.993 0.0348 0.0928 0.8779
293.033 0.0328 0.0929 0.8548
293.073 0.0303 0.0929 0.8548
293.113 0.0236 0.0933 0.8548
293.154 0.0236 0.0968 0.8809
293.194 0.0208 0.0922 0.8845
293.234 0.0204 0.0917 0.8809
293.274 0.0176 0.0922 0.8845
293.314 0.0166 0.0940 0.8809
293.353 0.0120 0.0933 0.8905
293.394 0.0105 0.0913 0.8829
293.435 0.0083 0.0928 0.8809
293.475 0.0091 0.0908 0.8767
293.514 0.0091 0.0933 0.8845
293.552 0.0057 0.0924 0.8781
293.596 0.0066 0.0910 0.8753
293.635 0.0063 0.0917 0.8781
293.675 0.0071 0.0920 0.8897
293.715 0.0069 0.0917 0.8897
293.752 0.0052 0.0942 0.8598
293.796 0.0038 0.0904 0.8479
293.836 0.0069 0.0916 0.8489
293.876 0.0067 0.0903 0.8651
293.916 0.0053 0.0899 0.8651
293.957 0.0075 0.0936 0.8479
293.997 0.0061 0.0921 0.8691
294.037 0.0058 0.0907 0.8691
294.077 0.0064 0.0946 0.8453
294.117 0.0061 0.0946 0.8453
294.157 0.0069 0.0937 0.8413
294.196 0.0063 0.0977 0.8783
294.238 0.0053 0.0929 0.8783
294.278 0.0074 0.0898 0.8783
294.318 0.0096 0.0940 0.8783
294.358 0.0126 0.0968 0.8783
294.395 0.0142 0.0952 0.8735
294.439 0.0115 0.0933 0.8441
294.479 0.0114 0.0907 0.8549
294.519 0.0104 0.0907 0.8549
294.558 0.0099 0.0907 0.8549
294.595 0.0123 0.0918 0.8492
294.639 0.0146 0.0929 0.8661
294.679 0.0166 0.0909 0.8417
294.719 0.0184 0.0913 0.8571
294.759 0.0209 0.0897 0.8792
294.799 0.0253 0.0874 0.8771
294.840 0.0273 0.0934 0.8725
294.880 0.0264 0.0909 0.8508
294.920 0.0301 0.0883 0.8717
294.960 0.0341 0.0923 0.8656
295.000 0.0384 0.0917 0.8720
295.040 0.0415 0.0934 0.8703
295.081 0.0410 0.0980 0.8550
295.122 0.0404 0.0934 0.8703
295.162 0.0404 0.0940 0.8719
295.201 0.0413 0.0918 0.8559
295.238 0.0416 0.0923 0.8649
295.283 0.0378 0.0905 0.8446
295.322 0.0353 0.0921 0.8578
295.362 0.0382 0.0880 0.8649
295.402 0.0343 0.0888 0.8572
295.439 0.0317 0.0884 0.8572
295.483 0.0372 0.0929 0.8572
295.523 0.0402 0.0932 0.8572
295.563 0.0432 0.0901 0.8616
295.603 0.0473 0.0878 0.8606
295.643 0.0532 0.0873 0.8516
295.684 0.0586 0.0911 0.8291
295.724 0.0611 0.0921 0.8526
295.764 0.0641 0.0943 0.8346
295.804 0.0719 0.0925 0.8346
295.843 0.0771 0.0912 0.8550
295.883 0.0844 0.0921 0.8203
295.924 0.0939 0.0897 0.8530
295.964 0.0991 0.0926 0.8440
296.004 0.0986 0.0928 0.8540
296.044 0.0987 0.0895 0.8616
296.082 0.0998 0.0902 0.8530
296.125 0.0989 0.0913 0.8660
296.166 0.0991 0.0956 0.8710
296.206 0.0999 0.0957 0.9165
296.246 0.1057 0.0948 0.9219
296.283 0.1038 0.0926 0.9379
296.327 0.1026 0.0933 0.9295
296.366 0.1005 0.0926 0.9389
296.406 0.1022 0.0940 0.8998
296.446 0.0990 0.0932 0.8935
296.486 0.0967 0.0945 0.8769
296.527 0.0939 0.0926 0.8946
296.567 0.0924 0.0936 0.9439
296.607 0.0945 0.0979 0.9273
296.647 0.0965 0.0953 0.9421
296.687 0.0998 0.0960 0.9139
296.726 0.1016 0.0929 0.9089
296.768 0.1077 0.0968 0.8927
296.808 0.1132 0.0957 0.9363
296.848 0.1266 0.0927 0.8842
296.887 0.1351 0.0957 0.8841
296.925 0.1408 0.0910 0.8887
296.969 0.1540 0.0934 0.9073
297.009 0.1665 0.0983 0.9063
297.049 0.1804 0.0971 0.9306
297.088 0.1900 0.0990 0.9473
297.125 0.1939 0.0969 0.9090
297.169 0.1996 0.0968 0.9126
297.209 0.2018 0.0963 0.9511
297.250 0.1994 0.1021 0.9368
297.290 0.2010 0.0993 0.8810
297.330 0.1959 0.0988 0.9139
297.371 0.1907 0.0991 0.8955
297.411 0.1874 0.0947 0.8766
297.451 0.1789 0.1032 0.8876
297.491 0.1741 0.1014 0.8962
297.530 0.1692 0.1001 0.8815
297.570 0.1626 0.0995 0.8639
297.611 0.1611 0.1015 0.8275
297.651 0.1588 0.1044 0.8649
297.692 0.1552 0.1010 0.8881
297.731 0.1535 0.1031 0.8808
297.769 0.1493 0.0995 0.8786
297.812 0.1451 0.1000 0.8819
297.852 0.1389 0.0995 0.8712
297.892 0.1360 0.1012 0.8712
297.932 0.1347 0.1012 0.8639
297.969 0.1310 0.0989 0.8649
298.013 0.1246 0.1007 0.8788
298.053 0.1212 0.1009 0.9143
298.093 0.1172 0.1067 0.9368
298.133 0.1113 0.1061 0.9402
298.173 0.1080 0.1074 0.9073
298.214 0.1078 0.1063 0.9621
298.253 0.1072 0.1042 0.9577
298.294 0.1075 0.1047 0.9577
298.334 0.1087 0.1072 0.9774
298.374 0.1102 0.1071 0.9460
298.413 0.1128 0.1089 0.9073
298.455 0.1190 0.1045 0.9498
298.495 0.1228 0.1041 0.9641
298.535 0.1267 0.1061 0.9484
298.575 0.1268 0.1095 0.9519
298.612 0.1272 0.1052 0.9551
298.656 0.1293 0.1149 0.9105
298.696 0.1285 0.1103 0.9160
298.736 0.1290 0.1080 0.9301
298.775 0.1298 0.1088 0.9854
298.813 0.1267 0.1079 0.9213
298.857 0.1223 0.1174 0.9215
298.896 0.1186 0.1076 0.9028
298.937 0.1127 0.1125 0.8744
298.977 0.1064 0.1117 0.9065
299.016 0.0994 0.1088 0.9011
299.057 0.0939 0.1101 0.9021
299.097 0.0897 0.1096 0.8793
299.137 0.0861 0.1087 0.9284
299.177 0.0814 0.1099 0.9186
299.216 0.0733 0.1134 0.9109
299.256 0.0651 0.1124 0.9149
299.298 0.0611 0.1078 0.8919
299.338 0.0553 0.1073 0.8861
299.378 0.0525 0.1091 0.8915
299.417 0.0456 0.1110 0.9119
299.456 0.0401 0.1073 0.9139
299.500 0.0356 0.1073 0.9045
299.540 0.0352 0.1070 0.8855
299.579 0.0356 0.1071 0.8805
299.619 0.0317 0.1116 0.8966
299.657 0.0290 0.1108 0.8761
299.700 0.0292 0.1095 0.8805
299.740 0.0287 0.1071 0.8825
299.780 0.0305 0.1070 0.8825
299.820 0.0341 0.1087 0.9068
299.860 0.0341 0.1098 0.9035
299.901 0.0366 0.1104 0.9064
299.941 0.0353 0.1095 0.9064
299.981 0.0360 0.1089 0.8761
300.021 0.0359 0.1097 0.9031
300.060 0.0364 0.1100 0.8829
300.100 0.0373 0.1119 0.8829
300.141 0.0396 0.1111 0.8781
300.182 0.0463 0.1084 0.8829
300.221 0.0532 0.1078 0.8873
300.261 0.0579 0.1124 0.8873
300.298 0.0614 0.1128 0.9225
300.342 0.0668 0.1139 0.9236
300.382 0.0680 0.1129 0.9225
300.422 0.0737 0.1130 0.9091
300.462 0.0791 0.1103 0.8965
300.500 0.0848 0.1137 0.8617
300.543 0.0856 0.1127 0.9160
300.584 0.0886 0.1130 0.9000
300.624 0.0914 0.1129 0.8591
300.664 0.0911 0.1096 0.8921
300.704 0.0901 0.1107 0.9143
300.744 0.0883 0.1132 0.8967
300.784 0.0889 0.1128 0.9083
300.824 0.0874 0.1173 0.9180
300.865 0.0888 0.1125 0.8793
300.904 0.0871 0.1101 0.8917
300.943 0.0881 0.1155 0.9278
300.984 0.0878 0.1136 0.9009
301.025 0.0902 0.1129 0.9057
301.065 0.0907 0.1135 0.8953
301.104 0.0900 0.1118 0.8741
301.142 0.0893 0.1149 0.8887
301.186 0.0887 0.1159 0.9344
301.226 0.0917 0.1156 0.9346
301.266 0.0883 0.1120 0.9328
301.305 0.0873 0.1118 0.8857
301.343 0.0843 0.1133 0.8857
301.386 0.0831 0.1157 0.9165
301.426 0.0857 0.1141 0.8849
301.466 0.0883 0.1115 0.9297
301.506 0.0872 0.1112 0.9059
301.546 0.0821 0.1106 0.9129
301.587 0.0798 0.1132 0.8848
301.627 0.0766 0.1113 0.8848
301.667 0.0767 0.1111 0.8787
301.708 0.0711 0.1109 0.8248
301.747 0.0698 0.1097 0.8537
301.787 0.0676 0.1110 0.8332
301.828 0.0656 0.1152 0.8462
301.869 0.0690 0.1138 0.8428
301.909 0.0679 0.1175 0.8191
301.948 0.0641 0.1144 0.8328
301.985 0.0602 0.1117 0.8162
302.030 0.0590 0.1125 0.8162
302.069 0.0612 0.1123 0.8481
302.109 0.0635 0.1191 0.8103
302.149 0.0615 0.1164 0.7996
302.186 0.0628 0.1164 0.8045
302.230 0.0601 0.1093 0.8112
302.270 0.0602 0.1183 0.8082
302.310 0.0616 0.1164 0.8120
302.350 0.0574 0.1166 0.8120
302.390 0.0536 0.1141 0.8000
302.430 0.0527 0.1140 0.7940
302.470 0.0506 0.1148 0.8056
302.511 0.0502 0.1133 0.8132
302.551 0.0519 0.1133 0.8132
302.590 0.0545 0.1120 0.8132
302.630 0.0540 0.1109 0.8152
302.671 0.0512 0.1120 0.8152
302.711 0.0533 0.1120 0.8152
302.751 0.0561 0.1133 0.8152
302.792 0.0562 0.1115 0.7894
302.829 0.0600 0.1101 0.8066
302.873 0.0626 0.1101 0.8076
302.913 0.0617 0.1110 0.7548
302.953 0.0627 0.1110 0.7730
302.993 0.0668 0.1123 0.7826
303.030 0.0668 0.1085 0.7826
303.074 0.0615 0.1098 0.7876
303.113 0.0604 0.1113 0.7846
303.153 0.0596 0.1094 0.7916
303.193 0.0617 0.1140 0.7809
303.233 0.0601 0.1113 0.7512
303.274 0.0584 0.1115 0.7352
303.314 0.0553 0.1118 0.7588
303.354 0.0567 0.1120 0.7396
303.394 0.0578 0.1131 0.7396
303.434 0.0605 0.1118 0.7332
303.473 0.0613 0.1105 0.7352
303.514 0.0600 0.1119 0.7236
303.555 0.0583 0.1155 0.7154
303.595 0.0602 0.1162 0.7194
303.634 0.0631 0.1141 0.7194
303.672 0.0612 0.1155 0.6660
303.716 0.0599 0.1148 0.6533
303.755 0.0598 0.1164 0.6471
303.795 0.0579 0.1182 0.6649
303.835 0.0582 0.1178 0.6553
303.873 0.0568 0.1199 0.6462
303.917 0.0569 0.1151 0.6553
303.957 0.0542 0.1127 0.6450
303.997 0.0515 0.1123 0.6462
304.037 0.0546 0.1496 0.6322
304.077 0.0550 0.1106 0.6462
304.118 0.0527 0.1118 0.6399
304.157 0.0532 0.1088 0.6355
304.198 0.0522 0.1280 0.6219
304.238 0.0521 0.1214 0.6149
304.277 0.0577 0.1189 0.5989
304.317 0.0563 0.1173 0.5955
304.358 0.0568 0.1089 0.5942
304.398 0.0546 0.1158 0.5817
304.439 0.0517 0.1102 0.5782
304.478 0.0539 0.1102 0.5655
304.516 0.0532 0.1102 0.5385
304.560 0.0522 0.1195 0.5497
304.599 0.0526 0.1198 0.5179
304.639 0.0503 0.1228 0.5387
304.679 0.0511 0.1220 0.5545
304.716 0.0517 0.1231 0.5213
304.760 0.0504 0.1193 0.5545
304.800 0.0498 0.1216 0.5005
304.840 0.0459 0.1277 0.4954
304.879 0.0458 0.1251 0.5382
304.919 0.0501 0.1284 0.4954
304.960 0.0506 0.1257 0.5180
305.000 0.0509 0.1225 0.5402
305.042 0.0489 0.1255 0.4926
305.081 0.0468 0.1265 0.4926
305.121 0.0482 0.1281 0.4910
305.160 0.0471 0.1265 0.4910
305.202 0.0475 0.1277 0.4799
305.242 0.0461 0.1337 0.4529
305.282 0.0443 0.1337 0.4529
305.322 0.0457 0.1337 0.4529
305.359 0.0474 0.1352 0.4577
305.403 0.0464 0.1330 0.4335
305.443 0.0446 0.1316 0.4307
305.482 0.0431 0.1088 0.4751
305.522 0.0421 0.1114 0.4577
305.559 0.0419 0.1088 0.4799
305.603 0.0423 0.1088 0.4735
305.643 0.0435 0.1068 0.4687
305.683 0.0432 0.1077 0.4243
305.724 0.0408 0.1040 0.4243
305.763 0.0392 0.1079 0.4243
305.804 0.0420 0.1079 0.4243
305.844 0.0415 0.1080 0.4307
305.884 0.0402 0.1014 0.4197
305.924 0.0356 0.0934 0.4355
305.964 0.0360 0.1041 0.4355
306.003 0.0366 0.1005 0.4291
306.044 0.0377 0.0967 0.4021
306.085 0.0386 0.0932 0.3765
306.125 0.0377 0.0967 0.4021
306.165 0.0392 0.0979 0.3655
306.203 0.0410 0.0979 0.3655
306.247 0.0437 0.0955 0.3703
306.286 0.0434 0.0867 0.3973
306.326 0.0429 0.0935 0.3639
306.366 0.0408 0.0915 0.3687
306.403 0.0421 0.0915 0.3687
306.447 0.0407 0.0921 0.3703
306.487 0.0400 0.0956 0.3639
306.527 0.0396 0.0911 0.3259
306.567 0.0374 0.0830 0.3369
306.606 0.0372 0.0843 0.3527
306.647 0.0360 0.0896 0.3369
306.687 0.0377 0.0873 0.3211
306.728 0.0405 0.0843 0.3369
306.768 0.0435 0.0867 0.3147
306.807 0.0460 0.0872 0.3147
306.846 0.0466 0.0872 0.3147
306.888 0.0532 0.0898 0.3036
306.928 0.0546 0.0875 0.3257
306.968 0.0576 0.0934 0.3306
307.008 0.0594 0.0806 0.2766
307.045 0.0614 0.0831 0.3036
307.090 0.0628 0.0869 0.2717
307.129 0.0643 0.0799 0.2654
307.169 0.0639 0.0779 0.2384
307.209 0.0631 0.0759 0.2384
307.246 0.0594 0.0761 0.2114
307.291 0.0554 0.0761 0.2114
307.330 0.0575 0.0761 0.2272
307.371 0.0568 0.0769 0.2114
307.410 0.0565 0.0771 0.2384
307.450 0.0530 0.0764 0.2384
307.491 0.0526 0.0768 0.2542
307.531 NaN 0.0761 0.2226
307.571 NaN 0.0761 0.2226
307.611 NaN 0.0724 0.1732
307.650 NaN 0.0716 0.1574
307.690 NaN 0.0716 0.1574
307.731 NaN 0.0716 0.1574
307.772 NaN 0.0716 0.1574
307.812 NaN 0.0716 0.2002
