6.407 NaN 0.1015 0.9542
6.447 NaN 0.0996 0.9339
6.488 NaN 0.0986 0.9364
6.527 NaN 0.0964 0.9338
6.566 NaN 0.0973 0.9388
6.608 NaN 0.0980 0.9338
6.648 NaN 0.0984 0.9403
6.688 0.1708 0.0984 0.9493
6.728 0.1757 0.0978 0.9036
6.766 0.1790 0.0958 0.9089
6.809 0.1833 0.0988 0.9178
6.849 0.1825 0.0991 0.9341
6.889 0.1766 0.0994 0.9295
6.929 0.1750 0.0960 0.9271
6.965 0.1744 0.0975 0.9515
7.010 0.1687 0.1003 0.9365
7.049 0.1691 0.1033 0.9652
7.089 0.1624 0.1012 0.9399
7.129 0.1573 0.1013 0.9289
7.169 0.1537 0.1000 0.9458
7.210 0.1477 0.0992 0.9534
7.250 0.1419 0.0982 0.9524
7.291 0.1333 0.1019 0.9627
7.331 0.1246 0.1006 0.9545
7.370 0.1213 0.0981 0.9381
7.412 0.1218 0.0984 0.9565
7.451 0.1200 0.0984 0.9595
7.492 0.1179 0.0997 0.9655
7.532 0.1144 0.0995 0.9595
7.572 0.1091 0.0997 0.9475
7.609 0.1036 0.0976 0.9680
7.653 0.1015 0.0993 0.9585
7.693 0.1010 0.0989 0.9181
7.733 0.1017 0.0976 0.9585
7.772 0.0974 0.0975 0.9635
7.809 0.0983 0.1000 0.9627
7.854 0.1004 0.0942 0.9560
7.893 0.0977 0.1000 0.9687
7.934 0.0977 0.0956 0.9808
7.973 0.1001 0.0963 0.9808
8.013 0.1036 0.0993 0.9539
8.054 0.1090 0.0981 0.9512
8.094 0.1144 0.0971 0.9563
8.134 0.1134 0.0996 0.9982
8.174 0.1065 0.1017 0.9755
8.213 0.1003 0.1007 0.9722
8.253 0.0940 0.0978 0.9300
8.294 0.0887 0.1000 0.9577
8.335 0.0809 0.1010 0.9361
8.375 0.0755 0.1030 0.9361
8.415 0.0700 0.0990 0.9404
8.453 0.0609 0.1003 0.9361
8.497 0.0502 0.0976 0.9230
8.536 0.0425 0.0981 0.9793
8.576 0.0333 0.0987 0.9660
8.616 0.0259 0.0992 0.9108
8.653 0.0252 0.0984 0.9132
8.697 0.0207 0.0948 0.9108
8.737 0.0226 0.0974 0.9145
8.777 0.0231 0.0978 0.9108
8.817 0.0229 0.1004 0.9407
8.857 0.0222 0.0983 0.9592
8.898 0.0192 0.0955 0.9592
8.937 0.0176 0.0967 0.9592
8.978 0.0189 0.0976 0.9592
9.018 0.0164 0.0967 0.9592
9.057 0.0161 0.0976 0.9592
9.097 0.0149 0.0988 0.9592
9.138 0.0129 0.0976 0.9592
9.178 0.0123 0.0956 0.9515
9.220 0.0072 0.0967 0.9876
9.258 0.0069 0.0983 0.9864
9.295 0.0062 0.0962 0.9914
9.339 0.0039 0.0944 0.9876
9.379 0.0065 0.0944 0.9876
9.419 0.0072 0.0943 0.9507
9.459 0.0066 0.0967 0.9876
9.496 0.0055 0.0967 0.9592
9.541 0.0031 0.0943 0.9429
9.580 0.0056 0.0955 0.9429
9.621 0.0069 0.0955 0.9429
9.660 0.0080 0.0967 0.9914
9.700 0.0092 0.0988 0.9914
9.741 0.0104 0.0980 0.9914
9.781 0.0148 0.0967 0.9914
9.821 0.0200 0.0934 0.9876
9.861 0.0234 0.0944 0.9914
9.900 0.0296 0.0967 0.9914
9.940 0.0331 0.0980 0.9795
9.981 0.0411 0.0955 0.9834
10.022 0.0501 0.0934 0.9677
10.062 0.0604 0.0928 0.9677
10.101 0.0664 0.0941 0.9443
10.139 0.0794 0.0970 0.9419
10.183 0.0855 0.0953 0.9419
10.223 0.0932 0.0945 0.9419
10.264 0.0975 0.0948 0.9713
10.302 0.0994 0.0939 0.9713
10.340 0.1037 0.0976 0.9363
10.384 0.1024 0.0964 0.8802
10.423 0.1021 0.0967 0.9171
10.463 0.1016 0.0960 0.9160
10.503 0.1050 0.0934 0.9388
10.543 0.1052 0.0957 0.9390
10.584 0.1011 0.0996 0.9552
10.625 0.0991 0.0949 0.9147
10.665 0.0991 0.0927 0.9273
10.705 0.0974 0.0916 0.9239
10.744 0.0939 0.0959 0.9069
10.784 0.0940 0.0959 0.9680
10.825 0.0945 0.0990 0.8991
10.866 0.0953 0.0962 0.9241
10.905 0.0966 0.0910 0.9051
10.945 0.0973 0.0910 0.9393
10.983 0.0972 0.0926 0.9123
11.027 0.0959 0.0937 0.8999
11.066 0.0984 0.0871 0.9328
11.106 0.1024 0.0890 0.9369
11.146 0.1070 0.0867 0.9159
11.183 0.1092 0.0891 0.9118
11.227 0.1145 0.0936 0.8958
11.267 0.1152 0.0922 0.8832
11.307 0.1136 0.0922 0.9173
11.347 0.1111 0.0902 0.9273
11.387 0.1114 0.0908 0.8848
11.428 0.1125 0.0973 0.9179
11.467 0.1124 0.0952 0.9281
11.507 0.1117 0.0948 0.8953
11.547 0.1108 0.0933 0.8839
11.587 0.1098 0.0937 0.9163
11.626 0.1047 0.0928 0.9019
11.668 0.0979 0.0967 0.9019
11.709 0.0938 0.0965 0.9132
11.749 0.0930 0.0977 0.9093
11.789 0.0929 0.0977 0.9129
11.827 0.0934 0.0965 0.9399
11.870 0.0955 0.0967 0.9538
11.910 0.0986 0.1011 0.8907
11.950 0.1015 0.0961 0.8957
11.989 0.1021 0.0966 0.9237
12.027 0.1019 0.0966 0.9201
12.071 0.1010 0.0966 0.9201
12.111 0.0987 0.0988 0.9287
12.150 0.1020 0.0964 0.9012
12.190 0.1035 0.0940 0.9303
12.230 0.1066 0.0940 0.9346
12.271 0.1052 0.0958 0.9152
12.311 0.1051 0.0990 0.9326
12.351 0.1057 0.0965 0.9075
12.391 0.1031 0.1006 0.9220
12.430 0.1043 0.0952 0.9000
12.470 0.1042 0.0954 0.9150
12.511 0.1064 0.1014 0.9165
12.552 0.1068 0.1015 0.9306
12.592 0.1117 0.1011 0.9306
12.631 0.1160 0.0986 0.9072
12.669 0.1192 0.1018 0.9006
12.713 0.1235 0.0981 0.9028
12.753 0.1249 0.1079 0.9252
12.792 0.1287 0.1067 0.9201
12.833 0.1305 0.1023 0.9144
12.870 0.1343 0.1009 0.9330
12.914 0.1349 0.0985 0.9102
12.954 0.1387 0.1035 0.9088
12.994 0.1390 0.1039 0.9411
13.033 0.1367 0.1029 0.9638
13.074 0.1331 0.0998 0.9213
13.115 0.1295 0.0987 0.9268
13.154 0.1290 0.0986 0.9268
13.195 0.1226 0.1005 0.9452
13.235 0.1201 0.1022 0.9561
13.274 0.1196 0.1011 0.9479
13.314 0.1163 0.0954 0.9229
13.355 0.1152 0.0948 0.9523
13.395 0.1189 0.0972 0.9599
13.435 0.1197 0.0969 0.9763
13.475 0.1209 0.0961 0.9642
13.513 0.1243 0.0953 0.9550
13.556 0.1340 0.0932 0.9291
13.596 0.1419 0.0962 0.9246
13.636 0.1474 0.0983 0.9509
13.676 0.1505 0.0988 0.9804
13.713 0.1551 0.0990 0.9749
13.757 0.1596 0.0963 0.9291
13.797 0.1686 0.0973 0.9319
13.837 0.1771 0.0991 0.9075
13.877 0.1837 0.1003 0.9521
13.917 0.1859 0.0992 0.9394
13.958 0.1869 0.1007 0.9472
13.998 0.1923 0.1008 0.9445
14.038 0.1913 0.0960 0.9688
14.078 0.1901 0.1029 0.9521
14.118 0.1859 0.1006 0.9289
14.157 0.1875 0.1010 0.9547
14.199 0.1900 0.0993 0.9313
14.239 0.1919 0.1000 0.9313
14.279 0.1902 0.1000 0.9308
14.318 0.1902 0.0999 0.9917
14.356 0.1840 0.1008 0.9499
14.400 0.1785 0.0997 0.9758
14.440 0.1800 0.1013 0.9512
14.480 0.1742 0.1011 0.9429
14.519 0.1735 0.1015 0.9602
14.556 0.1689 0.1004 0.9530
14.601 0.1696 0.0982 0.9590
14.641 0.1675 0.0993 0.9787
14.680 0.1632 0.0984 0.9422
14.720 0.1609 0.0984 0.9223
14.760 0.1605 0.1002 0.9651
14.801 0.1587 0.0979 0.9467
14.841 0.1600 0.0978 0.9237
14.881 0.1610 0.0949 0.9349
14.921 0.1565 0.0982 0.9695
14.960 0.1564 0.0991 0.9277
15.000 0.1543 0.0988 0.9311
15.042 0.1631 0.0979 0.9363
15.083 0.1659 0.0957 0.9791
15.123 0.1688 0.0952 0.9791
15.162 0.1767 0.0980 0.9439
15.200 0.1777 0.1018 0.9219
15.244 0.1758 0.1005 0.9345
15.283 0.1702 0.0947 0.9580
15.323 0.1656 0.0945 0.9796
15.363 0.1643 0.0970 0.9516
15.402 0.1683 0.0997 0.9518
15.444 0.1667 0.0999 0.9788
15.484 0.1697 0.0989 0.9755
15.524 0.1669 0.0965 0.9507
15.564 0.1655 0.0960 0.9778
15.604 0.1638 0.0970 0.9778
15.644 0.1603 0.0983 0.9812
15.685 0.1593 0.0991 0.9812
15.725 0.1635 0.0978 0.9675
15.765 0.1731 0.0973 0.9547
15.804 0.1826 0.0999 0.9897
15.843 0.1882 0.1016 0.9681
15.885 0.1893 0.0992 0.9681
15.925 0.1929 0.1002 0.9425
15.965 0.1989 0.0987 0.9714
16.005 0.2027 0.0968 0.9896
16.042 0.2042 0.0993 0.9608
16.086 0.2060 0.1029 0.9759
16.126 0.2038 0.1026 0.9767
16.167 0.2052 0.1006 0.9717
16.206 0.2018 0.1005 0.9463
16.243 0.1999 0.1014 0.9475
16.288 0.1984 0.1018 0.9810
16.328 0.1975 0.0989 0.9922
16.368 0.1964 0.0989 1.0081
16.407 0.1942 0.0981 0.9635
16.447 0.1933 0.0970 0.9624
16.488 0.1913 0.0977 0.9755
16.528 0.1890 0.0998 0.9442
16.568 0.1908 0.0979 0.9725
16.608 0.1927 0.0959 0.9757
16.648 0.1943 0.0942 0.9704
16.687 0.1983 0.0966 0.9379
16.729 0.2000 0.0983 0.9812
16.769 0.1956 0.0982 0.9718
16.809 0.1955 0.0977 0.9658
16.848 0.1943 0.0952 0.9688
16.886 0.1959 0.0962 0.9655
16.930 0.1960 0.1015 0.9526
16.969 0.1902 0.0997 0.9648
17.009 0.1868 0.0947 0.9695
17.049 0.1808 0.0993 0.9622
17.086 0.1774 0.0967 0.9209
17.130 0.1781 0.0990 0.9828
17.170 0.1733 0.0984 0.9548
17.210 0.1714 0.0969 0.9559
17.250 0.1682 0.1000 0.9562
17.291 0.1674 0.0936 0.9543
17.332 0.1664 0.0969 0.9701
17.372 0.1640 0.0995 0.9595
17.412 0.1598 0.1009 0.9830
17.452 0.1610 0.0968 0.9814
17.491 0.1645 0.0964 0.9498
17.531 0.1716 0.0939 0.9498
17.572 0.1768 0.1008 0.9561
17.613 0.1757 0.1019 0.9542
17.652 0.1771 0.0993 0.9542
17.692 0.1778 0.0979 0.9448
17.729 0.1811 0.0969 0.9644
17.773 0.1879 0.0929 0.9583
17.813 0.1888 0.1032 0.9664
17.853 0.1878 0.0991 0.9655
17.893 0.1894 0.1009 0.9646
17.930 0.1861 0.0901 0.9586
17.974 0.1868 0.0941 0.9672
18.014 0.1796 0.1011 0.9508
18.054 0.1717 0.0975 0.9516
18.094 0.1636 0.0966 0.9542
18.134 0.1575 0.0945 0.9441
18.174 0.1527 0.0948 0.9216
18.214 0.1496 0.0960 0.9628
18.255 0.1418 0.0963 0.9337
18.294 0.1321 0.1003 0.9218
18.334 0.1308 0.0943 0.9764
18.374 0.1283 0.0974 0.9325
18.416 0.1292 0.0947 0.9577
18.456 0.1291 0.0983 0.9276
18.496 0.1287 0.0964 0.9348
18.536 0.1299 0.0935 0.9083
18.573 0.1311 0.0967 0.9573
18.617 0.1318 0.0922 0.9585
18.656 0.1309 0.0965 0.9318
18.697 0.1311 0.0984 0.9154
18.736 0.1319 0.0988 0.9293
18.774 0.1368 0.0983 0.9709
18.818 0.1409 0.0971 0.9457
18.857 0.1435 0.0979 0.9285
18.897 0.1442 0.1001 0.9195
18.937 0.1423 0.1009 0.9311
18.977 0.1391 0.0983 0.9675
19.018 0.1376 0.0950 0.9630
19.058 0.1395 0.0948 0.9617
19.098 0.1409 0.0966 0.9662
19.138 0.1437 0.1006 0.9328
19.178 0.1421 0.0992 0.9222
19.217 0.1361 0.0986 0.9458
19.258 0.1312 0.0973 0.9108
19.299 0.1227 0.0940 0.9017
19.339 0.1186 0.0945 0.9216
19.378 0.1159 0.0965 0.9122
19.416 0.1106 0.0955 0.9113
19.460 0.1097 0.0948 0.9113
19.500 0.1077 0.0943 0.9347
19.540 0.1036 0.0921 0.9445
19.580 0.1005 0.0945 0.9578
19.617 0.0927 0.0946 0.9552
19.661 0.0852 0.0925 0.9206
19.701 0.0838 0.0945 0.9345
19.741 0.0847 0.0923 0.9157
19.781 0.0839 0.0947 0.9555
19.821 0.0794 0.0956 0.9542
19.862 0.0751 0.0947 0.9296
19.902 0.0746 0.0904 0.9241
19.952 0.0722 0.0907 0.9189
19.981 0.0715 0.0958 0.9073
20.021 0.0747 0.0939 0.9125
20.061 0.0751 0.0942 0.9162
20.102 0.0800 0.0913 0.9119
20.142 0.0869 0.0904 0.8989
20.182 0.0891 0.0898 0.8935
20.222 0.0906 0.0921 0.8885
20.259 0.0875 0.0919 0.9112
20.303 0.0935 0.0936 0.9036
20.343 0.0949 0.0927 0.9134
20.383 0.0973 0.0957 0.8903
20.423 0.0950 0.0956 0.8829
20.459 0.0946 0.0956 0.9080
20.515 0.0880 0.0956 0.9198
20.543 0.0880 0.0935 0.9082
20.584 0.0886 0.0947 0.9277
20.624 0.0850 0.0936 0.9129
20.664 0.0883 0.0954 0.9109
20.705 0.0868 0.0943 0.9459
20.745 0.0890 0.0935 0.9282
20.785 0.0886 0.0966 0.8958
20.825 0.0871 0.0965 0.8889
20.864 0.0864 0.0965 0.9253
20.904 0.0869 0.0959 0.9486
20.945 0.0883 0.0969 0.9669
20.985 0.0931 0.0948 0.9774
21.025 0.0945 0.0945 0.9686
21.065 0.0936 0.0959 0.9614
21.102 0.0945 0.0976 0.9692
21.146 0.0947 0.0973 0.9522
21.186 0.0929 0.0968 0.9448
21.226 0.0950 0.0959 0.9608
21.266 0.0973 0.0946 0.9596
21.303 0.1010 0.0951 0.9449
21.347 0.1007 0.0966 0.9146
21.387 0.1011 0.0952 0.9195
21.427 0.1035 0.0924 0.9597
21.467 0.1046 0.0937 0.9532
21.507 0.1059 0.0940 0.9080
21.547 0.1069 0.0940 0.9622
21.587 0.1073 0.0943 0.9653
21.628 0.1068 0.0961 0.9576
21.668 0.1085 0.0963 0.9021
21.708 0.1105 0.0922 0.9055
21.748 0.1109 0.0997 0.8939
21.789 0.1062 0.0977 0.9056
21.829 0.1026 0.0977 0.9056
21.869 0.1002 0.0988 0.8857
21.909 0.1010 0.0984 0.9253
21.946 0.0997 0.1030 0.9162
21.991 0.1030 0.0988 0.9246
22.030 0.1036 0.0986 0.9246
22.070 0.1055 0.0986 0.9246
22.110 0.1099 0.0993 0.8870
22.147 0.1124 0.1066 0.9115
22.191 0.1121 0.1024 0.8859
22.230 0.1116 0.1111 0.8887
22.271 0.1117 0.1142 0.8973
22.311 0.1152 0.1091 0.9434
22.350 0.1205 0.1096 0.9001
22.391 0.1217 0.1080 0.9012
22.431 0.1284 0.1131 0.9423
22.471 0.1284 0.1121 0.9139
22.511 0.1275 0.1163 0.9511
22.551 0.1272 0.1153 0.9075
22.590 0.1271 0.1163 0.9019
22.631 0.1328 0.1117 0.9357
22.672 0.1375 0.1122 0.9094
22.712 0.1400 0.1169 0.9129
22.751 0.1475 0.1082 0.9191
22.789 0.1533 0.1094 0.9252
22.834 0.1607 0.1092 0.9453
22.874 0.1672 0.1104 0.9562
22.913 0.1669 0.1142 0.9484
22.953 0.1673 0.1029 0.9573
22.990 0.1688 0.1065 0.9289
23.035 0.1705 0.1033 0.9542
23.074 0.1722 0.1071 0.9265
23.114 0.1670 0.0986 0.8829
23.154 0.1605 0.1085 0.9472
23.194 0.1588 0.1044 0.9796
23.235 0.1542 0.0977 0.9724
23.275 0.1483 0.0995 0.9736
23.316 0.1385 0.1049 0.9709
23.355 0.1288 0.0978 0.9388
23.394 0.1229 0.0997 0.9543
23.434 0.1167 0.0972 0.9414
23.475 0.1078 0.0983 0.9242
23.516 0.1008 0.0996 0.9584
23.556 0.0923 0.1065 0.9730
23.595 0.0865 0.1007 1.0130
23.632 0.0812 0.1025 0.9918
23.677 0.0782 0.0987 0.9823
23.716 0.0730 0.1030 0.9596
23.756 0.0716 0.1039 0.9548
23.796 0.0690 0.1108 0.9702
23.834 0.0669 0.1012 0.9408
23.877 0.0655 0.1022 0.9408
23.917 0.0657 0.1008 0.9320
23.958 0.0693 0.1021 0.9708
23.998 0.0712 0.1020 0.9358
24.038 0.0758 0.1027 0.9446
24.079 0.0758 0.1036 0.9358
24.118 0.0794 0.1015 0.9371
24.159 0.0799 0.1039 0.9665
24.199 0.0790 0.1051 0.9516
24.238 0.0761 0.1051 0.9516
24.277 0.0761 0.1049 0.9706
24.319 0.0854 0.1016 0.9643
24.359 0.0925 0.1039 0.9309
24.399 0.0967 0.1052 0.9346
24.439 0.1000 0.1049 0.9420
24.476 0.1041 0.1053 0.9462
24.520 0.1105 0.1025 0.9183
24.560 0.1170 0.1017 0.9704
24.600 0.1223 0.1028 1.0026
24.639 0.1238 0.1081 0.9964
24.677 0.1236 0.1065 0.9671
24.721 0.1270 0.1062 0.9545
24.761 0.1231 0.1077 0.9702
24.801 0.1200 0.1096 0.9574
24.840 0.1124 0.1120 0.9352
24.880 0.1059 0.1087 0.9546
24.921 0.1018 0.1084 0.9512
24.961 0.1007 0.1100 0.9709
25.001 0.0951 0.1102 0.9499
25.042 0.0897 0.1087 0.9198
25.082 0.0855 0.1120 0.9615
25.121 0.0835 0.1092 0.9455
25.162 0.0882 0.1097 0.9310
25.203 0.0849 0.1028 0.9682
25.243 0.0938 0.1062 0.9246
25.283 0.0944 0.1095 0.9544
25.320 0.0922 0.1075 0.9483
25.364 0.0912 0.1076 0.9043
25.404 0.0883 0.1063 0.9099
25.444 0.0848 0.1060 0.9358
25.483 0.0791 0.1074 0.9302
25.520 0.0781 0.1068 0.9651
25.564 0.0778 0.1054 0.9561
25.605 0.0770 0.1070 0.9573
25.644 0.0749 0.1049 0.9573
25.684 0.0769 0.1067 0.9316
25.724 0.0774 0.1080 0.9336
25.765 0.0772 0.1081 0.9376
25.805 0.0843 0.1075 0.9376
25.845 0.0916 0.1075 0.9132
25.885 0.0969 0.1075 0.9132
25.924 0.1016 0.1113 0.9132
25.964 0.1069 0.1119 0.9431
26.005 0.1124 0.1091 0.9239
26.046 0.1116 0.1100 0.9223
26.085 0.1095 0.1080 0.9452
26.125 0.1089 0.1075 0.9730
26.163 0.1063 0.1073 0.9596
26.208 0.1022 0.1078 0.9679
26.247 0.1032 0.1063 0.9614
26.287 0.1023 0.1055 0.9603
26.327 0.1010 0.1054 0.9603
26.364 0.1009 0.1071 0.9515
26.408 0.0997 0.1084 0.9265
26.448 0.1032 0.1072 0.9369
26.488 0.1025 0.1077 0.9540
26.528 0.1068 0.1072 0.9500
26.568 0.1136 0.1067 0.9446
26.609 0.1159 0.1060 0.9565
26.648 0.1200 0.1080 0.9582
26.689 0.1240 0.1061 0.9142
26.728 0.1267 0.1046 0.9496
26.768 0.1323 0.1034 0.9115
26.808 0.1346 0.1063 0.9175
26.849 0.1413 0.1067 0.9289
26.889 0.1455 0.1049 0.9611
26.929 0.1475 0.1042 0.9309
26.969 0.1521 0.1028 0.9330
27.006 0.1556 0.1044 0.9330
27.050 0.1597 0.1100 0.9542
27.090 0.1659 0.1044 0.9376
27.130 0.1717 0.1090 0.9086
27.170 0.1789 0.0993 0.9684
27.208 0.1859 0.1006 0.9484
27.251 0.1874 0.0997 0.9340
27.292 0.1890 0.1012 0.9782
27.332 0.1900 0.0994 0.9610
27.371 0.1921 0.0957 0.9802
27.412 0.1953 0.0979 0.9789
27.452 0.1947 0.0970 1.0040
27.492 0.1908 0.0988 0.9393
27.532 0.1821 0.0994 0.9769
27.572 0.1798 0.0962 0.9652
27.612 0.1747 0.1009 0.9638
27.651 0.1657 0.1001 0.9475
27.693 0.1594 0.1007 0.9352
27.733 0.1519 0.1017 0.9500
27.773 0.1484 0.1006 0.9648
27.812 0.1438 0.0992 0.9790
27.850 0.1409 0.1040 0.9272
27.894 0.1386 0.0999 0.9533
27.934 0.1384 0.1025 0.9891
27.974 0.1368 0.1026 0.9959
28.013 0.1423 0.1029 1.0055
28.050 0.1429 0.1033 0.9740
28.094 0.1438 0.1032 0.9552
28.134 0.1491 0.0996 0.9751
28.174 0.1489 0.1012 0.9960
28.214 0.1498 0.0994 0.9596
28.254 0.1517 0.0994 0.9333
28.295 0.1525 0.0976 0.9609
28.334 0.1525 0.1002 0.9573
28.375 0.1496 0.1002 0.9749
28.416 0.1430 0.0992 0.9728
28.455 0.1405 0.0994 0.9728
28.495 0.1363 0.0964 0.9329
28.536 0.1377 0.0977 0.9378
28.576 0.1344 0.0988 0.9612
28.616 0.1291 0.0984 0.9875
28.656 0.1268 0.0966 0.9667
28.693 0.1267 0.0966 0.9326
28.738 0.1301 0.0957 0.9326
28.777 0.1323 0.0979 0.9750
28.817 0.1318 0.0999 0.9405
28.857 0.1308 0.1007 0.9388
28.893 0.1328 0.0965 0.9657
28.938 0.1370 0.0947 0.9423
28.978 0.1424 0.0957 1.0069
29.018 0.1399 0.0966 0.9792
29.058 0.1387 0.0960 0.9569
29.098 0.1405 0.0974 0.9605
29.138 0.1413 0.0969 0.9705
29.178 0.1464 0.0964 0.9745
29.218 0.1470 0.0954 0.9724
29.258 0.1461 0.0964 0.9078
29.298 0.1436 0.0990 0.9581
29.338 0.1424 0.0974 0.9656
29.379 0.1455 0.0959 0.9402
29.419 0.1477 0.0947 0.9585
29.459 0.1456 0.0968 0.9373
29.499 0.1463 0.0981 0.9504
29.537 0.1471 0.0952 0.9759
29.581 0.1482 0.0940 0.9919
29.620 0.1504 0.0942 0.9944
29.661 0.1518 0.0943 0.9749
29.700 0.1490 0.0950 0.9866
29.737 0.1481 0.0959 0.9872
29.782 0.1487 0.0945 0.9725
29.821 0.1501 0.0938 0.9909
29.861 0.1511 0.0928 0.9909
29.901 0.1479 0.0936 0.9650
29.941 0.1440 0.0953 0.9675
29.982 0.1410 0.0953 0.9725
30.022 0.1404 0.0912 0.9638
30.062 0.1423 0.0907 0.9655
30.102 0.1453 0.0935 1.0048
30.141 0.1441 0.0928 0.9272
30.181 0.1453 0.0923 0.9615
30.222 0.1461 0.0923 0.9568
30.263 0.1434 0.0916 0.9585
30.303 0.1491 0.0906 0.9718
30.342 0.1537 0.0918 0.9876
30.380 0.1542 0.0923 0.9666
30.424 0.1609 0.0906 0.9886
30.463 0.1656 0.0879 1.0075
30.504 0.1723 0.0875 0.9402
30.543 0.1742 0.0906 0.9387
30.581 0.1746 0.0933 0.9387
30.625 0.1762 0.0909 0.9878
30.665 0.1786 0.0890 0.9387
30.705 0.1813 0.0909 0.9700
30.745 0.1885 0.0881 0.9736
30.785 0.1930 0.0918 0.9505
30.826 0.1918 0.0919 0.9764
30.865 0.1925 0.0903 0.9763
30.906 0.1902 0.0888 0.9763
30.946 0.1900 0.0877 0.9790
30.985 0.1890 0.0910 0.9669
31.024 0.1859 0.0900 0.9367
31.066 0.1814 0.0897 0.9738
31.106 0.1758 0.0871 0.9618
31.146 0.1725 0.0888 0.9755
31.186 0.1664 0.0895 0.9789
31.223 0.1599 0.0920 0.9763
31.267 0.1466 0.0933 0.9529
31.307 0.1387 0.0881 0.9098
31.347 0.1349 0.0897 0.9354
31.387 0.1378 0.0894 0.9354
31.424 0.1384 0.0923 0.9279
31.468 0.1332 0.0901 0.9120
31.508 0.1288 0.0897 0.9073
31.548 0.1277 0.0903 0.9129
31.587 0.1292 0.0889 0.9073
31.627 0.1286 0.0880 0.9693
31.668 0.1291 0.0924 0.9642
31.709 0.1295 0.0935 0.9642
31.749 0.1365 0.0903 0.9272
31.789 0.1385 0.0889 0.9013
31.829 0.1433 0.0895 0.9422
31.868 0.1390 0.0944 0.9383
31.909 0.1344 0.0931 0.9262
31.950 0.1309 0.0920 0.9236
31.990 0.1317 0.0910 0.9636
32.029 0.1328 0.0905 0.9435
32.067 0.1307 0.0928 0.9685
32.111 0.1261 0.0938 0.9289
32.151 0.1234 0.0938 0.9473
32.191 0.1218 0.0920 0.9386
32.231 0.1209 0.0918 0.9411
32.267 0.1244 0.0904 0.9099
32.312 0.1189 0.0924 0.9113
32.351 0.1151 0.0924 0.9333
32.391 0.1151 0.0918 0.9356
32.431 0.1167 0.0935 0.9367
32.471 0.1212 0.0900 0.9261
32.512 0.1231 0.0915 0.9426
32.552 0.1249 0.0956 0.9505
32.592 0.1252 0.0936 0.9515
32.632 0.1249 0.0932 0.9277
32.671 0.1256 0.0929 0.9512
32.711 0.1247 0.0930 0.9696
32.752 0.1237 0.0930 0.9450
32.792 0.1259 0.0946 0.9597
32.833 0.1352 0.0945 0.9703
32.873 0.1389 0.0931 0.9511
32.910 0.1423 0.0943 0.9742
32.955 0.1480 0.0962 0.9466
32.994 0.1465 0.1016 0.9405
33.034 0.1483 0.0955 0.9605
33.074 0.1550 0.0978 0.9848
33.111 0.1608 0.0964 0.9544
33.155 0.1671 0.0942 0.9598
33.195 0.1684 0.0982 0.9734
33.235 0.1673 0.1012 0.9475
33.275 0.1683 0.0960 0.9228
33.314 0.1659 0.0930 0.9389
33.355 0.1631 0.0940 0.9363
33.395 0.1652 0.0950 0.9481
33.435 0.1635 0.0965 0.9562
33.475 0.1634 0.0977 0.9500
33.515 0.1591 0.0968 0.9533
33.554 0.1539 0.0964 0.9825
33.595 0.1483 0.0993 0.9477
33.636 0.1399 0.0999 0.9575
33.676 0.1361 0.1010 0.9829
33.715 0.1347 0.0991 1.0065
33.753 0.1299 0.0994 1.0084
33.797 0.1280 0.0962 0.9531
33.837 0.1280 0.0978 0.9442
33.877 0.1268 0.0977 0.9794
33.917 0.1167 0.0994 0.9656
33.954 0.1152 0.0974 0.9915
33.999 0.1162 0.0953 0.9902
34.038 0.1216 0.0992 0.9623
34.078 0.1244 0.0982 0.9805
34.118 0.1315 0.0988 0.9725
34.158 0.1395 0.0968 0.9725
34.199 0.1460 0.0966 0.9989
34.239 0.1525 0.0956 0.9713
34.279 0.1558 0.0957 1.0035
34.319 0.1549 0.0970 0.9775
34.358 0.1511 0.0957 0.9775
34.398 0.1567 0.0945 0.9666
34.439 0.1619 0.0934 0.9895
34.480 0.1665 0.0958 0.9673
34.520 0.1623 0.0960 0.9693
34.559 0.1577 0.0947 1.0086
34.596 0.1536 0.0948 1.0026
34.641 0.1502 0.0931 0.9973
34.681 0.1487 0.0929 0.9899
34.720 0.1460 0.0949 1.0046
34.760 0.1432 0.0988 0.9676
34.797 0.1390 0.0974 0.9666
34.841 0.1378 0.0962 0.9706
34.881 0.1396 0.0944 0.9829
34.921 0.1348 0.0947 1.0066
34.961 0.1304 0.1007 0.9682
35.001 0.1277 0.0958 0.9799
35.042 0.1265 0.0986 0.9659
35.083 0.1276 0.0944 0.9793
35.123 0.1265 0.0964 0.9415
35.163 0.1249 0.0957 0.9598
35.202 0.1233 0.0968 0.9588
35.241 0.1181 0.0974 0.9425
35.283 0.1142 0.0956 0.9576
35.323 0.1187 0.0962 0.9525
35.363 0.1166 0.0946 0.9389
35.403 0.1126 0.0978 0.9357
35.440 0.1061 0.0983 0.9278
35.484 0.1043 0.0985 0.9416
35.524 0.1057 0.0970 0.9342
35.564 0.1048 0.0959 0.9431
35.604 0.1028 0.0966 0.9431
35.641 0.0940 0.0977 0.9669
35.685 0.0898 0.0969 0.9128
35.725 0.0904 0.0939 0.9139
35.765 0.0930 0.0952 0.9089
35.804 0.0929 0.0929 0.9139
35.844 0.0862 0.0976 0.9128
35.885 0.0832 0.0964 0.9409
35.925 0.0860 0.0960 0.9335
35.965 0.0862 0.0948 0.9538
36.005 0.0886 0.0949 0.9515
36.044 0.0891 0.0939 0.9446
36.090 0.0837 0.0994 0.9439
36.126 0.0895 0.0945 0.9708
36.167 0.0919 0.0965 0.9697
36.207 0.0937 0.0968 0.9533
36.246 0.1013 0.0967 0.9429
36.284 0.1003 0.0973 0.9538
36.328 0.1032 0.0968 0.9625
36.368 0.1051 0.0995 0.9354
36.408 0.1077 0.0940 0.9267
36.447 0.1110 0.0963 0.9454
36.484 0.1104 0.0993 0.9441
36.529 0.1044 0.0965 0.9457
36.568 0.1087 0.0979 0.9279
36.608 0.1108 0.0976 0.9649
36.648 0.1169 0.0972 0.9573
36.688 0.1196 0.0973 0.9651
36.729 0.1142 0.1022 0.9691
36.769 0.1169 0.0994 0.9512
36.809 0.1206 0.0986 0.9668
36.849 0.1271 0.0986 0.9668
36.888 0.1356 0.1007 0.9600
36.928 0.1398 0.1035 0.9579
36.970 0.1433 0.1000 0.9645
37.010 0.1474 0.1006 0.9584
37.050 0.1552 0.1018 0.9571
37.089 0.1616 0.1005 0.9518
37.126 0.1589 0.1000 0.9631
37.171 0.1528 0.1052 0.9638
37.210 0.1527 0.1034 0.9604
37.250 0.1504 0.1049 0.9764
37.291 0.1489 0.1035 0.9759
37.328 0.1466 0.1039 0.9800
37.372 0.1376 0.1037 0.9740
37.412 0.1346 0.1049 0.9695
37.452 0.1311 0.1016 0.9818
37.492 0.1267 0.0998 0.9886
37.532 0.1240 0.1023 0.9548
37.572 0.1146 0.1011 0.9812
37.612 0.1084 0.1010 0.9992
37.653 0.1066 0.1019 0.9477
37.693 0.1060 0.1001 0.9582
37.732 0.1058 0.0996 0.9787
37.772 0.1020 0.0991 0.9487
37.813 0.0996 0.1009 0.9725
37.853 0.0979 0.1005 0.9624
37.894 0.0960 0.0982 0.9845
37.933 0.0939 0.0992 0.9870
37.970 0.0994 0.0980 0.9870
38.014 0.1025 0.1010 0.9805
38.054 0.1052 0.1016 0.9649
38.094 0.1072 0.1009 0.9391
38.134 0.1087 0.0996 0.9293
38.170 0.1107 0.0975 0.9183
38.215 0.1104 0.0991 0.9133
38.255 0.1090 0.0972 0.9519
38.295 0.1048 0.0989 0.9450
38.334 0.1043 0.0973 0.9670
38.375 0.1047 0.0983 0.9172
38.416 0.1034 0.0958 0.9172
38.456 0.1014 0.0999 0.9172
38.497 0.0954 0.0985 0.8970
38.536 0.0936 0.0985 0.8970
38.575 0.0946 0.0960 0.8995
38.615 0.0986 0.0967 0.8995
38.656 0.0979 0.0967 0.9163
38.697 0.1002 0.0960 0.9432
38.737 0.0997 0.0971 0.9561
38.776 0.1052 0.0964 0.9309
38.814 0.1097 0.0966 0.9159
38.858 0.1186 0.0950 0.9285
38.897 0.1256 0.0945 0.9385
38.937 0.1261 0.0955 0.9435
38.977 0.1315 0.0954 0.9435
39.014 0.1306 0.0948 0.9355
39.058 0.1323 0.0947 0.9255
39.098 0.1329 0.0962 0.9291
39.138 0.1342 0.0971 0.9551
39.178 0.1304 0.0942 0.9576
39.218 0.1316 0.0957 0.9216
39.259 0.1325 0.0897 0.9576
39.299 0.1312 0.0931 0.9636
39.339 0.1270 0.0929 0.9321
39.379 0.1210 0.0968 0.9377
39.418 0.1199 0.0933 0.9551
39.459 0.1125 0.0908 0.9296
39.500 0.1094 0.0891 0.9430
39.540 0.1066 0.0902 0.9474
39.581 0.1000 0.0927 0.9712
39.620 0.0965 0.0939 0.9189
39.657 0.0933 0.0918 0.9249
39.701 0.0925 0.0894 0.9249
39.741 0.0872 0.0903 0.9267
39.781 0.0836 0.0925 0.9226
39.821 0.0822 0.0893 0.9291
39.858 0.0774 0.0872 0.9314
39.902 0.0723 0.0873 0.9314
39.942 0.0712 0.0865 0.9270
39.982 0.0735 0.0860 0.9261
40.022 0.0733 0.0902 0.9261
40.062 0.0761 0.0888 0.9219
40.102 0.0762 0.0834 0.9578
40.142 0.0759 0.0841 0.9180
40.183 0.0779 0.0856 0.9055
40.222 0.0769 0.0868 0.9770
40.262 0.0795 0.0870 0.9442
40.301 0.0775 0.0864 0.9237
40.343 0.0768 0.0865 0.9261
40.383 0.0764 0.0831 0.9031
40.423 0.0795 0.0885 0.8946
40.463 0.0820 0.0873 0.8999
40.500 0.0814 0.0865 0.8699
40.544 0.0831 0.0832 0.8952
40.584 0.0817 0.0842 0.8963
40.625 0.0887 0.0839 0.9067
40.664 0.0851 0.0882 0.9011
40.701 0.0840 0.0893 0.9051
40.746 0.0848 0.0888 0.8996
40.785 0.0853 0.0865 0.9415
40.825 0.0868 0.0826 0.8805
40.865 0.0881 0.0838 0.9055
40.905 0.0919 0.0883 0.9055
40.946 0.0877 0.0849 0.8902
40.986 0.0857 0.0871 0.9005
41.026 0.0837 0.0834 0.9065
41.066 0.0835 0.0836 0.9065
41.105 0.0773 0.0855 0.8656
41.145 0.0758 0.0875 0.8652
41.186 0.0797 0.0847 0.8632
41.227 0.0791 0.0854 0.8576
41.267 0.0814 0.0822 0.8732
41.306 0.0802 0.0840 0.8732
41.343 0.0790 0.0838 0.8732
41.388 0.0728 0.0857 0.8802
41.427 0.0703 0.0856 0.8747
41.467 0.0703 0.0831 0.8837
41.507 0.0688 0.0855 0.8587
41.543 0.0680 0.0854 0.8587
41.588 0.0673 0.0862 0.8777
41.628 0.0669 0.0848 0.9063
41.668 0.0638 0.0828 0.8848
41.709 0.0654 0.0828 0.9020
41.749 0.0642 0.0854 0.9020
41.789 0.0636 0.0824 0.8848
41.829 0.0667 0.0825 0.8655
41.870 0.0740 0.0839 0.8859
41.909 0.0777 0.0796 0.8619
41.949 0.0833 0.0829 0.8913
41.989 0.0862 0.0803 0.9149
42.030 0.0901 0.0778 0.9160
42.070 0.0945 0.0783 0.9129
42.110 0.0980 0.0762 0.8934
42.150 0.1038 0.0766 0.8785
42.187 0.1074 0.0725 0.8836
42.231 0.1057 0.0782 0.9192
42.271 0.1068 0.0754 0.9039
42.311 0.1053 0.0736 0.8604
42.351 0.1009 0.0715 0.8999
42.387 0.1040 0.0753 0.9089
42.432 0.0971 0.0756 0.9018
42.471 0.0931 0.0782 0.9118
42.511 0.0923 0.0775 0.9118
42.551 0.0905 0.0761 0.8868
42.591 0.0939 0.0758 0.8720
42.632 0.0945 0.0773 0.8869
42.672 0.0880 0.0735 0.9102
42.712 0.0898 0.0739 0.9102
42.752 0.0892 0.0735 0.9053
42.792 0.0930 0.0696 0.9006
42.832 0.0972 0.0733 0.8888
42.873 0.0909 0.0719 0.8973
42.914 0.0956 0.0730 0.8837
42.954 0.1016 0.0684 0.9302
42.993 0.1058 0.0677 0.8767
43.031 0.1112 0.0688 0.9350
43.075 0.1125 0.0711 0.9019
43.114 0.1082 0.0721 0.8739
43.155 0.1106 0.0711 0.9009
43.194 0.1107 0.0691 0.8973
43.231 0.1140 0.0684 0.9134
43.275 0.1154 0.0695 0.8917
43.315 0.1129 0.0703 0.9122
43.355 0.1169 0.0734 0.8907
43.395 0.1185 0.0713 0.8545
43.435 0.1209 0.0673 0.8868
43.475 0.1217 0.0726 0.8610
43.515 0.1220 0.0788 0.8991
43.556 0.1211 0.0664 0.9093
43.596 0.1173 0.0725 0.9012
43.635 0.1219 0.0646 0.8851
43.675 0.1235 0.0646 0.8861
43.716 0.1266 0.0670 0.9246
43.756 0.1255 0.0696 0.8988
43.796 0.1205 0.0733 0.8815
43.836 0.1170 0.0665 0.9148
43.874 0.1108 0.0683 0.9160
43.918 0.1132 0.0711 0.8929
43.958 0.1102 0.0790 0.8939
43.998 NaN 0.0736 0.8939
44.038 NaN 0.0713 0.9116
44.075 NaN 0.0701 0.9237
44.119 NaN 0.0733 0.8959
44.159 NaN 0.0766 0.8703
44.199 NaN 0.0766 0.8703
44.239 NaN 0.0784 0.8581
44.279 NaN 0.0730 0.8801
