11.307 NaN 0.0919 0.9542
11.347 NaN 0.0911 0.9477
11.387 NaN 0.0879 0.9213
11.428 NaN 0.0926 0.9337
11.467 NaN 0.0926 0.9285
11.507 NaN 0.0896 0.9589
11.547 NaN 0.0906 0.9764
11.587 0.2176 0.0886 0.9109
11.626 0.2137 0.0940 0.9650
11.668 0.2087 0.0929 0.9357
11.709 0.1993 0.0937 0.9498
11.749 0.1939 0.0916 0.9272
11.789 0.1885 0.0893 0.9435
11.827 0.1849 0.0915 0.9109
11.870 0.1762 0.0895 0.9496
11.910 0.1713 0.0917 0.9649
11.950 0.1663 0.0922 0.9295
11.989 0.1643 0.0896 0.9270
12.027 0.1686 0.0880 0.9323
12.071 0.1726 0.0910 0.8955
12.111 0.1716 0.0964 0.9173
12.150 0.1687 0.0909 0.9023
12.190 0.1654 0.0912 0.9255
12.230 0.1636 0.0871 0.8753
12.271 0.1620 0.0868 0.8616
12.311 0.1570 0.0903 0.9096
12.351 0.1523 0.0902 0.9286
12.391 0.1439 0.0934 0.9051
12.430 0.1386 0.0922 0.9087
12.470 0.1380 0.0894 0.9032
12.511 0.1356 0.0905 0.8982
12.552 0.1302 0.0927 0.9114
12.592 0.1272 0.0941 0.9124
12.631 0.1296 0.0946 0.9508
12.669 0.1338 0.0945 0.9458
12.713 0.1411 0.0935 0.8952
12.753 0.1453 0.0951 0.8977
12.792 0.1523 0.0928 0.9658
12.833 0.1577 0.0930 0.9046
12.870 0.1625 0.0914 0.8999
12.914 0.1757 0.0919 0.9009
12.954 0.1793 0.0920 0.9153
12.994 0.1815 0.0931 0.9693
13.033 0.1842 0.0943 0.9385
13.074 0.1887 0.0879 0.9215
13.115 0.1886 0.0872 0.9107
13.154 0.1977 0.0906 0.9266
13.195 0.2024 0.0912 0.9266
13.235 0.2096 0.0913 0.9116
13.274 0.2147 0.0892 0.8938
13.314 0.2219 0.0853 0.9242
13.355 0.2345 0.0910 0.8991
13.395 0.2378 0.0943 0.8981
13.435 0.2418 0.0933 0.9227
13.475 0.2492 0.0921 0.8963
13.513 0.2475 0.0907 0.9179
13.556 0.2480 0.0859 0.8974
13.596 0.2544 0.0870 0.9478
13.636 0.2521 0.0882 0.9236
13.676 0.2494 0.0907 0.9192
13.713 0.2471 0.0873 0.9071
13.757 0.2420 0.0875 0.8827
13.797 0.2386 0.0889 0.9357
13.837 0.2318 0.0911 0.9186
13.877 0.2273 0.0913 0.9152
13.917 0.2238 0.0894 0.9388
13.958 0.2131 0.0855 0.9161
13.998 0.2187 0.0854 0.8974
14.038 0.2225 0.0857 0.9184
14.078 0.2218 0.0895 0.9257
14.118 0.2199 0.0876 0.9312
14.157 0.2177 0.0880 0.9257
14.199 0.2171 0.0896 0.9508
14.239 0.2206 0.0897 0.9361
14.279 0.2225 0.0951 0.9643
14.318 0.2228 0.0963 0.9640
14.356 0.2215 0.0972 0.9511
14.400 0.2197 0.0913 0.9440
14.440 0.2257 0.0911 0.9529
14.480 0.2309 0.0926 0.9478
14.519 0.2318 0.0982 0.9164
14.556 0.2270 0.1017 0.9180
14.601 0.2281 0.1001 0.9413
14.641 0.2302 0.0977 0.9249
14.680 0.2332 0.0997 0.9046
14.720 0.2284 0.1014 0.9354
14.760 0.2222 0.1038 0.9275
14.801 0.2194 0.0999 0.9571
14.841 0.2177 0.1005 0.9071
14.881 0.2143 0.0959 0.9356
14.921 0.2098 0.1012 0.9081
14.960 0.2015 0.1054 0.9358
15.000 0.1922 0.1022 0.9356
15.042 0.1922 0.1017 0.9560
15.083 0.1918 0.1012 0.9106
15.123 0.1926 0.1030 0.9272
15.162 0.1885 0.0991 0.9617
15.200 0.1868 0.1052 0.9487
15.244 0.1884 0.1013 0.9328
15.283 0.1899 0.1032 0.9456
15.323 0.1889 0.1024 0.9583
15.363 0.1921 0.1025 0.9538
15.402 0.1952 0.1050 0.9618
15.444 0.2001 0.1009 0.9446
15.484 0.2027 0.1047 0.9568
15.524 0.2038 0.1017 0.9030
15.564 0.2026 0.1010 0.9568
15.604 0.2042 0.1046 0.9074
15.644 0.2073 0.1028 0.9481
15.685 0.2144 0.1037 0.9573
15.725 0.2235 0.0981 0.9569
15.765 0.2253 0.1009 0.9346
15.804 0.2288 0.0980 0.9397
15.843 0.2269 0.0996 0.9412
15.885 0.2256 0.0990 0.9410
15.925 0.2223 0.1013 0.9178
15.965 0.2211 0.0982 0.9160
16.005 0.2188 0.1004 0.9121
16.042 0.2187 0.1023 0.9173
16.086 0.2147 0.1033 0.9153
16.126 0.2136 0.1000 0.9509
16.167 0.2131 0.0994 0.8892
16.206 0.2088 0.0982 0.9033
16.243 0.2075 0.1019 0.8854
16.288 0.2076 0.0988 0.9218
16.328 0.2148 0.0995 0.9063
16.368 0.2196 0.0983 0.9159
16.407 0.2217 0.0965 0.9483
16.447 0.2215 0.0981 0.9138
16.488 0.2231 0.0986 0.9075
16.528 0.2255 0.0981 0.9452
16.568 0.2249 0.0940 0.9195
16.608 0.2242 0.0947 0.9326
16.648 0.2198 0.0932 0.9154
16.687 0.2125 0.0940 0.9405
16.729 0.2082 0.0965 0.9187
16.769 0.2053 0.0953 0.9175
16.809 0.2011 0.0937 0.9317
16.848 0.1962 0.0937 0.9213
16.886 0.1953 0.0941 0.9504
16.930 0.1942 0.0961 0.9071
16.969 0.1940 0.0966 0.8831
17.009 0.1927 0.0911 0.8953
17.049 0.1940 0.0963 0.8935
17.086 0.1946 0.0956 0.9173
17.130 0.1965 0.0953 0.9149
17.170 0.2010 0.0967 0.9227
17.210 0.2071 0.0977 0.9203
17.250 0.2122 0.0949 0.9075
17.291 0.2131 0.0977 0.9548
17.332 0.2143 0.0963 0.9092
17.372 0.2127 0.1000 0.9043
17.412 0.2141 0.0967 0.9303
17.452 0.2147 0.0983 0.9372
17.491 0.2143 0.0983 0.9174
17.531 0.2111 0.0936 0.9177
17.572 0.2086 0.0992 0.9606
17.613 0.2022 0.1014 0.9196
17.652 0.1937 0.1024 0.9459
17.692 0.1833 0.1008 0.9591
17.729 0.1713 0.1006 0.9288
17.773 0.1612 0.1013 0.9415
17.813 0.1539 0.1019 0.9664
17.853 0.1428 0.1065 0.9977
17.893 0.1318 0.1020 0.9360
17.930 0.1228 0.1033 0.9570
17.974 0.1139 0.1040 0.9281
18.014 0.1075 0.1075 0.9636
18.054 0.0981 0.1060 0.9615
18.094 0.0850 0.1063 0.9479
18.134 0.0789 0.1039 0.9616
18.174 0.0750 0.1045 0.9603
18.214 0.0758 0.1056 0.9360
18.255 0.0758 0.1058 0.9492
18.294 0.0675 0.1082 0.9176
18.334 0.0701 0.1066 0.9176
18.374 0.0704 0.1036 0.9133
18.416 0.0719 0.1022 0.8910
18.456 0.0724 0.1038 0.9010
18.496 0.0707 0.1041 0.9260
18.536 0.0718 0.1043 0.9393
18.573 0.0759 0.1036 0.9625
18.617 0.0821 0.0997 0.9376
18.656 0.0878 0.1075 0.9286
18.697 0.0900 0.1045 0.9129
18.736 0.0883 0.1031 0.9359
18.774 0.0924 0.1014 0.9623
18.818 0.0939 0.0985 0.9546
18.857 0.0985 0.0994 0.9571
18.897 0.1039 0.1059 0.9604
18.937 0.1061 0.1062 0.9389
18.977 0.1098 0.1054 0.9348
19.018 0.1139 0.1050 0.9378
19.058 0.1181 0.1006 0.9490
19.098 0.1220 0.1016 0.9297
19.138 0.1200 0.1038 0.9486
19.178 0.1182 0.1030 0.9444
19.217 0.1148 0.1010 0.9182
19.258 0.1132 0.1017 0.9429
19.299 0.1129 0.1011 0.9321
19.339 0.1123 0.1038 0.9297
19.378 0.1100 0.1114 0.9170
19.416 0.1066 0.1066 0.9358
19.460 0.1046 0.1066 0.9229
19.500 0.1048 0.1048 0.9419
19.540 0.1080 0.1042 0.9175
19.580 0.1108 0.1077 0.9253
19.617 0.1168 0.1044 0.9391
19.661 0.1218 0.1034 0.9301
19.701 0.1280 0.1002 0.9376
19.741 0.1436 0.1008 0.9480
19.781 0.1508 0.1034 0.9520
19.821 0.1563 0.1045 0.9589
19.862 0.1578 0.1023 0.9633
19.902 0.1596 0.1005 0.9257
19.952 0.1658 0.0980 0.9057
19.981 0.1695 0.1005 0.9139
20.021 0.1748 0.1044 0.9121
20.061 0.1791 0.1038 0.9376
20.102 0.1827 0.1057 0.9126
20.142 0.1881 0.0969 0.9058
20.182 0.1964 0.0963 0.9178
20.222 0.1987 0.0987 0.9638
20.259 0.1967 0.0976 0.9466
20.303 0.2103 0.0972 0.9216
20.343 0.2166 0.0998 0.9322
20.383 0.2252 0.0945 0.9218
20.423 0.2316 0.0952 0.9140
20.459 0.2339 0.0987 0.9162
20.515 0.2345 0.1014 0.8902
20.543 0.2351 0.0979 0.9360
20.584 0.2338 0.0995 0.9360
20.624 0.2304 0.1053 0.9610
20.664 0.2260 0.0988 0.9249
20.705 0.2203 0.1000 0.9137
20.745 0.2176 0.1095 0.9296
20.785 0.2071 0.1007 0.9170
20.825 0.1992 0.0966 0.9347
20.864 0.1936 0.0991 0.9525
20.904 0.1898 0.1021 0.9066
20.945 0.1875 0.1013 0.9408
20.985 0.1881 0.0993 0.9333
21.025 0.1864 0.0979 0.8881
21.065 0.1849 0.0955 0.8915
21.102 0.1847 0.0992 0.9082
21.146 0.1878 0.1079 0.9082
21.186 0.1893 0.0967 0.8733
21.226 0.1922 0.0956 0.9177
21.266 0.1992 0.0963 0.9149
21.303 0.2039 0.0991 0.9053
21.347 0.2078 0.1004 0.8982
21.387 0.2123 0.0985 0.9118
21.427 0.2155 0.0980 0.8933
21.467 0.2161 0.0958 0.8859
21.507 0.2175 0.1018 0.9219
21.547 0.2214 0.1025 0.9229
21.587 0.2249 0.1036 0.9237
21.628 0.2248 0.0992 0.9324
21.668 0.2227 0.0991 0.9278
21.708 0.2235 0.0985 0.9248
21.748 0.2186 0.0990 0.9400
21.789 0.2165 0.1001 0.9636
21.829 0.2158 0.1003 0.9431
21.869 0.2155 0.0983 0.9447
21.909 0.2159 0.0975 0.9360
21.946 0.2140 0.0977 0.9379
21.991 0.2141 0.1011 0.9332
22.030 0.2113 0.0993 0.9729
22.070 0.2066 0.0985 0.9729
22.110 0.2084 0.0997 0.9137
22.147 0.2091 0.0980 0.9782
22.191 0.2096 0.0996 0.9583
22.230 0.2138 0.1039 0.9357
22.271 0.2127 0.1041 0.9416
22.311 0.2145 0.1033 0.9403
22.350 0.2185 0.1021 0.9645
22.391 0.2174 0.0997 0.9418
22.431 0.2218 0.1074 0.9337
22.471 0.2233 0.1019 0.9312
22.511 0.2250 0.1022 0.8854
22.551 0.2255 0.0997 0.9088
22.590 0.2201 0.1000 0.9288
22.631 0.2182 0.1002 0.8801
22.672 0.2174 0.1004 0.9005
22.712 0.2117 0.1019 0.8829
22.751 0.2111 0.1013 0.9059
22.789 0.2097 0.1015 0.8725
22.834 0.2050 0.1011 0.9231
22.874 0.2001 0.1071 0.9233
22.913 0.1935 0.1030 0.9205
22.953 0.1882 0.1054 0.9055
22.990 0.1815 0.1025 0.9237
23.035 0.1779 0.1006 0.9405
23.074 0.1802 0.1025 0.9466
23.114 0.1785 0.1066 0.9226
23.154 0.1716 0.1006 0.9420
23.194 0.1690 0.1016 0.8951
23.235 0.1658 0.0987 0.9280
23.275 0.1642 0.1016 0.9420
23.316 0.1622 0.0988 0.9303
23.355 0.1615 0.0997 0.9429
23.394 0.1595 0.1033 0.9355
23.434 0.1548 0.0968 0.9447
23.475 0.1562 0.0973 0.9218
23.516 0.1546 0.0966 0.9268
23.556 0.1508 0.0979 0.9760
23.595 0.1518 0.0963 0.9540
23.632 0.1530 0.0956 0.9309
23.677 0.1581 0.0965 0.9218
23.716 0.1631 0.0967 0.9175
23.756 0.1661 0.0975 0.9577
23.796 0.1678 0.0961 0.9763
23.834 0.1650 0.0940 0.9199
23.877 0.1648 0.0909 0.8993
23.917 0.1738 0.0914 0.9111
23.958 0.1754 0.0914 0.9199
23.998 0.1756 0.0941 0.9224
24.038 0.1804 0.0920 0.9388
24.079 0.1745 0.0900 0.9105
24.118 0.1736 0.0875 0.9466
24.159 0.1753 0.0870 0.9233
24.199 0.1723 0.0906 0.9569
24.238 0.1750 0.0896 0.9291
24.277 0.1750 0.0876 0.9145
24.319 0.1738 0.0834 0.9323
24.359 0.1786 0.0820 0.9479
24.399 0.1805 0.0849 0.9189
24.439 0.1802 0.0863 0.9241
24.476 0.1836 0.0823 0.9001
24.520 0.1934 0.0789 0.9057
24.560 0.2074 0.0800 0.9381
24.600 0.2208 0.0799 0.9419
24.639 0.2278 0.0854 0.9527
24.677 0.2286 0.0799 0.9192
24.721 0.2297 0.0776 0.9282
24.761 0.2300 0.0888 0.9561
24.801 0.2391 0.0938 0.9527
24.840 0.2430 0.0979 0.9379
24.880 0.2432 0.0912 0.9963
24.921 0.2466 0.0870 0.9281
24.961 0.2488 0.0846 0.9367
25.001 0.2451 0.0822 0.9338
25.042 0.2371 0.0824 0.9637
25.082 0.2295 0.0861 0.9602
25.121 0.2214 0.0852 0.9514
25.162 0.2250 0.0815 0.9574
25.203 0.2273 0.0820 0.9660
25.243 0.2287 0.0839 0.9636
25.283 0.2316 0.0840 0.9402
25.320 0.2264 0.0869 0.9520
25.364 0.2179 0.0855 0.9388
25.404 0.2120 0.0844 0.9659
25.444 0.2107 0.0835 0.9820
25.483 0.2080 0.0856 0.9532
25.520 0.2031 0.0858 0.9726
25.564 0.2041 0.0859 1.0009
25.605 0.2014 0.0851 0.9642
25.644 0.2020 0.0834 0.9759
25.684 0.2006 0.0863 0.9216
25.724 0.2000 0.0888 0.9450
25.765 0.1903 0.0877 0.9488
25.805 0.1912 0.0871 0.9416
25.845 0.2000 0.0860 0.9483
25.885 0.2087 0.0846 0.9304
25.924 0.2168 0.0898 0.9225
25.964 0.2143 0.0874 0.9382
26.005 0.2134 0.0877 0.9337
26.046 0.2076 0.0861 0.9661
26.085 0.2086 0.0840 0.9476
26.125 0.2038 0.0850 0.9378
26.163 0.1949 0.0852 0.9368
26.208 0.1893 0.0856 0.9679
26.247 0.1856 0.0866 0.9759
26.287 0.1832 0.0833 0.9723
26.327 0.1783 0.0841 0.9362
26.364 0.1751 0.0866 0.9301
26.408 0.1693 0.0866 0.9355
26.448 0.1679 0.0863 0.9035
26.488 0.1677 0.0865 0.9376
26.528 0.1686 0.0849 0.9442
26.568 0.1668 0.0860 0.9449
26.609 0.1673 0.0892 0.9322
26.648 0.1712 0.0922 0.9380
26.689 0.1739 0.0890 0.9218
26.728 0.1794 0.0886 0.9659
26.768 0.1791 0.0899 0.9464
26.808 0.1785 0.0923 0.8833
26.849 0.1783 0.0947 0.9221
26.889 0.1738 0.0934 0.9322
26.929 0.1703 0.0929 0.9399
26.969 0.1719 0.0940 0.9399
27.006 0.1731 0.0940 0.9181
27.050 0.1786 0.0984 0.9270
27.090 0.1817 0.0985 0.9345
27.130 0.1809 0.0985 0.9353
27.170 0.1819 0.0930 0.9185
27.208 0.1794 0.0939 0.8662
27.251 0.1833 0.0997 0.9178
27.292 0.1830 0.1029 0.8975
27.332 0.1833 0.0977 0.9402
27.371 0.1855 0.0971 0.9199
27.412 0.1926 0.0922 0.8938
27.452 0.1943 0.0968 0.9225
27.492 0.1951 0.0993 0.9262
27.532 0.1970 0.0948 0.9094
27.572 0.1980 0.0942 0.9434
27.612 0.2015 0.0888 0.8972
27.651 0.2049 0.0879 0.9152
27.693 0.2081 0.0900 0.9227
27.733 0.2069 0.0917 0.9175
27.773 0.2087 0.0916 0.9029
27.812 0.2094 0.0918 0.9331
27.850 0.2107 0.0913 0.9183
27.894 0.2101 0.0926 0.9227
27.934 0.2060 0.0948 0.9431
27.974 0.2055 0.0936 0.9451
28.013 0.2053 0.0937 0.9325
28.050 0.2042 0.0900 0.9244
28.094 0.2069 0.0909 0.9153
28.134 0.2046 0.0914 0.9575
28.174 0.2029 0.0895 0.9185
28.214 0.2055 0.0878 0.9407
28.254 0.2057 0.0885 0.9105
28.295 0.2102 0.0859 0.9459
28.334 0.2107 0.0884 0.9815
28.375 0.2039 0.0920 0.9529
28.416 0.2045 0.0906 0.9727
28.455 0.2048 0.0873 0.9484
28.495 0.2017 0.0875 0.9527
28.536 0.2005 0.0841 0.9571
28.576 0.1961 0.0871 0.9422
28.616 0.1946 0.0891 0.9647
28.656 0.1971 0.0866 0.9665
28.693 0.1932 0.0854 0.9578
28.738 0.1917 0.0849 0.9988
28.777 0.1900 0.0856 1.0128
28.817 0.1860 0.0867 0.9764
28.857 0.1887 0.0860 0.9659
28.893 0.1836 0.0888 0.9494
28.938 0.1801 0.0832 0.9570
28.978 0.1790 0.0847 0.9701
29.018 0.1751 0.0865 0.9257
29.058 0.1694 0.0891 0.9119
29.098 0.1651 0.0850 0.9528
29.138 0.1551 0.0822 0.9528
29.178 0.1546 0.0823 0.9519
29.218 0.1527 0.0847 0.9527
29.258 0.1465 0.0856 0.9353
29.298 0.1393 0.0865 0.9289
29.338 0.1295 0.0833 0.9228
29.379 0.1253 0.0804 0.9237
29.419 0.1270 0.0832 0.9205
29.459 0.1300 0.0853 0.9298
29.499 0.1302 0.0865 0.9508
29.537 0.1364 0.0859 0.9377
29.581 0.1447 0.0828 0.9121
29.620 0.1544 0.0828 0.9377
29.661 0.1641 0.0837 0.9377
29.700 0.1717 0.0851 0.9510
29.737 0.1759 0.0839 0.9152
29.782 0.1878 0.0875 0.8951
29.821 0.1982 0.0827 0.9306
29.861 0.2069 0.0823 0.9050
29.901 0.2193 0.0875 0.9393
29.941 0.2194 0.0867 0.9365
29.982 0.2235 0.0889 0.8930
30.022 0.2215 0.0838 0.9061
30.062 0.2179 0.0864 0.8911
30.102 0.2194 0.0891 0.9101
30.141 0.2149 0.0896 0.9082
30.181 0.2069 0.0881 0.9209
30.222 0.2073 0.0889 0.9173
30.263 0.2045 0.0855 0.9291
30.303 0.2036 0.0894 0.9173
30.342 0.2086 0.0896 0.9173
30.380 0.2028 0.0910 0.9002
30.424 0.2036 0.0919 0.9085
30.463 0.2066 0.0891 0.9229
30.504 0.2130 0.0856 0.9032
30.543 0.2171 0.0879 0.8957
30.581 0.2186 0.0879 0.8815
30.625 0.2194 0.0899 0.8542
30.665 0.2198 0.0857 0.8771
30.705 0.2166 0.0812 0.8839
30.745 0.2177 0.0845 0.9109
30.785 0.2162 0.0906 0.8993
30.826 0.2084 0.0897 0.9296
30.865 0.2084 0.0849 0.9279
30.906 0.2053 0.0860 0.9014
30.946 0.2023 0.0844 0.9112
30.985 0.1981 0.0930 0.9346
31.024 0.1929 0.0909 0.9465
31.066 0.1884 0.0878 0.9142
31.106 0.1830 0.0865 0.9131
31.146 0.1805 0.0896 0.9095
31.186 0.1792 0.0883 0.9182
31.223 0.1775 0.0921 0.9042
31.267 0.1702 0.0922 0.9297
31.307 0.1713 0.0918 0.9059
31.347 0.1706 0.0923 0.9183
31.387 0.1694 0.0922 0.9286
31.424 0.1695 0.0941 0.9082
31.468 0.1643 0.0982 0.9108
31.508 0.1659 0.0956 0.9084
31.548 0.1674 0.0893 0.9420
31.587 0.1665 0.0918 0.9471
31.627 0.1690 0.0955 0.8964
31.668 0.1725 0.0905 0.9246
31.709 0.1707 0.0964 0.9286
31.749 0.1758 0.0979 0.9249
31.789 0.1749 0.0935 0.9159
31.829 0.1731 0.0973 0.8878
31.868 0.1748 0.1046 0.9407
31.909 0.1705 0.1011 0.9416
31.950 0.1690 0.1064 0.9484
31.990 0.1707 0.0998 0.9434
32.029 0.1700 0.1035 0.9194
32.067 0.1672 0.1033 0.9493
32.111 0.1635 0.1059 0.9170
32.151 0.1585 0.1040 0.9237
32.191 0.1555 0.1048 0.9375
32.231 0.1512 0.1028 0.9333
32.267 0.1479 0.1039 0.9420
32.312 0.1458 0.1080 0.9079
32.351 0.1403 0.1065 0.9012
32.391 0.1376 0.1033 0.9064
32.431 0.1418 0.1050 0.9017
32.471 0.1412 0.1033 0.9450
32.512 0.1400 0.1086 0.9200
32.552 0.1415 0.1124 0.8941
32.592 0.1437 0.1021 0.8686
32.632 0.1460 0.1034 0.8800
32.671 0.1498 0.0988 0.9101
32.711 0.1498 0.1011 0.9132
32.752 0.1541 0.0998 0.9061
32.792 0.1565 0.1006 0.9479
32.833 0.1613 0.1070 0.9469
32.873 0.1705 0.0976 0.9051
32.910 0.1731 0.0967 0.8883
32.955 0.1820 0.0989 0.8845
32.994 0.1835 0.1054 0.8930
33.034 0.1862 0.1007 0.8980
33.074 0.1916 0.1072 0.9105
33.111 0.1939 0.0987 0.9496
33.155 0.1978 0.0990 0.9064
33.195 0.2005 0.0974 0.9191
33.235 0.2029 0.0982 0.9297
33.275 0.2053 0.0964 0.9234
33.314 0.2071 0.0945 0.9434
33.355 0.2044 0.0947 0.9434
33.395 0.2081 0.0932 0.9636
33.435 0.2078 0.0956 0.9499
33.475 0.2125 0.0956 0.9434
33.515 0.2158 0.0927 0.9164
33.554 0.2152 0.0923 0.9434
33.595 0.2168 0.0920 0.9519
33.636 0.2161 0.0961 0.9470
33.676 0.2198 0.0958 0.9582
33.715 0.2220 0.0920 0.9499
33.753 0.2215 0.0871 0.9303
33.797 0.2277 0.0928 0.9407
33.837 0.2333 0.0917 0.9142
33.877 0.2315 0.0982 0.9426
33.917 0.2285 0.0995 0.9318
33.954 0.2232 0.0964 0.9006
33.999 0.2185 0.0942 0.9424
34.038 0.2199 0.0932 0.9265
34.078 0.2186 0.0910 0.9400
34.118 0.2242 0.0946 0.9365
34.158 0.2295 0.0923 0.9552
34.199 0.2276 0.0938 0.9486
34.239 0.2303 0.0888 0.9500
34.279 0.2268 0.0907 0.9434
34.319 0.2212 0.0923 0.9684
34.358 0.2186 0.0926 0.9313
34.398 0.2143 0.0885 0.9500
34.439 0.2116 0.0920 0.9486
34.480 0.2136 0.0919 0.9466
34.520 0.2155 0.0960 0.9652
34.559 0.2194 0.1005 0.9527
34.596 0.2163 0.0948 0.9118
34.641 0.2106 0.0913 0.8946
34.681 0.2099 0.0928 0.9113
34.720 0.2073 0.0932 0.9439
34.760 0.2085 0.0930 0.9415
34.797 0.2094 0.0908 0.9718
34.841 0.2140 0.0910 0.9542
34.881 0.2184 0.0918 0.9356
34.921 0.2201 0.0933 0.9554
34.961 0.2210 0.0941 0.9605
35.001 0.2156 0.0950 0.9274
35.042 0.2083 0.0919 0.9458
35.083 0.2045 0.0913 0.9769
35.123 0.1993 0.0888 0.9682
35.163 0.1967 0.0947 0.9692
35.202 0.1968 0.0952 0.9692
35.241 0.1897 0.0951 0.9682
35.283 0.1865 0.0950 0.9852
35.323 0.1821 0.0932 0.9480
35.363 0.1772 0.0952 0.9644
35.403 0.1754 0.0969 1.0018
35.440 0.1710 0.0937 0.9604
35.484 0.1680 0.0946 0.9408
35.524 0.1704 0.0928 0.9841
35.564 0.1738 0.0942 0.9637
35.604 0.1738 0.0974 0.9533
35.641 0.1678 0.0962 0.9729
35.685 0.1604 0.0967 0.9593
35.725 0.1625 0.0920 0.9713
35.765 0.1642 0.0925 0.9503
35.804 0.1667 0.0927 0.9762
35.844 0.1673 0.0961 0.9515
35.885 0.1697 0.0943 0.9352
35.925 0.1753 0.0970 0.8957
35.965 0.1805 0.0953 0.9510
36.005 0.1821 0.0925 0.9414
36.044 0.1810 0.0969 0.9055
36.090 0.1819 0.0960 0.9350
36.126 0.1896 0.0939 0.9498
36.167 0.1998 0.0939 0.9483
36.207 0.2084 0.0948 0.9189
36.246 0.2172 0.0995 0.9053
36.284 0.2194 0.0962 0.9453
36.328 0.2227 0.0963 0.9467
36.368 0.2230 0.0960 0.9333
36.408 0.2248 0.0926 0.9508
36.447 0.2261 0.0948 0.9326
36.484 0.2264 0.0970 0.9648
36.529 0.2256 0.0979 0.9485
36.568 0.2235 0.1001 0.9025
36.608 0.2200 0.0954 0.8905
36.648 0.2188 0.0956 0.9369
36.688 0.2125 0.0947 0.9036
36.729 0.2051 0.0984 0.9119
36.769 0.2010 0.0965 0.9025
36.809 0.1972 0.0967 0.8977
36.849 0.1970 0.0944 0.9002
36.888 0.1984 0.0991 0.9216
36.928 0.1931 0.1007 0.9252
36.970 0.1876 0.0991 0.9162
37.010 0.1856 0.0989 0.9391
37.050 0.1915 0.0975 0.9382
37.089 0.2018 0.0948 0.9222
37.126 0.2011 0.0972 0.9420
37.171 0.2011 0.1000 0.9641
37.210 0.2015 0.0980 0.9403
37.250 0.2038 0.0988 0.9279
37.291 0.2053 0.0940 0.9126
37.328 0.2107 0.0960 0.9556
37.372 0.2077 0.0960 0.9482
37.412 0.2094 0.0926 0.9542
37.452 0.2126 0.0938 0.9355
37.492 0.2160 0.0911 0.9483
37.532 0.2196 0.0943 0.9401
37.572 0.2131 0.0938 0.9406
37.612 0.2094 0.0957 0.9470
37.653 0.2094 0.0950 0.9306
37.693 0.2103 0.0932 0.9512
37.732 0.2085 0.0946 0.9358
37.772 0.2059 0.0968 0.9172
37.813 0.2016 0.1014 0.9452
37.853 0.2000 0.0998 0.9296
37.894 0.1975 0.1003 0.9235
37.933 0.1990 0.0985 0.9410
37.970 0.1980 0.1005 0.9299
38.014 0.1922 0.1005 0.9123
38.054 0.1877 0.1040 0.9337
38.094 0.1859 0.1072 0.9673
38.134 0.1891 0.1003 0.9361
38.170 0.1897 0.1025 0.9697
38.215 0.1921 0.1037 0.9632
38.255 0.1901 0.1048 0.9562
38.295 0.1892 0.1063 0.9640
38.334 0.1869 0.1050 0.9308
38.375 0.1889 0.1031 0.9724
38.416 0.1825 0.1025 0.9942
38.456 0.1799 0.1050 0.9524
38.497 0.1721 0.1068 0.9313
38.536 0.1631 0.1046 1.0036
38.575 0.1625 0.1034 1.0066
38.615 0.1577 0.1026 0.9672
38.656 0.1507 0.1097 0.9486
38.697 0.1433 0.1121 0.9636
38.737 0.1404 0.1109 0.9636
38.776 0.1385 0.1034 0.9346
38.814 0.1383 0.1037 0.9584
38.858 0.1307 0.1085 0.9190
38.897 0.1298 0.1067 0.9363
38.937 0.1237 0.1048 0.9409
38.977 0.1222 0.1044 0.9191
39.014 0.1270 0.1023 0.9277
39.058 0.1291 0.0997 0.9172
39.098 0.1284 0.1038 0.9367
39.138 0.1325 0.1055 0.9531
39.178 0.1338 0.1079 0.9470
39.218 0.1341 0.1124 0.9203
39.259 0.1350 0.1053 0.9160
39.299 0.1331 0.1073 0.9127
39.339 0.1340 0.1077 0.9283
39.379 0.1282 0.1078 0.9011
39.418 0.1312 0.1039 0.8941
39.459 0.1360 0.1008 0.9133
39.500 0.1401 0.0992 0.9598
39.540 0.1406 0.1045 0.9598
39.581 0.1391 0.1088 0.9186
39.620 0.1373 0.1065 0.9395
39.657 0.1358 0.1036 0.9001
39.701 0.1343 0.1008 0.9055
39.741 0.1348 0.1069 0.8971
39.781 0.1363 0.1018 0.9153
39.821 0.1359 0.1029 0.9127
39.858 0.1403 0.1001 0.9175
39.902 0.1439 0.1026 0.9002
39.942 0.1486 0.1028 0.8779
39.982 0.1478 0.1015 0.9056
40.022 0.1454 0.1036 0.9127
40.062 0.1475 0.1018 0.9544
40.102 0.1484 0.1015 0.9162
40.142 0.1489 0.1031 0.8901
40.183 0.1485 0.1017 0.9784
40.222 0.1462 0.1028 0.9196
40.262 0.1463 0.1039 0.9146
40.301 0.1478 0.1039 0.9120
40.343 0.1475 0.1026 0.9574
40.383 0.1468 0.1017 0.9306
40.423 0.1477 0.1029 0.9535
40.463 0.1506 0.1023 0.9514
40.500 0.1499 0.1023 0.9486
40.544 0.1538 0.1004 0.9658
40.584 0.1586 0.1064 0.9272
40.625 0.1616 0.1010 0.9337
40.664 0.1623 0.1082 0.9509
40.701 0.1674 0.1055 0.9663
40.746 0.1709 0.1042 0.9659
40.785 0.1734 0.1038 0.9832
40.825 0.1781 0.1025 0.9289
40.865 0.1846 0.1068 0.9446
40.905 0.1865 0.1105 0.9548
40.946 0.1817 0.1138 0.9318
40.986 0.1849 0.1067 0.9280
41.026 0.1812 0.1034 0.9492
41.066 0.1776 0.1007 0.9326
41.105 0.1735 0.1049 0.9596
41.145 0.1739 0.1052 0.9371
41.186 0.1758 0.1073 0.9483
41.227 0.1779 0.1038 0.8931
41.267 0.1752 0.1060 0.8817
41.306 0.1730 0.1051 0.9116
41.343 0.1699 0.1053 0.9321
41.388 0.1685 0.1038 0.9154
41.427 0.1711 0.1049 0.9043
41.467 0.1710 0.1014 0.9118
41.507 0.1781 0.1027 0.8978
41.543 0.1829 0.1037 0.9043
41.588 0.1831 0.1024 0.9200
41.628 0.1860 0.1021 0.9273
41.668 0.1876 0.1013 0.8972
41.709 0.1861 0.1017 0.9050
41.749 0.1872 0.1051 0.9532
41.789 0.1867 0.1040 0.9347
41.829 0.1882 0.0996 0.9202
41.870 0.1880 0.1056 0.9502
41.909 0.1836 0.0988 0.9398
41.949 0.1817 0.1016 0.9412
41.989 0.1755 0.1069 0.9359
42.030 0.1627 0.1053 0.9076
42.070 0.1609 0.1005 0.9359
42.110 0.1571 0.1011 0.9470
42.150 0.1530 0.0991 0.9426
42.187 0.1479 0.1062 0.9512
42.231 0.1416 0.1102 0.9543
42.271 0.1374 0.1056 0.9543
42.311 0.1313 0.1071 0.9630
42.351 0.1269 0.1018 0.9516
42.387 0.1278 0.1074 0.9416
42.432 0.1267 0.1071 0.9663
42.471 0.1187 0.1097 0.9650
42.511 0.1222 0.1066 0.9718
42.551 0.1191 0.1126 0.9088
42.591 0.1193 0.1034 0.9489
42.632 0.1192 0.1087 0.9958
42.672 0.1174 0.1023 0.9709
42.712 0.1188 0.1045 0.9458
42.752 0.1184 0.1050 0.9481
42.792 0.1196 0.1025 0.9418
42.832 0.1165 0.1009 0.9578
42.873 0.1103 0.1094 0.9716
42.914 0.1070 0.1023 0.9480
42.954 0.1153 0.1049 0.9458
42.993 0.1230 0.1028 0.9571
43.031 0.1328 0.1050 0.9246
43.075 0.1414 0.1112 0.9651
43.114 0.1428 0.1062 0.9371
43.155 0.1505 0.1069 0.9617
43.194 0.1566 0.1099 0.9478
43.231 0.1643 0.1052 0.9733
43.275 0.1716 0.1083 0.9478
43.315 0.1800 0.1071 0.9355
43.355 0.1898 0.1046 0.9338
43.395 0.1947 0.1022 0.9478
43.435 0.1997 0.1019 0.9440
43.475 0.2046 0.1002 0.9772
43.515 0.2059 0.1017 0.9788
43.556 0.2084 0.1043 0.9542
43.596 0.2106 0.1008 0.9977
43.635 0.2109 0.0997 0.9835
43.675 0.2096 0.0998 0.9573
43.716 0.2049 0.0977 0.9471
43.756 0.2020 0.0964 0.9559
43.796 0.1992 0.0951 0.9673
43.836 0.1926 0.0931 0.9406
43.874 0.1888 0.0925 0.9732
43.918 0.1851 0.0922 0.9713
43.958 0.1780 0.0965 0.9376
43.998 0.1685 0.0938 0.9314
44.038 0.1536 0.0943 0.9615
44.075 0.1468 0.0935 0.9248
44.119 0.1393 0.0961 0.9315
44.159 0.1324 0.0970 0.9368
44.199 0.1272 0.0962 0.9384
44.239 0.1226 0.0936 0.9562
44.279 0.1186 0.0915 0.9496
44.319 0.1199 0.0969 0.9310
44.389 0.1236 0.0945 0.9220
44.440 0.1204 0.0946 0.9363
44.479 0.1207 0.0951 0.9306
44.519 0.1266 0.0923 0.9165
44.558 0.1300 0.0908 0.9318
44.600 0.1329 0.1004 0.8870
44.640 0.1338 0.1066 0.9252
44.680 0.1365 0.0979 0.9592
44.719 0.1422 0.0951 0.9170
44.757 0.1477 0.0964 0.8936
44.801 0.1490 0.0989 0.9198
44.840 0.1534 0.1032 0.9236
44.881 0.1478 0.0977 0.9255
44.921 0.1477 0.0930 0.9247
44.958 0.1415 0.0967 0.9319
45.002 0.1282 0.0949 0.9930
45.042 0.1126 0.0942 0.9641
45.082 0.0964 0.0947 0.9574
45.122 0.0759 0.0979 0.9561
45.162 0.0516 0.0927 0.9316
45.203 0.0277 0.0922 0.9488
45.243 0.0173 0.0981 0.9379
45.283 0.0358 0.0946 0.9432
45.323 0.0514 0.0953 0.9872
45.362 0.0529 0.0944 0.9749
45.402 0.0507 0.0962 0.9454
45.443 0.0519 0.0941 0.9247
45.484 0.0456 0.0984 0.9327
45.524 0.0365 0.0961 0.9742
45.563 0.0259 0.0964 0.9775
45.601 0.0125 0.0972 0.9524
45.645 0.0140 0.0982 0.9524
45.684 0.0151 0.0943 0.9553
45.725 0.0167 0.0987 0.9698
45.764 0.0187 0.0957 0.9686
45.801 0.0165 0.0948 0.9660
45.846 0.0176 0.0956 0.9455
45.885 0.0174 0.0949 0.9930
45.925 0.0167 0.0978 0.9974
45.965 0.0130 0.0960 0.9769
46.005 0.0111 0.0937 0.9974
46.046 0.0113 0.0955 0.9689
46.085 0.0071 0.0960 0.9930
46.126 0.0104 0.0973 0.9769
46.167 0.0064 0.0969 0.9769
46.206 0.0064 0.0973 0.9769
46.246 0.0053 0.0960 0.9769
46.287 0.0055 0.0948 0.9694
46.327 0.0047 0.0927 0.9749
46.367 0.0068 0.0973 0.9974
46.407 0.0047 0.0965 0.9794
46.444 0.0061 0.0967 0.9974
46.488 0.0072 0.0938 0.9749
46.528 0.0075 0.0960 0.9930
46.568 0.0060 0.0960 0.9660
46.608 0.0088 0.0947 0.9544
46.645 0.0060 0.0968 0.9455
46.689 0.0061 0.0938 0.9696
46.729 0.0077 0.0950 0.9660
46.769 0.0070 0.0929 1.0006
46.809 0.0054 0.0982 0.9455
46.849 0.0028 0.0963 0.9769
46.889 0.0050 0.0959 0.9455
46.929 0.0084 0.0968 0.9455
46.969 0.0052 0.0938 0.9680
47.009 0.0055 0.0961 0.9696
47.049 0.0073 0.0981 0.9455
47.088 0.0065 0.0970 0.9455
47.130 0.0059 0.0950 0.9696
47.170 0.0062 0.0940 0.9696
47.210 0.0069 0.0947 0.9696
47.250 0.0090 0.0963 0.9660
47.288 0.0159 0.0975 0.9517
47.332 0.0220 0.0940 0.9746
47.372 0.0261 0.0940 0.9720
47.412 0.0379 0.0940 0.9746
47.451 0.0471 0.0974 0.9574
47.489 0.0541 0.0952 0.9561
47.533 0.0607 0.0983 0.9586
47.572 0.0700 0.0947 0.9586
47.612 0.0738 0.0978 0.9772
47.652 0.0806 0.0983 0.9729
47.692 0.0837 0.0976 0.9229
47.733 0.0857 0.0967 0.9229
47.773 0.0835 0.0987 0.9278
47.813 0.0822 0.0934 0.9130
47.853 0.0829 0.0954 0.9171
47.892 0.0855 0.0994 0.9159
47.932 0.0852 0.0969 0.9131
47.973 0.0881 0.0977 0.9035
48.014 0.0892 0.0930 0.8819
48.054 0.0908 0.0952 0.8429
48.093 0.0950 0.0978 0.8991
48.130 0.0968 0.0975 0.9113
48.175 0.0989 0.0965 0.8489
48.214 0.1024 0.0980 0.8723
48.254 0.1045 0.0937 0.8480
48.294 0.1050 0.0952 0.8255
48.332 0.1044 0.0994 0.8489
48.375 0.1008 0.0988 0.8292
48.416 0.0995 0.0988 0.8511
48.456 0.0952 0.0940 0.8435
48.496 0.0903 0.0974 0.8551
48.536 0.0857 0.0973 0.8551
48.576 0.0812 0.0970 0.8232
48.616 0.0799 0.0962 0.8248
48.657 0.0767 0.0971 0.8198
48.697 0.0719 0.0923 0.8036
48.736 0.0694 0.0932 0.8036
48.775 0.0677 0.0932 0.8295
48.817 0.0671 0.0939 0.8129
48.857 0.0690 0.0939 0.7890
48.897 0.0689 0.0923 0.7930
48.936 0.0670 0.0938 0.7930
48.974 0.0647 0.0938 0.7900
49.018 0.0624 0.0981 0.7918
49.058 0.0633 0.0965 0.7926
49.098 0.0608 0.0965 0.7966
49.138 0.0596 0.0956 0.7680
49.175 0.0602 0.0978 0.7436
49.219 0.0606 0.1000 0.7396
49.258 0.0608 0.0986 0.7656
49.298 0.0634 0.0970 0.7524
49.339 0.0620 0.0938 0.7654
49.378 0.0589 0.0983 0.7273
49.419 0.0537 0.1008 0.7483
49.459 0.0522 0.1013 0.7569
49.500 0.0502 0.0994 0.7524
49.540 0.0481 0.0992 0.7524
49.580 0.0461 0.1007 0.6991
49.623 0.0425 0.1017 0.7350
49.660 0.0422 0.1037 0.7160
49.701 0.0406 0.1019 0.7302
49.741 NaN 0.1033 0.6822
49.781 NaN 0.1024 0.6842
49.818 NaN 0.1033 0.6842
49.862 NaN 0.1037 0.7168
49.901 NaN 0.1024 0.7064
49.942 NaN 0.1024 0.7064
49.981 NaN 0.1066 0.7050
50.018 NaN 0.1002 0.6940
