402.631 NaN 0.1094 0.9162
402.670 NaN 0.1194 0.8967
402.709 NaN 0.1119 0.9072
402.752 NaN 0.1156 0.8984
402.792 NaN 0.1153 0.8559
402.832 NaN 0.1117 0.8559
402.872 NaN 0.1121 0.8878
402.909 0.0888 0.1101 0.8878
402.953 0.0918 0.1117 0.8762
402.993 0.0920 0.1126 0.8996
403.033 0.0922 0.1111 0.8901
403.072 0.0957 0.1099 0.9271
403.112 0.0997 0.1101 0.8875
403.153 0.0991 0.1085 0.8633
403.193 0.1017 0.1103 0.8913
403.233 0.1016 0.1039 0.9024
403.273 0.1021 0.1032 0.9124
403.313 0.0998 0.1036 0.9124
403.352 0.1005 0.1052 0.8970
403.394 0.1045 0.1066 0.9170
403.434 0.1054 0.1014 0.9061
403.474 0.1043 0.0989 0.9075
403.514 0.1052 0.1045 0.9249
403.552 0.1024 0.1027 0.9249
403.595 0.0997 0.1047 0.9249
403.635 0.0999 0.1027 0.9193
403.675 0.0990 0.1029 0.9045
403.714 0.0998 0.1028 0.9243
403.752 0.1006 0.1019 0.9113
403.796 0.1046 0.1019 0.9273
403.835 0.1082 0.1026 0.9262
403.875 0.1071 0.1035 0.9262
403.916 0.1039 0.1018 0.9332
403.956 0.1039 0.1018 0.9336
403.997 0.1040 0.0996 0.9172
404.037 0.1092 0.0951 0.9310
404.077 0.1114 0.0957 0.8845
404.117 0.1130 0.0955 0.8963
404.156 0.1175 0.0957 0.9380
404.196 0.1175 0.0963 0.9175
404.237 0.1167 0.0981 0.8979
404.278 0.1162 0.1022 0.9112
404.318 0.1130 0.1008 0.9028
404.357 0.1100 0.1003 0.9013
404.395 0.1063 0.0974 0.9205
404.439 0.1056 0.0956 0.8987
404.478 0.1051 0.0982 0.9241
404.518 0.1073 0.1003 0.9267
404.558 0.1031 0.1019 0.9439
404.596 0.1008 0.1023 0.9115
404.640 0.0965 0.1028 0.8955
404.679 0.0962 0.1028 0.8938
404.719 0.0969 0.1005 0.9195
404.759 0.0984 0.1011 0.9123
404.799 0.0984 0.1026 0.9345
404.839 0.0960 0.0994 0.9204
404.879 0.0958 0.0981 0.9204
404.920 0.0957 0.0999 0.8791
404.960 0.0967 0.1007 0.8872
405.000 0.0900 0.0985 0.9100
405.039 0.0882 0.1041 0.8951
405.081 0.0903 0.1007 0.9065
405.121 0.0949 0.1016 0.9164
405.162 0.0991 0.0987 0.8890
405.201 0.1015 0.1008 0.8890
405.238 0.0985 0.0996 0.9099
405.282 0.0971 0.0984 0.9179
405.322 0.0985 0.1000 0.9438
405.362 0.1040 0.1004 0.9310
405.402 0.1071 0.1029 0.9035
405.439 0.1053 0.1027 0.8781
405.483 0.1055 0.1040 0.9151
405.522 0.1094 0.1019 0.9062
405.563 0.1109 0.0989 0.9282
405.602 0.1120 0.1021 0.9518
405.642 0.1085 0.1032 0.9560
405.683 0.1043 0.1038 0.9382
405.723 0.1069 0.1028 0.9460
405.763 0.1065 0.0994 0.9638
405.803 0.1052 0.1008 0.9577
405.842 0.1042 0.0999 0.9519
405.882 0.1024 0.1029 0.9458
405.923 0.1033 0.1035 0.9458
405.964 0.1062 0.1031 0.9522
406.004 0.1072 0.1010 0.9317
406.044 0.1059 0.1040 0.9317
406.082 0.0999 0.1048 0.9323
406.125 0.0981 0.1007 0.9455
406.166 0.0987 0.1010 0.8945
406.205 0.1005 0.0992 0.9111
406.245 0.1045 0.1001 0.9154
406.282 0.1072 0.1011 0.9165
406.326 0.1090 0.1011 0.9124
406.366 0.1078 0.1005 0.9118
406.406 0.1062 0.0982 0.9204
406.446 0.1044 0.0984 0.8897
406.486 0.1026 0.1002 0.9078
406.527 0.1006 0.1014 0.9295
406.567 0.1067 0.1015 0.9636
406.607 0.1111 0.0996 0.9351
406.647 0.1165 0.0956 0.9090
406.686 0.1192 0.0966 0.9345
406.726 0.1151 0.0986 0.9257
406.767 0.1135 0.0986 0.9467
406.808 0.1125 0.0977 0.9467
406.848 0.1076 0.0972 0.9820
406.887 0.0993 0.0979 0.9820
406.925 0.0928 0.0989 0.9770
406.968 0.0828 0.0981 1.0160
407.008 0.0657 0.0994 1.0160
407.048 0.0425 0.0981 1.0150
407.088 0.0202 0.0959 1.0150
407.125 0.0279 0.0995 1.0237
407.169 0.0453 0.1005 0.9997
407.209 0.0596 0.1000 0.9909
407.250 0.0671 0.1007 0.9351
407.290 0.0705 0.1021 0.9889
407.329 0.0767 0.1024 0.9389
407.370 0.0797 0.1019 0.9511
407.410 0.0790 0.1026 0.9767
407.450 0.0676 0.1020 0.9511
407.490 0.0534 0.1015 0.9511
407.530 0.0372 0.1018 0.9597
407.569 0.0242 0.1012 0.9500
407.611 0.0185 0.1039 0.9511
407.651 0.0142 0.1022 0.9500
407.691 0.0125 0.1009 0.9448
407.731 0.0095 0.1009 0.9448
407.768 0.0049 0.1010 0.9448
407.812 0.0048 0.1009 0.9448
407.852 0.0057 0.1023 0.9511
407.892 0.0077 0.1010 0.9448
407.932 0.0086 0.1009 0.9448
407.969 0.0082 0.1010 0.9448
408.013 0.0091 0.1020 0.9448
408.052 0.0062 0.1023 0.9511
408.093 0.0059 0.1021 0.9459
408.132 0.0050 0.1009 0.9760
408.172 0.0046 0.1002 0.9770
408.213 0.0048 0.1013 0.9448
408.253 0.0037 0.1010 0.9770
408.293 0.0057 0.1018 0.9770
408.334 0.0042 0.1013 0.9459
408.373 0.0052 0.1014 0.9448
408.413 0.0035 0.1013 0.9448
408.454 0.0053 0.1010 0.9448
408.495 0.0044 0.1028 0.9770
408.535 0.0046 0.1018 0.9770
408.574 0.0064 0.1010 0.9770
408.612 0.0055 0.1009 0.9770
408.656 0.0050 0.1009 0.9770
408.695 0.0046 0.1018 0.9770
408.735 0.0066 0.1018 0.9770
408.775 0.0053 0.1018 0.9770
408.812 0.0078 0.1009 0.9770
408.856 0.0087 0.1005 0.9770
408.896 0.0080 0.1004 0.9770
408.936 0.0082 0.1019 0.9770
408.976 0.0085 0.1026 0.9770
409.016 0.0085 0.0998 0.9831
409.056 0.0098 0.1007 0.9831
409.096 0.0134 0.1016 0.9942
409.137 0.0135 0.1011 0.9781
409.177 0.0146 0.1023 0.9831
409.216 0.0127 0.1011 0.9831
409.256 0.0113 0.1012 0.9831
409.297 0.0133 0.1012 0.9831
409.337 0.0099 0.1022 0.9902
409.377 0.0143 0.1029 0.9978
409.417 0.0101 0.1012 0.9692
409.456 0.0066 0.1023 0.9692
409.500 0.0053 0.1022 1.0040
409.539 0.0038 0.1022 1.0040
409.579 0.0047 0.1022 0.9902
409.619 0.0044 0.1026 0.9978
409.656 0.0058 0.1025 0.9990
409.700 0.0054 0.1027 0.9858
409.740 0.0063 0.1010 1.0030
409.780 0.0067 0.1014 1.0040
409.819 0.0061 0.1019 0.9990
409.860 0.0085 0.1026 1.0030
409.900 0.0069 0.1006 1.0040
409.940 0.0057 0.1006 1.0030
409.980 0.0072 0.1006 1.0030
410.021 0.0084 0.1014 1.0040
410.060 0.0071 0.1019 1.0001
410.099 0.0058 0.1004 1.0011
410.140 0.0091 0.1001 0.9862
410.181 0.0078 0.1006 1.0040
410.221 0.0081 0.1010 1.0030
410.261 0.0068 0.1018 1.0030
410.298 0.0067 0.1018 0.9862
410.342 0.0067 0.1006 1.0040
410.382 0.0054 0.1006 0.9942
410.422 0.0053 0.1009 0.9942
410.461 0.0056 0.1016 0.9942
410.499 0.0068 0.1006 0.9942
410.542 0.0061 0.1014 0.9953
410.583 0.0040 0.0998 1.0040
410.623 0.0040 0.0989 0.9865
410.663 0.0054 0.0998 0.9953
410.703 0.0036 0.1022 0.9858
410.744 0.0039 0.1023 0.9873
410.784 0.0063 0.1012 0.9847
410.824 0.0048 0.1003 0.9847
410.864 0.0034 0.1004 1.0030
410.903 0.0035 0.1003 0.9680
410.943 0.0040 0.1014 0.9873
410.984 0.0049 0.0989 0.9873
411.025 0.0037 0.1000 0.9873
411.065 0.0049 0.0984 0.9873
411.104 0.0055 0.0994 0.9873
411.141 0.0065 0.1026 0.9873
411.186 0.0098 0.1006 0.9886
411.225 0.0085 0.1000 0.9873
411.265 0.0084 0.0996 0.9873
411.305 0.0095 0.1009 0.9742
411.342 0.0110 0.1023 0.9851
411.386 0.0135 0.1049 0.9942
411.426 0.0156 0.1031 0.9932
411.466 0.0161 0.1051 0.9942
411.506 0.0146 0.1016 0.9942
411.546 0.0130 0.1030 0.9942
411.586 0.0126 0.1077 0.9942
411.626 0.0113 0.1059 1.0233
411.667 0.0113 0.1053 0.9760
411.708 0.0130 0.1024 0.9705
411.747 0.0122 0.1030 0.9975
411.786 0.0117 0.1058 0.9770
411.828 0.0092 0.1060 0.9919
411.868 0.0082 0.1048 1.0025
411.908 0.0068 0.1043 0.9809
411.948 0.0061 0.1023 0.9705
411.985 0.0063 0.1051 0.9770
412.029 0.0063 0.1068 1.0046
412.069 0.0078 0.1055 0.9760
412.109 0.0064 0.1040 0.9760
412.148 0.0065 0.1032 0.9927
412.185 0.0051 0.1051 0.9760
412.230 0.0030 0.1064 0.9770
412.269 0.0064 0.1062 0.9525
412.310 0.0061 0.1053 0.9536
412.349 0.0071 0.1039 0.9476
412.389 0.0094 0.1041 0.9476
412.430 0.0075 0.1040 0.9908
412.470 0.0090 0.1058 0.9908
412.510 0.0117 0.1049 1.0168
412.550 0.0100 0.1029 0.9527
412.589 0.0110 0.1031 0.9423
412.629 0.0114 0.1042 0.9423
412.670 0.0093 0.1044 1.0177
412.711 0.0078 0.1040 1.0168
412.751 0.0042 0.1037 0.9865
412.791 0.0041 0.1020 0.9423
412.829 0.0039 0.1026 0.9423
412.873 0.0081 0.1046 0.9655
412.912 0.0070 0.1046 1.0023
412.952 0.0108 0.1054 0.9724
412.992 0.0171 0.1049 0.9462
413.030 0.0233 0.1034 0.9539
413.073 0.0320 0.1046 0.9814
413.113 0.0372 0.1041 0.9874
413.153 0.0494 0.1051 0.9691
413.193 0.0574 0.1033 0.9554
413.233 0.0714 0.1032 0.9815
413.274 0.0798 0.1025 0.9443
413.313 0.0869 0.1036 0.9650
413.354 0.0941 0.1029 0.9737
413.394 0.1029 0.1023 0.9737
413.433 0.1088 0.1034 0.9704
413.473 0.1104 0.1021 0.9996
413.514 0.1134 0.1027 1.0031
413.554 0.1143 0.1012 1.0150
413.594 0.1207 0.1028 0.9839
413.634 0.1217 0.0995 1.0176
413.674 0.1208 0.0965 1.0239
413.716 0.1190 0.0961 1.0348
413.755 0.1158 0.0983 1.0094
413.795 0.1163 0.0991 1.0083
413.835 0.1130 0.1000 0.9405
413.873 0.1111 0.1023 0.8935
413.917 0.1061 0.0975 0.9205
413.956 0.1083 0.0987 0.9019
413.997 0.1083 0.1011 0.8980
414.036 0.1097 0.1005 0.8969
414.076 0.1029 0.0988 0.9097
414.117 0.0992 0.0985 0.8857
414.157 0.0973 0.0950 0.8817
414.197 0.0933 0.0989 0.9151
414.237 0.0901 0.0994 0.9014
414.277 0.0898 0.0979 0.9014
414.316 0.0879 0.0964 0.8879
414.358 0.0910 0.0960 0.9125
414.398 0.0939 0.0961 0.8863
414.438 0.0934 0.0983 0.9245
414.478 0.0913 0.1006 0.9420
414.515 0.0867 0.1000 0.9186
414.559 0.0876 0.0937 0.9085
414.599 0.0871 0.0974 0.9085
414.638 0.0834 0.1030 0.9203
414.678 0.0803 0.1010 0.9003
414.716 0.0823 0.1063 0.8871
414.760 0.0795 0.1073 0.8960
414.799 0.0836 0.1046 0.8862
414.839 0.0846 0.1058 0.8977
414.879 0.0845 0.1012 0.9069
414.919 0.0842 0.1001 0.9095
414.960 0.0822 0.1063 0.8887
415.000 0.0821 0.1034 0.9083
415.041 0.0798 0.1009 0.9155
415.081 0.0785 0.1025 0.9455
415.120 0.0795 0.1043 0.9689
415.160 0.0770 0.1030 0.9455
415.201 0.0763 0.1019 0.9431
415.242 0.0762 0.0997 0.9703
415.282 0.0730 0.0997 0.9605
415.321 0.0683 0.0960 0.9258
415.359 0.0606 0.0955 0.9508
415.403 0.0541 0.0983 0.9408
415.442 0.0539 0.0936 0.9044
415.482 0.0546 0.0972 0.9221
415.522 0.0593 0.0994 0.9376
415.559 0.0576 0.1046 0.9161
415.603 0.0544 0.0941 0.9273
415.643 0.0574 0.0929 0.8973
415.683 0.0591 0.0907 0.8703
415.723 0.0565 0.0983 0.9029
415.762 0.0550 0.1020 0.9289
415.804 0.0532 0.0942 0.9078
415.843 0.0569 0.0958 0.9323
415.884 0.0595 0.0909 0.9162
415.924 0.0600 0.0946 0.9275
415.963 0.0602 0.0941 0.9119
416.003 0.0568 0.0933 0.8956
416.044 0.0587 0.0967 0.9275
416.084 0.0631 0.0948 0.9295
416.125 0.0678 0.0936 0.9282
416.165 0.0701 0.0962 0.9257
416.202 0.0748 0.0955 0.9197
416.246 0.0816 0.0981 0.9247
416.286 0.0886 0.0973 0.9259
416.326 0.0958 0.0966 0.9236
416.365 0.1012 0.0962 0.9439
416.402 0.1046 0.1011 0.9236
416.447 0.1071 0.0980 0.8924
416.486 0.1125 0.0993 0.8946
416.526 0.1124 0.0970 0.9064
416.566 0.1088 0.0940 0.9339
416.606 0.1056 0.0974 0.9545
416.647 0.1055 0.0998 0.9036
416.687 0.1037 0.0963 0.9481
416.727 0.1016 0.0972 0.9113
416.767 0.0982 0.0963 0.9085
416.806 0.0940 0.0968 0.9085
416.846 0.0915 0.0967 0.9298
416.887 0.0881 0.0967 0.9243
416.928 0.0915 0.0930 0.9167
416.968 0.0896 0.0916 0.9112
417.007 0.0876 0.0908 0.8809
417.045 0.0913 0.0982 0.8739
417.089 0.0944 0.0945 0.8996
417.129 0.0972 0.0973 0.8993
417.168 0.0986 0.0934 0.9125
417.209 0.1022 0.0930 0.9176
417.246 0.1042 0.0973 0.8973
417.290 0.1036 0.0971 0.8879
417.330 0.1001 0.0957 0.8751
417.370 0.1024 0.0927 0.9170
417.410 0.1032 0.0918 0.9179
417.450 0.0989 0.0892 0.8936
417.491 0.1000 0.0929 0.8936
417.531 0.1000 0.0937 0.9035
417.571 0.1013 0.0918 0.9026
417.611 0.1010 0.0931 0.8916
417.650 0.1023 0.0903 0.8936
417.690 0.0999 0.0927 0.9064
417.731 0.1012 0.0937 0.9158
417.771 0.1023 0.0930 0.9114
417.811 0.1036 0.0930 0.8987
417.851 0.1050 0.0919 0.9116
417.888 0.1026 0.0905 0.9091
417.933 0.1047 0.0938 0.9087
417.972 0.1053 0.0940 0.8764
418.012 0.1047 0.0940 0.9123
418.052 0.1053 0.0942 0.9047
418.089 0.1030 0.0946 0.9123
418.133 0.0971 0.0957 0.9183
418.173 0.0972 0.0990 0.8737
418.212 0.0929 0.1011 0.8736
418.253 0.0913 0.0969 0.8822
418.293 0.0949 0.0969 0.8863
418.334 0.0929 0.0959 0.8776
418.374 0.0913 0.0964 0.8965
418.414 0.0923 0.0969 0.9019
418.454 0.0948 0.0995 0.8637
418.494 0.0944 0.0985 0.8887
418.533 0.0912 0.0957 0.8642
418.575 0.0925 0.0991 0.8703
418.615 0.0925 0.0992 0.8758
418.655 0.0920 0.0999 0.9018
418.694 0.0954 0.0983 0.8912
418.732 0.0961 0.0984 0.8516
418.776 0.0956 0.0955 0.8826
418.815 0.0986 0.0983 0.8660
418.856 0.1052 0.0974 0.8660
418.895 0.1084 0.0969 0.8429
418.932 0.1111 0.0967 0.8725
418.976 0.1156 0.0921 0.8858
419.016 0.1207 0.0933 0.8951
419.056 0.1202 0.0947 0.8742
419.096 0.1231 0.0933 0.8742
419.136 0.1259 0.0929 0.8802
419.177 0.1255 0.0908 0.8719
419.217 0.1277 0.0911 0.8971
419.257 0.1282 0.0909 0.8947
419.297 0.1275 0.0921 0.9020
419.336 0.1265 0.0904 0.9232
419.376 0.1234 0.0891 0.9233
419.417 0.1212 0.0885 0.9368
419.459 0.1232 0.0885 0.9395
419.499 0.1260 0.0887 0.9395
419.538 0.1304 0.0861 0.9334
419.576 0.1318 0.0880 0.9008
419.620 0.1324 0.0880 0.9008
419.659 0.1327 0.0837 0.9458
419.699 0.1317 0.0915 0.9595
419.739 0.1327 0.0908 0.9657
419.777 0.1302 0.0909 0.9469
419.820 0.1302 0.0927 0.9516
419.860 0.1353 0.0886 0.9223
419.900 0.1390 0.0907 0.8995
419.940 0.1335 0.0907 0.9525
419.980 0.1297 0.0890 0.9225
420.020 0.1305 0.0848 0.9139
420.060 0.1346 0.0841 0.9006
420.101 0.1395 0.0859 0.9102
420.141 0.1434 0.0904 0.9179
420.180 0.1492 0.0925 0.9212
420.220 0.1453 0.0937 0.9212
420.261 0.1461 0.0919 0.9020
420.301 0.1499 0.0889 0.9138
420.341 0.1497 0.0913 0.9015
420.381 0.1412 0.0924 0.9377
420.419 0.1385 0.0914 0.9019
420.462 0.1431 0.0888 0.9247
420.502 0.1411 0.0872 0.9044
420.542 0.1373 0.0925 0.9296
420.583 0.1302 0.0920 0.9680
420.622 0.1232 0.0891 0.9699
420.664 0.1123 0.0892 0.9370
420.704 0.1091 0.0894 0.9439
420.744 0.1115 0.0891 0.9301
420.783 0.1119 0.0933 0.9377
420.823 0.1093 0.0895 0.9341
420.864 0.1102 0.0873 0.9228
420.904 0.1122 0.0882 0.9146
420.944 0.1085 0.0882 0.9146
420.984 0.1044 0.0884 0.9141
421.024 0.0988 0.0890 0.9272
421.063 0.0979 0.0888 0.9329
421.105 0.1021 0.0880 0.9185
421.145 0.1068 0.0878 0.9656
421.185 0.1160 0.0891 0.9270
421.224 0.1233 0.0889 0.9571
421.263 0.1233 0.0891 0.9431
421.306 0.1253 0.0877 0.9322
421.345 0.1283 0.0895 0.8838
421.385 0.1360 0.0905 0.9218
421.425 0.1415 0.0924 0.9355
421.462 0.1445 0.0940 0.9727
421.506 0.1492 0.0944 0.9107
421.546 0.1531 0.0910 0.9110
421.586 0.1563 0.0924 0.8901
421.626 0.1602 0.0901 0.9076
421.667 0.1629 0.0931 0.9007
421.708 0.1587 0.0936 0.8756
421.748 0.1584 0.0939 0.9007
421.788 0.1587 0.0918 0.9195
421.828 0.1597 0.0897 0.9162
421.867 0.1558 0.0915 0.8887
421.907 0.1499 0.0949 0.9186
421.948 0.1486 0.0945 0.9339
421.989 0.1496 0.0933 0.8899
422.029 0.1481 0.0940 0.9011
422.068 0.1455 0.0920 0.9067
422.106 0.1406 0.0953 0.9119
422.150 0.1345 0.0947 0.8885
422.189 0.1288 0.0906 0.9032
422.229 0.1273 0.0900 0.8920
422.269 0.1226 0.0889 0.9010
422.306 0.1194 0.0920 0.9126
422.350 0.1131 0.0938 0.8974
422.390 0.1132 0.0935 0.8891
422.430 0.1122 0.0883 0.9123
422.470 0.1076 0.0928 0.8775
422.510 0.1078 0.0926 0.8775
422.551 0.1094 0.0917 0.9075
422.591 0.1148 0.0936 0.8567
422.630 0.1214 0.0909 0.8578
422.670 0.1235 0.0908 0.8625
422.712 0.1268 0.0926 0.8649
422.750 0.1268 0.0946 0.8765
422.792 0.1277 0.0956 0.8711
422.832 0.1307 0.0926 0.8737
422.872 0.1334 0.0919 0.8808
422.912 0.1346 0.0913 0.8765
422.950 0.1364 0.0946 0.9113
422.993 0.1356 0.0947 0.8985
423.033 0.1334 0.0933 0.8985
423.073 0.1309 0.0930 0.9021
423.113 0.1244 0.0935 0.8837
423.150 0.1223 0.0941 0.9097
423.194 0.1196 0.0934 0.9216
423.233 0.1229 0.0942 0.9252
423.274 0.1248 0.0906 0.9396
423.313 0.1238 0.0918 0.9305
423.353 0.1229 0.0905 0.9035
423.394 0.1240 0.0911 0.9516
423.434 0.1247 0.0911 0.9542
423.474 0.1268 0.0898 0.9333
423.514 0.1275 0.0861 0.9476
423.553 0.1263 0.0872 0.9516
423.593 0.1255 0.0900 0.9714
423.634 0.1245 0.0877 0.9472
423.675 0.1242 0.0896 0.9647
423.715 0.1227 0.0862 0.9041
423.754 0.1186 0.0891 0.9034
423.792 0.1170 0.0891 0.8824
423.836 0.1193 0.0894 0.9161
423.875 0.1197 0.0927 0.9156
423.916 0.1234 0.0913 0.9195
423.956 0.1253 0.0908 0.9220
423.993 0.1264 0.0939 0.8857
424.037 0.1311 0.0946 0.9299
424.077 0.1314 0.0947 0.9122
424.117 0.1306 0.0978 0.8952
424.157 0.1316 0.0924 0.9071
424.197 0.1329 0.0924 0.8874
424.237 0.1330 0.0932 0.8874
424.278 0.1348 0.0936 0.9073
424.318 0.1358 0.0958 0.9261
424.358 0.1341 0.0962 0.8835
424.397 0.1320 0.0944 0.8863
424.437 0.1288 0.0895 0.8894
424.478 0.1280 0.0940 0.8866
424.519 0.1254 0.0947 0.9141
424.558 0.1229 0.0929 0.8943
424.598 0.1239 0.0911 0.9153
424.635 0.1250 0.0909 0.8732
424.678 0.1200 0.0910 0.9151
424.719 0.1176 0.0926 0.9305
424.759 0.1178 0.0959 0.9535
424.799 0.1157 0.0940 0.9345
424.836 0.1159 0.0924 0.9295
424.879 0.1162 0.0888 0.9359
424.920 0.1175 0.0908 0.9323
424.960 0.1177 0.0926 0.9347
425.000 0.1169 0.0928 0.9402
425.039 0.1197 0.0933 0.9353
425.081 0.1235 0.0924 0.9292
425.121 0.1270 0.0908 0.8805
425.161 0.1321 0.0959 0.9378
425.201 0.1395 0.0943 0.8935
425.241 0.1440 0.0912 0.9377
425.280 0.1476 0.0907 0.9174
425.322 0.1545 0.0905 0.9119
425.362 0.1589 0.0919 0.8808
425.402 0.1593 0.0941 0.8763
425.442 0.1585 0.0933 0.8818
425.479 0.1584 0.0944 0.9088
425.523 0.1597 0.0936 0.8939
425.563 0.1619 0.0936 0.8748
425.603 0.1605 0.0952 0.9151
425.642 0.1587 0.0966 0.9093
425.679 0.1537 0.0948 0.9189
425.724 0.1518 0.0948 0.9125
425.764 0.1531 0.0905 0.8851
425.803 0.1477 0.0929 0.8935
425.843 0.1453 0.0922 0.9255
425.883 0.1450 0.0939 0.9067
425.923 0.1438 0.0874 0.8960
425.964 0.1462 0.0867 0.8960
426.004 0.1476 0.0879 0.8797
426.044 0.1450 0.0887 0.8909
426.084 0.1434 0.0938 0.9408
426.124 0.1439 0.0930 0.8967
426.165 0.1474 0.0953 0.9075
426.206 0.1467 0.0947 0.9358
426.246 0.1432 0.0950 0.9376
426.285 0.1427 0.0968 0.9145
426.323 0.1394 0.0971 0.9076
426.367 0.1330 0.0964 0.8800
426.406 0.1291 0.0936 0.8941
426.446 0.1280 0.0942 0.9150
426.486 0.1262 0.0984 0.9204
426.523 0.1251 0.1004 0.8783
426.567 0.1228 0.1006 0.8895
426.607 0.1213 0.0987 0.8669
426.647 0.1198 0.0968 0.8952
426.687 0.1217 0.0972 0.9352
426.727 0.1226 0.0979 0.8939
426.767 0.1230 0.0960 0.8627
426.807 0.1241 0.0948 0.8613
426.847 0.1241 0.0948 0.8729
426.887 0.1306 0.0951 0.8999
426.927 0.1345 0.0975 0.9139
426.966 0.1366 0.0962 0.8876
427.007 0.1385 0.0945 0.8656
427.048 0.1423 0.0938 0.8843
427.088 0.1483 0.0947 0.8988
427.128 0.1489 0.0957 0.8863
427.167 0.1514 0.0948 0.9083
427.209 0.1518 0.0940 0.9049
427.250 0.1519 0.0926 0.9067
427.289 0.1522 0.0912 0.9257
427.329 0.1545 0.0909 0.9117
427.367 0.1541 0.0951 0.9172
427.411 0.1513 0.0953 0.9560
427.450 0.1512 0.0959 0.9488
427.491 0.1490 0.0929 0.9429
427.530 0.1518 0.0929 0.9250
427.570 0.1501 0.0954 0.9414
427.611 0.1505 0.0943 0.9378
427.651 0.1491 0.0987 0.9288
427.691 0.1461 0.0942 0.9522
427.731 0.1509 0.0918 0.9328
427.770 0.1518 0.0945 0.9248
427.810 0.1499 0.0957 0.9171
427.851 0.1483 0.0959 0.9173
427.892 0.1468 0.0952 0.9133
427.932 0.1443 0.0960 0.8912
427.971 0.1471 0.0942 0.9095
428.009 0.1472 0.0974 0.9256
428.052 0.1426 0.0979 0.9245
428.093 0.1415 0.0916 0.9123
428.133 0.1401 0.0914 0.9047
428.172 0.1428 0.0961 0.8969
428.209 0.1389 0.0972 0.8783
428.252 0.1319 0.0973 0.8813
428.293 0.1296 0.0952 0.8913
428.334 0.1279 0.0894 0.9159
428.374 0.1260 0.0896 0.9159
428.413 0.1282 0.0946 0.8971
428.454 0.1293 0.0961 0.8991
428.495 0.1265 0.0984 0.9041
428.535 0.1289 0.0972 0.9390
428.575 0.1316 0.0971 0.8872
428.614 0.1359 0.0939 0.8936
428.653 0.1392 0.0968 0.9004
428.695 0.1423 0.0958 0.9223
428.736 0.1495 0.0890 0.8741
428.776 0.1585 0.0878 0.9034
428.815 0.1671 0.0884 0.8953
428.852 0.1728 0.0879 0.8953
428.895 0.1795 0.0950 0.8951
428.936 0.1784 0.0930 0.9002
428.976 0.1784 0.0906 0.9089
429.016 0.1796 0.0910 0.8944
429.053 0.1799 0.0885 0.9007
429.097 0.1776 0.0936 0.9388
429.137 0.1716 0.0946 0.9039
429.177 0.1657 0.0892 0.8966
429.217 0.1594 0.0927 0.9381
429.257 0.1568 0.0910 0.9497
429.297 0.1462 0.0900 0.8599
429.337 0.1438 0.0917 0.9019
429.377 0.1406 0.0925 0.8985
429.417 0.1377 0.0864 0.8665
429.457 0.1430 0.0843 0.8998
429.497 0.1431 0.0849 0.8949
429.539 0.1413 0.0907 0.8972
429.579 0.1407 0.0899 0.8870
429.619 0.1395 0.0890 0.8624
429.659 0.1389 0.0864 0.8804
429.696 0.1428 0.0843 0.8773
429.740 0.1407 0.0862 0.9170
429.780 0.1428 0.0888 0.9166
429.820 0.1438 0.0901 0.9068
429.859 0.1395 0.0914 0.8999
429.897 0.1392 0.0878 0.8540
429.940 0.1327 0.0874 0.8523
429.980 0.1281 0.0869 0.8712
430.020 0.1222 0.0894 0.8856
430.060 0.1166 0.0910 0.8968
430.100 0.1100 0.0879 0.8611
430.141 0.1068 0.0935 0.8875
430.181 0.1034 0.0914 0.9080
430.221 0.0990 0.0974 0.9277
430.261 0.0960 0.0888 0.8898
430.300 0.0957 0.0859 0.9245
430.340 0.0971 0.0889 0.9082
430.381 0.0988 0.0860 0.9071
430.422 0.1005 0.0945 0.8927
430.462 0.1004 0.0914 0.9191
430.501 0.1070 0.0885 0.8957
430.539 0.1109 0.0861 0.8957
430.584 0.1133 0.0846 0.9396
430.623 0.1220 0.0885 0.9294
430.663 0.1251 0.0885 0.9093
430.703 0.1301 0.0874 0.9381
430.740 0.1307 0.0846 0.9266
430.784 0.1298 0.0863 0.9266
430.824 0.1296 0.0874 0.9266
430.864 0.1310 0.0871 0.9291
430.904 0.1318 0.0885 0.9266
430.944 0.1347 0.0881 0.9536
430.984 0.1363 0.0869 0.9396
431.024 0.1346 0.0869 0.9646
431.065 0.1363 0.0878 0.9568
431.105 0.1358 0.0877 0.8951
431.144 0.1366 0.0882 0.9057
431.184 0.1356 0.0840 0.9642
431.225 0.1412 0.0846 0.9498
431.265 0.1464 0.0839 0.9898
431.305 0.1517 0.0846 0.9983
431.345 0.1483 0.0894 0.9100
431.382 0.1453 0.0892 0.9003
431.426 0.1428 0.0881 0.9263
431.466 0.1338 0.0880 0.9350
431.506 0.1308 0.0922 0.9350
431.545 0.1335 0.0906 0.9105
431.583 0.1317 0.0890 0.9146
431.625 0.1283 0.0882 0.8967
431.667 0.1301 0.0897 0.9143
431.707 0.1204 0.0915 0.9159
431.747 0.1225 0.0916 0.9129
431.786 0.1102 0.0909 0.9009
431.827 0.1136 0.0886 0.9203
431.868 0.1113 0.0916 0.9056
431.908 0.1082 0.0921 0.8919
431.948 0.1091 0.0916 0.9039
431.987 0.1099 0.0896 0.9135
432.027 0.1053 0.0916 0.8899
432.068 0.1027 0.0909 0.8677
432.109 0.1020 0.0889 0.8599
432.149 0.0985 0.0916 0.8669
432.188 0.1048 0.0930 0.9080
432.226 0.0975 0.0910 0.8897
432.269 0.1006 0.0916 0.8567
432.309 0.0966 0.0904 0.8627
432.349 0.0966 0.0933 0.8900
432.389 0.0984 0.0929 0.8818
432.426 0.1019 0.0921 0.8526
432.469 0.1048 0.0909 0.8796
432.510 0.1075 0.0895 0.8952
432.550 0.1107 0.0905 0.9069
432.590 0.1133 0.0917 0.9096
432.629 0.1126 0.0945 0.9245
432.671 0.1113 0.0933 0.9135
432.711 0.1136 0.0944 0.9129
432.751 0.1161 0.0921 0.8963
432.792 0.1197 0.0912 0.9327
432.831 0.1229 0.0942 0.9107
432.871 0.1252 0.0945 0.9009
432.912 0.1292 0.0925 0.9190
432.952 0.1293 0.0901 0.9117
432.992 0.1291 0.0904 0.9239
433.032 0.1285 0.0945 0.9029
433.069 0.1270 0.0960 0.9000
433.114 0.1295 0.0948 0.8893
433.153 0.1314 0.0883 0.9267
433.193 0.1334 0.0901 0.9056
433.233 0.1411 0.0915 0.9032
433.270 0.1418 0.0925 0.9032
433.314 0.1433 0.0940 0.9399
433.353 0.1481 0.0949 0.9399
433.394 0.1507 0.0974 0.9097
433.434 0.1518 0.0974 0.9035
433.472 0.1502 0.0980 0.9367
433.514 0.1465 0.0926 0.9378
433.554 0.1477 0.0929 0.9025
433.594 0.1461 0.0952 0.9291
433.635 0.1432 0.0914 0.9413
433.674 0.1464 0.0953 0.9097
433.713 0.1423 0.0962 0.8799
433.755 0.1410 0.0917 0.9091
433.795 0.1406 0.0839 0.9296
433.835 0.1415 0.0829 0.9403
433.875 0.1419 0.0868 0.9573
433.913 0.1374 0.0887 0.9486
433.957 0.1378 0.0876 0.8883
433.996 0.1438 0.0866 0.9025
434.036 0.1474 0.0852 0.9123
434.076 0.1501 0.0810 0.9045
434.113 0.1528 0.0880 0.9430
434.157 0.1461 0.0909 0.8945
434.197 0.1430 0.0927 0.8613
434.237 0.1409 0.0939 0.8784
434.277 0.1395 0.0862 0.8978
434.316 0.1341 0.0875 0.8647
434.358 0.1239 0.0897 0.8838
434.398 0.1209 0.0889 0.8747
434.438 0.1221 0.0863 0.8753
434.478 0.1179 0.0910 0.8782
434.517 0.1121 0.0895 0.9083
434.557 0.1069 0.0866 0.8782
434.598 0.1049 0.0887 0.9252
434.639 0.1109 0.0856 0.9339
434.679 0.1119 0.0839 0.9426
434.718 0.1143 0.0826 0.9406
434.756 0.1157 0.0824 0.9159
434.800 0.1177 0.0860 0.8945
434.839 0.1210 0.0839 0.9126
434.879 0.1244 0.0827 0.9064
434.919 0.1248 0.0816 0.9120
434.957 0.1270 0.0834 0.9012
435.000 0.1346 0.0838 0.9246
435.041 0.1391 0.0869 0.9164
435.081 0.1439 0.0856 0.8974
435.121 0.1444 0.0855 0.9011
435.161 0.1467 0.0833 0.9089
435.201 0.1473 0.0843 0.9256
435.241 0.1481 0.0861 0.9223
435.282 0.1475 0.0836 0.9462
435.322 0.1517 0.0813 0.9201
435.361 0.1530 0.0787 0.9294
435.401 0.1523 0.0802 0.9221
435.442 0.1553 0.0805 0.9076
435.482 0.1555 0.0807 0.9291
435.522 0.1607 0.0794 0.9542
435.562 0.1652 0.0777 0.9272
435.599 0.1629 0.0816 0.8862
435.644 0.1639 0.0844 0.9279
435.683 0.1650 0.0833 0.9261
435.723 0.1641 0.0874 0.9237
435.763 0.1636 0.0833 0.9613
435.800 0.1642 0.0833 0.8829
435.844 0.1676 0.0847 0.9136
435.884 0.1713 0.0839 0.8782
435.924 0.1730 0.0863 0.8846
435.963 0.1698 0.0827 0.9418
436.003 0.1638 0.0793 0.9032
436.044 0.1562 0.0799 0.9082
436.084 0.1535 0.0827 0.9358
436.125 0.1513 0.0820 0.9305
436.165 0.1490 0.0824 0.9375
436.205 0.1463 0.0818 0.8994
436.244 0.1475 0.0817 0.8955
436.285 0.1482 0.0821 0.8795
436.326 0.1379 0.0844 0.8990
436.366 0.1302 0.0858 0.8877
436.406 0.1225 0.0901 0.8923
436.443 0.1184 0.0865 0.8936
436.487 0.1222 0.0865 0.9266
436.526 0.1228 0.0889 0.9134
436.566 0.1226 0.0844 0.9250
436.606 0.1189 0.0849 0.8919
436.644 0.1183 0.0818 0.8832
436.687 0.1161 0.0816 0.8888
436.727 0.1134 0.0841 0.8966
436.767 0.1040 0.0832 0.9114
436.807 0.0992 0.0838 0.8876
436.847 0.0946 0.0834 0.9075
436.888 0.0923 0.0833 0.8805
436.927 0.0954 0.0832 0.9144
436.968 0.0910 0.0907 0.9193
437.008 0.0855 0.0895 0.8759
437.047 0.0824 0.0882 0.8659
437.087 0.0822 0.0882 0.8635
437.128 0.0802 0.0859 0.9153
437.168 0.0794 0.0858 0.8998
437.209 0.0776 0.0868 0.8942
437.249 0.0815 0.0850 0.8652
437.286 0.0831 0.0857 0.8672
437.331 0.0886 0.0834 0.8882
437.370 0.0945 0.0896 0.8931
437.410 0.0953 0.0890 0.8928
437.450 0.0960 0.0899 0.9148
437.487 0.0997 0.0896 0.9148
437.531 0.1014 0.0874 0.9061
437.571 0.1071 0.0888 0.9305
437.611 0.1129 0.0871 0.9453
437.651 0.1173 0.0881 0.9412
437.690 0.1211 0.0882 0.9242
437.731 0.1251 0.0860 0.9218
437.771 0.1271 0.0879 0.9108
437.811 0.1314 0.0871 0.9348
437.852 0.1333 0.0874 0.9032
437.891 0.1334 0.0886 0.9072
437.930 0.1353 0.0886 0.8834
437.972 0.1389 0.0861 0.9101
438.012 0.1431 0.0867 0.9304
438.052 0.1440 0.0867 0.9139
438.092 0.1443 0.0854 0.9229
438.129 0.1445 0.0843 0.9229
438.173 0.1484 0.0838 0.9216
438.213 0.1487 0.0824 0.9085
438.253 0.1537 0.0835 0.9085
438.293 0.1550 0.0845 0.9036
438.331 0.1564 0.0839 0.9158
438.375 0.1560 0.0838 0.9052
438.415 0.1564 0.0810 0.8538
438.454 0.1538 0.0830 0.8840
438.494 0.1530 0.0843 0.8898
438.534 0.1519 0.0850 0.8859
438.575 0.1532 0.0884 0.9029
438.615 0.1558 0.0824 0.8892
438.655 0.1554 0.0804 0.8883
438.695 0.1545 0.0838 0.8785
438.734 0.1532 0.0877 0.8824
438.774 0.1494 0.0864 0.8793
438.815 0.1498 0.0858 0.8890
438.856 0.1519 0.0854 0.8767
438.896 0.1532 0.0840 0.8993
438.935 0.1541 0.0884 0.9363
438.972 0.1528 0.0851 0.8865
439.017 0.1510 0.0839 0.9135
439.056 0.1459 0.0808 0.8775
439.096 0.1394 0.0804 0.9189
439.136 0.1350 0.0823 0.9031
439.174 0.1335 0.0867 0.8953
439.217 0.1271 0.0846 0.8838
439.257 0.1293 0.0830 0.8838
439.297 0.1261 0.0833 0.8489
439.337 0.1232 0.0837 0.8489
439.377 0.1217 0.0882 0.8991
439.418 0.1189 0.0877 0.9261
439.459 0.1173 0.0835 0.9262
439.499 0.1125 0.0809 0.8978
439.539 0.1122 0.0807 0.8728
439.578 0.1142 0.0837 0.8814
439.618 0.1134 0.0850 0.8838
439.659 0.1131 0.0809 0.8851
439.699 0.1170 0.0808 0.8655
439.739 0.1206 0.0838 0.8439
439.779 0.1224 0.0810 0.8890
439.816 0.1236 0.0840 0.8803
439.861 0.1266 0.0805 0.8903
439.900 0.1293 0.0804 0.8887
439.940 0.1317 0.0785 0.8926
439.980 0.1394 0.0767 0.8687
440.017 0.1430 0.0780 0.8769
440.061 0.1477 0.0786 0.8902
440.100 0.1539 0.0780 0.8813
440.141 0.1578 0.0727 0.8907
440.181 0.1612 0.0797 0.8907
440.220 0.1591 0.0778 0.9121
440.261 0.1587 0.0813 0.9064
440.301 0.1636 0.0823 0.9007
440.341 0.1613 0.0818 0.8967
440.381 0.1593 0.0781 0.9121
440.420 0.1606 0.0800 0.9160
440.460 0.1576 0.0812 0.9166
440.501 0.1574 0.0824 0.9248
440.542 0.1568 0.0813 0.9026
440.583 0.1556 0.0799 0.8822
440.622 0.1537 0.0792 0.9186
440.660 0.1500 0.0819 0.9257
440.703 0.1483 0.0834 0.9332
440.743 0.1507 0.0840 0.9332
440.784 0.1477 0.0798 0.9073
440.823 0.1481 0.0775 0.8813
440.860 0.1500 0.0755 0.9157
440.904 0.1468 0.0806 0.9347
440.944 0.1418 0.0753 0.8936
440.984 0.1386 0.0758 0.9360
441.024 0.1384 0.0745 0.9220
441.063 0.1344 0.0778 0.9218
441.105 0.1325 0.0787 0.8729
441.145 0.1306 0.0784 0.9163
441.185 0.1284 0.0765 0.8857
441.225 0.1231 0.0766 0.8899
441.264 0.1181 0.0757 0.9427
441.304 0.1142 0.0776 0.9043
441.345 0.1125 0.0823 0.8761
441.385 0.1099 0.0827 0.9042
441.425 0.1088 0.0791 0.8716
441.465 0.1087 0.0795 0.8785
441.502 0.1073 0.0779 0.8987
441.546 0.1056 0.0792 0.9142
441.586 0.1022 0.0798 0.9312
441.626 0.0970 0.0795 0.9262
441.667 0.0927 0.0791 0.9083
441.704 0.0916 0.0777 0.9129
441.748 0.0915 0.0796 0.9056
441.788 0.0877 0.0816 0.9153
441.828 0.0828 0.0796 0.8957
441.868 0.0825 0.0832 0.8853
441.906 0.0862 0.0806 0.8713
441.948 0.0906 0.0792 0.9064
441.988 0.0954 0.0795 0.9023
442.028 0.0959 0.0816 0.9023
442.068 0.0966 0.0807 0.9023
442.108 0.0978 0.0820 0.8660
442.147 0.0986 0.0790 0.9096
442.189 0.1023 0.0829 0.9154
442.229 0.1013 0.0836 0.9033
442.269 0.1040 0.0829 0.9013
442.309 0.1081 0.0836 0.9073
442.346 0.1076 0.0837 0.9218
442.390 0.1058 0.0820 0.9271
442.430 0.1060 0.0861 0.9283
442.470 0.1009 0.0861 0.8863
442.509 0.0973 0.0840 0.8863
442.546 0.0980 0.0811 0.9345
442.591 0.1021 0.0831 0.9299
442.630 0.1072 0.0838 0.9157
442.670 0.1139 0.0856 0.9128
442.710 0.1180 0.0859 0.9267
442.750 0.1196 0.0849 0.9008
442.792 0.1212 0.0824 0.8825
442.832 0.1256 0.0824 0.8943
442.872 0.1253 0.0841 0.9143
442.912 0.1265 0.0868 0.9254
442.951 0.1298 0.0867 0.9266
442.991 0.1388 0.0835 0.9225
443.032 0.1448 0.0826 0.8971
443.073 0.1468 0.0853 0.9255
443.113 0.1511 0.0867 0.8713
443.152 0.1505 0.0881 0.8469
443.190 0.1494 0.0877 0.8963
443.234 0.1535 0.0840 0.8871
443.273 0.1575 0.0865 0.9187
443.314 0.1578 0.0865 0.8959
443.353 0.1600 0.0880 0.8998
443.390 0.1605 0.0896 0.8657
443.434 0.1628 0.0819 0.8805
443.474 0.1595 0.0851 0.8968
443.514 0.1560 0.0892 0.8748
443.554 0.1541 0.0879 0.9063
443.592 0.1529 0.0832 0.8895
443.635 0.1489 0.0858 0.9193
443.675 0.1483 0.0837 0.9193
443.715 0.1451 0.0827 0.9028
443.755 0.1419 0.0853 0.8795
443.794 0.1415 0.0837 0.8958
443.834 0.1407 0.0832 0.9075
443.875 0.1405 0.0770 0.9270
443.916 0.1373 0.0778 0.8817
443.956 0.1390 0.0785 0.9117
443.996 0.1397 0.0851 0.9045
444.033 0.1392 0.0822 0.9138
444.078 0.1400 0.0804 0.9204
444.117 0.1436 0.0788 0.9138
444.157 0.1430 0.0791 0.9098
444.197 0.1434 0.0808 0.8976
444.234 0.1455 0.0828 0.9218
444.277 0.1446 0.0784 0.8876
444.318 0.1451 0.0796 0.9290
444.358 0.1480 0.0803 0.9350
444.397 0.1535 0.0807 0.8882
444.436 0.1539 0.0845 0.8798
444.478 0.1542 0.0819 0.9198
444.518 0.1533 0.0810 0.8955
444.558 0.1510 0.0818 0.9076
444.598 0.1503 0.0831 0.9132
444.638 0.1503 0.0866 0.9350
444.677 0.1527 0.0841 0.9015
444.718 0.1534 0.0815 0.8950
444.759 0.1543 0.0772 0.8925
444.799 0.1578 0.0824 0.9093
444.838 0.1618 0.0828 0.9119
444.876 0.1612 0.0855 0.9065
444.919 0.1592 0.0806 0.9205
444.960 0.1600 0.0822 0.9229
445.000 0.1647 0.0824 0.9212
445.040 0.1679 0.0824 0.8978
445.077 0.1694 0.0856 0.9085
445.122 0.1698 0.0832 0.9213
445.161 0.1722 0.0812 0.9089
445.201 0.1766 0.0772 0.8775
445.241 0.1754 0.0803 0.8930
445.280 0.1748 0.0785 0.9141
445.320 0.1692 0.0777 0.8892
445.362 0.1681 0.0788 0.9032
445.402 0.1694 0.0745 0.9095
445.442 0.1663 0.0777 0.8669
445.481 0.1599 0.0763 0.9024
445.521 0.1534 0.0800 0.9065
445.562 0.1495 0.0821 0.9224
445.602 0.1493 0.0790 0.8876
445.643 0.1448 0.0804 0.8700
445.682 0.1387 0.0772 0.8942
445.719 0.1377 0.0775 0.9065
445.763 0.1346 0.0778 0.8739
445.803 0.1333 0.0788 0.8956
445.843 0.1297 0.0770 0.8984
445.883 0.1299 0.0754 0.9027
445.920 0.1304 0.0756 0.8987
445.963 0.1308 0.0832 0.8841
446.004 0.1390 0.0765 0.8854
446.044 0.1448 0.0775 0.8904
446.084 0.1470 0.0723 0.9041
446.123 0.1532 0.0747 0.8924
446.164 0.1561 0.0792 0.9111
446.205 0.1536 0.0804 0.8741
446.246 0.1545 0.0796 0.8923
446.286 0.1572 0.0797 0.9162
446.325 0.1675 0.0814 0.8773
446.364 0.1729 0.0814 0.8569
446.406 0.1698 0.0802 0.8578
446.446 0.1733 0.0785 0.8816
446.486 0.1756 0.0800 0.8816
446.526 0.1760 0.0800 0.8945
446.563 0.1775 0.0779 0.9322
446.607 0.1848 0.0832 0.9019
446.647 0.1912 0.0817 0.9174
446.687 0.2027 0.0810 0.9213
446.726 0.2167 0.0803 0.9359
446.763 0.2285 0.0784 0.9081
446.808 0.2328 0.0828 0.9106
446.847 0.2345 0.0820 0.9086
446.887 0.2432 0.0798 0.8919
446.927 0.2515 0.0838 0.8986
446.966 0.2532 0.0801 0.9230
447.008 0.2519 0.0803 0.9058
447.048 0.2493 0.0839 0.8751
447.088 0.2455 0.0809 0.9151
447.128 0.2404 0.0777 0.9078
447.167 0.2335 0.0794 0.9131
447.208 0.2237 0.0818 0.8823
447.249 0.2150 0.0796 0.9161
447.290 0.2082 0.0783 0.8953
447.330 0.1977 0.0795 0.9215
447.370 0.1863 0.0786 0.8891
447.407 0.1784 0.0792 0.9006
447.451 0.1707 0.0802 0.8873
447.490 0.1668 0.0824 0.8868
447.530 0.1664 0.0809 0.9085
447.570 0.1626 0.0826 0.8696
447.607 0.1553 0.0806 0.8925
447.651 0.1484 0.0822 0.8679
447.691 0.1458 0.0841 0.8905
447.731 0.1403 0.0852 0.9013
447.771 0.1357 0.0837 0.9000
447.810 0.1372 0.0836 0.8523
447.851 0.1428 0.0818 0.8569
447.892 0.1453 0.0823 0.8793
447.932 0.1501 0.0841 0.8905
447.972 0.1536 0.0815 0.8765
448.011 0.1586 0.0813 0.8807
448.051 0.1605 0.0810 0.8810
448.092 0.1632 0.0824 0.8783
448.133 0.1716 0.0825 0.8851
448.172 0.1769 0.0828 0.8819
448.212 0.1845 0.0783 0.9035
448.250 0.1864 0.0766 0.9035
448.292 0.1905 0.0781 0.8811
448.334 0.1920 0.0817 0.8933
448.374 0.1924 0.0829 0.9312
448.414 0.1928 0.0817 0.8797
448.451 0.1937 0.0781 0.9244
448.495 0.1905 0.0790 0.9201
448.535 0.1926 0.0795 0.9216
448.575 0.1973 0.0829 0.9192
448.615 0.1980 0.0786 0.8977
448.654 0.1976 0.0772 0.9101
448.694 0.1927 0.0777 0.9544
448.735 0.1924 0.0767 0.8985
448.775 0.1953 0.0783 0.9266
448.815 0.1959 0.0798 0.9199
448.854 0.1992 0.0780 0.9099
448.894 0.1981 0.0782 0.9294
448.935 0.1956 0.0764 0.9085
448.976 0.1938 0.0799 0.9025
449.016 0.1875 0.0819 0.9242
449.055 0.1811 0.0787 0.9104
449.093 0.1717 0.0787 0.9116
449.136 0.1672 0.0775 0.8781
449.177 0.1631 0.0777 0.9032
449.217 0.1574 0.0818 0.8939
449.256 0.1478 0.0812 0.9198
449.293 0.1406 0.0820 0.8912
449.338 0.1281 0.0808 0.8548
449.378 0.1220 0.0820 0.8573
449.417 0.1164 0.0830 0.8793
449.458 0.1099 0.0835 0.8729
449.497 0.1072 0.0835 0.8930
449.539 0.1035 0.0818 0.8968
449.579 0.1039 0.0858 0.9067
449.619 0.1011 0.0851 0.8803
449.659 0.0981 0.0846 0.8677
449.699 0.0975 0.0841 0.8677
449.738 0.0997 0.0807 0.8483
449.779 0.1012 0.0805 0.8603
449.820 0.1049 0.0830 0.8717
449.860 0.1092 0.0842 0.8715
449.899 0.1088 0.0839 0.9053
449.936 0.1089 0.0844 0.8955
449.981 0.1149 0.0839 0.8955
450.020 0.1181 0.0818 0.8725
450.060 0.1222 0.0848 0.8736
450.100 0.1265 0.0854 0.8995
450.137 0.1280 0.0846 0.9045
450.181 0.1330 0.0847 0.9045
450.221 0.1361 0.0849 0.8996
450.261 0.1398 0.0839 0.9063
450.301 0.1465 0.0869 0.9063
450.340 0.1498 0.0862 0.8429
450.382 0.1574 0.0855 0.8679
450.422 0.1644 0.0837 0.8922
450.462 0.1692 0.0853 0.9020
450.502 0.1723 0.0862 0.8818
450.542 0.1750 0.0871 0.9090
450.582 0.1774 0.0866 0.8819
450.623 0.1805 0.0865 0.8446
450.663 0.1825 0.0862 0.8286
450.703 0.1875 0.0863 0.8534
450.743 0.1867 0.0853 0.8859
450.780 0.1794 0.0850 0.8936
450.824 0.1708 0.0834 0.9012
450.864 0.1621 0.0833 0.9000
450.904 0.1611 0.0842 0.9135
450.943 0.1560 0.0849 0.8902
450.980 0.1487 0.0871 0.8791
451.023 0.1413 0.0853 0.8844
451.065 0.1330 0.0885 0.8844
451.105 0.1270 0.0885 0.8883
451.145 0.1229 0.0905 0.8577
451.183 0.1165 0.0879 0.8759
451.225 0.1103 0.0912 0.8803
451.265 0.1118 0.0887 0.8736
451.305 0.1113 0.0862 0.8888
451.345 0.1118 0.0806 0.8923
451.385 0.1083 0.0876 0.9051
451.424 0.1014 0.0877 0.9071
451.466 0.1014 0.0898 0.8821
451.506 0.1007 0.0812 0.8510
451.546 0.1035 0.0828 0.8670
451.585 0.1061 0.0827 0.8872
451.623 0.1082 0.0850 0.8929
451.667 0.1056 0.0837 0.8759
451.707 0.1092 0.0831 0.8933
451.748 0.1124 0.0869 0.8976
451.787 0.1203 0.0874 0.8976
451.824 0.1260 0.0891 0.8965
451.868 0.1276 0.0861 0.8881
451.908 0.1359 0.0831 0.8655
451.948 0.1464 0.0866 0.8777
451.988 0.1537 0.0828 0.9103
452.027 0.1582 0.0844 0.8992
452.069 0.1598 0.0894 0.8883
452.109 0.1566 0.0845 0.8819
452.149 0.1599 0.0876 0.8781
452.189 0.1615 0.0874 0.8998
452.228 0.1618 0.0860 0.8986
452.268 0.1582 0.0883 0.9073
452.309 0.1540 0.0837 0.9085
452.350 0.1527 0.0833 0.9297
452.390 0.1519 0.0801 0.9351
452.429 0.1453 0.0815 0.9531
452.466 0.1413 0.0786 0.9385
452.511 0.1354 0.0809 0.9105
452.550 0.1318 0.0802 0.9460
452.590 0.1369 0.0793 0.9173
452.630 0.1412 0.0799 0.9315
452.667 0.1437 0.0805 0.9652
452.710 0.1439 0.0783 0.9112
452.751 0.1450 0.0783 0.9112
452.800 0.1447 0.0764 0.9346
452.832 0.1457 0.0771 0.9395
452.871 0.1472 0.0787 0.9388
452.912 0.1461 0.0847 0.9470
452.952 0.1439 0.0856 0.9459
452.993 0.1438 0.0835 0.9045
453.033 0.1448 0.0810 0.9371
453.072 0.1431 0.0838 0.9326
453.111 0.1367 0.0868 0.9017
453.153 0.1284 0.0901 0.9054
453.193 0.1224 0.0885 0.9415
453.233 0.1175 0.0861 0.9205
453.273 0.1150 0.0839 0.9064
453.310 0.1139 0.0802 0.9118
453.353 0.1125 0.0837 0.9084
453.394 0.1098 0.0825 0.9084
453.434 0.1077 0.0807 0.9007
453.473 0.1068 0.0793 0.9503
453.511 0.1062 0.0773 0.9491
453.553 0.1049 0.0818 0.9530
453.594 0.1075 0.0819 0.9333
453.634 0.1095 0.0819 0.9292
453.675 0.1137 0.0818 0.9121
453.713 0.1183 0.0825 0.9441
453.754 0.1215 0.0860 0.9191
453.795 0.1274 0.0870 0.8875
453.835 0.1287 0.0850 0.8837
453.875 0.1285 0.0861 0.9215
453.916 0.1311 0.0848 0.9093
453.955 0.1310 0.0864 0.8863
453.997 0.1281 0.0907 0.9183
454.037 0.1272 0.0898 0.8974
454.077 0.1254 0.0885 0.8987
454.116 0.1244 0.0855 0.8663
454.153 0.1209 0.0901 0.9121
454.198 0.1172 0.0872 0.8916
454.237 0.1095 0.0906 0.8745
454.278 0.1021 0.0879 0.8935
454.317 0.0969 0.0889 0.9015
454.354 0.0936 0.0846 0.8778
454.398 0.0927 0.0859 0.8508
454.438 0.0935 0.0873 0.8545
454.478 0.0962 0.0874 0.8781
454.518 0.0991 0.0860 0.8863
454.557 0.0990 0.0863 0.8666
454.598 0.0982 0.0897 0.8659
454.639 0.1024 0.0878 0.8810
454.679 0.1035 0.0912 0.9052
454.719 0.1068 0.0890 0.8796
454.758 0.1092 0.0876 0.8750
454.798 0.1068 0.0855 0.8906
454.839 0.1090 0.0862 0.9000
454.879 0.1067 0.0862 0.9010
454.919 0.1054 0.0903 0.8726
454.959 0.1033 0.0856 0.8750
454.997 0.0993 0.0857 0.8826
455.041 0.0981 0.0883 0.8903
455.081 0.0982 0.0870 0.8986
455.121 0.0968 0.0876 0.8997
455.161 0.0949 0.0899 0.8909
455.198 0.0949 0.0886 0.8976
455.242 0.0943 0.0893 0.8713
455.282 0.0976 0.0933 0.8489
455.322 0.1015 0.0965 0.8762
455.362 0.1025 0.0938 0.8849
455.401 0.0999 0.0930 0.8435
455.442 0.1024 0.0887 0.8673
455.482 0.1106 0.0924 0.8662
455.522 0.1144 0.0925 0.8529
455.562 0.1170 0.0936 0.8966
455.602 0.1183 0.0925 0.8327
455.641 0.1199 0.0914 0.8666
455.683 0.1244 0.0891 0.8606
455.723 0.1285 0.0893 0.8761
455.763 0.1303 0.0935 0.8761
455.803 0.1273 0.0923 0.8819
455.840 0.1246 0.0937 0.8990
455.884 0.1308 0.0902 0.8865
455.924 0.1311 0.0924 0.8915
455.964 0.1239 0.0936 0.8961
456.003 0.1185 0.0935 0.8852
456.041 0.1146 0.0909 0.8863
456.084 0.1129 0.0903 0.8911
456.125 0.1178 0.0912 0.8895
456.165 0.1182 0.0904 0.9083
456.205 0.1138 0.0916 0.9133
456.244 0.1140 0.0896 0.8863
456.285 0.1148 0.0890 0.8906
456.326 0.1190 0.0892 0.8781
456.366 0.1195 0.0912 0.8996
456.406 0.1231 0.0896 0.8750
456.445 0.1275 0.0938 0.8919
456.485 0.1300 0.0906 0.9050
456.526 0.1352 0.0905 0.9141
456.567 0.1407 0.0907 0.8960
456.607 0.1426 0.0951 0.8869
456.646 0.1418 0.0950 0.9159
456.684 0.1437 0.0914 0.9041
456.728 0.1473 0.0920 0.8857
456.767 0.1458 0.0900 0.8987
456.807 0.1473 0.0911 0.9076
456.847 0.1495 0.0917 0.9180
456.884 0.1497 0.0919 0.9052
456.928 0.1490 0.0901 0.9577
456.968 0.1529 0.0885 0.9365
457.008 0.1554 0.0880 0.8969
457.048 0.1548 0.0897 0.9218
457.087 0.1522 0.0930 0.9328
457.127 0.1491 0.0903 0.9206
457.169 0.1495 0.0908 0.9185
457.209 0.1497 0.0889 0.9215
457.250 0.1530 0.0898 0.9264
457.289 0.1523 0.0929 0.9127
457.329 0.1481 0.0932 0.9153
457.370 0.1439 0.0886 0.9156
457.410 0.1378 0.0895 0.9381
457.451 0.1319 0.0920 0.9261
457.490 0.1263 0.0921 0.9154
457.527 0.1230 0.0904 0.9362
457.571 0.1191 0.0905 0.9262
457.611 0.1191 0.0876 0.9012
457.651 0.1165 0.0890 0.9015
457.691 0.1113 0.0874 0.8962
457.728 0.1064 0.0914 0.9161
457.772 0.1041 0.0908 0.9354
457.811 0.1037 0.0883 0.9294
457.852 0.1030 0.0872 0.9269
457.891 0.1053 0.0857 0.9126
457.930 0.1076 0.0898 0.9146
457.972 0.1078 0.0881 0.9220
458.012 0.1080 0.0906 0.9154
458.052 0.1113 0.0862 0.8956
458.092 0.1136 0.0887 0.9190
458.131 0.1211 0.0887 0.9012
458.171 0.1252 0.0904 0.9250
458.213 0.1282 0.0895 0.9246
458.253 0.1289 0.0883 0.9028
458.293 0.1320 0.0877 0.8975
458.333 0.1357 0.0915 0.8986
458.371 0.1387 0.0915 0.8986
458.415 0.1411 0.0893 0.8976
458.455 0.1449 0.0875 0.8930
458.494 0.1486 0.0875 0.8906
458.534 0.1501 0.0877 0.8948
458.571 0.1524 0.0952 0.9149
458.615 0.1491 0.0929 0.9149
458.655 0.1511 0.0929 0.9025
458.695 0.1530 0.0904 0.9198
458.735 0.1562 0.0907 0.9139
458.774 0.1592 0.0935 0.9172
458.816 0.1606 0.0948 0.8942
458.856 0.1634 0.0926 0.8685
458.896 0.1686 0.0926 0.9334
458.936 0.1717 0.0931 0.9216
458.975 0.1764 0.0922 0.9217
459.015 0.1788 0.0960 0.8930
459.056 0.1812 0.0931 0.9233
459.096 0.1843 0.0923 0.9190
459.137 0.1839 0.0920 0.8999
459.176 0.1833 0.0873 0.9041
459.213 0.1834 0.0909 0.8907
459.258 0.1787 0.0932 0.8896
459.297 0.1797 0.0933 0.9206
459.337 0.1795 0.0904 0.9236
459.377 0.1728 0.0907 0.8895
459.415 0.1735 0.0917 0.9301
459.459 0.1660 0.0925 0.9095
459.499 0.1635 0.0934 0.9135
459.539 0.1616 0.0891 0.9032
459.579 0.1577 0.0893 0.8703
459.618 0.1553 0.0894 0.8690
459.659 0.1540 0.0912 0.8825
459.699 0.1500 0.0913 0.9189
459.739 0.1480 0.0882 0.9146
459.779 0.1449 0.0915 0.8637
459.819 0.1402 0.0891 0.8969
459.858 0.1412 0.0916 0.8783
459.900 0.1374 0.0947 0.9423
459.940 0.1400 0.0885 0.8998
459.980 0.1423 0.0885 0.9075
460.020 0.1445 0.0912 0.9021
460.057 0.1461 0.0903 0.9068
460.101 0.1497 0.0874 0.9162
460.141 0.1525 0.0880 0.9122
460.181 0.1584 0.0903 0.9215
460.220 0.1640 0.0923 0.9159
460.257 0.1671 0.0885 0.9293
460.300 0.1715 0.0887 0.8912
460.341 0.1728 0.0951 0.9031
460.381 0.1778 0.0973 0.8965
460.421 0.1753 0.0873 0.9402
460.460 0.1785 0.0900 0.9121
460.501 0.1775 0.0852 0.8876
460.542 0.1780 0.0884 0.9111
460.583 0.1742 0.0867 0.9422
460.623 0.1714 0.0844 0.9338
460.662 0.1683 0.0836 0.9101
460.702 0.1622 0.0845 0.9188
460.743 0.1581 0.0879 0.9296
460.784 0.1529 0.0859 0.9301
460.824 0.1491 0.0863 0.9512
460.863 0.1426 0.0839 0.9435
460.900 0.1389 0.0831 0.9345
460.944 0.1346 0.0849 0.9214
460.984 0.1321 0.0873 0.9345
461.024 0.1330 0.0862 0.9651
461.064 0.1309 0.0845 0.9566
461.101 0.1265 0.0833 0.9565
461.145 0.1187 0.0850 0.9589
461.185 0.1170 0.0905 0.9517
461.225 0.1175 0.0891 0.9582
461.265 0.1150 0.0874 0.8892
461.304 0.1148 0.0857 0.8892
461.346 0.1133 0.0862 0.8912
461.386 0.1143 0.0841 0.9274
461.426 0.1133 0.0838 0.9236
461.466 0.1108 0.0844 0.9349
461.505 0.1067 0.0796 0.9091
461.544 0.1027 0.0808 0.8835
461.586 0.1068 0.0826 0.8987
461.626 0.1103 0.0835 0.9267
461.667 0.1092 0.0858 0.9334
461.707 0.1084 0.0837 0.9214
461.744 0.1120 0.0802 0.8918
461.788 0.1173 0.0809 0.8980
461.828 0.1216 0.0854 0.9213
461.868 0.1239 0.0847 0.9366
461.907 0.1279 0.0868 0.9169
461.945 0.1299 0.0801 0.9214
461.988 0.1349 0.0816 0.9188
462.029 0.1424 0.0864 0.9203
462.069 0.1453 0.0886 0.9261
462.109 0.1495 0.0871 0.8991
462.147 0.1579 0.0877 0.9470
462.189 0.1628 0.0857 0.9541
462.229 0.1669 0.0860 0.9500
462.269 0.1716 0.0885 0.8736
462.309 0.1697 0.0899 0.8938
462.349 0.1708 0.0910 0.9208
462.388 0.1687 0.0897 0.9167
462.430 0.1668 0.0842 0.8819
462.470 0.1653 0.0891 0.9039
462.510 0.1602 0.0879 0.8729
462.549 0.1549 0.0888 0.9258
462.587 0.1480 0.0844 0.9171
462.630 0.1446 0.0863 0.9327
462.671 0.1423 0.0862 0.9020
462.711 0.1405 0.0875 0.9323
462.750 0.1312 0.0852 0.9151
462.788 0.1266 0.0869 0.9539
462.833 0.1223 0.0847 0.9362
462.872 0.1253 0.0885 0.9010
462.912 0.1278 0.0877 0.9155
462.952 0.1299 0.0875 0.9290
462.991 0.1288 0.0897 0.8902
463.033 0.1263 0.0860 0.9279
463.073 0.1253 0.0850 0.9275
463.117 0.1233 0.0881 0.8861
463.153 0.1231 0.0883 0.9071
463.192 0.1206 0.0901 0.9118
463.232 0.1206 0.0902 0.9324
463.273 0.1226 0.0892 0.8612
463.314 0.1284 0.0875 0.8910
463.354 0.1284 0.0901 0.8918
463.393 0.1266 0.0906 0.9369
463.431 0.1235 0.0935 0.9369
463.475 0.1246 0.0846 0.8617
463.515 0.1298 0.0900 0.9229
463.555 0.1408 0.0893 0.9231
463.594 0.1495 0.0884 0.9289
463.631 0.1534 0.0865 0.9267
463.675 0.1574 0.0840 0.9167
463.715 0.1626 0.0850 0.9005
463.755 0.1712 0.0853 0.9118
463.795 0.1778 0.0851 0.9085
463.834 0.1798 0.0894 0.9049
463.876 0.1838 0.0849 0.8867
463.916 0.1906 0.0856 0.8988
463.957 0.1907 0.0832 0.9067
463.997 0.1955 0.0828 0.9399
464.036 0.1951 0.0863 0.9319
464.076 0.1911 0.0806 0.9073
464.117 0.1886 0.0843 0.9492
464.157 0.1888 0.0808 0.9403
464.198 0.1915 0.0815 0.8757
464.237 0.1898 0.0843 0.9300
464.274 0.1839 0.0856 0.9350
464.317 0.1815 0.0843 0.9398
464.359 0.1765 0.0856 0.9209
464.398 0.1697 0.0857 0.9334
464.438 0.1695 0.0862 0.9736
464.474 0.1626 0.0869 0.9149
464.518 0.1556 0.0861 0.8938
464.559 0.1503 0.0861 0.9021
464.599 0.1472 0.0870 0.8920
464.638 0.1437 0.0876 0.8963
464.677 0.1394 0.0875 0.9074
464.719 0.1321 0.0887 0.8944
464.759 0.1294 0.0879 0.9247
464.800 0.1262 0.0845 0.8977
464.839 0.1294 0.0834 0.9075
464.879 0.1316 0.0851 0.9051
464.918 0.1324 0.0846 0.9388
464.960 0.1369 0.0848 0.9095
465.000 0.1391 0.0861 0.9017
465.041 0.1409 0.0861 0.9391
465.080 0.1449 0.0861 0.9527
465.118 0.1476 0.0873 0.8938
465.162 0.1502 0.0848 0.9029
465.202 0.1504 0.0876 0.8955
465.241 0.1542 0.0879 0.9197
465.281 0.1576 0.0862 0.9145
465.318 0.1558 0.0883 0.9025
465.361 0.1533 0.0901 0.9107
465.402 0.1566 0.0858 0.9291
465.442 0.1614 0.0847 0.9057
465.482 0.1637 0.0859 0.9057
465.521 0.1681 0.0848 0.9361
465.561 0.1691 0.0886 0.8992
465.603 0.1687 0.0927 0.8849
465.643 0.1634 0.0905 0.9290
465.683 0.1637 0.0905 0.9092
465.722 0.1620 0.0900 0.8925
465.762 0.1574 0.0931 0.9117
465.803 0.1571 0.0932 0.9429
465.843 0.1571 0.0953 0.8967
465.884 0.1519 0.0941 0.9029
465.923 0.1416 0.0909 0.9336
465.960 0.1331 0.0947 0.8900
466.004 0.1246 0.0956 0.8887
466.044 0.1146 0.0957 0.9059
466.084 0.1055 0.0925 0.8904
466.125 0.0982 0.0929 0.8353
466.162 0.0918 0.0938 0.9179
466.205 0.0837 0.0937 0.8888
466.246 0.0775 0.0950 0.9099
466.286 0.0685 0.0940 0.8695
466.325 0.0597 0.0940 0.8869
466.365 0.0525 0.0929 0.8773
466.405 0.0476 0.0954 0.8755
466.446 0.0429 0.0970 0.8755
466.486 0.0378 0.0924 0.8625
466.526 0.0357 0.0949 0.8619
466.565 0.0337 0.0970 0.8705
466.605 0.0337 0.0907 0.8678
466.646 0.0349 0.0957 0.8533
466.687 0.0322 0.0931 0.8767
466.727 0.0308 0.0935 0.8705
466.766 0.0302 0.0873 0.8682
466.803 0.0336 0.0900 0.8735
466.848 0.0376 0.0920 0.8617
466.888 0.0384 0.0926 0.8360
466.928 0.0392 0.0932 0.8397
466.967 0.0373 0.0915 0.8396
467.004 0.0353 0.0886 0.8377
467.047 0.0335 0.0911 0.8388
467.088 0.0335 0.0905 0.8388
467.128 0.0291 0.0920 0.8377
467.168 0.0259 0.0900 0.8335
467.208 0.0259 0.0879 0.8388
467.249 0.0249 0.0865 0.8388
467.290 0.0218 0.0902 0.8388
467.330 0.0165 0.0937 0.8585
467.370 0.0126 0.0933 0.8006
467.409 0.0087 0.0927 0.8124
467.449 0.0099 0.0876 0.8036
467.490 0.0125 0.0927 0.8120
467.530 0.0119 0.0939 0.8255
467.571 0.0087 0.0925 0.8321
467.610 0.0094 0.0902 0.8006
467.647 0.0080 0.0908 0.8275
467.692 0.0065 0.0884 0.8295
467.731 0.0074 0.0901 0.8370
467.771 0.0038 0.0888 0.8359
467.811 0.0045 0.0929 0.8266
467.848 0.0055 0.0903 0.8295
467.892 0.0043 0.0884 0.8295
467.932 0.0051 0.0903 0.8295
467.972 0.0051 0.0895 0.8332
468.012 0.0033 0.0889 0.8149
468.051 0.0047 0.0908 0.8295
468.092 0.0040 0.0866 0.8306
468.132 0.0052 0.0902 0.8295
468.173 0.0055 0.0885 0.8321
468.213 0.0047 0.0870 0.8542
468.252 0.0069 0.0883 0.8295
468.293 0.0069 0.0870 0.8306
468.334 0.0062 0.0851 0.8321
468.374 0.0073 0.0883 0.8359
468.414 0.0064 0.0873 0.8332
468.454 0.0071 0.0849 0.8332
468.491 0.0085 0.0863 0.8332
468.534 0.0079 0.0848 0.8332
468.575 0.0105 0.0864 0.8419
468.615 0.0099 0.0873 0.8542
468.654 0.0087 0.0908 0.8494
468.692 0.0096 0.0859 0.8542
468.736 0.0087 0.0840 0.8542
468.776 0.0077 0.0849 0.8542
468.815 0.0073 0.0863 0.8542
468.855 0.0066 0.0878 0.8792
468.894 0.0053 0.0862 0.8542
468.935 0.0055 0.0854 0.8542
468.976 0.0023 0.0848 0.8542
469.016 0.0048 0.0875 0.8411
469.056 0.0070 0.0900 0.8542
469.095 0.0061 0.0919 0.8382
469.135 0.0060 0.0862 0.8542
469.176 0.0072 0.0879 0.8339
469.217 0.0154 0.0875 0.8350
469.257 0.0237 0.0867 0.8471
469.296 0.0299 0.0890 0.8471
469.334 0.0334 0.0876 0.8522
469.378 0.0458 0.0834 0.8661
469.417 0.0571 0.0848 0.8781
469.458 0.0683 0.0860 0.8781
469.498 0.0740 0.0887 0.8700
469.535 0.0761 0.0868 0.8878
469.578 0.0873 0.0876 0.8600
469.619 0.0909 0.0886 0.8716
469.659 0.0949 0.0880 0.8596
469.699 0.0986 0.0898 0.8846
469.738 0.0965 0.0881 0.8891
469.780 0.0943 0.0902 0.8891
469.820 0.1016 0.0872 0.8916
469.860 0.1025 0.0868 0.9048
469.900 0.1017 0.0937 0.8870
469.939 0.0986 0.0933 0.8825
469.978 0.0941 0.0910 0.8825
470.020 0.0954 0.0890 0.9095
470.060 0.0965 0.0879 0.8895
470.100 0.0967 0.0904 0.8883
470.140 0.0946 0.0913 0.8909
470.177 0.0918 0.0918 0.9433
470.220 0.0935 0.0921 0.8589
470.261 0.0952 0.0907 0.8665
470.301 0.0919 0.0901 0.8869
470.341 0.0912 0.0910 0.9325
470.378 0.0882 0.0911 0.9531
470.422 0.0827 0.0902 0.9359
470.462 0.0843 0.0878 0.9355
470.502 0.0852 0.0912 0.9355
470.542 0.0854 0.0923 0.9140
470.581 0.0832 0.0917 0.8985
470.623 0.0837 0.0904 0.9423
470.663 0.0809 0.0905 0.9213
470.703 0.0806 0.0894 0.9173
470.743 0.0828 0.0881 0.9146
470.783 0.0843 0.0913 0.9329
470.822 0.0855 0.0951 0.9318
470.864 0.0866 0.0923 0.9137
470.904 0.0934 0.0906 0.9137
470.944 0.0959 0.0911 0.9197
470.984 0.0984 0.0912 0.8843
471.021 0.0991 0.0952 0.9000
471.065 0.0982 0.0931 0.9259
471.105 0.0958 0.0917 0.9279
471.145 0.0985 0.0919 0.8726
471.184 0.0980 0.0931 0.9105
471.221 0.0977 0.0925 0.9146
471.265 0.0950 0.0924 0.9302
471.305 0.0912 0.0914 0.9362
471.345 0.0933 0.0901 0.9362
471.385 0.0948 0.0887 0.9534
471.424 0.0977 0.0896 0.9559
471.466 0.1004 0.0939 0.9572
471.506 0.1050 0.0915 0.8940
471.546 0.1064 0.0915 0.9212
471.586 0.1136 0.0895 0.9176
471.625 0.1171 0.0899 0.9426
471.666 0.1207 0.0950 0.9197
471.707 0.1212 0.0943 0.9268
471.748 0.1265 0.0915 0.9502
471.787 0.1341 0.0924 0.9148
471.827 0.1404 0.0883 0.9423
471.864 0.1387 0.0912 0.9453
471.909 0.1409 0.0915 0.9148
471.949 0.1439 0.0912 0.9148
471.988 0.1402 0.0913 0.9148
472.028 0.1401 0.0900 0.9187
472.065 0.1364 0.0919 0.9232
472.109 0.1363 0.0938 0.9260
472.149 0.1368 0.0898 0.9519
472.189 0.1384 0.0904 0.9435
472.229 0.1359 0.0892 0.8912
472.268 0.1303 0.0897 0.9288
472.310 0.1223 0.0900 0.8836
472.349 0.1186 0.0915 0.9512
472.390 0.1116 0.0900 0.9132
472.429 0.1025 0.0913 0.9408
472.469 0.0965 0.0898 0.9225
472.508 0.0918 0.0912 0.9064
472.550 0.0901 0.0974 0.9109
472.590 0.0889 0.0943 0.9089
472.630 0.0863 0.0932 0.9089
472.670 0.0824 0.0911 0.9342
472.708 0.0797 0.0920 0.8869
472.752 0.0784 0.0951 0.9078
472.792 0.0768 0.0992 0.9142
472.832 0.0781 0.0988 0.9089
472.872 0.0763 0.0961 0.9209
472.909 0.0793 0.0917 0.8950
472.952 0.0796 0.0952 0.8979
472.993 0.0836 0.0975 0.9020
473.033 0.0848 0.0978 0.8935
473.072 0.0841 0.0977 0.8920
473.111 0.0865 0.0953 0.9056
473.153 0.0878 0.0974 0.8945
473.193 0.0888 0.1004 0.8900
473.233 0.0917 0.1013 0.8805
473.273 0.0930 0.1015 0.8981
473.313 0.0918 0.0941 0.9151
473.352 0.0927 0.0956 0.9196
473.393 0.0920 0.0986 0.9243
473.434 0.0940 0.0981 0.9107
473.474 0.0920 0.0972 0.9117
473.513 0.0916 0.0970 0.8927
473.550 0.0893 0.0960 0.9197
473.594 0.0866 0.0976 0.9092
473.634 0.0853 0.0964 0.8888
473.674 0.0824 0.0931 0.8634
473.714 0.0766 0.0972 0.9072
473.751 0.0771 0.0957 0.8847
473.794 0.0755 0.0939 0.8723
473.835 0.0761 0.0968 0.8669
473.875 0.0757 0.0975 0.9266
473.916 0.0716 0.0973 0.9086
473.955 0.0725 0.0956 0.9270
473.995 0.0678 0.0952 0.9172
474.037 0.0666 0.0973 0.8965
474.077 0.0621 0.0971 0.8956
474.117 0.0612 0.0970 0.9150
474.156 0.0586 0.0932 0.8936
474.196 0.0599 0.0954 0.9085
474.237 0.0607 0.0959 0.8916
474.277 0.0626 0.0962 0.9085
474.318 0.0637 0.0950 0.8782
474.357 0.0637 0.0948 0.9050
474.394 0.0639 0.0946 0.8653
474.439 0.0680 0.0931 0.8653
474.478 0.0720 0.0943 0.8916
474.518 0.0765 0.0952 0.9056
474.558 0.0799 0.1025 0.8936
474.595 0.0830 0.0999 0.9105
474.639 0.0858 0.0942 0.9137
474.679 0.0893 0.0965 0.9223
474.719 0.0897 0.0972 0.9447
474.759 0.0878 0.0964 0.9034
474.798 0.0864 0.0917 0.9300
474.839 0.0852 0.0901 0.8946
474.880 0.0915 0.0919 0.8946
474.920 0.0916 0.0935 0.9011
474.960 0.0929 0.0949 0.9006
475.000 0.0915 0.0936 0.9083
475.039 0.0926 0.0922 0.9378
475.081 0.0938 0.0923 0.9332
475.121 0.0973 0.0919 0.9356
475.161 0.0968 0.0942 0.8729
475.200 0.0968 0.0963 0.8793
475.238 0.0979 0.0958 0.9019
475.281 0.0991 0.0918 0.9102
475.322 0.1013 0.0936 0.9472
475.362 0.0994 0.0978 0.8920
475.401 0.0942 0.0978 0.8940
475.439 0.0912 0.0952 0.8808
475.483 0.0878 0.0934 0.9065
475.522 0.0867 0.0932 0.8772
475.562 0.0866 0.0956 0.9219
475.602 0.0815 0.0951 0.9173
475.641 0.0827 0.0931 0.9339
475.683 0.0830 0.0929 0.9069
475.723 0.0812 0.0917 0.8959
475.763 0.0852 0.0948 0.9063
475.803 0.0834 0.0966 0.8939
475.842 0.0820 0.0978 0.9025
475.882 0.0802 0.0948 0.9198
475.924 0.0819 0.0925 0.9272
475.964 0.0857 0.0941 0.9089
476.004 0.0900 0.0965 0.9198
476.043 0.0904 0.0965 0.9173
476.081 0.0960 0.0965 0.9189
476.125 0.0975 0.0953 0.9189
476.165 0.1016 0.0933 0.9189
476.205 0.1086 0.0954 0.9418
476.245 0.1091 0.0976 0.9229
476.282 0.1116 0.0976 0.9229
476.326 0.1119 0.0944 0.9203
476.366 0.1207 0.0951 0.9348
476.406 0.1282 0.0952 0.9503
476.446 0.1322 0.0961 0.9348
476.485 0.1346 0.0959 0.9492
476.526 0.1395 0.0941 0.9486
476.567 0.1436 0.0931 0.9486
476.607 0.1508 0.0933 0.9316
476.647 0.1561 0.0953 0.9241
476.686 0.1613 0.0958 0.9486
476.726 0.1662 0.0922 0.9375
476.767 0.1717 0.0930 0.9325
476.807 0.1810 0.0929 0.9373
476.847 0.1882 0.0924 0.9543
476.887 0.1917 0.0935 0.9360
476.924 0.1914 0.0927 0.9553
476.967 0.1916 0.0902 0.9409
477.008 0.1928 0.0913 0.8903
477.048 0.1917 0.0907 0.9113
477.087 0.1846 0.0948 0.8751
477.125 0.1818 0.0932 0.9053
477.168 0.1803 0.0956 0.8763
477.209 0.1761 0.0954 0.8859
477.250 0.1712 0.0969 0.9059
477.289 0.1668 0.0963 0.9249
477.328 0.1574 0.0985 0.8789
477.370 0.1480 0.0973 0.8869
477.410 0.1428 0.0956 0.9450
477.450 0.1366 0.0951 0.9035
477.490 0.1311 0.0948 0.8741
477.530 0.1300 0.0975 0.9229
477.569 0.1292 0.0964 0.9186
477.611 0.1303 0.0958 0.9383
477.651 0.1262 0.0963 0.9136
477.691 0.1252 0.0964 0.8582
477.730 0.1278 0.0960 0.8688
477.768 0.1270 0.0975 0.8970
477.812 0.1315 0.0969 0.9109
477.852 0.1363 0.0973 0.8799
477.892 0.1375 0.0955 0.8545
477.931 0.1395 0.0958 0.8632
477.968 0.1444 0.1006 0.8946
478.012 0.1439 0.1006 0.8676
478.052 0.1445 0.1015 0.8684
478.092 0.1401 0.1017 0.8423
478.132 0.1362 0.1040 0.8624
478.171 0.1327 0.1043 0.8894
478.213 0.1258 0.1014 0.8854
478.253 0.1213 0.1005 0.8592
478.293 0.1167 0.1023 0.9061
478.334 0.1081 0.1043 0.8775
478.373 0.1050 0.1037 0.8530
478.413 0.1070 0.1047 0.8530
478.454 0.1070 0.1062 0.9059
478.495 0.1067 0.1050 0.9158
478.535 0.1042 0.1039 0.8731
478.574 0.1056 0.1026 0.8663
478.611 0.1077 0.1057 0.8765
478.656 0.1055 0.1019 0.9018
478.695 0.1057 0.1008 0.9202
478.735 0.1036 0.1024 0.8849
478.775 0.1061 0.0997 0.9022
478.812 0.1123 0.0992 0.9042
478.856 0.1177 0.0987 0.9309
478.896 0.1200 0.1002 0.9225
478.936 0.1220 0.0977 0.9252
478.976 0.1193 0.1005 0.9083
479.014 0.1246 0.0983 0.9083
479.056 0.1270 0.0987 0.9239
479.096 0.1278 0.1003 0.9161
479.136 0.1302 0.1020 0.9021
479.177 0.1308 0.0985 0.9234
479.216 0.1351 0.0970 0.9185
479.256 0.1379 0.1013 0.8847
479.297 0.1354 0.1035 0.8787
479.337 0.1343 0.1021 0.8741
479.378 0.1337 0.1027 0.8468
479.417 0.1310 0.1022 0.8642
479.455 0.1313 0.1031 0.8786
479.498 0.1292 0.1035 0.9169
479.539 0.1260 0.1074 0.9052
479.579 0.1252 0.1041 0.9011
479.619 0.1272 0.1040 0.9141
479.656 0.1286 0.1023 0.9205
479.700 0.1329 0.1063 0.9064
479.739 0.1372 0.1069 0.9515
479.780 0.1403 0.1091 0.8911
479.819 0.1452 0.1055 0.9360
479.858 0.1505 0.1049 0.8885
479.900 0.1517 0.1044 0.9036
479.940 0.1547 0.1053 0.8914
479.980 0.1545 0.1045 0.8951
480.020 0.1558 0.1014 0.9193
480.059 0.1608 0.0985 0.8841
480.099 0.1619 0.0997 0.8895
480.140 0.1664 0.1038 0.9158
480.181 0.1706 0.1030 0.8875
480.221 0.1672 0.1024 0.9053
480.260 0.1632 0.1010 0.9011
480.298 0.1615 0.1002 0.9156
480.342 0.1568 0.1024 0.9382
480.382 0.1526 0.1045 0.9248
480.422 0.1500 0.1033 0.9180
480.461 0.1470 0.1044 0.8982
480.499 0.1494 0.1049 0.8760
480.543 0.1504 0.1057 0.8930
480.583 0.1472 0.1092 0.9141
480.623 0.1423 0.1090 0.8930
480.663 0.1368 0.1070 0.9299
480.702 0.1349 0.1055 0.8973
480.744 0.1398 0.1057 0.9197
480.783 0.1429 0.1062 0.9255
480.823 0.1429 0.1044 0.9049
480.864 0.1449 0.1062 0.8923
480.903 0.1492 0.1015 0.8981
480.943 0.1507 0.0995 0.9107
480.984 0.1549 0.0955 0.9145
481.024 0.1546 0.0958 0.8785
481.065 0.1580 0.0959 0.9041
481.104 0.1619 0.0959 0.9035
481.141 0.1621 0.0903 0.9093
481.186 0.1626 0.0951 0.8661
481.225 0.1603 0.0960 0.8651
481.265 0.1570 0.0983 0.8764
481.305 0.1492 0.1029 0.8969
481.342 0.1464 0.1021 0.8843
481.385 0.1399 0.0995 0.8839
481.426 0.1393 0.1035 0.8843
481.466 0.1388 0.1011 0.9082
481.505 0.1346 0.1048 0.8873
481.544 0.1309 0.1024 0.9301
481.586 0.1274 0.1022 0.8790
481.626 0.1266 0.1043 0.8873
481.667 0.1255 0.1038 0.9038
481.707 0.1234 0.1016 0.9072
481.747 0.1193 0.1041 0.8839
481.786 0.1229 0.1025 0.8579
481.828 0.1260 0.1029 0.8708
481.868 0.1267 0.1058 0.8621
481.908 0.1283 0.1095 0.8610
481.947 0.1247 0.1063 0.8715
481.985 0.1229 0.1036 0.8819
482.029 0.1214 0.1050 0.8559
482.069 0.1187 0.1039 0.8559
482.109 0.1160 0.1071 0.8806
482.148 0.1120 0.1068 0.8580
482.186 0.1101 0.1067 0.8839
482.230 0.1115 0.1078 0.8879
482.269 0.1152 0.1057 0.8982
482.309 0.1195 0.1056 0.9172
482.349 0.1232 0.1064 0.9192
482.388 0.1240 0.1030 0.8922
482.430 0.1250 0.1043 0.8758
482.470 0.1277 0.0985 0.8738
482.510 0.1294 0.1032 0.9008
482.550 0.1299 0.1068 0.9137
482.589 0.1306 0.1074 0.9087
482.629 0.1333 0.0986 0.8979
482.670 0.1352 0.0984 0.8828
482.711 0.1396 0.1017 0.8980
482.751 0.1411 0.1004 0.9163
482.791 0.1383 0.1025 0.9016
482.829 0.1332 0.1046 0.8736
482.873 0.1298 0.1045 0.8755
482.912 0.1317 0.1044 0.8641
482.952 0.1308 0.1055 0.8738
482.992 0.1291 0.1037 0.8765
483.029 0.1270 0.1061 0.8805
483.073 0.1279 0.1022 0.8910
483.113 0.1273 0.1022 0.8640
483.153 0.1266 0.1014 0.8592
483.193 0.1220 0.1041 0.8565
483.232 0.1177 0.1059 0.8855
483.274 0.1114 0.1041 0.8768
483.314 0.1090 0.1032 0.8955
483.354 0.1085 0.1029 0.8805
483.393 0.1084 0.1041 0.9168
483.433 0.1059 0.1052 0.8565
483.473 0.1058 0.1050 0.8489
483.514 0.1093 0.1053 0.8247
483.555 0.1140 0.1040 0.8902
483.594 0.1185 0.1049 0.9149
483.634 0.1244 0.1070 0.8751
483.671 0.1328 0.1047 0.8437
483.714 0.1382 0.1049 0.8639
483.755 0.1424 0.1054 0.8417
483.795 0.1506 0.1084 0.8731
483.835 0.1580 0.1086 0.8382
483.873 0.1579 0.1074 0.8630
483.917 0.1609 0.1081 0.8629
483.957 0.1628 0.1085 0.8555
483.997 0.1640 0.1056 0.8601
484.036 0.1642 0.1070 0.8725
484.075 0.1596 0.1092 0.8703
484.117 0.1563 0.1102 0.8811
484.157 0.1507 0.1091 0.8535
484.197 0.1472 0.1092 0.8935
484.237 0.1493 0.1078 0.9239
484.277 0.1474 0.1090 0.9023
484.316 0.1444 0.1105 0.8765
484.358 0.1409 0.1132 0.8781
484.398 0.1387 0.1067 0.8975
484.438 0.1397 0.1064 0.9143
484.477 0.1390 0.1071 0.8901
484.515 0.1351 0.1088 0.8791
484.559 0.1335 0.1075 0.8846
484.599 0.1400 0.1035 0.9096
484.639 0.1478 0.1009 0.8917
484.678 0.1450 0.1030 0.9117
484.715 0.1447 0.1026 0.9216
484.759 0.1455 0.1055 0.9111
484.799 0.1458 0.1033 0.8971
484.839 0.1493 0.1013 0.9145
484.879 0.1560 0.1028 0.9309
484.918 0.1583 0.1009 0.9051
484.959 0.1585 0.0996 0.9025
485.000 0.1629 0.1002 0.9002
485.041 0.1693 0.0976 0.9395
485.081 0.1707 0.0970 0.8778
485.120 0.1647 0.0990 0.9273
485.160 0.1708 0.1036 0.9107
485.201 0.1734 0.1016 0.8989
485.241 0.1723 0.1001 0.8826
485.281 0.1707 0.0977 0.9069
485.321 0.1707 0.0980 0.9044
485.358 0.1661 0.0992 0.9291
485.401 0.1590 0.1008 0.9119
485.442 0.1567 0.1022 0.9266
485.482 0.1493 0.1029 0.8955
485.522 0.1439 0.0975 0.8843
485.559 0.1384 0.0988 0.9139
485.602 0.1321 0.1007 0.8917
485.643 0.1257 0.0987 0.9082
485.683 0.1184 0.0971 0.9078
485.723 0.1144 0.1010 0.9161
485.761 0.1104 0.0997 0.8725
485.803 0.1032 0.1028 0.9099
485.843 0.1016 0.1020 0.9301
485.883 0.0972 0.1008 0.8953
485.923 0.0929 0.0998 0.9014
485.963 0.0911 0.1000 0.9045
486.002 0.0899 0.1048 0.9097
486.044 0.0839 0.1095 0.9066
486.084 0.0775 0.1073 0.8911
486.125 0.0700 0.1042 0.8825
486.165 0.0636 0.1055 0.8761
486.202 0.0569 0.1043 0.8791
486.246 0.0522 0.1043 0.8852
486.286 0.0462 0.1059 0.8852
486.325 0.0397 0.1044 0.8852
486.365 0.0372 0.1035 0.9015
486.402 0.0346 0.1009 0.8942
486.446 0.0332 0.1009 0.9105
486.486 0.0299 0.1054 0.9042
486.526 0.0292 0.1055 0.9105
486.566 0.0297 0.1030 0.9139
486.605 0.0320 0.1004 0.9085
486.646 0.0363 0.1030 0.9185
486.687 0.0379 0.1056 0.9131
486.727 0.0363 0.1059 0.9090
486.767 0.0364 0.1013 0.9229
486.806 0.0352 0.1027 0.9153
486.846 0.0356 0.1000 0.9153
486.887 0.0334 0.1061 0.9153
486.928 0.0288 0.1071 0.9009
486.968 0.0260 0.1049 0.9045
487.007 0.0228 0.1040 0.9153
487.044 0.0224 0.1037 0.8699
487.087 0.0193 0.1040 0.8883
487.128 0.0139 0.1064 0.8835
487.168 0.0125 0.1052 0.8981
487.209 0.0111 0.1040 0.8883
487.246 0.0112 0.1057 0.8449
487.290 0.0135 0.1073 0.8866
487.330 0.0126 0.1095 0.9181
487.370 0.0137 0.1036 0.9069
487.410 0.0134 0.1065 0.8799
487.449 0.0122 0.1066 0.8665
487.489 0.0159 0.0991 0.8810
487.530 0.0167 0.1049 0.8799
487.571 0.0163 0.1050 0.9069
487.611 0.0181 0.1040 0.8799
487.650 0.0169 0.1049 0.8799
487.690 0.0179 0.1038 0.8799
487.731 0.0227 0.1050 0.8799
487.771 0.0200 0.1050 0.8799
487.811 0.0174 0.1039 0.8855
487.851 0.0193 0.1047 0.8855
487.888 0.0193 0.1052 0.8861
487.933 0.0211 0.1026 0.8971
487.972 0.0183 0.1023 0.9200
488.012 0.0148 0.1116 0.9187
488.052 0.0140 0.1039 0.8881
488.089 0.0141 0.1037 0.8881
488.133 0.0168 0.1079 0.8728
488.173 0.0200 0.1034 0.9172
488.213 0.0182 0.1057 0.9040
488.252 0.0177 0.1048 0.9029
488.292 0.0198 0.1079 0.8998
488.333 0.0260 0.1050 0.8912
488.374 0.0312 0.1026 0.8912
488.415 0.0314 0.1035 0.8939
488.454 0.0317 0.1043 0.8939
488.493 0.0349 0.1035 0.8939
488.533 0.0385 0.1030 0.8939
488.575 0.0378 0.1039 0.9108
488.615 0.0385 0.1039 0.8962
488.655 0.0378 0.1041 0.8962
488.694 0.0381 0.1043 0.8962
488.732 0.0418 0.1056 0.8763
488.776 0.0415 0.1044 0.8763
488.815 0.0412 0.1044 0.8763
488.856 0.0376 0.1075 0.8752
488.895 0.0326 0.1065 0.8752
488.932 0.0319 0.1036 0.8653
488.976 0.0298 0.1024 0.8739
489.016 0.0329 0.1064 0.8800
489.056 0.0332 0.1075 0.8841
489.096 0.0317 0.1057 0.8869
489.135 0.0289 0.1047 0.9023
489.177 0.0269 0.1050 0.8998
489.217 0.0242 0.1061 0.8841
489.257 0.0236 0.1033 0.9195
489.297 0.0229 0.1070 0.8962
489.336 0.0247 0.1049 0.9139
489.376 0.0284 0.1079 0.8852
489.417 0.0291 0.1044 0.8879
489.459 0.0349 0.1044 0.8879
489.499 0.0310 0.1068 0.9182
489.538 0.0303 0.1060 0.9095
489.575 0.0302 0.1060 0.9095
489.620 0.0315 0.1036 0.8802
489.659 0.0318 0.1025 0.8879
489.699 0.0298 0.1036 0.8752
489.739 0.0277 0.1062 0.8802
489.776 0.0254 0.1090 0.8835
489.820 0.0220 0.1034 0.8644
489.860 0.0196 0.1070 0.8835
489.900 0.0179 0.1070 0.8835
489.940 0.0132 0.1078 0.8835
489.978 0.0101 0.1053 0.8745
490.020 0.0091 0.1054 0.8835
490.060 0.0104 0.1078 0.8835
490.101 0.0126 0.1043 0.8835
490.141 0.0144 0.1066 0.8835
490.180 0.0173 0.1044 0.8955
490.219 0.0200 0.1036 0.8955
490.261 0.0217 0.1056 0.8995
490.301 0.0267 0.1021 0.8955
490.341 0.0307 0.1069 0.8955
490.381 0.0348 0.1067 0.8955
490.418 0.0373 0.1106 0.9165
490.461 0.0405 0.1042 0.8995
490.502 0.0419 0.1034 0.8736
490.542 0.0425 0.1032 0.8925
490.582 0.0424 0.1045 0.8922
490.619 0.0416 0.1067 0.8821
490.663 0.0383 0.1050 0.8907
490.703 0.0363 0.1016 0.8839
490.743 0.0388 0.1034 0.9099
490.783 0.0399 0.1047 0.9099
490.822 0.0352 0.1089 0.9146
490.864 0.0312 0.1063 0.9202
490.904 0.0299 0.1017 0.8783
490.944 0.0299 0.1013 0.8930
490.984 0.0305 0.1029 0.8783
491.024 0.0295 0.1028 0.8872
491.063 0.0268 0.1052 0.8834
491.104 0.0253 0.1038 0.8912
491.145 0.0269 0.1046 0.8612
491.185 0.0274 0.1038 0.8912
491.224 0.0299 0.0994 0.8912
491.262 0.0279 0.1065 0.9122
491.305 0.0255 0.1088 0.9095
491.345 0.0255 0.1027 0.8867
491.385 0.0239 0.1020 0.8900
491.425 0.0253 0.1022 0.8912
491.462 0.0231 0.1046 0.8825
491.506 0.0227 0.1064 0.9176
491.546 0.0248 0.1047 0.9084
491.586 0.0316 0.1026 0.8930
491.626 0.0355 0.1003 0.8889
491.666 0.0382 0.1029 0.8930
491.707 0.0351 0.1061 0.8752
491.747 0.0355 0.1054 0.9061
491.788 0.0404 0.1021 0.8926
491.828 0.0468 0.1012 0.8617
491.867 0.0526 0.1026 0.8617
491.907 0.0534 0.1047 0.8655
491.948 0.0566 0.1035 0.8564
491.989 0.0603 0.1022 0.8704
492.028 0.0663 0.1006 0.8562
492.068 0.0682 0.0994 0.8755
492.105 0.0695 0.1018 0.8382
492.149 0.0685 0.1053 0.8501
492.189 0.0717 0.1022 0.8562
492.229 0.0750 0.1040 0.8771
492.269 0.0786 0.1019 0.8930
492.306 0.0782 0.1035 0.8930
492.350 0.0768 0.1061 0.9311
492.390 0.0779 0.1074 0.9283
492.430 0.0790 0.1053 0.8656
492.470 0.0823 0.1047 0.8616
492.508 0.0816 0.1063 0.8693
492.550 0.0775 0.1069 0.8912
492.590 0.0678 0.1106 0.8749
492.631 0.0629 0.1072 0.8876
492.670 0.0611 0.1075 0.8873
492.710 0.0579 0.1055 0.8978
492.750 0.0526 0.1074 0.9018
492.792 0.0483 0.1106 0.8769
492.832 0.0459 0.1101 0.8891
492.872 0.0425 0.1050 0.8815
492.911 0.0405 0.1091 0.8472
492.949 0.0387 0.1065 0.8472
492.993 0.0345 0.1091 0.8585
493.033 0.0331 0.1083 0.8775
493.073 0.0386 0.1092 0.8681
493.112 0.0460 0.1055 0.8585
493.149 0.0497 0.1049 0.8562
493.193 0.0520 0.1054 0.8885
493.233 0.0509 0.1054 0.8776
493.273 0.0499 0.1110 0.8726
493.313 0.0528 0.1068 0.9018
493.352 0.0542 0.1042 0.9085
493.394 0.0565 0.1077 0.8865
493.434 0.0532 0.1109 0.8955
493.474 0.0489 0.1082 0.9055
493.514 0.0459 0.1083 0.9055
493.553 0.0452 0.1046 0.9006
493.593 0.0457 0.1059 0.9307
493.634 0.0432 0.1084 0.9105
493.675 0.0375 0.1104 0.9045
493.715 0.0367 0.1074 0.9095
493.754 0.0381 0.1060 0.8966
493.792 0.0387 0.1047 0.9219
493.835 0.0368 0.1058 0.9095
493.875 0.0330 0.1128 0.9135
493.916 0.0287 0.1113 0.9095
493.956 0.0286 0.1091 0.9146
493.993 0.0272 0.1044 0.9149
494.037 0.0263 0.1073 0.9348
494.077 0.0212 0.1056 0.9348
494.117 0.0154 0.1102 0.9399
494.157 0.0140 0.1070 0.9399
494.196 0.0126 0.1062 0.9255
494.238 0.0124 0.1054 0.9119
494.277 0.0079 0.1082 0.9149
494.318 0.0050 0.1117 0.9178
494.358 0.0068 0.1065 0.9149
494.397 0.0091 0.1051 0.9139
494.437 0.0124 0.1052 0.9109
494.478 0.0142 0.1008 0.9207
494.518 0.0188 0.1058 0.9139
494.558 0.0233 0.1041 0.8895
494.598 0.0332 0.1069 0.8895
494.635 0.0410 0.1004 0.8895
494.678 0.0483 0.1021 0.8895
494.719 0.0541 0.1020 0.8895
494.759 0.0578 0.1052 0.9146
494.798 0.0608 0.1018 0.9366
494.835 0.0608 0.1008 0.9432
494.879 0.0654 0.1008 0.9432
494.919 0.0661 0.1004 0.9432
494.960 0.0676 0.1048 0.9142
495.000 0.0622 0.1078 0.9392
495.039 0.0573 0.1046 0.9142
495.081 0.0499 0.1035 0.8702
495.121 0.0458 0.1044 0.8825
495.161 0.0406 0.1088 0.8815
495.201 0.0349 0.1052 0.8969
495.240 0.0295 0.1035 0.8872
495.280 0.0292 0.1087 0.9053
495.321 0.0294 0.1005 0.8969
495.362 0.0267 0.1008 0.8984
495.402 0.0271 0.1032 0.8969
495.441 0.0242 0.1042 0.9249
495.479 0.0235 0.1047 0.8969
495.523 0.0261 0.1006 0.9222
495.562 0.0329 0.0999 0.8969
495.602 0.0335 0.1032 0.9229
495.642 0.0313 0.1035 0.8719
495.679 0.0297 0.1042 0.8969
495.723 0.0316 0.1017 0.8969
495.763 0.0297 0.0996 0.9229
495.803 0.0294 0.1031 0.9289
495.843 0.0305 0.1034 0.9122
495.882 0.0273 0.1015 0.9199
495.923 0.0246 0.1047 0.9102
495.964 0.0259 0.1020 0.8975
496.004 0.0289 0.1020 0.9102
496.044 0.0263 0.1025 0.9223
496.084 0.0202 0.1047 0.9263
496.124 0.0199 0.1016 0.9289
496.165 0.0290 0.1016 0.9289
496.205 0.0370 0.1012 0.8944
496.246 0.0481 0.1025 0.9004
496.285 0.0588 0.1050 0.9025
496.322 0.0667 0.1060 0.9006
496.366 0.0778 0.1037 0.9000
496.406 0.0866 0.1015 0.9473
496.446 0.0975 0.1022 0.9489
496.486 0.1060 0.1031 0.9247
496.523 0.1115 0.1036 0.9256
496.567 0.1202 0.1033 0.9297
496.607 0.1294 0.1007 0.9239
496.647 0.1290 0.1008 0.9239
496.687 0.1249 0.0998 0.9359
496.725 0.1199 0.1031 0.9292
496.767 0.1087 0.1029 0.9382
496.807 0.1017 0.1002 0.9206
496.847 0.0923 0.0976 0.9170
496.887 0.0881 0.0996 0.9170
496.927 0.0842 0.1020 0.9165
496.966 0.0760 0.0998 0.8948
497.008 0.0681 0.0999 0.8948
497.048 0.0673 0.0982 0.8945
497.088 0.0657 0.0985 0.8839
497.127 0.0666 0.1009 0.9272
497.166 0.0670 0.1017 0.8823
497.209 0.0686 0.1024 0.9272
497.250 0.0740 0.1000 0.9195
497.290 0.0744 0.0983 0.9195
497.329 0.0782 0.0994 0.9348
497.367 0.0801 0.1026 0.8996
497.410 0.0802 0.1001 0.8889
497.450 0.0808 0.1001 0.8813
497.490 0.0846 0.1015 0.8819
497.530 0.0840 0.0954 0.8699
497.569 0.0837 0.1013 0.8786
497.611 0.0828 0.1016 0.9163
497.651 0.0852 0.1002 0.8973
497.691 0.0869 0.0991 0.9393
497.731 0.0874 0.0975 0.9103
497.770 0.0891 0.0994 0.9139
497.810 0.0931 0.1026 0.9173
497.851 0.0945 0.1025 0.9270
497.892 0.0926 0.1000 0.9261
497.932 0.0952 0.1003 0.9286
497.971 0.0951 0.1003 0.9116
498.009 0.0973 0.1032 0.8931
498.052 0.0986 0.0998 0.9050
498.092 0.0948 0.1019 0.8753
498.132 0.0949 0.1006 0.8762
498.172 0.0939 0.0967 0.9210
498.209 0.0921 0.0976 0.8828
498.254 0.0925 0.1008 0.9424
498.293 0.0897 0.1003 0.9148
498.334 0.0900 0.0987 0.9186
498.374 0.0971 0.0973 0.9126
498.413 0.0985 0.0981 0.9126
498.454 0.1002 0.0996 0.9222
498.495 0.0957 0.0996 0.9222
498.535 0.0892 0.1023 0.9213
498.575 0.0920 0.0988 0.8923
498.614 0.0922 0.0987 0.9040
498.653 0.0916 0.1010 0.9040
498.695 0.0907 0.1016 0.9089
498.735 0.0913 0.1039 0.9034
498.775 0.0941 0.1004 0.9344
498.814 0.0961 0.0994 0.9019
498.852 0.0932 0.0985 0.8933
498.895 0.0919 0.1023 0.9161
498.936 0.0897 0.1025 0.9191
498.976 0.0904 0.1002 0.9140
499.015 0.0944 0.0984 0.8982
499.053 0.0974 0.0989 0.9238
499.096 0.0991 0.0991 0.9434
499.136 0.0987 0.1019 0.8984
499.176 0.1018 0.0999 0.9012
499.216 0.1052 0.1003 0.9012
499.255 0.1045 0.1002 0.9001
499.296 0.1040 0.0980 0.8928
499.337 0.1040 0.1039 0.8973
499.377 0.1015 0.1004 0.9060
499.417 0.1031 0.1002 0.8954
499.457 0.1039 0.1011 0.9498
499.497 0.1050 0.0984 0.9050
499.538 0.1060 0.0989 0.8815
499.579 0.1030 0.1024 0.8943
499.619 0.1037 0.0997 0.9241
499.658 0.1025 0.0982 0.8879
499.696 0.0964 0.0971 0.8828
499.739 0.0924 0.0979 0.8765
499.779 0.0895 0.1011 0.8865
499.819 0.0873 0.0996 0.9063
499.859 0.0892 0.1002 0.8892
499.896 0.0902 0.1007 0.8969
499.940 0.0882 0.1007 0.8719
499.980 0.0908 0.1033 0.8925
500.020 0.0894 0.1009 0.8696
500.060 0.0905 0.1022 0.8969
500.099 0.0901 0.1011 0.9109
500.140 0.0887 0.0990 0.9279
500.181 0.0895 0.0974 0.9279
500.221 0.0917 0.1023 0.9183
500.261 0.0910 0.1017 0.9183
500.300 0.0896 0.0990 0.9305
500.340 0.0875 0.0976 0.8694
500.381 0.0820 0.0986 0.9051
500.421 0.0817 0.1005 0.9245
500.461 0.0791 0.1010 0.9205
500.501 0.0757 0.1011 0.9301
500.539 0.0727 0.0988 0.9185
500.583 0.0718 0.0986 0.9185
500.623 0.0707 0.0997 0.9185
500.663 0.0664 0.1021 0.9195
500.703 0.0635 0.1006 0.9195
500.740 0.0658 0.0984 0.8945
500.783 0.0636 0.1000 0.8945
500.824 0.0621 0.1006 0.9282
500.864 0.0618 0.0995 0.9269
500.903 0.0599 0.1005 0.9269
500.942 0.0551 0.0989 0.9269
500.983 0.0518 0.0989 0.9382
501.024 0.0530 0.0974 0.9019
501.065 0.0521 0.0981 0.9389
501.105 0.0501 0.0991 0.9398
501.144 0.0537 0.0986 0.9179
501.183 0.0573 0.0989 0.9240
501.225 0.0536 0.0989 0.9179
501.265 0.0571 0.0989 0.9179
501.305 0.0578 0.0990 0.9168
501.345 0.0601 0.1004 0.9389
501.382 0.0621 0.0991 0.9313
501.426 0.0662 0.0961 0.9313
501.466 0.0704 0.0967 0.9612
501.506 0.0748 0.0967 0.9607
501.545 0.0792 0.1002 0.9432
501.583 0.0806 0.1000 0.9508
501.627 0.0863 0.0982 0.9471
501.667 0.0909 0.0983 0.9508
501.707 0.0942 0.0982 0.9442
501.747 0.0970 0.0982 0.9432
501.786 0.1007 0.0970 0.9472
501.828 0.0988 0.0981 0.9472
501.868 0.0980 0.0965 0.9432
501.908 0.1004 0.0978 0.9223
501.948 0.1016 0.0990 0.9213
501.987 0.1014 0.0991 0.9406
502.027 0.1008 0.0986 0.9315
502.068 0.0976 0.0961 0.9605
502.109 0.0961 0.0956 0.9626
502.149 0.0946 0.0961 0.9182
502.188 0.0969 0.0983 0.9367
502.225 0.1009 0.0989 0.9262
502.270 0.1026 0.0960 0.9313
502.309 0.1084 0.0947 0.9063
502.349 0.1177 0.0965 0.9322
502.389 0.1190 0.0955 0.9256
502.426 0.1200 0.0952 0.8986
502.469 0.1232 0.0986 0.8925
502.510 0.1173 0.0945 0.9285
502.550 0.1231 0.0943 0.9195
502.590 0.1234 0.0944 0.9098
502.629 0.1278 0.0964 0.9098
502.670 0.1280 0.0954 0.9088
502.710 0.1238 0.0941 0.9088
502.751 0.1217 0.0938 0.9088
502.792 0.1225 0.0968 0.9179
502.831 0.1253 0.0991 0.9052
502.871 0.1257 0.0946 0.9173
502.912 0.1303 0.0962 0.8786
502.952 0.1288 0.0933 0.9036
502.992 0.1363 0.0943 0.9113
503.032 0.1382 0.0934 0.9276
503.069 0.1404 0.0974 0.9623
503.113 0.1421 0.0958 0.9279
503.153 0.1429 0.0968 0.9129
503.193 0.1504 0.0948 0.9295
503.232 0.1518 0.0937 0.9306
503.270 0.1573 0.0969 0.9716
503.314 0.1521 0.0967 0.9315
503.353 0.1541 0.0980 0.9032
503.394 0.1494 0.0963 0.8773
503.433 0.1510 0.0973 0.8773
503.472 0.1516 0.0992 0.8723
503.514 0.1482 0.1014 0.8533
503.554 0.1464 0.0981 0.9129
503.594 0.1479 0.0976 0.9180
503.634 0.1482 0.0963 0.8807
503.674 0.1443 0.0986 0.9180
503.713 0.1406 0.1020 0.8825
503.755 0.1412 0.0984 0.8979
503.795 0.1402 0.0980 0.9000
503.835 0.1368 0.1024 0.8989
503.875 0.1395 0.0956 0.8962
503.913 0.1385 0.0968 0.9021
503.957 0.1379 0.0982 0.9095
503.997 0.1349 0.0951 0.9069
504.037 0.1373 0.0998 0.8897
504.076 0.1330 0.0931 0.8963
504.113 0.1312 0.0929 0.8923
504.157 0.1258 0.1000 0.8973
504.197 0.1275 0.1000 0.8933
504.237 0.1234 0.0972 0.8843
504.277 0.1192 0.0982 0.8785
504.316 0.1185 0.0961 0.8989
504.357 0.1130 0.1023 0.9171
504.398 0.1135 0.1029 0.8848
504.438 0.1141 0.1016 0.8833
504.478 0.1147 0.1022 0.8834
504.517 0.1180 0.1000 0.8833
504.557 0.1178 0.1034 0.8986
504.598 0.1162 0.1024 0.8942
504.639 0.1176 0.1031 0.8942
504.679 0.1191 0.1021 0.9105
504.718 0.1198 0.1005 0.8952
504.755 0.1186 0.1008 0.8778
504.798 0.1178 0.1034 0.9003
504.839 0.1217 0.1021 0.9028
504.879 0.1202 0.1003 0.8876
504.919 0.1179 0.0984 0.8815
504.957 0.1173 0.0987 0.9152
505.000 0.1166 0.0984 0.8878
505.041 0.1149 0.1011 0.9475
505.081 0.1136 0.1012 0.9205
505.121 0.1146 0.1036 0.8892
505.159 0.1094 0.1001 0.8912
505.202 0.1032 0.0994 0.9637
505.242 0.1049 0.1016 0.9351
505.281 0.1060 0.1002 0.9386
505.322 0.1027 0.1005 0.9386
505.361 0.1036 0.0995 0.8951
505.401 0.1040 0.0955 0.8977
505.442 0.1069 0.0975 0.8987
505.482 0.1043 0.1051 0.9515
505.522 0.1050 0.1014 0.8903
505.562 0.1096 0.1006 0.9578
505.599 0.1079 0.1031 0.9289
505.642 0.1116 0.1033 0.9112
505.683 0.1173 0.1080 0.9426
505.723 0.1202 0.1082 0.9165
505.763 0.1228 0.1045 0.8969
505.800 0.1215 0.1072 0.9173
505.842 0.1194 0.1068 0.9597
505.883 0.1178 0.1060 0.9114
505.924 0.1134 0.1118 0.9114
505.963 0.1106 0.1093 0.9162
506.002 0.1085 0.1088 0.9226
506.043 0.1054 0.1024 0.9202
506.084 0.1040 0.1068 0.9205
506.125 0.1012 0.1092 0.8709
506.165 0.0964 0.1085 0.9008
506.205 0.0928 0.1072 0.9235
506.244 0.0844 0.1069 0.9186
506.336 0.0825 0.1093 0.9538
506.366 0.0830 0.1097 0.9433
506.405 0.0810 0.1108 0.9173
506.445 0.0807 0.1078 0.8823
506.483 0.0801 0.1052 0.8883
506.526 0.0809 0.1093 0.8883
506.567 0.0822 0.1127 0.8859
506.606 0.0847 0.1108 0.9093
506.646 0.0849 0.1101 0.9093
506.683 0.0850 0.1062 0.8999
506.727 0.0840 0.1055 0.9258
506.767 0.0847 0.1033 0.9376
506.808 0.0818 0.1085 0.9196
506.847 0.0790 0.1073 0.8937
506.886 0.0801 0.1047 0.8849
506.927 0.0788 0.1056 0.9035
506.968 0.0770 0.1028 0.8977
507.008 0.0750 0.1085 0.9015
507.048 0.0704 0.1029 0.9285
507.087 0.0625 0.1025 0.9135
507.127 0.0602 0.1029 0.8997
507.168 0.0563 0.1037 0.9015
507.209 0.0555 0.1032 0.8981
507.250 0.0566 0.1071 0.9001
507.289 0.0616 0.1039 0.9055
507.326 0.0666 0.1039 0.9055
507.370 0.0708 0.1032 0.9042
507.410 0.0749 0.1043 0.9107
507.450 0.0803 0.1045 0.8951
507.490 0.0848 0.1049 0.8951
507.527 0.0874 0.1034 0.9071
507.570 0.0955 0.1028 0.8797
507.611 0.1003 0.1027 0.8925
507.651 0.1063 0.1036 0.8919
507.691 0.1154 0.1051 0.8804
507.730 0.1201 0.1041 0.8717
507.772 0.1217 0.1035 0.8686
507.811 0.1192 0.1041 0.8390
507.852 0.1131 0.1053 0.8765
507.892 0.1080 0.1084 0.8621
507.931 0.1056 0.1058 0.8314
507.971 0.0986 0.1080 0.8068
508.012 0.0934 0.1073 0.7826
508.052 0.0878 0.1078 0.7992
508.092 0.0836 0.1090 0.8036
508.132 0.0806 0.1103 0.7998
508.169 0.0743 0.1090 0.7704
508.212 0.0705 0.1105 0.7686
508.253 0.0680 0.1069 0.7946
508.293 0.0653 0.1092 0.7669
508.333 0.0660 0.1123 0.7386
508.370 0.0688 0.1097 0.7506
508.414 0.0703 0.1093 0.7704
508.455 0.0741 0.1093 0.7716
508.495 0.0773 0.1118 0.7790
508.534 0.0783 0.1120 0.7748
508.573 0.0807 0.1120 0.7520
508.615 0.0795 0.1123 0.7452
508.655 0.0779 0.1132 0.7422
508.695 0.0751 0.1121 0.7236
508.735 0.0729 0.1144 0.7236
508.775 0.0746 0.1241 0.6898
508.814 0.0740 0.1233 0.6948
508.855 0.0741 0.1100 0.6897
508.896 0.0716 0.1100 0.6897
508.936 0.0687 0.1100 0.7396
508.975 0.0646 0.1228 0.6948
509.012 0.0650 0.1226 0.6726
509.056 0.0619 0.1105 0.6764
509.096 0.0587 0.1047 0.7066
509.136 0.0580 0.1207 0.6644
509.176 0.0576 0.1224 0.6644
509.213 0.0573 0.1210 0.6514
509.257 0.0512 0.1048 0.6594
509.297 0.0508 0.1038 0.6554
509.337 0.0463 0.1050 0.6594
509.377 0.0413 0.1060 0.6594
509.417 0.0387 0.1050 0.6594
509.459 0.0397 0.1050 0.6530
509.499 0.0404 0.1034 0.6372
509.539 0.0399 0.1142 0.6358
509.579 0.0385 0.1034 0.6352
509.618 0.0372 0.1038 0.6352
509.658 0.0366 0.1051 0.6352
509.699 0.0381 0.1040 0.6269
509.739 0.0398 0.1026 0.6379
509.779 0.0393 0.1026 0.6129
509.819 0.0365 0.1013 0.6129
509.856 0.0394 0.1040 0.6129
509.901 0.0416 0.1040 0.6129
509.940 0.0427 0.1010 0.6241
509.980 0.0442 0.1165 0.5990
510.020 0.0435 0.1069 0.6179
510.057 0.0472 0.1176 0.6150
510.101 0.0512 0.1198 0.6150
510.141 0.0556 0.1131 0.6150
510.181 0.0551 0.1101 0.6087
510.221 0.0551 0.1132 0.5817
510.260 0.0537 0.1146 0.5817
510.300 0.0566 0.1121 0.5769
510.341 0.0593 0.1154 0.5817
510.381 0.0594 0.1108 0.5387
510.422 0.0589 0.1099 0.5497
510.461 0.0563 0.1099 0.5609
510.500 0.0548 0.1099 0.5609
510.542 0.0526 0.1075 0.5609
510.583 0.0525 0.1088 0.5481
510.623 0.0483 0.1056 0.5369
510.663 0.0456 0.0967 0.5417
510.700 0.0433 0.0996 0.5354
510.743 0.0424 0.0985 0.5417
510.784 0.0435 0.0971 0.5369
510.824 0.0410 0.1031 0.5147
510.863 0.0402 0.1155 0.5147
510.900 0.0385 0.1023 0.5191
510.944 0.0387 0.1074 0.5259
510.984 0.0396 0.1051 0.5191
511.024 0.0400 0.0951 0.5051
511.064 0.0383 0.0954 0.5051
511.103 0.0379 0.0956 0.5051
511.145 0.0350 0.0977 0.5051
511.185 0.0347 0.0954 0.5051
511.225 0.0345 0.0989 0.5099
511.265 0.0320 0.1122 0.4656
511.304 0.0292 0.1094 0.4656
511.344 0.0241 0.1120 0.4656
511.385 0.0230 0.1002 0.4921
511.426 0.0219 0.0995 0.4766
511.466 0.0217 0.0918 0.4766
511.505 0.0218 0.0961 0.4766
511.542 0.0228 0.0940 0.4766
511.587 0.0207 0.0925 0.4654
511.626 0.0223 0.0957 0.4766
511.667 0.0248 0.0937 0.4766
511.707 0.0262 0.0913 0.4766
511.744 0.0254 0.0913 0.4766
511.787 0.0261 0.0991 0.4226
511.828 0.0273 0.0991 0.4226
511.868 0.0286 0.0991 0.4226
511.908 0.0287 0.1025 0.4226
511.947 0.0270 0.1004 0.4496
511.987 0.0274 0.0988 0.4496
512.029 0.0255 0.1054 0.4607
512.069 0.0265 0.1008 0.4449
512.109 0.0262 0.1008 0.4449
512.148 0.0250 0.0970 0.4449
512.188 0.0232 0.0900 0.4337
512.229 0.0226 0.0915 0.4671
512.269 0.0243 0.0947 0.4719
512.309 0.0250 0.1007 0.4401
512.349 0.0258 0.0992 0.4401
512.386 0.0235 0.0866 0.4289
512.429 0.0221 0.0866 0.4337
512.470 0.0193 0.0902 0.4337
512.510 0.0182 0.0992 0.4401
512.550 0.0158 0.0992 0.4401
512.587 0.0143 0.0992 0.4401
512.630 0.0150 0.1033 0.4401
512.671 0.0151 0.0992 0.4401
512.711 0.0154 0.1033 0.4401
512.751 0.0169 0.0992 0.4449
512.790 0.0173 0.0987 0.4449
512.832 0.0138 0.1072 0.3956
512.872 0.0152 0.1055 0.3956
512.912 0.0159 0.1072 0.4131
512.952 0.0177 0.0969 0.4179
512.991 0.0213 0.0932 0.4067
513.031 0.0237 0.0932 0.3957
513.073 0.0274 0.0936 0.3957
513.113 0.0296 0.0980 0.4085
513.153 0.0335 0.0976 0.3909
513.193 0.0390 0.0976 0.3909
513.230 0.0411 0.0966 0.3909
513.274 0.0424 0.0935 0.3956
513.313 0.0465 0.0883 0.3797
513.353 0.0475 0.0885 0.3639
513.393 0.0484 0.0922 0.3861
513.430 0.0506 0.0906 0.3686
513.474 0.0494 0.0887 0.3576
513.514 0.0485 0.0875 0.3529
513.554 0.0465 0.0904 0.3529
513.594 0.0448 0.0882 0.3306
513.633 0.0407 0.1049 0.2941
513.675 0.0360 0.1043 0.2941
513.715 0.0322 0.0878 0.3464
513.755 0.0293 0.0861 0.3257
513.795 0.0280 0.0861 0.3257
513.834 0.0261 0.0861 0.3257
513.875 0.0260 0.0863 0.2877
513.916 0.0251 0.0863 0.2877
513.956 0.0250 0.0823 0.2987
513.997 0.0231 0.0949 0.3194
514.036 0.0248 0.0823 0.3306
514.073 0.0251 0.0890 0.3036
514.118 0.0272 0.0823 0.3306
514.157 0.0305 0.0890 0.3416
514.197 0.0318 0.1029 0.2829
514.237 0.0352 0.1029 0.2829
514.274 0.0358 0.1029 0.2829
514.318 0.0375 0.0849 0.3211
514.358 0.0397 0.0925 0.3036
514.398 0.0416 0.0881 0.2829
514.438 0.0417 0.0881 0.2829
514.476 0.0449 0.0777 0.3099
514.518 0.0468 0.0740 0.3099
514.558 0.0499 0.0740 0.2987
514.599 0.0528 0.0735 0.2607
514.639 0.0513 0.0716 0.2607
514.677 0.0541 0.0716 0.2607
514.717 0.0550 0.0716 0.2766
514.759 0.0580 0.0689 0.2717
514.799 0.0602 0.0672 0.2876
514.839 0.0626 0.0672 0.2876
514.879 0.0643 0.0685 0.2607
514.917 NaN 0.0685 0.2607
514.959 NaN 0.0685 0.2607
515.000 NaN 0.0677 0.2337
515.041 NaN 0.0677 0.2226
515.080 NaN 0.0683 0.2384
515.117 NaN 0.0667 0.2384
515.161 NaN 0.0667 0.2226
515.201 NaN 0.0666 0.2114
